29.285621
16.664082
23.763885
17.891719
13.928413
14.137719
27.708967
28.769382
41.317088
8.901583
7.815560
8.431979
8.854287
15.545210
15.854810
26.751465
23.935040
8.855220
12.588926
36.997409
16.623914
15.906471
10.603923
7.181424
11.865751
5.507081
16.876517
7.845641
26.247193
6.499968
20.180817
26.974279
10.582161
11.093868
7.293927
11.020768
30.251438
14.437945
21.441911
15.948728
23.172175
8.825198
7.865961
15.662506
8.208199
10.672866
10.510154
7.486582
11.500243
14.312985
29.602204
7.857943
10.807468
29.454262
7.586055
8.866553
14.468795
5.991515
5.727529
18.480053
9.207784
11.458712
33.379533
23.060726
22.227711
10.648900
12.691644
3.861102
11.718487
20.100943
37.985848
7.461758
25.467261
21.872014
18.537698
13.542509
15.738108
43.299434
22.428142
32.501625
13.636043
25.646090
31.915124
18.394079
8.082415
8.066648
18.658057
8.897488
11.799253
9.231180
7.143538
29.168530
7.564001
13.595695
8.633886
13.801458
7.419876
13.723752
14.283115
21.859770
8.401591
19.827310
12.472267
9.474260
4.780627
14.525459
12.564162
11.109427
39.107978
7.801408
6.935130
6.088581
34.778091
13.839906
6.468459
19.435731
16.363549
18.569662
50.177065
3.838007
4.259643
16.412580
8.621386
15.882102
21.740985
8.989210
22.940772
26.480455
25.112702
7.760051
4.458185
10.435433
9.670666
15.965893
14.664353
14.204550
16.724575
23.755239
6.872486
36.515657
12.556338
3.305801
13.979975
17.954988
9.583789
8.114676
26.046103
33.915884
13.336938
53.195512
22.561521
8.216933
20.274276
11.308215
7.194574
15.644890
12.202264
12.225918
14.220175
12.195600
11.137735
12.185684
13.228413
12.977543
22.112600
8.630803
18.154036
8.394847
23.362552
12.900017
19.623277
17.363938
10.301676
24.754864
10.556212
4.354042
19.209145
26.796095
16.024043
24.189489
21.213419
28.270543
25.709263
12.626389
15.893361
39.885500
14.873776
34.744335
19.734734
9.198150
13.439739
19.710994
31.921224
11.688417
27.852822
15.608625
19.644954
9.740938
12.854217
17.615817
13.169401
26.777012
20.090114
7.925668
12.964905
24.186918
23.404773
26.319771
14.066487
9.329124
29.345455
6.910418
14.991727
5.200559
22.972675
19.592634
16.075315
22.360124
9.741847
5.755679
6.304978
16.557405
8.190368
10.885625
32.980409
20.145245
17.743260
9.057579
8.994714
31.721483
11.103261
13.501310
9.198835
22.939144
10.767730
6.144304
16.732279
5.529148
7.230525
28.273205
24.296390
8.536302
5.423259
5.989818
30.125230
22.641367
42.777338
10.365808
34.781382
24.044255
25.217892
22.898763
10.171893
6.004212
39.445564
7.961460
11.875509
9.308783
6.251632
15.280690
6.093925
7.902019
12.546111
30.708038
13.586495
5.427224
10.925525
20.809343
13.785518
16.633345
14.264796
9.266597
4.446226
16.167665
27.226038
8.620495
40.150723
18.536875
19.253611
7.703535
26.757013
20.641774
19.498150
32.542797
24.164394
9.377634
9.200906
15.829806
8.431025
3.616639
43.360007
8.271227
6.111900
21.355054
15.598413
8.839950
12.843085
39.361616
9.867075
11.050276
18.753195
19.118329
10.042019
9.950552
18.969386
16.005019
8.725708
16.557827
6.251522
36.712462
20.485391
12.694483
18.386009
20.230755
6.978107
9.016145
8.597940
15.227968
11.541586
19.135332
20.920520
11.281278
19.367018
7.355547
12.315219
14.006020
12.913014
20.611642
35.997043
14.551179
17.221346
35.439268
20.629672
53.809233
16.089915
16.488348
6.571259
35.007571
15.887522
5.529255
21.303723
10.900016
13.359969
17.649060
6.635100
13.195103
34.832615
12.218405
12.151154
20.188765
20.481436
16.311870
7.353214
11.734527
33.930851
31.541458
6.720475
32.827109
20.758172
40.277306
7.970118
7.881795
5.660639
32.402397
20.174096
16.447113
25.099619
6.217127
12.509657
16.162051
9.204279
25.587928
16.788472
10.189984
12.194536
10.631455
24.288480
25.686813
9.715823
14.854151
12.756370
7.071845
18.667373
4.256228
6.963399
19.660757
11.773386
4.628263
6.260930
6.520574
16.380903
25.869943
4.884869
13.984160
13.929560
6.927591
9.849552
9.116515
21.363525
12.139668
11.306657
29.152598
21.915152
6.875571
17.264486
25.592363
28.996739
7.603507
31.197759
11.505145
21.173213
8.914469
19.233524
4.259510
6.030911
8.526095
19.904629
16.564950
23.346459
13.395806
6.914285
5.323930
7.552866
8.319985
11.609785
22.382720
22.354329
6.461839
12.037406
9.360528
6.522303
24.800287
8.033326
16.413314
18.717513
9.231059
11.107456
9.952001
7.279481
31.778652
19.497458
2.927143
3.918222
12.130558
34.355562
13.870491
10.867009
12.783901
6.948398
5.886624
26.452581
8.072617
8.387564
24.483612
25.436584
22.466111
14.241950
28.678917
21.687896
12.179634
4.011112
10.141077
19.956460
27.033914
23.956794
14.294616
7.571689
14.501441
55.762327
13.356060
12.309569
7.743577
11.845461
5.504505
7.884953
26.675099
9.939813
11.425748
4.931653
11.511349
13.630601
27.181086
6.241914
20.741662
12.486866
25.127839
16.412806
11.124663
4.639392
5.334864
14.763710
7.328403
19.548132
17.348245
15.372591
18.662924
20.928279
10.802652
16.772551
12.077379
20.118866
12.419549
8.016730
24.180715
16.874039
18.566375
6.511259
13.505138
18.302805
9.323788
11.390816
22.333073
7.645483
22.047379
8.151107
6.764201
17.123064
17.344150
11.801170
18.933500
24.947923
8.542898
4.318910
11.135097
8.430218
40.000984
18.756030
38.831961
16.808131
19.765992
15.847653
38.285505
7.502906
13.486667
5.884596
15.002432
8.273435
14.596941
24.771143
5.866036
7.190186
7.888530
19.688560
30.395194
32.697390
9.847170
26.280147
13.038490
6.700198
19.124205
20.021037
5.321367
7.431051
16.354867
10.520533
19.095334
17.687723
6.317006
10.008499
17.898116
14.566727
14.251055
38.722127
7.944145
21.391300
16.885185
24.042803
18.460097
11.157116
34.259737
19.018628
8.325839
13.760658
25.478394
10.223056
26.731226
16.910912
18.538526
10.275831
7.363859
21.711134
5.525125
8.207818
12.616289
7.511636
8.396649
13.062763
10.716385
26.383460
23.839535
10.126281
16.834949
12.225863
7.675104
8.627953
4.827787
7.995048
12.797123
8.611197
8.529621
30.678877
4.755192
15.722962
15.816508
27.641314
26.392981
28.683155
16.382805
7.587618
11.836266
30.201265
18.230515
13.874907
15.114435
19.484039
26.956541
15.522552
7.698236
10.754079
12.570570
33.415710
34.318368
23.507396
9.759309
16.269079
19.927415
9.432748
10.365484
18.688829
16.505552
14.813654
13.271108
29.596718
15.395419
18.485172
15.139611
13.885661
22.191255
25.595933
40.530447
10.518642
15.550424
35.962294
25.197540
16.831217
24.952912
21.370346
12.125849
15.729393
9.865257
9.990950
9.480238
7.988210
18.561895
11.619689
19.079379
20.669547
9.648746
10.331713
6.066784
19.798167
17.690249
17.543993
5.655472
19.660783
8.169168
15.366840
21.558099
11.847980
18.446943
24.556462
17.926568
13.235416
20.005090
17.489133
33.082168
18.670968
10.186404
49.743060
21.092280
5.492845
19.549098
21.099246
58.909025
11.654971
10.127074
15.638170
13.054534
12.734648
6.976617
5.146012
16.795385
13.728299
11.062835
7.190714
9.767641
10.752700
6.393432
15.916039
15.285872
43.876344
15.963370
17.112616
5.382614
4.493905
21.432665
35.835090
35.272921
21.239982
12.361538
16.962623
12.196887
13.000266
17.116679
8.973870
26.631415
5.541876
5.448038
10.488640
10.647421
9.127769
15.270566
12.119863
23.248616
12.743613
6.428315
3.763542
18.291289
10.303264
7.184024
12.774063
19.459543
35.666814
9.525778
22.214344
15.418452
15.821566
26.336675
13.038892
17.693834
21.350442
5.840414
8.285000
18.496470
7.527992
8.353777
12.825939
10.957557
11.793032
25.501279
6.146462
8.047402
46.882951
44.276470
11.730597
4.213518
15.166538
14.500474
39.681835
6.259229
6.263024
15.979189
30.720892
12.138623
17.005608
21.787387
15.898346
10.784211
11.174792
36.470617
3.840017
25.102358
13.678054
12.603960
18.247258
31.681535
30.167118
56.848579
36.349599
14.319009
23.400512
12.928331
32.936579
12.634004
19.506578
20.742482
16.932530
43.394403
15.276163
21.337762
18.648645
11.363865
16.074716
20.787110
13.272467
19.320709
16.115389
15.537608
16.626453
13.318444
10.831490
19.802758
9.047154
16.732499
15.869255
17.392028
12.926644
14.017053
18.650304
19.574505
14.924815
22.422398
23.772040
7.541576
4.133979
11.605377
16.121160
16.410809
21.394561
13.324953
8.917111
7.932525
37.583461
17.149165
44.818916
5.624850
8.083534
10.518731
65.780964
15.635249
15.351563
12.863713
34.510802
39.472753
23.120109
45.835655
22.758109
10.698507
10.338065
12.632137
17.985970
10.562627
10.436293
12.421686
11.601047
9.583101
42.849283
12.510717
10.875515
46.786068
22.115584
9.498195
4.980628
19.458654
11.578207
20.292864
17.537127
20.448900
9.867293
15.358146
23.752372
29.216109
7.868597
7.300816
25.973091
7.926844
18.308915
34.878043
21.856821
12.727497
32.598337
8.264668
9.202233
20.205338
18.231923
20.017418
13.360348
13.400443
20.988751
21.581449
29.809160
7.275250
7.202802
19.740299
18.386813
5.609343
5.871087
18.255185
31.179936
13.673804
7.969226
5.171959
17.482707
11.662262
14.677244
16.607152
18.675031
11.257759
6.501905
40.283733
26.676330
12.221260
24.499405
4.798017
9.192037
8.305272
12.765055
14.429256
9.287491
14.284874
4.738820
3.836545
11.026014
8.224091
9.672431
4.254655
8.300050
6.810953
18.637771
17.461307
13.253735
23.970409
18.374405
32.170515
9.591205
13.906567
29.418547
20.531730
15.860275
7.093563
44.632589
14.241263
16.150755
16.283736
16.415029
44.856580
11.965829
9.929986
14.577601
26.118190
9.019641
23.259335
25.087194
9.194217
15.415457
10.716334
40.649617
18.232980
23.168046
10.866996
21.756883
35.503347
25.078448
30.263424
12.974125
19.040644
16.296744
19.660135
30.994707
12.470782
14.607808
9.586830
9.932219
4.801020
3.151030
11.101577
8.474409
14.428805
26.509029
10.566402
6.243942
6.168784
35.283643
34.779818
21.010290
25.905330
25.689541
19.073462
22.730256
11.434247
9.310624
11.914601
13.117333
18.230078
20.620297
18.122359
7.888082
18.214255
12.736198
10.858689
6.496563
16.628562
27.226528
24.955461
8.236527
15.881466
35.696151
31.447525
14.831129
20.585588
12.436007
8.461832
25.988521
4.794894
8.897988
4.393605
5.265201
33.080405
13.725813
8.465387
6.945094
21.310532
8.762746
7.761031
10.634620
21.687735
12.548254
20.379209
5.524500
24.163407
6.523688
7.595659
15.882123
16.501912
10.724850
10.132814
19.794125
6.882714
6.081222
26.310969
28.007522
4.912796
26.054354
10.788056
5.753903
10.612625
14.066901
26.867290
20.816572
6.962395
23.535103
27.551504
22.697772
7.898301
11.479938
13.505773
12.710869
8.200776
30.141250
12.816021
13.739585
15.059668
15.386588
24.965376
22.017392
6.436248
9.963931
20.344555
18.527826
17.481036
7.140812
13.964858
16.569423
12.460335
38.094160
34.739670
27.816925
16.302884
33.204886
5.300265
5.757230
19.230185
13.944666
38.404034
6.576417
6.913763
5.322574
14.331283
13.177684
13.907413
22.867589
15.815834
11.367818
27.475735
6.678363
24.800279
16.034295
7.623686
18.402060
17.230457
5.434742
9.749425
18.237312
21.803140
15.461058
28.112506
19.010064
5.712940
3.845236
6.720278
12.620302
13.573588
9.821721
18.639651
20.009209
23.317563
12.991220
24.161254
4.977393
4.164758
30.572082
18.762713
9.527232
8.480090
8.258437
5.220917
7.301846
9.883213
11.523278
9.405786
6.997696
14.860349
10.171630
17.359801
6.643040
3.938626
8.959257
12.859592
18.777838
23.767840
29.967765
13.836176
28.565076
20.838302
7.439208
10.233131
8.640676
19.002139
13.492041
14.975354
26.436935
16.480178
27.969490
20.380609
17.721281
14.299523
7.492659
6.924224
10.417272
11.354539
6.310243
19.309063
9.019360
14.932447
33.392855
29.568679
12.976437
3.931098
8.529715
51.616912
24.732054
9.847337
28.021137
22.632435
28.971579
38.071698
16.754148
8.241962
15.458485
29.874255
17.415400
21.306254
13.336898
13.996809
8.143931
21.914206
9.753942
7.388454
45.314852
12.058916
9.429270
5.126587
39.544981
15.928356
28.243458
37.187732
12.764938
41.388451
6.000112
14.617421
6.416529
8.306939
19.336734
8.235149
12.936334
12.299719
6.127234
14.961753
34.307683
17.577650
21.888421
23.026674
23.142220
20.284272
11.566665
19.191699
43.556177
31.315206
29.159606
9.634313
17.369696
27.672695
26.032025
15.823429
19.321853
11.582588
30.151975
7.429194
23.355570
26.366246
10.481517
12.215219
12.309541
9.707256
23.738379
19.853888
17.158631
10.958340
9.494365
19.271483
25.550585
27.957169
17.871130
23.305998
14.915928
14.595605
42.964842
16.692068
38.010661
9.707101
16.942972
45.032970
12.867226
14.442358
18.450543
27.875000
10.856691
24.855396
11.959725
6.918151
9.555648
12.130683
17.110120
15.550031
30.905888
10.005749
29.818967
33.888018
7.358407
11.071440
7.309257
29.309903
14.264903
15.094076
18.556069
14.237327
24.918044
31.969041
17.639471
24.084652
16.989755
6.517081
26.400559
6.488142
9.496270
12.586141
7.580768
12.639469
10.359784
6.444693
13.918291
60.452299
12.288977
5.070784
8.524468
8.825953
12.418874
14.008078
10.044608
32.070733
15.733556
15.236251
12.241139
25.618404
22.313068
8.277872
20.667308
12.203592
41.355177
22.271937
4.167806
11.707783
25.640790
38.728656
8.651173
8.798358
38.868564
9.887860
19.262527
18.328248
13.650172
27.834745
23.590648
22.903023
14.272459
6.023402
26.539143
5.801624
8.779891
23.565211
8.887210
22.728056
22.874934
15.267785
7.537900
12.295545
11.286783
25.323175
11.994461
13.804757
17.226181
5.688652
9.980517
25.085547
27.840094
30.966677
22.413046
9.858171
8.564518
13.597223
47.464342
4.220629
33.831425
24.922186
10.561934
24.954024
19.823281
19.105850
27.022058
35.988266
9.578032
14.683418
20.354922
11.685161
7.982513
23.113798
17.612741
21.927383
15.061476
5.484389
16.702316
40.229966
9.927559
30.505401
15.451945
8.956400
28.941529
17.648279
13.033538
56.410863
4.777137
8.674127
8.948571
3.516414
15.259291
41.920221
13.227787
24.772180
28.946636
16.011696
18.423355
23.481523
23.348130
13.866946
9.441303
28.788621
37.581891
45.736312
32.032376
8.994944
15.790410
15.472201
17.659194
14.955561
29.331701
11.286822
15.043808
10.079051
11.585209
8.842957
6.520850
14.291032
19.415921
11.089423
16.424106
12.112830
9.481779
21.541788
6.108498
12.894232
4.548894
6.004638
14.841778
15.244108
5.878897
26.725218
10.201649
11.866891
31.950516
13.855362
14.538525
10.264577
54.334729
5.741173
5.833421
17.834997
13.228124
32.295631
21.269142
11.365354
51.818654
12.374731
6.010114
22.429277
8.505429
7.507062
35.063952
8.558746
8.446173
19.455695
20.700160
17.101741
38.574366
16.112980
8.509648
7.041274
13.607836
23.035349
11.347585
6.680257
6.553163
11.929232
14.729032
10.776819
25.358547
28.207536
26.428099
19.045228
7.439486
19.344647
17.356127
20.078068
6.398148
20.456267
9.633913
27.735778
15.336245
4.651961
37.917386
18.986629
19.372487
21.746396
14.214235
14.380759
10.039322
11.028659
12.885242
16.314794
19.036325
37.645553
9.174581
8.339786
19.370459
19.737651
30.524830
28.985417
22.031051
9.438696
34.223077
25.389320
7.762422
11.443383
32.139417
13.330989
24.968370
10.547933
20.207428
12.638574
13.597258
9.478924
16.563715
18.382311
13.561916
4.842530
29.341729
41.976558
23.681129
21.054310
12.178266
25.612854
7.898908
11.681758
24.167232
37.189940
15.355181
24.038660
57.935053
20.568262
9.641481
25.437205
12.490011
5.505556
9.176379
15.894077
13.136131
12.948466
10.670978
15.853112
3.432491
10.190190
32.714079
13.628765
6.619708
14.234266
11.863204
45.543828
42.725352
23.920796
7.587183
15.143495
30.244977
22.013530
10.590053
7.773432
32.315080
4.232461
9.208473
4.370044
26.956194
9.878335
8.258642
12.370330
6.191259
20.503972
18.039419
30.609991
13.820919
9.781319
20.780155
57.663874
8.056050
10.792135
10.497152
32.932780
13.962367
10.781257
14.495690
25.954021
7.614118
5.932231
3.746765
4.471028
10.274408
40.024525
20.090603
13.611167
16.254480
16.329914
22.090163
26.326436
11.183242
10.445889
48.582998
10.764400
12.123174
14.892580
31.756700
21.536120
8.304913
9.533205
6.293467
5.118697
10.257520
6.618751
20.024064
8.028771
6.206999
10.031010
15.233359
17.900401
5.363372
20.881601
23.771308
15.910223
13.966940
52.861301
5.035716
20.931936
23.556401
15.743557
21.129666
15.781085
7.970511
30.206500
14.112323
18.644561
16.312915
9.167726
33.493154
12.180945
9.710223
3.820077
11.345548
25.644837
20.903731
32.206109
10.861303
22.922017
29.765012
36.742944
28.553271
19.284116
9.228560
19.736733
14.892453
13.608841
29.517845
7.091158
10.817287
32.840375
16.255776
21.530311
17.047571
15.673505
8.326543
8.943849
7.169758
28.533054
13.247238
27.489516
34.961239
13.421048
40.735136
12.668455
16.287736
21.849423
6.659571
13.696823
27.521660
18.310403
30.382636
23.386791
16.898765
9.437680
9.127236
3.890506
20.548645
18.005299
8.227050
10.463196
8.931382
21.942365
6.992594
34.497974
34.575758
40.555333
12.167149
12.328317
13.325107
4.756030
26.129150
9.818279
13.897033
31.878840
16.061039
13.590157
11.210227
7.585726
22.167843
20.772900
14.831926
32.435496
33.543140
6.603498
15.996799
24.194014
9.932994
6.826898
17.713257
12.683589
15.006560
16.599701
16.605291
16.317627
6.594345
6.916002
18.544316
16.296944
21.917083
6.102677
21.812955
27.087102
4.876832
7.209551
9.883392
30.368235
13.153520
10.109433
53.789304
11.836669
8.116547
8.248339
14.568791
8.499225
9.856941
18.496129
6.042461
25.859082
13.421471
15.292951
20.460509
8.940316
16.274735
30.380937
7.537116
16.905347
16.820115
25.874082
15.152762
8.180694
6.156825
23.737631
3.310705
7.548900
4.652294
9.751459
14.208627
14.226451
6.872214
15.325109
11.161780
12.814168
20.073365
7.125433
7.806960
15.689249
19.132517
19.389828
8.166506
20.599921
16.515198
18.750464
9.176633
11.298226
32.833406
9.127864
13.459588
41.352990
20.378395
8.229309
38.373041
19.857670
9.172064
29.225420
16.507294
3.885618
9.804582
43.823733
33.248071
6.351321
9.624832
11.302186
26.023085
29.733317
31.246731
11.051192
14.077410
11.306625
30.007964
12.908507
17.403469
18.110221
8.428588
40.267398
12.604835
13.105896
8.561654
8.702358
24.502972
9.792855
10.179066
19.249822
14.693035
11.476781
10.925113
9.145155
11.240610
9.994311
8.871574
15.155215
22.963411
12.379282
21.680635
17.012511
13.208526
5.662037
10.292069
4.475692
27.808606
30.724307
37.031486
7.794955
27.735641
13.064482
11.121139
13.264943
42.241675
18.253845
12.623214
11.936552
16.408493
20.755438
33.777525
48.248270
9.904599
9.198908
11.775020
20.517501
20.616495
12.489281
14.602206
11.202990
7.911054
21.774787
4.338553
19.615077
22.750767
16.014259
10.698383
9.988741
21.638795
26.334396
22.343548
12.396321
22.531829
16.277217
14.721674
28.151582
7.288966
12.343707
25.572182
10.810181
14.517577
7.948831
6.108380
14.369169
10.232729
34.833564
12.583641
17.751302
11.073827
28.583692
39.816925
8.152568
7.201021
32.732463
12.026956
21.885376
25.580066
11.688960
9.848926
22.515540
15.523027
28.541021
19.098892
20.082203
16.306164
35.532663
13.068735
11.660253
16.430875
11.541361
19.775459
8.758564
6.179963
23.088150
12.165071
23.857371
27.778156
19.150133
19.337248
10.266035
24.798077
53.132837
16.547323
5.947680
25.426574
29.970425
33.835619
4.822869
18.477666
11.665079
15.311767
11.573684
21.893491
31.352093
15.971664
47.993919
16.738849
20.927088
20.377501
20.084196
13.731054
19.321187
3.852854
17.636238
26.949528
4.535029
11.463535
26.690400
9.636189
20.067468
7.318147
8.800985
7.902009
19.241177
15.538941
6.137805
31.162148
18.336689
17.850372
19.085341
14.957441
39.531347
16.160486
21.371918
40.681061
6.274359
6.960230
15.186521
13.567993
23.299178
10.242684
10.507486
48.147980
39.181805
33.967246
40.648319
5.893435
10.658132
15.665322
8.927040
21.026110
7.972065
37.461425
26.496035
18.894579
9.159462
22.128943
10.667990
9.034378
10.886177
14.103840
8.398366
26.117225
13.968568
22.843792
14.671501
18.884722
22.410122
33.058995
39.300024
20.607853
36.154506
20.683641
12.464022
13.248593
20.116240
5.648001
50.426060
14.935628
24.623436
25.409414
25.760258
16.612038
10.841724
5.845353
13.136981
29.180033
9.512301
46.053667
19.416667
13.309811
19.307864
23.053027
14.488237
30.565755
30.592557
23.974152
26.510301
6.736256
32.605983
30.181873
10.415593
24.535164
33.943769
6.944517
15.555731
12.815588
13.339083
20.490500
12.036148
18.089338
4.912102
14.391222
8.028931
10.951656
11.914801
20.509016
32.379918
26.070551
4.860643
9.281884
17.035778
14.039303
18.251004
12.421438
11.852244
17.849488
9.862902
23.950048
14.373395
4.917533
33.019853
9.554489
6.173159
28.610135
21.030961
19.425742
10.688772
6.067484
12.126521
27.315421
11.405971
5.205291
7.865056
10.451697
19.076499
36.706958
39.553567
8.571480
15.429611
8.361422
12.069536
16.456132
18.735673
18.718445
11.799828
46.305679
15.580694
20.838934
10.580623
9.756386
12.116004
15.184307
9.962560
49.756120
9.286243
8.333603
33.568968
11.403279
9.391058
8.337123
8.204640
11.799452
9.244554
21.310158
14.190341
11.775555
19.753592
36.065252
17.311699
10.017304
16.721373
7.493407
8.977751
15.370842
19.091457
17.578798
12.276098
11.281933
33.846242
19.443127
37.512347
18.873318
20.451022
16.026628
6.159146
13.945648
21.139326
11.432158
12.035269
30.627848
18.413875
13.973813
25.128774
16.508476
43.742939
10.968858
14.371084
18.570334
10.746862
20.648270
7.055919
12.934544
30.942497
17.879269
13.620348
20.062289
16.962446
28.062855
29.097737
12.180543
33.437369
26.017404
19.134935
45.235785
21.658551
15.619231
11.092860
9.402675
4.170283
3.958650
6.293760
4.286990
9.446612
29.550653
51.890246
34.189029
8.775179
35.268150
10.198415
9.370198
16.088819
5.508079
7.390390
13.802901
19.003807
11.670455
10.684587
49.869092
17.862323
14.058014
19.314260
16.104330
10.946107
30.428482
10.658698
9.023224
8.804545
12.994387
8.990496
16.501962
16.485353
28.084913
7.240614
22.199431
15.454992
17.337372
4.884795
2.995630
17.971008
18.773378
10.901254
16.768007
13.651504
17.535352
11.385028
11.696808
38.550140
17.295030
15.733448
17.206670
11.819434
43.548914
6.920008
31.459046
12.131105
18.097286
6.530823
38.625463
20.930535
9.911525
7.668847
9.125223
7.649406
27.935735
17.211906
6.927469
13.710925
18.634242
20.833420
18.281948
14.471760
7.358838
13.983059
13.442639
14.200188
16.994811
28.597532
6.933375
5.062233
32.841242
28.235711
12.804240
11.042737
24.407213
26.983191
41.205578
11.914057
10.842028
25.960126
11.934683
7.977787
7.402531
13.958812
18.236045
4.859567
4.084644
10.571115
15.427227
12.872965
36.140600
22.475708
20.289111
9.690916
11.057494
11.204446
19.198873
60.702589
9.248619
28.975450
20.112465
34.686079
23.580910
27.369027
5.640227
3.845004
15.494137
12.013726
12.581136
21.052686
9.485453
11.171213
12.909920
7.260801
9.084196
6.460404
7.216016
5.524637
10.937825
18.770788
43.224844
12.969880
13.189874
11.406471
19.410244
6.687656
5.154893
16.474225
18.492425
9.063265
8.759535
8.750644
11.658065
11.273876
11.025554
10.357299
9.552520
9.693648
3.815216
8.470550
4.271539
15.339638
15.501434
24.209568
14.222776
16.781858
6.779140
20.796861
5.141604
3.831881
35.529346
25.734578
22.306723
6.415205
8.601677
13.833375
27.289879
6.809813
7.261528
23.594942
8.726816
8.245886
18.028814
16.569501
12.409594
36.745249
9.435270
8.871603
13.398541
28.260640
14.338973
11.781950
30.514483
7.638551
18.142951
10.343744
30.447837
14.101691
16.014199
9.763053
14.531521
12.013315
18.039985
12.518299
8.647847
11.177182
32.373549
20.560219
11.261127
17.304521
10.671543
10.406363
19.091112
11.745258
12.808976
8.008892
42.411923
18.087570
8.826986
31.502314
25.700383
17.106871
16.358779
39.653358
24.822384
27.639660
14.151746
12.299117
22.680222
19.565974
18.320210
7.116707
17.668229
8.024387
17.470760
24.233321
35.979198
25.289732
8.659592
16.221896
37.964723
8.620942
6.785072
28.056446
15.065284
6.729736
9.884991
16.412388
15.914723
6.183133
6.019404
13.101903
26.461616
27.461563
9.809366
9.568400
12.682401
9.905469
15.530377
9.433577
39.248277
12.405749
26.853494
13.449570
12.432689
15.767220
9.041788
12.951808
7.101377
9.895562
10.065558
17.462446
15.402229
13.244227
12.740985
12.095373
6.614791
4.415426
12.704536
18.654398
5.781757
4.309002
9.040382
16.649825
30.813446
16.976341
14.912031
7.391628
32.246495
6.690977
23.007626
8.842474
8.779388
7.033317
8.615313
25.031690
23.119414
9.766337
17.243816
17.480263
6.049887
15.718660
45.238881
13.122720
26.567815
11.205014
17.675434
20.790854
11.050288
18.501677
8.212160
13.864015
14.935639
22.411943
13.256444
55.402293
8.401897
23.706570
24.781976
54.155257
28.066502
11.690768
32.422663
6.867788
9.992297
18.411794
16.898529
38.778678
7.137442
16.610054
42.783383
35.752742
7.920108
22.193306
21.143952
8.432499
7.835400
6.607231
12.048509
28.053028
23.599045
14.898595
15.355311
21.638302
29.206002
39.993684
70.415941
23.792447
6.384377
19.186730
22.679762
10.903968
23.645070
16.896221
7.159384
7.490799
16.920120
16.608065
5.517255
12.842182
21.822711
9.746412
13.562227
18.611423
20.483946
9.834016
8.946525
12.268444
5.794204
15.066733
25.596307
16.190085
18.291070
25.135711
11.507521
8.330437
5.287952
28.405020
20.836781
25.157752
9.546058
8.208625
33.989802
12.805946
11.515377
8.023383
25.713698
18.463973
5.032057
17.822107
26.372873
12.323512
15.324688
23.855811
9.236650
29.492290
24.936070
5.067236
6.219548
26.173446
15.871486
10.115989
24.646520
13.905488
43.320896
22.578941
13.634902
10.008964
36.241684
20.687914
7.869723
10.220631
34.563877
31.028736
7.753585
5.279777
7.489530
22.573126
15.751918
5.796223
5.268893
9.745493
26.602620
21.627439
9.951389
9.061579
20.778463
19.614408
9.031158
5.295227
6.873718
19.920212
3.092244
5.673127
7.191397
14.185329
15.336776
19.572406
5.734048
3.330035
9.025639
10.761189
33.089004
17.036283
28.132040
5.975332
10.683141
23.395102
29.434236
12.701251
25.605963
5.382895
6.573871
5.900264
6.515471
8.002575
19.196924
9.483069
10.800920
55.853880
17.208291
12.312657
7.882287
6.535612
8.607765
13.460094
18.392810
13.039993
28.009937
8.909653
27.736365
36.092355
10.621407
57.734920
14.246226
12.167554
11.289068
14.927760
15.337267
15.326738
9.092029
22.959383
11.137532
4.210020
6.741364
14.558408
14.365312
24.428451
12.575472
21.966699
18.859054
13.990756
4.821776
7.732589
10.125937
15.535717
32.040650
12.338391
22.623110
12.820915
12.276086
11.055809
19.982936
14.207350
4.698445
14.920706
17.820031
5.575324
24.501979
32.394381
8.315486
14.808643
8.219259
14.919500
14.802556
13.936229
7.055863
8.199059
37.267768
42.692011
14.909563
33.392512
10.460991
4.881882
14.405849
29.423070
8.481753
22.293940
8.044461
23.871463
15.480099
12.866243
11.245823
8.489798
12.550757
13.956431
23.810577
51.332044
24.002711
22.697455
13.482330
10.400887
29.297237
5.291611
8.113854
14.750477
28.900636
21.077240
11.998722
5.185474
16.050175
15.308014
16.710674
14.769561
14.782448
20.325244
11.406668
48.417189
15.347556
35.971272
11.491796
18.974478
21.408602
75.447232
17.682010
17.426038
6.467296
27.201185
11.030739
16.457488
19.949333
8.785292
10.709354
5.439072
13.002057
11.397431
9.687879
17.088321
16.120318
14.309536
21.098982
41.149803
15.370457
15.977136
16.976764
9.219348
6.469688
21.666187
14.073701
17.716275
14.457844
10.960476
28.239548
20.567850
8.851487
23.603844
22.246380
5.767463
15.998204
5.751012
9.815418
10.313496
18.450096
14.034108
3.629947
3.264938
23.320877
22.151203
28.425586
18.614673
16.038942
9.755285
52.093111
22.848905
36.958534
31.669532
39.342211
11.228500
18.319168
20.867598
10.541509
4.848995
21.559173
12.065064
6.510067
5.367421
7.220547
14.672640
12.411821
5.737141
8.676487
27.287927
9.694216
10.378294
14.710268
8.936169
6.019302
17.025030
9.320682
15.004303
10.545867
26.909358
20.562145
9.838456
23.179668
24.381097
18.716300
55.092443
12.545218
9.450832
11.454569
36.445539
16.730683
5.082839
15.032708
24.164934
17.865424
24.246003
21.034800
18.121425
12.906401
7.222048
6.970050
21.480524
6.363458
6.056405
18.016702
14.297355
9.510103
14.162665
13.091941
12.801730
25.236486
13.034960
9.987011
9.642474
20.012125
8.585534
12.114797
16.431955
18.591370
11.710170
41.469087
18.137327
10.659262
14.640485
7.067156
26.636313
32.103495
21.199260
9.524231
28.637109
22.381234
37.684132
20.619517
50.045825
4.948570
21.302246
11.423376
11.309597
19.080913
19.856878
15.501817
27.893553
8.159057
39.145395
13.582902
28.940542
15.271539
13.200424
35.094695
19.114516
9.228188
11.074166
40.390963
5.833443
13.862728
7.447057
13.319926
21.109008
36.886267
12.427615
10.906695
7.555245
29.010388
19.030865
10.850007
16.134723
13.679524
8.180421
6.948375
15.399229
16.611111
12.756000
10.492117
7.767498
7.102901
20.615547
16.573755
19.959454
42.709714
18.808450
20.586211
13.594726
9.178399
6.306932
22.374037
21.415831
16.859203
21.547313
12.090009
22.131093
13.146610
5.835592
25.321970
49.151674
14.740464
11.434503
14.133998
11.501388
13.805777
16.233760
14.925074
15.791058
9.196471
17.167305
14.912430
20.603324
16.417838
5.980814
10.980263
11.956182
12.137357
33.920173
13.886297
2.948407
3.377375
22.722705
5.114199
13.722665
11.333313
8.719555
33.312608
12.671953
18.214916
16.908930
18.267712
11.399916
14.607256
10.532970
13.816666
17.347354
10.239128
16.737099
10.715842
7.456280
36.920824
29.294224
9.438023
10.154835
22.521858
35.275418
51.294188
29.568441
4.710835
4.893954
39.044743
37.483710
23.532163
17.691680
32.708024
17.426192
15.829302
14.113021
33.856980
9.629024
12.165070
15.326025
24.410850
23.290712
10.453938
7.178072
20.208111
23.269961
14.121052
11.935902
15.726180
12.899869
19.493518
13.151218
4.786706
8.552919
13.308466
12.335691
26.205775
14.410826
21.854179
10.278522
12.882595
58.535361
7.867280
31.796485
51.822094
28.005807
26.092749
5.414185
19.471300
7.852730
18.198225
7.994678
12.395753
9.830322
8.827619
21.493934
26.906877
18.834069
19.807961
20.768479
25.572015
11.990023
28.055069
13.230484
9.356660
4.190502
7.392722
27.899277
20.042006
11.547671
18.424930
18.250169
34.785095
10.998250
35.822416
6.990786
6.042935
6.807331
12.066328
17.702238
16.368904
22.465660
11.078789
6.244952
10.207520
29.190002
6.885860
17.635175
14.166895
23.451995
11.499581
5.926607
4.173946
8.511888
21.551559
31.548197
25.408856
32.143125
17.481996
13.565565
19.758472
8.338274
6.030762
4.741743
19.535247
7.912651
29.283678
6.466063
8.870998
10.664146
12.159034
3.257907
7.664866
15.608631
12.403495
21.600480
24.359574
10.859204
17.851638
34.090754
22.381937
9.946654
10.962128
14.574772
13.921926
31.336093
19.765128
43.135572
17.211266
16.559768
15.084212
11.281605
9.470807
17.548677
18.048377
8.153481
3.864756
10.118367
7.128745
12.156338
12.762788
14.816267
7.529848
15.858859
15.655735
28.972268
17.278343
8.784232
40.093028
14.098832
18.713951
5.534942
6.614564
20.995659
13.233734
27.930594
40.084996
18.463281
17.860485
11.007673
12.865616
13.012192
63.829548
15.909269
26.820718
28.700189
16.176542
18.642828
22.552287
12.736270
26.810145
18.931645
22.776180
18.135200
9.018206
19.879510
25.805402
6.531537
14.045072
23.137426
14.404977
8.043553
17.976080
20.028530
19.302422
9.822610
9.437696
8.488756
12.291084
10.720936
21.148546
54.529062
5.905635
21.159005
33.243677
6.820389
12.836097
21.113056
13.276119
54.032971
19.550958
33.903083
30.643321
7.721510
8.573650
4.855290
3.944646
7.032673
11.608232
20.260865
21.174941
9.699603
9.662876
15.502797
3.735984
6.114881
16.706447
15.379674
7.264460
5.619749
27.394630
40.684534
7.193172
17.881538
7.150736
21.102037
27.840593
32.814614
12.312074
50.288473
18.128499
14.651713
15.403962
8.720463
22.877386
8.238480
10.179741
8.262903
20.210637
37.870826
14.107564
9.401200
23.194518
10.338787
14.726648
15.015016
15.199162
9.368034
15.715323
16.476304
12.894057
29.057088
14.006043
10.328688
24.439980
25.006078
5.484356
9.657935
28.597165
16.843855
5.557860
10.616811
14.638140
7.315120
9.561772
13.485504
23.994423
16.949748
30.634000
8.119048
4.955772
10.098286
9.049724
20.282645
34.328807
11.971053
13.606757
41.253629
42.377000
51.080964
7.168291
6.760757
16.665605
6.283218
12.033553
13.535989
14.226389
8.349495
19.958030
22.916332
24.055680
10.802397
36.403325
45.410341
32.684046
22.294392
16.613419
19.497790
16.181744
30.004626
19.021273
18.021969
10.218761
32.291146
12.907089
16.490814
10.205016
5.971850
10.212258
9.024363
12.593423
13.931770
15.999848
18.095990
15.386482
10.170181
6.127248
61.686513
41.115154
13.589003
7.217065
11.652774
5.383949
18.418931
25.903131
13.775470
11.726198
13.527412
31.720698
10.941925
36.658908
28.523606
19.561768
49.396443
16.574640
6.288042
30.259445
14.225008
25.764023
13.338921
19.745746
8.164392
4.272224
3.485690
7.228500
11.831841
24.804012
16.365375
18.397455
21.722752
12.128517
31.614494
17.176425
13.525851
29.326833
29.996852
19.624323
13.219803
10.348469
16.381967
10.175439
15.490678
25.872491
15.657531
16.359966
10.298063
9.070475
16.248234
17.452083
28.165737
11.624120
3.956384
12.421937
26.601275
7.043195
16.169063
18.065071
28.574431
21.957262
9.808997
43.960737
14.021300
7.336423
7.522554
32.837683
11.321218
45.657237
4.976508
6.468963
14.514874
35.626335
16.065253
19.664717
8.915773
12.583026
21.605038
18.510250
5.900404
5.241341
17.075627
23.601460
14.742372
8.723923
35.083494
11.488221
9.780527
12.349495
27.075825
10.695553
9.328385
14.552001
39.686013
8.829704
36.400513
6.707759
18.320967
8.662804
15.516728
14.690291
7.872912
12.173628
5.834535
18.140403
18.666495
18.955311
13.622253
22.689110
10.203143
21.272568
18.690656
18.452085
6.677792
5.732340
9.790477
23.062824
14.532767
9.585573
14.285392
13.803565
15.160430
25.866204
12.280736
36.224178
10.705477
43.880869
56.130827
14.210782
10.452477
18.847413
22.426732
8.166655
15.939022
30.308764
16.907432
26.962502
14.256883
11.482586
8.644405
18.166517
17.996082
13.466948
4.209943
8.843844
20.339247
6.040927
22.593799
11.510069
7.307403
6.958072
6.125624
17.304141
15.096907
6.624109
13.773492
8.998281
11.211183
7.913756
20.930812
15.336982
15.719961
15.036031
11.442133
16.966131
17.823549
14.369748
4.343058
4.623338
40.052280
35.347812
5.863945
11.406202
21.504121
17.936651
24.335878
30.833072
13.981342
8.691875
14.850957
14.780129
27.525684
58.054728
8.693980
20.977045
4.665656
10.041944
16.885531
9.669520
42.141170
20.870582
17.554252
5.844226
11.619898
16.698094
11.879983
25.096761
14.438502
12.094486
16.030379
19.314214
25.294515
23.034698
18.495266
13.687106
5.529644
13.880876
3.474997
18.912712
26.026652
7.420201
5.152597
20.062009
16.736178
8.504451
9.191920
14.494959
23.272448
12.766830
37.629692
17.341931
16.533663
9.521752
14.491731
47.797642
10.430986
4.730118
7.188657
7.575356
23.101165
6.857109
6.020665
23.463441
26.318205
22.718438
26.156870
23.467000
27.239167
6.139914
7.058881
38.639658
19.652810
17.764771
27.784777
56.277974
13.773350
13.634808
19.110670
13.543787
32.447350
23.267521
21.016843
14.311712
7.543884
4.998964
21.033713
19.154085
22.541594
19.399892
15.139668
6.168373
7.259968
6.459905
8.390849
10.028705
7.332349
10.623112
34.380037
9.070294
18.021869
18.418558
14.014137
27.612041
14.080269
6.159555
14.655694
7.611374
13.526893
23.690948
19.286632
25.697817
10.337668
12.953611
35.009947
11.072290
10.680229
17.210333
17.086947
6.077385
5.729772
34.906240
3.920737
9.494530
13.242793
35.215528
30.502630
26.188256
18.050884
14.802690
20.442538
15.438059
17.113174
4.347644
17.807566
22.577107
4.278020
16.302801
18.092653
8.402332
16.460571
5.125557
19.943029
23.501217
33.151562
24.384275
17.744345
23.449755
19.321397
12.311716
9.154651
11.266787
11.312420
13.616294
33.390304
9.267067
6.359711
7.242613
18.618457
20.003479
11.935730
18.006426
10.600884
12.468532
8.001864
17.995014
21.784809
6.684835
4.419836
9.058646
28.489181
11.741625
7.903522
26.532941
20.202277
3.547931
7.604505
19.178414
17.459405
34.703504
10.949892
4.557753
18.924364
77.230844
18.771441
34.265275
41.322752
32.001157
21.657002
19.494380
31.605538
7.697765
28.632473
24.296885
27.585328
24.679406
5.418650
11.890992
28.875042
26.619656
6.934031
5.746304
30.310404
26.767928
27.991661
21.836013
48.476615
16.689947
4.245903
6.032922
15.891602
37.093767
11.462348
6.655343
40.773436
8.575103
5.876097
11.770735
22.960357
29.914135
17.220594
17.291014
13.749147
6.708071
9.617590
16.171343
22.505391
32.439207
32.618127
13.815247
39.715049
34.707539
11.581091
12.237710
25.873346
13.026306
15.110610
14.851867
18.737773
11.766116
12.741678
17.460147
16.165676
21.423894
14.601304
19.271940
7.014124
11.214051
12.854941
14.620014
21.925515
23.090063
9.073885
21.256347
11.255251
24.403776
15.487269
19.040408
7.966014
8.753470
9.345187
14.984327
34.591822
14.556271
13.142946
21.487145
50.332067
12.120295
21.646102
32.256989
12.012667
12.374893
13.503771
8.947243
13.394253
9.044573
7.728638
6.570457
66.539955
11.958864
7.578037
17.161155
9.743123
10.420239
12.043720
14.245802
14.692498
11.232148
17.314020
18.727378
12.917761
26.474378
18.385483
7.739506
14.006744
4.442598
9.810016
12.604607
16.398951
19.866619
11.068885
10.554566
12.069473
10.794542
26.148094
26.299236
19.276589
15.120567
13.075703
15.662601
22.566115
14.856490
23.109215
11.206332
7.067040
27.692082
13.812592
30.922750
9.119012
14.953795
18.624391
8.402108
9.687794
49.209497
13.390512
11.821082
20.409072
15.143593
3.501111
5.197059
14.252648
14.087455
11.745415
23.922963
14.285997
7.241456
13.790453
30.025610
22.619199
42.628145
19.811104
8.537809
11.782376
8.818951
20.964549
33.926815
20.058593
24.015180
12.344742
17.276305
20.605915
9.591037
10.898376
14.422236
12.054383
7.634028
42.246319
11.640575
22.855687
22.161315
17.351682
9.659676
8.390843
23.110758
38.274149
14.544270
23.814969
23.937193
12.937280
8.084145
13.539723
5.935325
3.176193
32.298599
9.774177
29.442656
24.569323
23.357171
40.776181
15.264619
15.515218
15.146429
9.935977
11.795354
14.300452
4.280482
6.640224
29.204881
17.455333
33.673575
16.724650
18.222257
12.580668
9.478017
8.311035
11.458905
11.266485
12.272851
22.896509
19.455071
17.356256
26.524308
8.862535
12.820760
10.748880
17.340348
9.529699
17.565590
22.082329
12.659829
9.220466
18.154877
30.438562
17.054860
20.745488
18.140966
16.120358
28.096660
22.808574
16.111810
13.601180
20.274063
5.276989
3.602311
21.724030
14.701418
12.079739
18.585033
11.999072
9.435279
16.587171
16.756286
11.206960
29.178356
9.548782
8.559384
22.026674
27.763784
6.978555
6.541183
18.227746
9.369704
41.991297
21.138656
5.135021
10.532919
22.433290
9.168550
7.269577
31.296429
13.571504
27.422751
18.341702
22.326338
13.425182
19.747576
45.394402
8.845055
8.674120
25.354103
20.828114
26.077668
23.135548
24.221118
9.546985
12.988291
8.888026
8.956066
13.860211
9.020562
21.219916
19.474375
12.333058
34.167376
28.737412
20.831479
12.171409
45.085425
17.059800
28.237951
24.560162
9.302947
10.724391
11.098053
9.061896
12.240040
18.918732
11.319553
24.039813
22.721495
10.256091
12.736177
41.523455
15.008322
19.512443
19.881835
40.873856
13.431086
15.558294
18.418906
11.586516
8.213563
25.431015
10.979537
15.674494
21.216424
12.833740
24.978132
19.022275
19.343413
23.108130
28.549757
6.046571
20.073350
9.531427
10.977565
19.877328
6.835440
28.192288
33.964850
13.802828
29.769782
11.077172
15.481403
14.323910
14.001609
6.049128
21.448596
18.437755
10.884209
7.284355
4.622017
6.538788
31.009468
7.192271
13.487607
39.134811
28.937714
44.543949
7.250508
7.383010
16.134756
8.545610
5.889585
17.108330
7.531157
11.402553
32.994106
24.721694
13.426302
10.692750
11.630037
11.851290
5.568194
5.701862
8.474523
9.007232
9.889242
12.709706
18.589086
28.303269
24.954955
12.017899
17.777094
7.203400
10.877532
12.894279
7.829625
24.031814
29.269022
22.986279
5.392619
18.395460
12.244220
17.463773
8.576161
8.140427
11.956328
10.841806
14.972678
17.497612
23.642456
41.111439
12.235055
10.459932
13.090550
12.087406
15.572270
14.217761
13.350952
8.932865
13.767182
11.532750
16.209317
35.966287
18.160262
25.010370
20.851968
16.483315
9.192871
18.094230
12.359836
9.751224
32.759068
17.147632
24.769061
13.119058
14.268608
35.572008
18.515190
11.295092
7.210031
7.003815
8.482948
7.666215
16.083520
6.097039
12.576188
41.232889
12.306853
11.278955
11.047495
13.051311
14.902860
21.090624
9.121242
16.094386
27.144056
15.435013
5.777124
6.137878
12.841740
15.292261
