r g(r)
0.2587500214576721 0.0
0.2762500047683716 0.0
0.29374998807907104 0.0
0.3112500011920929 0.0
0.32875001430511475 0.0
0.3462499976158142 0.0
0.36375001072883606 0.0
0.3812499940395355 0.0
0.3987500071525574 0.0
0.41624999046325684 0.0
0.4337500035762787 0.0
0.45125001668930054 0.0
0.46875 0.0
0.48625001311302185 0.0
0.5037499666213989 0.0
0.5212500095367432 0.0
0.5387499928474426 0.0
0.5562499761581421 0.0
0.5737500190734863 0.0
0.5912500023841858 0.0
0.6087499856948853 0.0
0.6262500286102295 0.0
0.643750011920929 0.0
0.6612499952316284 0.0
0.6787500381469727 0.0
0.6962500214576721 0.0
0.7137500047683716 0.0
0.731249988079071 0.0
0.7487499713897705 0.0
0.7662500143051147 0.0
0.7837499976158142 0.0
0.8012499809265137 0.0
0.8187500238418579 0.0
0.8362500071525574 0.0
0.8537499904632568 0.0
0.8712500333786011 0.0
0.8887499570846558 0.0
0.90625 0.0
0.9237500429153442 0.019053617492318153
0.9412499666213989 0.08564151078462601
0.9587500095367432 0.22404628992080688
0.9762500524520874 0.40374141931533813
0.9937500357627869 0.6420928835868835
1.0112500190734863 0.879751980304718
1.028749942779541 1.2699862718582153
1.0462501049041748 1.425894021987915
1.0637500286102295 1.5086960792541504
1.0812499523162842 1.7569308280944824
1.098750114440918 1.8450679779052734
1.1162500381469727 1.813778281211853
1.1337499618530273 1.7034047842025757
1.1512500047683716 1.840090036392212
1.1687500476837158 1.7695538997650146
1.1862499713897705 1.7446867227554321
1.2037498950958252 1.645696759223938
1.221250057220459 1.63884437084198
1.2387499809265137 1.3668357133865356
1.2562499046325684 1.449205756187439
1.2737500667572021 1.392958402633667
1.2912499904632568 1.4302282333374023
1.3087499141693115 1.3257815837860107
1.3262500762939453 1.3526458740234375
1.34375 1.1705808639526367
1.3612499237060547 1.3132338523864746
1.3787500858306885 1.2088323831558228
1.3962500095367432 1.2287681102752686
1.4137499332427979 1.3069902658462524
1.4312500953674316 1.3016911745071411
1.4487500190734863 1.218790888786316
1.466249942779541 1.404140591621399
1.4837499856948853 1.3170682191848755
1.5012500286102295 1.3274106979370117
1.5187499523162842 1.3322402238845825
1.5362499952316284 1.435262680053711
1.5537500381469727 1.6118863821029663
1.5712499618530273 1.5717917680740356
1.5887500047683716 1.6125156879425049
1.6062500476837158 1.7792214155197144
1.6237499713897705 1.9939167499542236
1.6412500143051147 1.89932382106781
1.658750057220459 1.879140019416809
1.6762499809265137 2.059994697570801
1.693750023841858 2.100792169570923
1.7112500667572021 2.111701011657715
1.7287499904632568 2.119948387145996
1.7462499141693115 2.189638614654541
1.7637500762939453 2.3293278217315674
1.78125 2.3982455730438232
1.7987499237060547 2.237888813018799
1.8162500858306885 2.4693448543548584
1.8337500095367432 2.5159378051757812
1.8512499332427979 2.4843909740448
1.8687500953674316 2.5218801498413086
1.8862500190734863 2.6306960582733154
1.903749942779541 2.753011465072632
1.9212501049041748 2.777968645095825
1.9387500286102295 2.7626657485961914
1.9562499523162842 2.876314640045166
1.9737499952316284 2.75180983543396
1.9912500381469727 2.836230993270874
