11.390285
15.334549
14.671213
9.050157
12.596672
11.058370
19.018276
5.521994
7.543792
13.808044
17.909554
5.703135
4.935707
6.312209
15.244590
6.890426
6.031652
7.476626
6.618197
7.132443
9.078360
13.963241
10.758386
5.470255
2.777912
14.623116
5.774516
3.322835
5.251545
11.652083
16.429170
5.998329
6.504398
10.463630
6.821685
11.917506
6.190145
8.914251
9.021149
11.250395
24.028195
7.330009
13.598255
10.599441
4.433542
7.509315
4.393604
9.473132
17.981169
5.874877
10.543802
10.167192
11.102277
16.989913
3.677062
6.096056
11.565715
12.076623
7.251514
8.815527
11.876773
10.620948
20.477605
11.355949
8.203741
7.990668
6.189659
7.131743
5.709387
8.828519
8.977784
7.708221
8.902945
7.426789
4.606667
5.749937
3.195568
31.168837
17.218029
9.608212
16.435497
12.391250
12.567932
5.947999
8.070659
9.153454
7.491690
9.201669
9.409845
12.042928
3.851598
4.157853
10.404800
10.155518
8.793582
5.086711
3.935645
4.013358
8.315213
10.308610
12.757917
6.452838
2.992930
2.831735
2.880139
10.582343
9.151241
17.085444
8.345366
15.010867
8.056286
10.447906
5.565870
5.031238
8.260353
7.013433
9.992228
5.254214
15.605887
11.770415
8.639271
13.333260
10.280292
7.549732
6.524927
8.312979
15.651288
5.394359
6.107901
11.874209
10.368674
5.204258
12.292584
8.824186
7.714536
4.064132
5.556038
14.193268
14.438352
5.916575
5.701583
10.571152
7.471801
11.533535
13.502858
14.858233
16.660343
6.126817
4.773705
6.754135
10.797534
10.346792
10.912152
14.024524
10.149323
10.827173
10.229030
8.526132
19.635034
9.278720
8.258297
9.353879
6.703105
13.543293
10.895857
11.466788
10.282747
14.866983
6.256291
12.093547
10.933273
9.444269
9.199415
7.728497
12.963538
13.451829
6.992044
5.874825
15.403261
7.532312
6.349689
9.274509
7.517191
10.686759
14.751911
4.307677
9.397759
14.506888
7.635906
16.239105
8.393280
4.836194
6.597237
8.688053
16.426884
15.212477
9.085889
6.239883
3.095701
4.764724
17.414349
14.048142
7.395570
7.301591
10.851665
9.923716
5.015696
5.060563
8.010545
6.739958
11.423184
5.220742
5.416080
7.392581
6.609564
7.071798
2.809960
8.304607
3.671175
4.283104
3.663632
11.054909
7.120920
12.847356
35.728950
11.207799
5.119126
5.757241
7.323525
9.925428
4.785714
12.485319
15.457655
7.884003
13.894818
15.503492
10.847572
9.955058
12.576803
2.905031
4.591550
12.501362
7.907581
10.308898
10.570950
10.936015
13.131063
4.861151
8.376719
14.595846
13.751426
4.322382
4.479735
10.911620
7.938507
12.031179
5.552268
15.779582
6.583755
7.096930
22.803083
3.517238
3.186300
14.203483
12.602730
6.031163
7.858083
5.324201
7.461165
7.229119
19.350013
9.596632
7.277704
4.222652
3.505650
9.340928
13.927353
8.051673
5.220608
4.271559
21.504710
9.495179
14.778981
18.873189
11.231403
3.515539
7.814459
10.467095
15.463354
3.494116
2.628653
7.122537
9.012827
3.249927
7.151239
7.057883
5.370145
4.658940
8.666956
6.529342
8.427337
7.310062
14.691526
7.249701
3.441363
4.616700
10.113413
6.470768
6.659347
11.902037
9.214109
13.450416
8.751123
11.871758
14.493643
10.535591
5.310730
9.470744
8.600071
8.460629
6.169938
3.815361
19.736670
10.712723
18.931502
9.528301
8.543907
8.316170
4.418919
3.497562
6.581846
3.790342
6.172534
6.574152
7.778607
13.868164
5.885789
4.060302
27.165860
4.931604
5.029537
4.796745
12.516589
5.515427
10.313137
7.513483
5.326770
5.822293
9.153199
25.835404
18.050854
7.252217
3.927087
5.849549
11.290026
6.521039
17.498470
6.642878
9.110479
3.883006
7.445879
9.105724
4.180093
4.279258
3.942059
5.886224
6.676725
10.311106
4.104033
6.098999
11.486577
9.078686
5.598566
4.412326
10.813915
8.003302
10.268785
5.051463
25.003938
4.359549
7.510995
17.640245
7.454704
5.191498
5.971099
7.844862
3.284555
6.108727
5.591648
7.221920
9.371675
6.855811
2.202911
2.899290
7.471161
15.956062
7.427786
4.918943
5.329214
4.927894
11.765148
7.857800
10.295529
7.042271
17.498513
14.091676
9.435092
7.096150
15.112058
9.421736
11.215749
5.494772
15.454802
8.936260
12.102010
7.112862
7.110677
8.058062
15.866740
10.932969
14.839180
8.801955
9.517184
8.710203
13.554501
8.042120
9.809165
18.196821
17.921729
13.499953
3.794392
8.338751
8.838312
6.089575
6.009730
12.050531
17.410159
9.535231
5.027685
5.962603
6.802738
9.723031
9.444829
5.555798
10.417716
4.281208
2.894558
7.526155
13.674101
6.881804
11.269649
10.794052
9.413997
10.339240
7.997730
5.730652
4.637488
3.559610
8.598431
8.226365
15.978014
15.402130
10.517000
8.762791
4.978218
10.060493
3.867139
16.892301
10.080706
6.825892
23.493736
13.104946
4.163831
6.526922
13.401014
10.654443
6.008208
6.106547
13.591674
7.319930
5.916280
16.477697
19.041615
14.427765
6.727587
11.154765
8.852424
6.150261
3.911654
15.731277
16.495532
6.025142
4.038638
4.226721
9.561123
3.294927
5.795052
5.763843
9.568261
4.948535
3.622774
12.174808
9.227532
10.437323
11.172927
10.452375
5.063240
7.280282
5.756785
9.894661
10.019249
5.780741
5.190675
14.597285
5.769966
4.531649
10.211027
9.413259
12.281210
14.512765
5.710286
10.234635
5.297062
15.096338
10.406678
4.206659
7.016640
5.351609
9.972328
4.850170
5.854100
16.083558
4.078029
4.713897
10.100299
13.970551
20.713550
3.889615
5.644157
3.297050
8.171367
3.789972
6.483703
13.355269
23.794235
11.721160
6.709581
8.545978
9.415735
11.275689
19.391729
11.086401
17.541315
8.558373
18.955813
15.662115
16.317342
18.428619
4.173799
8.200741
10.212596
17.357590
8.771579
11.462065
7.689297
11.529467
9.512221
6.203017
4.434403
9.757333
9.529456
5.440343
5.009340
6.135194
5.591011
21.757512
12.949297
8.432852
10.199743
17.338544
16.284848
10.755125
14.764886
17.177748
13.570395
15.878486
5.739994
9.970335
11.542027
6.400026
13.005591
13.663277
4.712956
6.195636
18.203298
16.667268
6.402401
16.687932
11.343333
13.640248
6.518554
5.227195
7.538792
9.435083
15.277864
4.880056
4.273147
13.520517
8.138212
9.369313
6.130521
9.940510
11.823559
10.451414
9.571995
6.593093
7.346706
9.846863
12.208586
7.207568
9.059460
8.974539
16.137371
14.059172
11.481841
5.795300
15.763724
9.469405
8.749974
7.945631
5.633116
8.125222
4.116269
6.534368
5.353822
15.711767
14.376713
17.519794
3.301065
6.384559
8.947705
9.919312
5.960329
3.355947
3.951012
17.524870
6.105808
12.516580
13.701236
7.192721
6.131201
9.019537
8.653009
10.771726
8.566965
9.985237
9.466853
10.930624
7.046302
13.370500
12.630426
4.890405
9.858799
13.842817
15.057643
10.778796
5.006956
6.959277
9.803480
6.304623
3.214102
3.352550
11.288186
11.867714
6.539516
5.112906
9.308227
17.125647
7.254776
2.727694
1.885291
5.115348
7.555839
9.122012
3.571111
4.425958
8.287850
9.883542
4.000248
4.284871
9.601089
9.470644
12.324863
8.962342
4.875329
4.565375
9.879444
10.641510
13.927699
6.120706
6.577473
7.523272
11.005997
4.928889
13.318023
8.424564
8.171835
11.477536
8.295318
8.635992
4.674599
15.280259
7.521653
7.649462
3.900051
2.886676
7.711386
8.960708
4.255679
5.706065
12.534700
7.392310
14.417937
7.097320
3.844169
4.827552
7.323670
11.351190
10.467989
6.263626
10.758752
11.260470
12.074546
21.373740
7.971182
4.430866
6.482556
6.612739
15.270352
6.865269
8.152851
7.307152
8.056951
10.167524
9.673023
7.186303
13.530386
5.184121
4.672779
6.666948
7.749225
9.351073
12.678667
10.919686
12.301592
15.248799
4.741841
4.431983
11.629945
4.679766
9.014394
8.285843
13.740145
9.513218
6.097482
10.661196
6.830651
5.537035
14.540983
5.130177
7.157754
14.653472
6.218927
15.210044
7.152923
8.910420
16.166066
6.592031
8.676050
6.663275
6.284927
8.305243
7.046987
9.652984
6.265743
11.974912
9.923957
12.666461
16.281483
14.709899
7.265505
4.617320
3.426700
7.724891
7.513118
6.564414
6.195896
4.254757
14.440275
4.862429
9.696321
7.305723
8.578664
8.171588
8.909387
9.125175
6.851586
16.689476
4.912277
5.663642
4.837238
7.401290
8.605957
8.898764
5.750270
5.340396
15.626797
4.829913
5.954411
4.150140
6.314781
6.233120
7.120350
6.712826
9.218403
17.489681
5.521472
4.527100
11.666252
5.565511
3.819439
13.898333
9.550297
5.432916
14.407211
12.105324
10.031541
12.367418
4.136808
5.009058
14.526681
6.468294
15.149792
20.007175
5.693961
9.451784
13.474620
28.043570
15.847847
7.063082
5.336362
5.890601
14.009590
12.203145
4.102461
3.971657
8.396426
12.371318
17.518909
16.866536
7.837482
11.628839
11.646544
7.332659
16.034194
14.940481
5.830605
3.518574
6.341818
7.073610
8.601849
10.788743
14.490611
10.028479
6.120527
3.856428
4.027886
18.990074
7.355784
11.426719
4.943571
13.460357
27.006290
5.842347
19.019048
3.018017
2.794572
6.367539
5.346510
9.150271
4.211966
3.020859
5.270113
7.531498
7.377226
11.071822
5.180496
8.204857
5.447541
6.038000
8.663081
11.362572
6.805917
13.028713
20.334209
14.781021
4.794630
8.841568
6.454558
6.929878
8.401882
7.261576
6.601008
8.612937
4.020215
3.535988
7.282004
2.252822
16.272854
5.946659
5.407509
5.596932
5.014192
7.346204
4.626818
14.418877
15.377358
11.712330
7.917249
11.258529
5.135958
7.090836
19.627893
7.634941
7.926097
14.637816
15.500209
6.349334
5.020014
8.626710
7.173128
5.887381
5.121511
5.922040
4.448249
4.688923
8.697372
7.280967
9.497025
7.232804
19.147719
19.305146
8.494544
6.200864
7.548714
6.414860
5.152962
4.772386
6.487712
25.613624
5.193621
6.046042
3.983871
4.779678
5.751952
6.115415
8.531319
5.910961
10.688898
6.127585
10.710579
4.937701
13.099883
19.638349
28.179572
14.161914
4.467661
5.546487
6.222417
3.919433
17.047659
16.498331
4.679302
6.568446
2.505493
3.242502
8.192046
12.336422
7.157573
6.472769
14.551916
9.188643
8.616965
7.117442
9.570857
4.275131
12.198189
7.000511
4.929186
7.161187
6.593017
8.564207
4.130406
8.960128
12.155782
12.658469
8.361988
7.318184
18.721511
11.877257
5.524498
20.261446
8.278712
6.456234
12.944066
13.762824
11.746504
3.031029
3.295486
11.536970
12.523337
7.700626
9.231853
9.331662
10.286979
4.843197
6.852982
8.465208
7.386333
5.440096
12.656280
8.808705
10.807525
9.278367
6.707439
5.280045
6.740616
7.253023
9.624896
9.935486
13.005908
12.665356
7.017427
10.841870
10.545999
10.289539
11.895361
4.442713
10.830829
8.468104
6.160864
9.496760
15.087180
7.739229
17.636092
6.995890
5.131140
6.218574
4.216689
9.519047
6.173425
7.293304
17.871537
6.450978
8.819694
7.262361
7.027653
4.267546
16.482405
8.027993
14.221159
12.120199
5.557134
6.325192
8.053286
14.612545
10.076739
10.064309
4.176246
3.663107
11.671494
3.028060
4.209840
3.446756
2.949158
6.153802
5.588618
7.497133
6.731933
7.859084
5.381459
13.425376
13.900650
8.877067
5.395376
4.838591
14.608864
3.948103
6.741693
8.898946
7.837542
8.854751
4.352624
3.814626
7.885914
7.975233
6.777096
5.733698
5.195293
7.558731
7.714846
4.317200
10.912626
8.365077
5.854663
5.179562
8.275853
10.768066
4.590120
7.447481
6.376558
10.869529
13.674921
9.513016
5.255465
11.762668
12.336098
12.748046
16.766024
4.598171
6.588641
7.121859
13.812842
14.826479
9.405323
17.659991
6.809510
9.516234
6.250335
8.764647
8.424254
7.124864
8.540764
4.682174
13.164639
11.051675
20.544500
12.925064
9.881797
8.512181
13.393194
10.591453
5.591763
9.093034
5.952150
8.577352
9.326065
7.168820
14.891077
8.403374
20.466649
13.551280
11.888124
4.865263
17.800312
7.343027
15.196854
2.429636
3.350146
7.821952
9.864799
6.757427
19.387726
10.351919
8.232213
17.491133
8.429631
7.774567
4.517456
4.952008
11.766418
12.738616
7.478513
4.928960
4.536136
10.330206
4.717118
5.535776
4.575358
5.134834
4.925038
9.598677
6.560622
8.172757
7.362061
4.018716
3.986908
3.201659
7.920674
11.771162
3.752627
4.719012
5.099305
11.812304
5.299864
11.601107
13.863259
6.714735
4.894543
10.348183
13.819759
8.417960
22.267003
12.952944
16.603061
6.235078
13.953031
12.379000
18.298199
6.488064
3.792066
10.287353
5.027878
19.917264
9.057083
7.308250
4.894489
9.166931
5.320878
5.429469
3.890382
7.427926
5.592945
4.750327
17.447286
21.054985
6.576691
2.782170
17.830177
9.443275
11.573135
18.685201
12.422979
4.873267
6.491642
21.593849
8.719102
13.516890
9.644625
6.281413
11.150958
8.563286
4.318942
5.870435
9.121300
7.646227
3.533785
4.978640
5.301984
14.516592
21.829831
6.980657
6.043561
3.072144
8.313004
13.389939
11.386047
9.892979
15.684647
11.479614
6.714830
6.025835
11.920904
4.739546
4.668254
8.289005
9.281719
11.371840
8.028967
13.165162
4.733288
14.773767
8.407316
12.301184
21.228798
22.061450
11.720510
5.354172
4.158983
11.412222
8.853864
8.984365
6.337983
7.478643
13.000495
6.243672
7.504928
6.153576
5.749219
10.009949
9.878116
9.054622
5.759934
21.743971
4.603094
5.616476
13.778101
11.803417
11.465973
6.591532
3.897590
7.817073
12.918234
7.552028
15.217716
11.004371
5.706009
14.283262
8.354913
13.053968
3.578637
2.690458
2.924700
4.416754
6.203449
8.784548
7.382636
7.769111
3.269893
6.682662
3.929292
4.796018
7.047224
9.047671
8.810552
4.603104
11.849634
8.329371
8.682050
11.058378
11.168667
7.631900
4.267980
5.555372
5.269983
5.892283
16.575322
8.693849
6.011039
6.374614
3.151700
6.813049
9.209393
7.057106
2.969355
2.893957
11.209342
13.040092
6.228671
10.688849
11.827592
6.275372
17.085386
15.073316
8.030319
13.048000
12.976074
14.687091
7.305103
4.163461
6.658699
7.909196
9.657382
9.399398
6.882365
11.543976
6.487725
4.780807
4.353363
7.450466
5.076982
10.203977
6.434767
7.138197
14.095674
4.238054
6.815270
17.877878
23.121918
9.145871
6.500694
32.406629
17.479807
21.100362
2.439947
3.076383
19.606567
3.639038
12.571204
8.601988
7.866128
7.523584
8.180366
5.964027
9.049033
10.654175
12.293308
9.680378
3.597603
13.766258
4.458462
4.226479
6.409923
14.474876
13.312382
9.120108
11.659427
11.281880
15.714533
6.386152
10.289698
21.055533
10.621507
9.231330
17.317938
14.123192
11.061903
15.544911
12.950481
6.298696
7.531852
9.806864
6.855259
12.541564
17.123163
3.586557
9.007446
12.404523
6.891564
5.359826
8.991011
21.920072
7.055863
10.012006
4.070811
4.641872
7.959630
7.177505
8.145804
5.730685
7.425817
8.994950
8.365058
9.166696
6.697206
5.610452
6.525944
9.011539
7.991092
8.484915
10.522781
6.081172
16.075502
13.052605
7.352318
5.871804
6.409981
6.565808
9.968776
9.887234
6.191402
16.015729
5.456810
9.632236
13.907474
5.783907
4.435425
6.280009
8.805211
7.225286
16.064527
8.805164
9.849845
7.763730
16.558769
7.009648
8.797747
15.726096
7.831141
10.874767
8.703027
13.834914
6.935438
4.876227
4.177639
16.322959
7.701249
5.559831
11.751108
9.599259
12.189511
8.357337
17.877609
12.158769
11.222055
3.301991
7.296699
3.763919
18.742837
11.972540
5.992366
11.651087
3.618995
4.241143
9.963507
8.976800
10.528172
19.848791
6.801372
23.155166
4.418592
4.165019
8.226455
9.309095
6.585243
8.301480
11.429331
10.074327
20.544594
6.589355
7.706583
5.610083
5.947795
8.962505
6.693270
7.728440
7.681585
15.587037
5.031348
9.434801
12.844351
19.886259
6.885980
10.762127
12.490938
9.089721
3.249680
4.386658
14.161437
8.799557
5.567665
5.734609
6.638128
18.142541
8.446812
8.146871
4.554790
4.454672
9.196608
12.251706
3.080722
4.699441
8.639288
9.857735
7.280334
7.354533
10.985895
7.652885
8.735413
11.018972
6.483073
5.580536
4.097019
6.002014
11.878082
12.078801
9.125498
15.455658
6.130315
6.855252
4.403208
5.221315
9.648267
8.964602
9.007694
7.773815
7.712957
11.022727
15.043797
15.384888
6.173075
6.318777
13.917558
9.417105
13.149464
5.684345
3.618775
2.721903
7.703808
6.496339
3.042331
4.398526
7.820584
3.595577
5.436380
3.254505
16.144474
17.035590
6.936794
5.077082
3.466356
10.406791
6.006587
12.810864
7.346312
6.024044
8.195830
6.385994
7.466540
6.517781
7.780846
10.627258
6.807844
3.527358
14.951571
6.539990
9.137596
8.646828
7.269126
11.175972
7.418882
8.352331
7.688563
15.272176
9.549998
11.410493
8.562638
16.815155
9.963239
9.386943
15.351231
8.846669
5.818427
6.987153
8.852934
3.820048
4.998978
8.743012
11.130458
9.419512
19.727147
11.921674
11.806436
10.332672
7.531648
8.736569
6.471366
14.402377
10.428274
17.732810
22.913200
12.101314
5.954385
8.041756
7.493029
9.644640
10.135929
5.209136
8.447531
13.393780
5.304255
7.718809
7.394572
5.408981
5.877132
8.675042
16.581662
7.357516
7.756495
6.273025
7.195578
4.587742
8.168844
8.495910
18.224917
9.416999
11.672382
18.637001
15.342352
6.329393
18.601784
8.398446
12.752876
6.680562
11.917758
12.545169
9.860914
4.487671
7.720921
8.098987
14.711495
7.007421
5.349061
4.055977
8.936932
10.563197
6.468350
10.171007
7.238270
9.175358
6.329931
5.982613
4.498702
6.290059
3.244840
11.656403
11.927188
9.595670
13.563851
6.175844
12.619239
6.563340
4.537349
9.072658
12.293748
15.782889
7.517005
19.586852
4.904095
4.104208
8.928502
3.380209
18.577734
14.600033
17.416155
8.134752
5.342065
13.576005
7.030706
11.447697
12.791660
4.905864
12.573962
11.210254
13.534606
5.332867
4.960905
9.599522
17.570163
11.689134
9.190913
9.001549
4.937121
8.306776
5.823599
9.566795
8.103951
6.008909
5.262846
12.385088
5.839362
7.844488
11.482076
13.098787
14.638432
12.844140
9.952674
5.896812
4.223756
5.422503
6.252278
9.893220
12.953500
7.008339
8.550973
4.549013
8.023402
8.505245
8.457509
18.875696
12.228611
11.650084
7.527420
15.684796
10.536472
7.677927
7.793227
7.177499
6.522896
5.850178
4.599250
7.967451
4.138614
4.606213
11.500698
6.466976
6.689467
10.040998
12.616658
6.266533
10.121367
7.718292
20.703080
12.745039
6.889835
18.279482
5.086321
2.867953
5.728887
12.878137
7.999443
7.105825
4.626033
5.529835
7.422832
8.194699
6.663253
10.812623
4.602967
16.010304
5.652533
5.383913
7.112431
11.446121
11.078543
6.997494
11.576846
7.102239
5.406811
6.598182
11.815681
9.019199
19.527694
6.941105
9.721591
8.952395
6.830464
9.092318
7.201957
14.120940
12.480368
9.534182
5.321997
10.715086
15.602395
7.307435
10.594356
8.388693
10.581941
3.720058
3.802852
8.022386
12.653672
8.862820
4.777882
10.128732
4.689930
7.425398
14.311792
17.127409
6.409037
4.921167
7.149958
9.613543
5.770055
13.959212
11.914227
20.717585
9.703862
7.369825
16.254062
3.869857
8.139769
6.779510
11.655428
4.331772
9.131432
10.456277
7.330084
12.040219
13.665626
11.789651
12.124485
7.409857
16.669870
14.097431
8.967508
9.565387
10.003766
7.096163
25.990294
3.944549
8.005084
16.460682
18.933648
4.683559
3.201126
12.686152
6.789715
7.269744
6.136071
5.110686
9.444526
7.484377
12.794932
16.054819
3.901357
4.132023
4.814331
4.832725
9.525781
4.178899
5.653880
9.408265
9.230853
6.304252
6.055987
9.768216
4.407110
4.417459
7.311734
7.915876
7.685705
6.176635
10.645013
6.476658
5.904738
7.097172
3.995113
13.544954
12.252371
7.182213
11.739548
3.648240
10.497472
7.250249
13.998604
11.400523
9.778518
6.594615
4.279881
10.720128
9.078934
8.178082
10.517730
12.599002
4.195143
5.011633
16.862468
15.726297
15.248870
9.011693
6.229425
7.125387
9.779378
9.420948
13.482311
17.093090
12.934465
4.007740
6.613174
10.910485
15.993175
8.422108
6.933183
13.052751
9.552944
18.219573
11.701248
9.643496
5.965845
12.643306
11.218377
3.986984
4.009876
6.482736
4.480540
10.186451
4.570612
4.026174
6.342839
9.906143
7.367595
11.458083
14.096920
5.857182
7.082556
9.553523
11.607848
12.061562
15.883859
6.355135
6.254034
4.517793
11.072850
11.438504
15.651568
7.925059
8.951235
6.475472
6.394333
8.494767
10.144271
20.452834
7.274120
4.200267
4.082512
11.240170
5.174937
4.469107
8.678883
4.285178
8.259396
4.965786
5.961988
6.061626
6.268846
6.094959
3.607987
9.155368
4.684930
5.666771
13.596213
15.043078
7.635188
12.440539
9.436556
5.847604
8.048821
6.279410
4.192772
16.871869
7.863786
14.661871
21.055582
7.384263
14.467698
7.036943
8.161151
11.283287
11.509762
6.075555
16.795104
8.504938
21.315772
12.100102
11.036014
10.334192
16.178148
11.418540
8.892921
21.605516
7.758699
6.517473
4.210992
6.566199
3.392719
7.236561
9.873185
16.753406
13.169284
12.193133
8.081096
7.746257
8.037097
9.846894
5.408061
6.210212
8.880820
7.974389
5.381528
12.371491
3.299918
4.833249
7.989820
12.223356
15.944342
10.619146
17.159569
6.701369
11.485581
11.995113
12.951400
16.650793
18.658314
10.369376
12.716488
5.082135
9.870338
8.453527
6.307193
4.776082
5.383495
8.533491
5.365894
6.218942
6.136726
9.891591
4.819172
5.414254
15.084327
7.883906
25.119425
6.041456
8.835092
17.122497
9.957665
14.572144
10.197774
9.163014
5.422668
10.948424
8.962225
5.459061
12.041346
8.448616
8.442770
9.340150
11.489940
6.054799
6.437360
6.102259
8.452850
11.209446
7.466561
5.332001
7.471812
10.402954
13.545393
13.392576
13.614884
18.828929
12.559077
7.584787
17.965803
9.694321
7.782901
20.286108
6.422813
6.225645
4.497887
13.633167
15.097369
3.522248
5.252437
4.090979
3.415286
9.296190
18.634906
25.300034
11.029221
8.863945
20.400024
11.391279
10.973265
9.195997
6.285676
4.271858
8.318489
7.579745
11.054383
8.384800
13.166153
21.313697
7.384068
21.225273
20.604282
6.897094
13.526367
14.450089
12.407253
4.522328
5.806305
13.462082
6.752369
9.186063
12.521876
11.178786
6.803496
15.689282
11.118312
15.255817
5.132751
7.641031
5.663670
5.816240
8.167910
13.158383
9.951820
10.173013
6.511669
10.483536
6.081755
16.348088
10.828349
5.055316
6.963872
19.677924
5.295843
4.379891
4.028344
9.409868
13.270204
8.107177
19.308864
7.448950
4.703586
6.666287
4.210821
4.766265
6.157634
3.740878
13.364654
6.159697
5.741230
7.621167
14.606365
7.865983
10.185675
3.383977
8.584839
13.085055
12.415005
4.388404
2.531725
15.147804
10.518301
3.774407
5.263709
8.653468
4.020021
6.700976
7.775870
7.828366
4.773419
6.284417
10.623011
7.176122
6.951201
6.240107
5.995582
6.239559
12.188799
4.999267
4.554080
9.722620
5.194255
6.686318
16.045809
7.307093
4.304213
31.332182
8.184104
5.793404
4.302772
10.187029
10.680865
4.369785
7.977651
8.523873
4.292823
9.970864
7.118644
10.128671
5.910600
7.888414
11.176948
9.192372
13.042180
5.161287
7.289289
6.717604
10.282750
11.400139
4.601180
22.566796
13.893795
15.490415
6.581892
7.212124
5.448580
10.358187
6.425180
13.245007
14.511050
16.413007
15.302315
10.493956
9.206263
10.941153
13.323735
11.827588
6.191022
7.808118
8.891649
7.734003
11.416210
10.144084
2.470861
7.451186
10.862452
12.436744
10.291433
10.469076
7.284708
5.491343
10.945367
3.987659
4.419102
10.443205
8.818654
7.786438
7.654365
9.139094
7.113812
10.064863
2.603998
4.183748
8.658879
10.372838
19.196987
18.996758
14.347274
6.893419
16.929334
12.076937
12.219397
7.065939
11.705841
12.438597
8.871044
5.944783
5.926706
15.730592
12.609850
11.081382
2.985316
2.941045
9.159276
9.575346
9.755106
7.319441
9.000475
5.249879
7.490819
15.106925
8.296781
12.708437
6.474542
5.805041
5.909737
4.486221
7.932465
5.248730
13.387976
14.831203
8.659265
5.516730
3.318208
7.530072
8.354438
5.340279
8.867893
4.212176
5.571747
8.264825
9.355057
4.357158
5.390156
7.881099
11.359877
11.820267
4.993544
6.609634
10.147372
8.500582
7.653401
3.363934
17.362614
12.098625
14.307722
15.562664
9.454276
5.526562
3.513718
9.929159
8.498430
10.365956
7.409923
5.098577
10.671412
16.644800
20.781961
10.445313
11.202316
6.135117
7.134837
8.690163
10.707683
9.929208
8.076810
15.153506
17.595947
6.661224
7.692022
9.618653
9.924272
8.414077
17.683146
7.211301
11.076410
18.028006
19.131232
3.238791
6.908777
11.257586
6.337364
18.117280
9.599767
6.601074
9.661158
3.999649
6.886782
5.589381
10.125925
4.765290
10.546684
10.216785
13.741685
6.695185
14.871286
7.590659
4.832374
9.891085
4.839478
6.165839
9.775729
12.287941
14.755065
14.786116
15.231116
4.044643
5.228891
9.002223
17.138557
4.318610
4.596120
18.013751
16.189909
8.253727
6.161011
4.935033
3.582358
8.565735
5.846157
16.740577
11.854590
8.342888
6.099928
6.162140
3.608760
9.605003
22.748823
5.208164
9.699528
6.213275
8.347264
6.917503
7.180303
11.152168
15.379367
17.770150
4.784950
4.247234
11.864771
18.561875
17.443631
10.076210
7.804590
22.197188
9.578869
12.190306
8.141776
5.703548
5.634704
9.661894
7.435956
7.053709
4.667985
8.612061
3.900446
6.064369
6.823289
7.735764
7.886271
16.249533
19.006211
7.092641
8.399888
20.697663
6.961957
9.399275
22.618699
6.379924
8.138759
10.361299
8.058629
9.003258
31.893117
8.365128
10.959495
5.375768
19.322008
3.216655
5.071581
5.251240
4.536819
4.344567
4.494407
13.298771
4.862414
9.081788
12.142210
6.014415
4.650935
3.250972
6.535972
9.799319
6.708630
4.484131
7.547431
10.305327
6.701128
6.131552
13.465596
9.498029
9.354103
4.364740
4.136525
5.764870
5.323574
13.099483
12.528925
9.382095
9.724421
11.551830
12.510255
3.349686
6.653534
8.003622
12.367993
10.180092
11.785348
7.006315
14.445764
4.692796
7.805947
7.134529
12.894710
7.428739
5.993851
21.635265
6.927051
5.285420
7.657990
35.674530
13.000252
13.716669
30.051105
2.578172
5.864356
11.519878
7.143684
6.130263
5.180198
5.565680
4.427105
11.505043
15.462777
9.979814
7.327685
13.151320
6.850601
8.689904
4.017778
5.494327
7.094739
3.177287
2.366069
12.555664
6.403168
7.829080
13.750588
7.960608
5.504075
4.955732
8.541663
4.681852
9.376383
9.829100
15.148974
11.234124
6.317690
10.462723
13.271477
12.116803
21.911675
2.625073
4.160773
9.822576
11.223474
19.863942
26.008797
8.589389
10.223258
7.049689
11.573105
7.359794
9.594745
10.852484
4.895847
9.986496
8.488465
10.714184
8.189218
3.612454
4.879046
6.332140
6.913659
8.744098
15.488109
5.158077
4.192739
13.081356
24.741549
8.283189
9.213479
6.297010
6.109339
9.171788
5.291324
3.954495
22.511070
17.572005
8.753311
4.988193
4.741459
12.336378
7.053454
5.820543
8.649984
4.995310
19.112702
8.038576
11.227442
5.767484
12.904607
12.109959
6.690394
9.001750
8.418557
10.326246
14.584972
12.007737
19.364938
7.017577
17.752846
6.055515
7.855283
9.587487
14.584515
4.826726
6.103052
17.961716
13.286792
8.184077
10.249322
7.318271
5.823602
46.171410
3.464473
5.640048
11.263330
11.744229
14.318504
11.785199
3.573753
4.195104
21.458792
23.887707
7.276935
12.709454
11.058721
14.259057
11.683836
32.788452
6.873790
13.075185
15.562196
18.908712
15.328136
10.080705
8.299309
7.749014
6.432735
25.163983
8.228337
8.437981
5.404234
8.355629
4.577945
7.965157
3.930522
6.400411
18.033202
9.808133
9.248877
14.187351
8.380408
15.664091
4.452029
10.400785
6.151450
6.588878
10.140771
9.635164
8.435663
6.221444
3.667462
9.078118
11.018639
7.284081
11.713148
8.016770
7.485542
6.920854
5.679411
5.308920
11.193883
8.070191
4.703569
7.010886
7.032613
5.985490
7.486614
14.287919
6.718836
13.477615
7.761343
8.497438
8.558013
10.364082
10.826913
7.627323
7.168627
9.787617
17.985767
8.417361
8.372177
9.172317
5.951439
5.174499
9.047973
7.427770
7.619216
7.727066
7.343652
6.819464
11.676002
8.760977
7.672333
4.614973
4.354835
8.111066
5.780282
8.434569
13.322681
9.796172
6.167745
6.646052
11.327353
14.332955
8.520249
7.917007
8.619537
11.819749
5.392936
5.999565
6.531457
15.629110
10.567383
4.640465
22.346942
8.225540
7.283146
7.590807
10.465875
7.602934
5.070075
7.213796
4.259715
7.661743
5.006183
15.421847
9.102420
7.046659
17.749929
9.083308
4.996748
14.209107
7.795904
7.251974
10.992003
6.024918
6.454675
11.186732
16.057706
18.710574
9.883005
9.257332
8.328038
16.048017
8.834123
14.432459
8.323259
6.798609
6.504209
7.316283
5.512625
22.142380
10.878348
5.902453
8.042577
22.548314
7.469179
5.951289
2.616105
4.814544
6.810544
5.649154
9.057620
23.801990
9.852400
4.962971
7.013672
9.241816
8.076284
9.589316
5.741808
5.059987
7.290460
10.240708
8.419718
7.357997
12.530547
6.080488
8.528306
6.070401
6.752956
15.750897
6.219233
7.700990
6.541649
7.591173
7.035893
12.901667
7.663036
6.648060
13.772704
5.451094
6.234585
4.815254
9.929532
15.745664
14.376508
7.763527
8.965993
10.828810
6.188495
20.826728
14.310968
10.969021
9.601089
4.825243
11.873683
4.795639
10.796496
4.801100
15.795703
5.915785
13.816887
17.786356
13.960665
12.218747
6.414042
15.819727
11.299230
11.072145
18.225097
15.101018
8.237457
10.964375
11.773341
8.384874
8.389064
9.653819
7.717365
14.802293
11.150830
12.993839
11.941424
16.312591
15.636842
14.612795
6.812156
3.600083
4.470356
9.686498
9.916521
7.894252
14.479620
5.989591
10.883163
11.270170
4.207033
8.772076
5.924600
5.464379
10.422416
9.722391
6.294753
5.589483
7.926907
21.791258
15.894715
3.876344
4.811751
6.645790
5.040688
13.860506
4.222404
4.583954
9.838940
8.742983
10.173983
13.926258
15.021522
10.425448
5.143679
2.838641
4.456047
9.074369
7.621311
11.894046
14.277138
14.943955
11.611315
8.226660
15.206085
6.922805
8.634333
7.996315
8.004459
6.240097
9.072296
7.849285
5.778841
5.273008
6.205181
7.194852
11.885517
13.606897
17.216248
6.575951
10.762216
15.983635
15.033566
6.973059
8.041575
6.349747
4.769872
5.111869
7.880347
6.115715
7.592214
16.965985
11.894385
9.063629
11.653602
7.135306
9.159790
9.000372
9.252463
8.115943
14.581902
8.219083
10.269818
5.544178
12.925042
5.249849
17.998313
5.475572
6.759345
7.389455
6.322723
6.903064
8.962912
11.465498
19.823675
7.483446
11.066439
14.107910
15.225661
16.495390
10.186553
9.434125
14.446359
14.063988
7.554208
9.180711
7.845296
10.497324
10.995374
8.652777
8.739793
8.313664
22.505680
3.920017
4.040349
8.300228
12.629386
9.697653
8.035441
13.235103
8.869667
5.504140
4.317042
3.123221
6.802623
3.745026
4.327315
11.934539
10.228901
7.367753
6.184329
11.789966
7.128305
7.067909
4.200377
17.503323
13.174727
7.743138
6.087590
14.057025
10.943064
15.816233
18.278246
7.675097
7.221267
15.917986
12.502337
15.350335
5.242282
5.360763
9.090792
5.809495
9.428624
16.447743
28.230910
5.485963
10.702650
5.865400
7.433439
3.390154
6.590127
5.201039
8.528117
17.154359
17.160132
6.452066
5.319442
10.232136
11.777461
8.281168
12.822801
6.875158
9.957296
8.278431
11.722482
12.150870
11.789921
4.824810
5.730555
14.523601
8.103889
10.875532
11.783871
16.619441
9.319186
7.514695
6.013569
8.365074
7.887196
6.336989
13.132695
8.298891
11.274675
5.166699
5.306383
5.535550
5.109919
8.730360
3.774346
10.787712
8.508847
10.682794
5.877125
6.137759
18.204809
14.392315
5.808017
5.904579
3.866302
4.186264
10.435801
7.076058
14.067196
19.882283
10.690741
5.245293
5.477236
8.797758
7.382014
7.665557
11.498585
8.995077
6.397223
3.840055
15.618389
15.901357
4.963126
7.950996
6.923198
6.973642
32.543648
6.237246
4.403637
7.035397
3.830245
10.796307
12.153505
11.026502
20.704504
7.892868
9.605874
7.878908
15.692594
7.193435
4.520809
9.004131
16.217535
15.323416
2.920068
6.046874
29.896833
12.609179
6.143862
12.480411
7.732214
12.629673
17.131277
9.436600
6.292247
8.507714
7.748816
10.338763
15.920933
6.369086
7.804761
18.092147
10.032207
5.472513
3.395040
7.879211
6.417698
16.062713
15.370040
9.326383
4.190462
6.774222
6.274618
3.997947
12.981151
12.751558
5.656768
5.782759
3.513906
5.562516
11.801756
8.240036
9.124727
20.958982
20.618578
7.309043
9.076336
5.120468
21.723945
8.454904
9.415796
14.059826
5.075355
4.099217
5.636116
5.668450
6.949973
5.752103
7.402314
6.106834
6.257629
16.374216
5.841615
4.256188
4.555008
6.532223
3.734054
3.622110
9.448315
8.114995
6.864072
7.371373
7.089021
3.507997
7.167097
16.860936
10.971181
8.338882
9.671101
10.288202
6.618790
4.730025
7.767484
9.971005
14.637304
14.236492
5.990957
20.563564
9.007999
8.879388
14.723726
8.411357
9.258669
9.321800
9.601006
11.348176
7.217846
11.571108
15.186589
3.659841
8.206090
6.601006
3.361781
3.538273
8.612977
20.069490
6.155564
2.923682
15.883717
8.886637
5.754020
4.068394
6.211753
7.789962
5.648151
4.980426
11.821448
15.035537
20.853526
4.525402
10.429986
4.544270
6.447801
8.013177
8.261193
22.412430
13.431267
4.442827
5.928353
7.845263
7.324181
8.926003
6.528954
9.624499
5.950521
11.618896
9.030060
8.860410
11.403435
6.534136
16.257880
8.615042
7.208398
12.911195
10.339365
6.959976
7.025957
9.371439
12.711033
5.369483
8.450827
16.622893
6.012103
11.520316
4.975000
9.853515
6.212208
4.003385
11.517562
12.741646
9.054412
5.793457
12.722574
11.182349
8.070331
8.501712
16.959924
5.028550
13.810367
5.789725
5.480179
15.082856
4.210831
6.060963
8.732867
16.113926
13.517424
8.047519
9.022310
6.023819
5.908021
11.370946
10.687539
7.022641
7.829802
5.616852
6.790051
12.756100
9.140718
7.989681
21.243502
11.873585
5.083911
6.603569
11.302153
6.604530
10.488285
11.968010
15.656789
9.585687
4.771699
5.806135
8.448097
10.366116
4.463870
10.817279
10.093256
5.384594
8.971228
11.464942
4.931237
3.033642
10.129776
5.517699
8.782566
6.338478
8.900541
5.878587
6.035376
14.722046
7.293330
20.271227
9.160825
4.923089
7.106030
6.407251
36.696916
12.890441
8.182775
3.857700
4.026093
17.224225
6.508072
10.657894
20.502804
9.838036
5.374344
4.188923
3.494444
12.013362
12.129215
11.033073
13.377544
3.288065
6.744544
10.779999
14.383089
8.560252
4.738150
6.713158
5.978216
4.291193
9.516841
9.218018
6.316590
8.645699
8.561808
7.389812
7.001852
7.676284
6.568077
12.565557
14.800511
6.322413
3.360759
6.222563
19.592361
27.001232
10.620006
5.912076
11.147249
8.681144
3.126725
3.558680
2.894110
5.658179
11.270438
4.021575
6.952950
7.679342
7.209846
20.335908
8.791361
5.252929
17.040605
12.295297
13.670336
12.712068
4.863535
5.297372
5.279245
18.743557
19.507630
10.250517
18.683458
19.656939
12.980360
10.738027
7.743784
14.269025
15.054928
7.395427
4.951134
5.675597
6.681032
11.407241
10.777281
4.503545
3.975399
8.199438
5.515792
8.094839
11.193478
7.153211
5.404014
7.247551
15.681535
9.549525
6.651981
7.606178
20.496305
6.272857
6.549000
5.504081
15.411673
12.103129
13.199151
10.317632
10.250124
9.419878
8.029560
8.059147
7.280478
15.426387
7.322563
11.252573
11.519440
7.692604
11.099286
8.669240
9.041844
4.161967
16.581667
11.175154
9.504079
12.836179
6.148180
17.538237
9.624912
19.120482
14.850440
12.545612
8.951780
9.440543
10.635233
7.609629
12.809721
9.073247
5.401833
6.722345
9.583011
14.532121
10.311995
10.497489
6.133244
11.019239
9.318375
4.459882
6.692130
11.856429
6.811649
6.703950
8.488364
6.262686
7.821971
5.266419
15.894369
9.630653
5.729113
5.317232
7.319610
10.853336
5.140978
12.556998
10.098826
11.514474
12.102367
6.411316
16.665119
8.870221
11.849779
13.229817
7.305036
4.325947
6.353469
17.797734
18.415483
5.732898
15.196793
5.060299
4.664728
17.554732
14.058798
3.754351
8.894608
12.331853
8.724509
8.933974
6.538879
5.765715
7.628563
10.171513
13.336114
14.978180
11.811786
9.994458
3.754844
16.823197
16.700670
8.550723
16.008010
12.532554
10.892967
5.501793
4.577046
12.250251
9.254031
10.035003
6.458643
12.500093
12.563938
10.227029
12.010244
1.861451
1.816391
7.809239
7.707645
12.428692
8.409044
14.225909
6.100794
7.551175
12.833724
5.850483
7.055511
10.408682
6.695137
15.242524
6.513691
17.454153
10.952607
11.806050
11.753573
8.791485
6.270545
22.509635
11.294700
7.183082
8.104980
12.703647
5.045190
8.708815
7.476782
4.579227
13.818791
13.396960
4.993731
7.948403
8.178525
6.169099
6.681939
8.100476
13.089266
13.652072
15.415181
8.552234
7.584962
15.600887
11.968374
12.355267
11.027686
9.169465
4.423001
8.607371
16.836159
11.732564
4.484647
8.683542
6.654587
9.963433
7.491446
11.911757
16.215127
6.438316
6.225651
6.167616
5.994838
9.131881
8.828005
7.369134
5.954354
7.564023
9.223286
14.987373
9.138691
6.503562
4.519072
11.996683
7.322876
6.077100
9.094511
3.934946
6.598228
13.923740
9.624101
10.124302
15.824459
10.181770
15.161278
16.707352
7.950006
6.754776
13.095826
9.679603
16.321510
8.352324
7.456685
10.147649
7.508360
3.485930
12.913559
16.955179
8.275702
5.306754
5.262735
3.475969
15.344407
9.967094
16.502352
10.919689
7.932080
16.296159
14.816376
9.896509
10.397333
15.257640
7.224113
7.924831
6.098539
4.975374
11.224373
27.910475
8.007166
4.383702
8.210862
20.672542
5.231372
11.012997
16.057152
4.225625
3.215201
4.893286
13.224844
14.613987
29.675748
3.939663
7.165517
3.524819
3.374203
4.173431
4.734092
8.137194
10.577907
5.215734
11.134397
6.358151
8.348105
4.411297
7.778145
9.091658
6.560753
9.830476
7.603352
6.399601
10.518461
5.251285
4.292939
4.048194
12.434272
11.204392
5.927317
7.830340
6.768669
12.114005
11.258350
7.939748
9.579543
26.793264
11.277881
8.686581
9.771365
8.620341
10.506119
5.840813
5.135550
2.825935
14.034473
9.322151
20.188034
9.546947
9.163795
11.765774
9.501533
5.584619
21.262635
4.286322
6.819671
2.277312
4.674875
6.233669
4.824526
12.094503
8.280128
3.497742
5.154968
10.844463
10.418044
8.406452
5.046819
7.200304
10.262242
9.274545
5.893331
6.381619
6.896888
3.141688
6.773961
5.320729
5.259667
5.453448
5.546910
10.023451
5.448262
5.776246
18.867252
5.168498
8.156161
6.304271
7.109405
5.026920
12.015597
8.298477
12.833154
6.346857
3.305119
7.191344
7.353574
15.892144
4.972386
24.814395
5.943636
5.639548
7.016281
5.203328
8.497725
6.366689
4.642101
7.076774
28.277711
5.719472
24.892590
6.017666
13.593662
19.141162
9.136929
7.731992
9.293753
4.189426
4.581480
2.746455
3.000481
5.196319
5.909592
10.035524
10.065542
12.158077
22.497009
14.200462
13.435091
8.539149
15.425217
11.176535
16.097254
5.669074
3.990593
6.638334
8.838502
5.487476
5.245357
13.187709
12.692026
6.356193
8.216072
8.597568
10.562477
15.973887
4.681757
8.876399
6.874099
6.523514
10.524142
6.819936
5.034504
9.367299
12.015016
6.956024
2.510916
10.285195
11.104595
14.907405
12.226240
7.953451
5.036300
7.654756
4.169563
8.295074
10.208792
23.452051
9.799849
13.920837
6.474100
5.923721
4.617224
7.268128
10.899869
5.191651
5.078390
18.043378
8.910486
7.536255
6.984001
25.154852
10.397403
15.281742
7.581007
10.662645
5.966902
5.756485
11.958431
5.836602
10.996893
8.297329
6.063876
7.541367
4.986746
6.499279
11.308908
18.014625
5.709766
7.525970
8.470437
7.251097
12.766704
12.285310
3.868609
5.158465
23.501914
6.727580
12.328299
7.186306
8.437016
3.675292
19.067910
9.857728
9.558529
6.140509
6.785331
12.592770
4.892592
6.023504
5.974979
6.316150
5.513391
5.830949
15.088473
21.620937
6.230018
6.697086
9.503319
5.310390
4.675690
14.467216
6.953288
14.183177
7.531720
10.211860
5.223011
11.071526
4.429891
4.139886
4.407865
17.929260
10.289273
3.955556
12.620744
24.843066
9.276595
9.333336
9.449407
3.954789
4.259566
13.759810
12.761001
14.810293
13.826558
9.700063
7.108485
18.382899
16.481368
9.142210
9.454701
3.773365
5.372034
11.685073
6.674980
15.954821
9.469259
12.168660
11.195035
7.142311
6.165983
11.086227
6.417783
8.284064
11.070590
11.618515
8.341495
7.346118
13.815538
7.912166
7.078222
5.904716
6.769854
10.757773
8.595107
4.588683
3.442620
5.105575
10.013362
5.120978
5.816017
15.370384
22.578150
7.874606
7.542402
14.282729
11.836658
3.840879
7.989427
7.431698
10.882575
8.360976
7.435689
12.702741
15.487959
7.568788
9.138918
6.399628
3.855762
4.303837
18.668015
8.044081
9.094209
12.827102
7.764468
4.224489
22.894099
7.423632
6.403892
6.207936
4.853374
9.690268
14.840501
7.219007
4.338323
8.508341
13.929734
14.931795
6.606871
21.389824
11.585936
5.191698
10.379177
11.810951
6.188007
8.904399
22.593859
4.424942
3.720801
8.359285
11.490824
5.151071
2.847938
8.103671
8.553855
9.970253
13.249175
10.337779
13.003107
14.564943
6.131833
14.002374
4.044923
8.925542
10.359192
6.627954
10.561344
9.081999
8.499874
12.673044
13.389764
6.161362
19.662535
4.409398
6.777430
12.461733
3.333264
7.962607
7.506860
6.614981
8.684722
6.939514
5.730486
4.381719
10.537633
4.231451
4.263897
16.159269
7.873274
8.992059
6.733526
14.313084
11.819206
5.423451
5.388810
9.936817
7.223646
11.046577
3.410479
3.450172
9.599869
7.441405
11.494147
19.019932
9.394704
5.231161
4.185380
22.010827
10.931360
11.330838
10.862517
9.934808
9.767331
7.707438
5.244559
5.150573
8.009123
7.105329
7.467165
16.349814
7.409101
12.330583
6.773971
11.570234
4.617008
4.733463
5.332186
8.354918
6.783648
12.607455
4.684389
4.980986
5.916956
5.334549
16.350761
9.969666
11.691045
8.730229
8.802278
4.240115
8.804814
4.719072
8.690923
7.709110
8.064735
6.473029
8.524887
16.268988
7.180734
11.889355
8.717703
15.661799
6.247844
4.195078
3.852717
18.709982
14.441042
18.274638
2.455589
3.239807
9.494535
17.115377
8.512756
6.248498
6.020006
6.320846
3.951539
5.960164
6.660354
8.451133
6.251226
11.208743
8.632719
8.576846
5.335864
16.247254
11.169862
3.128180
3.481156
9.007397
6.299818
14.991572
4.682585
6.387818
12.611110
5.772023
7.689680
20.352350
10.349447
17.582973
14.594747
13.849609
17.397585
7.023083
6.798768
13.036076
6.792878
25.598087
13.957688
5.652986
11.142141
7.950924
3.807980
13.565091
5.941274
8.705427
19.539218
10.309315
12.648274
8.868114
14.320944
11.563220
2.872888
5.113986
5.754544
5.217676
4.960743
6.097934
5.730240
8.345046
3.620123
15.432764
16.379701
10.136217
7.545289
10.693430
10.471990
11.927950
4.045210
3.555062
8.360411
6.887820
5.964874
7.362236
3.105239
9.970993
4.655279
9.473943
9.269650
7.843557
11.786672
6.445251
16.695355
9.634427
7.189117
11.666854
8.169291
6.498356
11.073785
6.954605
22.204742
12.099125
10.463227
10.220738
9.056251
7.442537
6.892510
9.628770
5.313798
9.877503
21.529851
19.194733
6.714756
10.512532
4.346617
8.435060
9.641045
10.576038
8.177143
30.840756
8.744324
5.101179
5.326963
5.333442
6.258450
6.746214
11.676394
11.285951
9.993273
12.668125
14.061373
7.897721
15.295416
10.802812
10.409009
7.648031
8.895784
18.956700
7.509508
11.949827
8.584384
4.916285
9.573178
12.610570
9.865669
13.430061
9.722194
10.352952
7.637444
5.647332
9.180304
4.640879
7.978941
8.298552
4.573289
4.423495
6.721932
3.787347
14.536785
7.990582
10.150551
7.457284
4.439959
15.964817
11.131636
6.013804
12.120284
7.870782
10.852625
9.976992
9.416236
7.677008
5.130722
9.799919
10.427190
10.917308
11.029888
4.222594
10.020180
7.284867
14.807720
13.079312
10.931135
14.587299
9.962209
7.691749
6.392588
7.221401
12.828168
14.530616
13.723201
12.721492
9.788201
5.200289
8.133905
16.552421
7.298735
2.475341
6.036553
16.585984
17.067325
4.407167
8.891983
21.421476
7.544970
11.598881
5.131291
5.849479
13.401122
9.412293
5.643302
12.079023
13.431764
12.214079
16.399469
5.348880
17.993391
6.606150
5.062562
5.098140
8.505223
27.384729
12.092263
11.458414
6.646512
4.482665
4.855373
4.423895
5.943279
7.374766
10.795020
4.965251
7.230935
9.467000
5.457318
10.230355
3.778989
9.257099
10.184221
7.693509
6.691272
17.761709
12.930507
8.389113
9.957831
12.326901
10.730788
7.611941
5.643836
6.010710
4.310354
4.831979
8.814381
13.278704
5.125527
4.567138
20.500621
8.667048
6.134358
3.194537
22.478063
7.608409
12.212044
3.401195
10.221880
5.334458
4.018685
4.219811
4.281693
5.501028
3.489929
11.812767
19.422931
12.608295
7.882991
11.398505
11.622848
12.128234
6.521169
11.334916
10.966873
8.711802
3.516241
4.456853
5.626928
9.066662
14.762678
4.514854
5.197161
10.587122
13.769699
13.895394
6.577246
10.419156
8.191471
8.213426
5.430717
10.567186
8.068299
6.957824
4.925975
4.275728
7.622190
14.802140
15.801995
4.423506
6.747960
6.707758
6.440455
4.952567
5.966806
5.059766
6.712108
16.599661
16.915438
2.623326
3.426948
7.287370
9.733883
5.102896
18.596336
11.687858
7.181935
7.618451
5.902644
9.210840
2.787232
4.261918
4.338767
7.041170
7.374571
5.666187
26.646828
8.168408
7.636158
9.876048
7.302234
7.649090
14.109779
9.786245
12.112291
7.126439
6.720157
11.871076
10.029541
5.752147
6.872473
4.429149
14.191968
5.736997
6.626861
6.201853
5.427511
11.205147
19.187841
11.114202
5.724378
22.049636
10.583502
11.374137
3.699306
9.397044
21.647481
8.072239
5.625189
10.105690
19.857319
5.145554
3.954247
11.891847
4.897637
12.801458
9.194192
8.704661
4.221821
6.552184
15.747683
5.807645
30.634749
5.568708
4.406076
5.953774
13.166459
4.950979
5.046815
13.568495
5.046620
7.421570
7.386301
13.053661
9.339466
4.208238
11.815753
12.061254
13.514323
11.841263
5.798750
8.360502
6.291081
8.818360
14.274272
12.755412
10.230635
11.151911
9.528884
12.518630
7.915416
31.153508
9.628991
4.375110
10.360717
7.387696
5.347267
13.080940
10.133900
14.684354
7.670576
6.664190
8.243557
11.811114
10.648583
5.356712
5.795294
12.820570
6.882828
12.281933
7.619943
5.612554
9.929209
8.545887
18.653575
10.589762
5.836436
12.677999
4.167567
2.894820
7.167118
10.627071
12.772935
9.768243
9.657033
7.841178
7.825900
13.365721
6.915300
11.152382
6.823417
13.696009
19.119247
10.615157
7.768206
8.880361
8.438234
7.211886
11.761967
5.989043
10.421185
8.277442
4.312804
4.118211
9.560662
9.529774
16.937452
9.889429
15.824481
9.533399
9.807103
8.673802
7.378107
3.992379
6.027744
16.854288
13.087161
8.011252
14.239558
5.696690
5.474492
4.055625
3.220968
9.494851
7.182962
4.203269
6.564247
11.816749
7.839328
3.650205
8.377964
11.211891
10.031582
13.116415
13.763214
9.812444
7.001992
14.945810
4.434416
5.207802
5.175137
9.849042
17.496814
3.000409
3.919605
12.529094
9.261994
7.819891
11.920592
9.516484
13.010236
8.828373
7.867412
5.679362
14.122480
10.236308
11.714934
11.148185
7.198560
16.942073
9.054114
8.319830
6.976218
25.057669
11.377157
4.289555
6.196044
9.405218
9.395648
8.447926
11.451821
5.941736
12.923533
3.926411
8.894050
13.259536
3.573295
5.547241
7.613447
4.445172
3.978662
4.512858
7.570856
6.091258
8.245503
10.494024
7.187498
4.892638
5.672054
7.263671
7.441776
11.458217
8.073667
10.260288
12.569647
6.491452
4.615337
17.592599
7.200610
10.704122
5.659461
4.893663
12.890503
12.219794
6.375727
4.903304
8.137567
4.530905
5.135017
9.924305
5.812483
6.627597
15.018050
15.440248
4.361764
4.876206
5.890972
8.371403
10.559728
10.029827
10.604422
11.165522
8.581048
6.741788
7.808908
10.052508
3.862981
6.027182
6.710698
8.761554
15.736846
7.108689
11.236770
5.070559
25.581945
4.978826
6.019443
6.966410
3.321017
3.227431
5.742478
14.590447
13.287277
10.587185
9.031962
17.132635
9.809977
7.839277
5.330848
4.410078
6.977533
5.222131
4.058312
6.114221
6.065932
13.762608
6.635350
2.967477
4.242731
8.151002
9.412225
13.119361
13.196103
12.878766
7.320114
6.821540
9.064525
4.306476
3.012488
4.118832
4.684819
5.576435
7.427282
6.113066
12.736725
3.787342
4.048155
6.934237
7.630881
15.653840
14.119195
10.186655
13.284809
12.404211
11.381994
9.268557
10.108727
8.527472
4.491419
18.150304
12.108670
7.699359
6.561586
6.929834
4.780892
10.150013
13.192924
17.470536
6.070593
5.785413
6.240167
10.158250
6.181509
6.826533
7.401722
6.691748
5.879915
11.332576
10.269882
5.698461
10.726247
3.729747
4.816820
5.453151
10.137276
13.571961
10.699610
4.512006
13.499747
6.688999
5.119485
3.654080
6.092963
8.911522
10.547036
10.544999
6.515276
19.852032
9.875410
9.255297
7.169276
14.480295
8.186738
11.447925
3.414567
6.484602
6.219474
9.354617
8.547163
6.136196
4.096744
6.781919
13.452126
11.333461
20.524030
7.647038
6.158869
9.828398
7.496168
5.299389
5.809566
11.868021
24.164548
7.853797
5.127829
7.266591
4.219792
8.424697
5.979953
8.337745
8.006135
5.023964
38.766936
12.967698
4.017667
5.829390
10.790496
13.526416
7.115351
10.639770
16.587356
5.699149
8.560248
10.702524
15.340406
4.944336
7.467487
11.037403
4.943499
7.063191
23.274900
7.510162
9.836512
8.619694
11.466301
6.392892
7.758328
13.181781
7.191128
9.718661
8.950367
12.709936
4.509709
5.325651
6.098156
13.624400
3.842214
6.230515
10.851106
28.367136
13.289786
17.061135
8.940139
9.036265
7.403344
6.282109
6.251987
8.620710
13.371760
5.413875
9.189845
10.429320
19.206483
10.344189
11.166710
5.973294
6.225689
12.713604
4.553715
12.654300
7.906741
4.143183
7.827331
7.758644
6.378564
6.175343
11.141937
8.546898
5.532833
6.862024
6.142124
6.799900
6.204397
4.019692
5.155207
3.739747
4.386662
4.308510
11.231804
7.655696
3.813780
6.111309
19.003241
12.617005
9.096561
14.528553
8.146539
18.076069
21.432426
6.258178
10.795589
6.756408
7.423939
22.811455
5.248382
6.454911
13.055308
8.471506
15.449152
5.379043
5.811198
12.633264
13.453137
16.179749
13.946943
2.250781
3.036532
5.112532
4.856651
12.207644
6.464806
13.231554
7.358357
8.093646
9.594993
7.474941
7.897072
7.085256
10.028893
11.427201
6.799798
5.686809
5.915333
15.031973
5.985915
6.426907
9.266437
19.045880
10.989230
3.038648
6.754410
7.105923
9.476989
13.069213
7.187661
9.281430
12.960715
5.054909
7.635831
4.301985
7.524612
6.340807
8.289853
9.627352
9.856751
16.071937
17.552490
13.408993
9.094789
6.209482
5.896433
11.340999
7.118335
8.179849
6.159395
8.101737
17.215650
13.469883
13.886240
12.458464
12.326469
9.799482
11.566409
28.212629
12.240895
13.890683
6.116341
3.123035
3.720288
7.641013
7.108164
7.117317
6.835732
9.612416
8.841434
9.008885
14.985798
10.785806
8.055180
3.262821
4.464353
10.317660
6.812884
10.312899
10.453220
17.811166
12.604735
8.254842
8.585459
7.686898
5.099635
13.098513
7.041733
3.571694
12.438886
10.660570
9.306547
6.244174
7.055447
9.641867
7.937698
7.771721
8.690815
5.372981
4.076700
5.503501
7.368681
9.304249
23.021490
14.133275
5.711419
7.150421
15.168684
10.658930
9.075350
9.366535
9.894379
7.383792
9.478292
10.567082
10.483848
14.216754
24.731418
10.168255
13.396353
6.366402
11.419407
14.011813
10.874056
7.001913
8.634494
9.668321
17.145511
7.065539
4.283361
8.657059
20.022585
9.703982
7.693009
4.260264
6.748381
5.857026
6.941264
7.069412
6.125259
10.352904
4.968921
3.140938
7.277682
15.810443
24.659281
14.699909
7.577538
4.337809
4.796722
11.550743
5.782615
8.090803
5.300986
7.308896
11.209024
5.647071
10.012459
7.272774
14.502301
17.493347
5.366197
6.737924
19.134338
7.258159
10.187347
19.995342
12.820363
10.155278
8.208247
11.754453
5.850341
13.559635
5.220171
6.187351
13.226259
14.907551
6.174147
9.311926
6.967366
4.092854
4.666981
5.088092
8.719898
7.921410
13.511528
5.193415
19.763514
8.913680
3.041464
2.573265
9.123135
12.538040
4.110519
7.118931
8.788585
18.940409
12.940637
6.842089
8.714778
4.943885
10.646769
12.593927
14.051508
5.921380
14.508575
8.614397
11.681953
10.057744
7.160200
7.771691
12.637941
8.917364
6.056568
6.657109
11.210944
17.273673
14.567612
6.607501
16.941000
8.453581
6.459172
11.630916
12.838302
6.882621
4.527419
9.042698
10.064749
13.881750
12.232960
12.664712
6.201802
7.499600
7.134708
9.986314
13.593567
13.299572
16.172370
4.243122
5.268240
5.085823
6.729450
6.647877
12.305512
7.246557
3.751657
7.943592
14.456050
12.400014
17.833175
2.983378
3.542681
9.167253
10.035334
3.559731
27.037965
5.591670
8.403221
4.018793
4.484989
12.775998
8.314156
11.961252
14.432674
9.207639
10.319852
4.997616
5.120132
13.576778
10.548438
14.438828
4.854484
4.749041
3.970495
5.929162
13.998868
8.068096
5.520487
4.972994
9.417327
10.330440
8.279952
11.286093
8.004575
5.936546
7.387247
18.562256
6.303450
6.762002
6.923963
7.913356
8.163211
7.498226
3.697050
5.940133
9.330059
4.112414
5.225225
16.274971
7.976348
10.947881
6.325619
4.081074
4.156365
11.126060
5.818925
5.442305
15.867646
3.812632
7.880309
14.071445
8.874571
5.988427
5.306086
3.025092
13.303248
8.101841
4.617973
9.866108
21.219588
3.994335
6.963146
10.044896
7.125029
9.121702
12.482660
11.249094
3.811599
6.348780
9.095708
13.785208
13.593708
8.155226
14.307971
4.830011
9.378169
7.898908
5.633524
7.188158
6.390519
15.954903
16.875107
12.507337
11.680903
13.003475
9.651273
16.281466
5.022848
4.213175
3.701921
9.290141
13.395234
11.812577
10.552372
8.671679
5.254691
12.049834
5.001537
8.708665
9.563673
4.103648
4.480259
10.726955
4.384548
5.644505
5.392760
4.972249
12.620295
6.622108
3.455694
13.065528
12.067391
4.408887
14.471783
13.366365
6.552050
7.564742
6.488768
7.056248
8.916262
9.587252
8.744917
7.844889
13.912208
10.552595
6.900419
9.156910
12.937174
6.322599
11.199740
17.276955
8.929652
13.660605
10.537809
13.362819
4.826012
6.393016
11.654899
5.241689
3.753146
14.225884
9.667226
7.575437
4.130578
6.551421
3.117269
4.969960
12.077835
3.590471
6.571634
8.221590
8.049892
8.195965
7.718853
4.026307
4.390975
6.318919
10.604956
13.058609
3.607848
9.724419
3.665372
6.949730
6.978987
8.171388
15.227865
10.668643
5.607925
5.938433
8.932228
17.266485
15.830449
6.933207
13.767678
16.867691
11.313141
5.928198
11.601376
3.009431
4.723750
7.860071
5.881789
7.859631
6.353313
11.055837
4.221679
11.344312
5.705247
5.291822
6.142464
6.054067
4.476971
5.733103
9.417798
20.941134
6.754565
8.447312
27.563793
9.689375
18.198285
12.254023
13.854612
17.155937
7.804368
7.767650
7.600308
9.740539
6.201645
8.118757
6.418905
4.844075
9.736933
25.814041
6.885325
8.950491
15.577548
11.880121
31.165151
8.211185
12.421021
5.307895
7.162237
9.351434
14.433310
4.668378
8.336635
2.904094
5.302853
12.605789
5.968389
7.084571
3.794113
10.517260
6.426302
9.456902
5.454635
4.174499
7.148210
12.438836
4.873523
8.695032
12.392069
8.007793
12.264707
11.771376
4.281129
11.279373
17.075252
12.287216
5.653147
13.069831
7.694379
13.815894
6.742692
25.159258
10.083850
6.461076
14.028891
4.598095
16.225677
13.217065
5.888464
8.391692
10.631193
13.710392
5.576468
10.480749
12.131318
4.375261
4.590888
15.430177
11.178689
5.283888
4.342346
3.404903
7.314878
3.904626
9.784550
11.917177
7.275963
5.115825
4.723019
8.084979
7.924558
12.149021
6.450373
9.193710
10.919077
8.260460
14.631544
14.863425
4.673311
7.506090
10.201752
9.866070
12.062173
13.134971
8.632768
5.972573
12.170808
6.722677
6.666930
4.111674
6.030827
13.121289
7.849932
9.316837
6.522903
6.699345
8.303697
8.248992
9.889645
6.181220
5.076572
11.215102
7.333222
12.763682
7.058638
6.257559
23.682922
3.871810
4.933258
7.076677
6.135919
5.143159
8.076615
11.000427
11.126161
7.156113
5.396225
15.327114
12.660800
11.202826
6.964609
7.788771
11.764821
4.203799
16.211781
9.148275
6.921784
10.981992
7.369780
5.625747
10.507134
20.367334
12.337280
5.933276
8.154789
10.553445
8.821165
14.884409
12.520007
12.740783
18.192091
11.643454
8.099843
4.119736
18.545364
5.250260
20.576755
5.494702
12.274992
15.502061
7.337613
7.872285
10.679051
5.116399
3.302256
9.371474
8.504838
8.007254
15.719755
6.699310
7.434356
5.210055
3.697654
7.212867
5.378026
9.557412
10.808697
6.617777
7.029430
14.095908
18.408320
7.976080
10.548346
17.291977
8.249376
6.389910
9.005167
10.645085
8.967443
5.950905
5.368963
6.904070
9.210788
5.334120
10.775411
10.419374
7.596190
7.938385
7.079414
6.109897
4.325956
11.698732
13.015853
8.154619
7.232508
4.376293
6.031440
7.683272
5.210055
13.565616
8.778146
4.302461
5.450344
4.335303
5.939570
9.945031
6.398371
10.824550
3.927590
6.734187
6.445375
3.915968
4.719649
12.387574
6.454599
6.950073
5.741588
10.696078
27.967911
6.194585
5.584863
6.265678
7.448780
12.627076
11.782284
8.673893
8.811240
12.288472
32.079070
17.847673
10.148123
10.718665
12.390946
6.107754
6.084496
17.674427
6.925729
5.503896
10.840799
11.311044
8.688283
5.280294
13.425054
11.344724
7.148988
7.429144
10.767347
10.923405
6.213289
5.920161
5.223501
11.520398
9.410888
7.873235
11.197497
4.650464
4.214787
6.091863
14.002156
8.553220
16.302698
11.324828
4.398399
9.189487
12.920932
9.432144
13.206778
9.961117
6.573990
7.112221
11.104608
8.581505
9.329337
4.500584
4.811200
10.157232
9.654427
15.290167
17.553511
6.772075
11.481118
7.530913
12.156179
8.173859
8.895008
5.846186
8.974606
21.562289
9.398311
9.219870
7.562316
19.793488
5.432486
6.286227
9.934833
8.140205
8.306012
9.077889
6.169430
7.947420
5.120529
15.388627
3.166094
6.243813
5.955261
5.929885
6.190998
15.883645
15.603680
5.403352
14.350438
16.338201
6.668133
10.062057
6.541508
8.443045
9.033844
15.219375
6.291331
8.986094
16.450833
4.427054
3.973838
5.197131
10.915255
17.602150
10.890939
8.529372
9.439020
10.731862
7.193557
13.857303
8.418455
5.259044
10.615224
10.014399
21.936453
10.593698
5.168315
7.308514
11.349792
7.524447
4.482337
6.122215
12.057445
12.588103
4.993416
11.316745
6.505152
7.031807
6.075654
5.816377
9.982010
7.641534
4.011824
11.764664
16.779329
8.896488
4.577924
6.639930
5.407541
7.392894
10.322258
17.147403
10.418742
11.696644
10.094909
8.789514
11.523117
14.012702
3.486913
9.192598
11.970199
5.440226
8.864689
3.383678
8.341264
9.239540
7.561607
8.788401
5.054955
8.373435
6.496260
7.537605
10.153389
4.527666
9.745317
4.328606
6.637793
5.164675
3.722271
2.922715
5.483134
9.638020
11.073364
6.407762
7.278942
6.153228
12.283694
9.726476
7.123783
5.470118
11.317296
5.610089
7.966500
7.279015
11.099015
9.766183
13.144723
4.752907
5.164789
5.687244
6.307125
5.748975
4.205679
5.223541
4.210643
9.706844
6.413422
9.992141
10.912239
4.771160
3.514816
9.630018
6.439576
9.422594
5.015092
7.142507
4.515141
3.568704
5.857590
6.950437
3.965487
12.323661
7.675046
7.949092
13.428877
15.931273
5.024189
13.153426
8.952919
6.976135
29.695184
20.406448
11.353974
8.221994
9.867493
5.135998
3.817295
5.489393
11.143500
8.600823
10.891087
5.365460
6.078502
5.277305
5.118132
8.448449
5.752521
11.288124
13.047355
7.505372
8.900408
4.106891
6.709496
5.420793
8.533228
3.050027
10.257548
17.475402
3.148228
4.698499
5.176986
4.418362
13.432128
10.190031
3.683883
12.394973
15.421862
11.409407
5.835768
7.886797
12.787924
13.301004
18.383314
10.436283
5.586638
6.429071
9.316521
6.567998
13.547767
13.343328
4.187773
4.200887
6.400223
11.307918
11.029608
6.072764
5.113984
21.348759
9.499146
11.023985
8.855093
5.238882
6.398119
10.613749
8.185602
9.267590
12.102166
6.557612
11.526245
12.103788
5.258994
8.393371
17.768351
7.283193
20.465758
3.699792
6.164465
9.762868
7.374990
4.821152
4.271181
5.284739
5.128579
4.743608
6.193108
3.572060
4.342331
7.965529
3.339935
3.704795
14.086743
7.137943
9.423260
14.582346
13.580580
9.001620
11.327059
4.560809
2.886615
6.862220
14.768454
11.748605
17.556153
12.407202
8.357804
16.059501
9.109550
8.428352
5.242779
7.896253
18.393626
9.753638
5.811692
15.083992
11.610683
15.534373
10.250727
10.978004
13.747173
5.873492
11.278943
8.618744
11.012662
15.081098
14.390647
14.382037
6.164809
12.146903
9.564843
9.906811
5.878178
8.984330
5.116295
8.642800
8.778987
7.386101
10.797544
4.201289
7.329831
16.866268
6.613589
9.272466
5.159641
15.217791
12.042514
9.157209
5.953468
8.121963
6.134160
5.558091
8.687993
5.165785
4.127886
16.543574
5.520891
16.130894
10.980489
6.717683
7.737338
13.451545
3.583101
5.874019
3.312226
6.869349
4.298819
5.674274
9.626606
7.896792
7.279731
12.789446
13.126148
6.202940
8.712818
15.410917
6.851561
8.656346
7.259832
7.613784
9.640201
17.876587
15.180359
13.344058
9.420291
17.597525
23.615924
14.049314
10.002121
12.545490
6.574704
4.375503
21.540754
8.713252
3.197816
4.677036
4.777126
6.448902
5.947028
6.911405
4.668605
4.034117
2.963172
6.550581
9.624796
7.139163
4.716662
9.583959
6.717199
7.321114
5.352511
4.287945
5.593763
4.041868
8.799224
4.293129
13.448924
8.107895
7.126833
6.224261
15.877960
9.740555
11.054789
13.904508
8.399500
3.911716
11.070869
15.920728
17.137440
13.109532
7.161338
14.679141
4.961458
3.729437
15.788699
5.724714
6.415841
10.624515
12.193634
9.698772
7.487505
16.910983
4.377835
6.952519
15.639425
7.852456
4.338472
8.915162
11.059031
5.748946
7.288505
2.286510
5.412048
10.450781
9.408282
5.508539
9.018142
10.719868
15.472960
6.093633
12.759896
6.187392
10.603041
10.498477
11.976558
6.529595
5.828582
6.581827
9.104524
13.178164
8.222465
6.313938
9.705711
9.201791
2.393328
10.526827
2.624856
6.103854
10.858606
11.817862
9.526017
6.294743
7.153003
6.135381
5.651678
8.508351
5.222263
4.597722
8.185299
4.429477
3.970849
2.977264
7.744134
4.437040
4.590895
5.927851
6.952540
6.628259
3.790399
4.679013
8.378804
5.227665
6.784290
7.854421
4.608499
14.257492
7.025374
7.005817
11.747556
10.327485
18.520422
14.938049
9.741332
9.387903
13.903490
14.768391
14.092663
10.675402
8.681703
5.045435
7.032620
2.691052
13.716173
5.064291
4.705954
7.765040
6.360771
11.839226
15.830047
4.030275
4.065316
8.052207
2.409002
3.843335
7.819601
7.194224
13.695378
13.487415
5.744557
6.158768
6.844316
5.480230
7.882338
12.648976
8.306396
9.127259
11.830656
15.832802
4.171084
15.507468
8.120299
6.352687
3.761571
17.663689
18.873970
17.249057
8.464636
15.552816
13.646879
15.809127
10.160283
11.895092
15.638536
12.192538
3.745610
4.928449
8.345864
4.757385
7.132737
14.815824
8.233569
9.720660
5.740905
13.495425
10.879214
4.988798
26.682652
7.470173
10.122371
8.805291
20.519024
14.871792
9.627376
6.635664
14.039402
6.934573
4.962529
6.361272
13.213425
15.176595
7.141159
20.473964
24.044627
17.647115
12.656210
9.365274
4.941909
12.013751
13.908247
9.462796
4.009770
4.192820
8.291597
6.418259
11.082195
7.969112
11.400168
10.242840
9.380292
3.848038
6.233817
3.219469
5.564111
27.180407
9.750409
10.132688
5.573188
9.618775
31.562198
5.412992
10.038086
10.942392
12.360841
9.717826
9.597962
18.918349
4.292073
3.514602
5.027365
9.063576
5.987348
8.474789
11.536797
9.103074
4.882801
11.657702
13.189161
9.479712
12.177046
11.282706
13.864148
4.949205
5.527842
6.893277
5.389110
6.697354
18.799662
7.568988
8.307241
9.690596
6.642585
14.737947
6.356736
17.866312
8.299349
6.945912
5.344361
7.488861
4.333281
8.001379
4.600623
5.643365
7.455208
6.764551
14.509499
8.343993
9.502423
9.905531
13.370402
11.631296
14.472840
12.790416
8.710646
4.723361
5.765932
13.012770
15.994978
4.102057
2.472863
13.455749
9.112525
20.477549
7.482683
5.003822
12.474049
4.897851
6.682612
10.666249
5.924011
12.432643
6.351835
12.353333
8.173602
6.851213
2.411597
6.830082
10.863420
12.682571
10.488394
5.289552
5.082376
13.852411
2.982786
15.955852
18.596502
5.916244
14.555702
7.140992
10.600407
7.320140
9.597781
15.858497
6.465400
8.483533
5.456084
10.565683
4.382882
7.001433
8.316881
19.091616
9.503007
16.454696
8.856618
14.022682
22.580374
16.311989
11.417057
5.684106
8.296129
9.590123
4.610756
16.020956
8.293277
13.299517
12.807750
17.988012
12.108758
10.903908
11.597213
4.778521
12.742662
8.186311
8.554203
6.357542
12.666987
20.345081
7.212546
10.552335
9.177971
14.242783
13.023986
11.902402
20.419884
21.290974
6.370890
14.462295
7.774720
12.234830
15.046482
17.616184
7.744592
15.887810
12.746469
12.596447
11.404405
11.991070
14.330577
17.145067
12.340721
5.164165
24.084249
10.139694
10.987103
7.474793
10.982203
20.847792
7.356139
12.739455
8.323509
10.526407
10.223368
11.811397
13.744116
17.705922
16.851654
11.307249
5.000753
5.235386
17.459195
16.377753
12.684461
18.091745
20.264899
16.327775
6.258153
15.646787
10.493885
11.167721
7.047119
14.589422
13.729721
8.437889
14.708331
4.776932
6.531958
16.402093
13.037895
14.563726
15.677300
20.236231
15.539530
11.885454
15.679777
12.400669
14.395215
8.401427
12.499732
5.076718
14.011151
10.063016
17.317014
8.488006
18.943861
6.755857
9.490811
13.302173
10.353242
11.357552
9.736907
11.379050
10.406636
13.401786
9.722957
16.083992
12.172853
12.763221
7.364565
51.826133
10.104858
8.323803
11.341850
9.199816
7.230147
13.666934
13.456429
7.619386
9.996953
7.651374
7.033193
12.046449
5.077152
6.677172
11.659169
21.481426
9.573878
11.567749
14.711983
12.086659
12.672076
9.245357
10.068643
14.947461
25.007672
15.681687
13.091822
14.067304
9.693737
15.409465
11.516146
8.957489
8.907361
8.287995
11.307034
6.181896
14.684258
8.607011
8.641407
24.625774
9.326796
13.413887
14.291065
12.331078
13.451698
16.837260
7.714062
7.849515
6.924331
9.149901
9.596082
5.865433
5.840606
20.761174
11.240263
19.526916
15.178903
9.569887
12.371691
9.356516
18.800022
10.955833
6.149030
14.993721
6.064168
14.457741
8.622925
13.218593
15.608084
8.890774
9.293331
11.612648
12.564707
13.306701
17.438632
9.487527
8.070401
12.238826
6.797316
8.060238
21.405451
8.485332
13.212809
20.014074
15.836111
12.709957
5.799726
10.011897
11.264008
5.058461
8.576346
11.025632
14.698354
15.950691
13.591536
21.012999
7.896365
10.861259
5.587417
10.942591
10.283266
12.156485
9.213847
11.463010
17.336963
11.475086
9.716128
15.306382
18.778505
13.791316
6.431322
9.047411
15.546271
9.189565
7.787368
13.650356
20.712452
5.571742
7.531338
8.591072
7.108207
12.263663
7.547457
9.115787
12.207281
8.049563
12.941726
4.984076
13.205008
14.957397
10.010137
7.250362
16.565476
8.659860
15.615204
16.037552
8.431227
8.228324
9.474578
14.539075
11.958806
11.660965
20.829394
15.115614
14.551088
10.748059
15.720972
19.494131
5.005739
5.924118
16.545712
10.984577
12.873955
6.971775
6.334198
16.714327
5.359081
8.194013
19.070964
11.445780
9.718977
10.777078
27.572474
9.612846
17.589754
22.869164
7.970557
15.611304
12.113771
6.339961
14.227881
10.711048
9.012199
11.641761
7.240401
11.348439
8.491462
16.234014
21.663614
12.670321
14.193228
6.665081
13.518491
14.100141
7.153938
9.543290
11.053269
14.964640
13.986487
15.806150
20.761924
9.906303
22.055283
18.383791
9.288252
17.758846
11.350021
5.893186
6.838160
7.445593
10.470704
4.018712
35.091353
14.580816
9.681749
14.755950
17.090650
15.017681
3.664248
15.344282
7.027962
22.404731
9.947218
16.363748
8.743609
7.289328
16.142661
23.888804
6.530347
11.078416
8.695602
14.159296
7.272243
9.757026
20.713062
13.329088
16.332360
13.254098
5.853762
9.222682
23.776334
9.650940
7.321838
8.742378
8.902788
9.171209
16.306408
15.697202
7.842444
10.042466
10.761080
18.059030
3.972234
5.746582
16.986564
17.769162
14.408309
15.254776
20.443663
6.932989
19.351787
11.664364
11.588852
4.764444
10.160786
8.976218
12.358388
8.140442
12.259930
9.479501
13.542999
16.541746
12.452690
9.110485
19.335520
6.606495
10.912428
11.551345
16.676697
11.630783
12.863766
22.494276
9.613719
11.273078
9.826956
8.572101
14.174776
11.841690
15.324224
15.067014
11.359732
7.093028
15.021065
12.288938
22.633904
8.660945
15.654994
10.329444
5.099771
4.810070
19.625935
10.220499
7.403466
7.033397
3.984242
11.951082
12.083309
4.720255
9.271596
17.894780
14.521489
14.730979
14.201058
12.177626
8.224574
22.788202
10.243134
18.116845
5.840562
21.643606
8.764182
6.623855
28.643851
18.911128
14.240046
10.348294
13.646158
11.890423
10.489445
12.397601
24.678526
8.205159
26.081692
10.757088
9.198878
10.104638
16.869357
3.976210
9.435399
22.873835
9.505691
8.596390
9.686624
6.839245
7.780424
7.183980
19.012141
7.630373
15.277817
12.072275
15.268786
12.624111
7.337028
17.642840
16.979903
13.479214
12.742534
9.273805
8.120948
15.764540
9.334911
21.469022
13.635456
15.175415
11.762893
18.031341
14.949853
8.243448
28.067387
13.221879
10.344647
5.269722
14.496901
6.569751
6.114119
7.029869
11.756133
9.616942
12.328324
14.977165
12.688556
8.517162
9.590134
6.968841
11.709481
8.865035
7.196940
8.227286
10.799164
8.899349
9.624141
6.764279
10.037531
14.772347
16.744545
14.226510
7.445093
12.263763
10.949391
7.612824
7.614101
12.658211
10.692874
13.770324
16.889177
14.901155
8.229091
8.064871
10.752895
4.819708
9.246733
11.601319
11.013728
17.463265
8.392835
19.796844
15.651175
13.910088
16.952987
16.476278
24.378764
8.943493
10.585501
14.362512
12.106158
12.178084
10.405287
11.181825
12.629705
13.250161
18.377983
10.051911
16.134074
19.705194
10.865000
14.533461
12.689367
8.664038
15.377110
11.397145
14.111914
9.893888
15.496967
9.899673
20.465653
21.106649
15.967632
9.173546
3.480911
13.507653
7.162585
18.012383
12.246618
12.764738
6.530255
10.109191
9.634722
7.026668
13.278080
10.003429
19.314414
12.107802
44.246492
10.814015
4.392665
12.308543
8.473473
18.365263
12.721111
9.100243
17.577365
19.599473
19.228821
7.301167
5.929412
7.518443
13.110436
17.383663
8.468659
25.257766
21.477977
3.639565
9.845640
10.346837
6.566051
15.803709
10.397401
17.873905
18.640860
15.280686
21.977653
10.894171
9.525382
7.304271
12.174968
11.272570
15.103445
8.996805
6.197578
7.128383
11.122557
11.968940
16.193888
6.405348
10.885176
23.415924
8.682832
9.138985
14.574151
7.378565
7.608028
7.099553
7.626440
14.282820
4.599795
9.905759
9.311264
13.895022
11.129865
10.227148
7.904889
12.597463
9.532754
16.085982
11.298450
5.040966
8.897300
7.644284
7.737183
11.391209
12.053516
27.723085
13.898340
7.424801
11.803998
8.889222
11.058061
23.565757
4.929620
10.567112
9.288262
28.018592
9.663442
10.279874
9.941888
9.991727
13.919008
9.965325
16.525608
23.193937
12.641546
11.069557
10.801497
11.771885
14.431680
6.572274
8.441561
20.236954
15.356344
4.488072
11.745908
14.681025
20.124225
3.994356
11.163173
10.572036
5.988868
12.549236
11.430754
8.936383
9.183035
8.704126
13.535262
28.409151
11.559882
9.973532
6.457493
8.914452
4.359842
18.683194
8.837562
17.541110
7.495277
8.583544
15.901721
12.048217
15.848224
9.466425
11.107135
8.926301
8.339862
19.546301
14.151585
15.959766
17.267517
11.549596
8.638246
8.075923
9.053696
11.281992
9.993834
6.395638
20.726177
29.786905
17.904871
9.789200
9.711442
14.162986
15.838350
12.105902
9.412460
13.094926
9.806084
17.116715
13.760378
9.163319
10.125111
13.312340
8.212978
10.949002
15.876717
5.124219
11.681383
10.372886
7.878372
23.588361
12.393616
8.237854
7.127091
14.810561
7.025093
7.525267
16.754029
11.149530
22.585603
23.214671
18.060117
16.161953
24.771151
13.119276
10.973256
22.856002
5.494268
11.374896
7.808373
14.309409
6.907865
6.484172
14.230597
5.894861
9.767945
13.206658
5.772685
5.638837
17.784889
11.766307
4.624693
8.084077
9.687510
5.510953
14.972913
6.405682
8.653719
16.485568
15.942026
9.733177
8.603776
15.736392
16.618382
15.167240
8.571950
5.197241
9.719576
16.195255
9.053766
8.830845
12.086398
7.638938
12.615766
9.583271
9.350859
17.413948
12.232850
6.359646
11.766749
5.455479
24.353080
16.218446
12.541237
6.703752
17.760233
4.590764
20.816404
6.555793
8.265533
10.182129
10.265412
14.980165
17.088177
13.862468
8.850599
9.786999
5.126313
9.231635
19.639243
15.499972
7.308338
10.290835
12.966341
21.025408
7.135559
10.266912
8.043803
31.935942
8.506512
5.415291
6.069672
12.225127
17.835990
31.246138
8.782688
11.646686
3.795409
11.662449
7.402562
8.382702
18.900416
8.966585
13.672579
6.273297
11.682524
15.399132
26.601815
13.210786
10.525993
7.956374
10.490946
9.363778
7.400981
8.028408
25.538263
10.588329
9.350944
4.736599
11.026445
14.089795
12.885641
18.489331
11.236995
34.118046
8.894536
15.132511
5.218188
12.128834
10.956892
11.444222
6.825234
5.961661
11.934864
18.389206
7.160542
10.787311
9.128536
7.997697
11.114285
8.602492
12.607225
16.170564
6.946813
10.229884
11.022571
11.286865
20.554872
12.607518
15.109363
16.130242
13.245839
14.740634
14.106885
12.121784
24.306607
15.200407
9.342616
13.240192
9.538750
5.376228
24.475234
11.380708
6.002369
8.557624
16.679114
13.206548
7.900636
11.689637
6.204796
13.694079
9.016612
28.664267
12.969528
16.469735
14.862277
7.831883
10.839343
8.547381
6.489238
14.208545
15.867238
20.601551
12.219061
16.814680
17.235919
11.537652
11.107544
30.012278
10.315140
6.435601
7.010223
8.324062
10.079929
8.816653
9.312513
6.965336
9.339302
25.553043
8.839353
11.168304
11.971562
15.069062
9.559701
19.452422
19.445311
12.228389
20.463625
12.358006
21.601475
28.539754
14.853064
6.980411
7.982765
8.731508
10.676325
6.076209
11.614820
18.690595
12.670269
17.580868
11.168524
11.822674
12.567493
7.901327
5.588426
6.252443
13.764864
10.697175
11.705139
9.475809
16.313606
9.758702
20.669044
9.381129
15.322663
17.027969
26.672483
14.775155
14.104299
10.527580
11.956546
28.841117
17.008021
13.107535
7.989179
9.041198
8.848828
14.136868
21.260274
30.248333
5.630787
5.840045
16.981102
19.414185
5.050054
10.157284
4.879131
8.388449
17.597835
27.595136
15.750327
7.073847
11.954037
9.417377
6.947170
10.150027
15.130082
11.018064
23.050679
7.924818
12.032798
19.863220
14.698595
14.839421
15.361868
13.724232
13.880179
17.245966
19.403121
9.296670
8.937643
8.134491
9.620834
10.642826
23.209177
14.606595
17.610217
21.258572
12.042751
5.586059
12.391399
9.009650
26.766116
12.326814
7.748447
6.845297
8.082021
11.831610
5.644700
6.162784
15.150652
19.667470
7.066180
11.622036
6.632804
9.083345
11.011370
10.912176
10.459279
15.629829
6.379209
10.815853
30.130043
