74.397386
96.863826
135.097532
69.443745
88.227690
47.010303
93.691311
96.550453
80.095535
55.941057
133.484932
50.214480
83.840055
116.687119
96.658553
137.028915
59.915671
81.387314
118.561543
71.282635
169.636355
43.490838
68.376769
164.430267
72.329157
67.903032
122.878859
108.736335
153.391987
80.814228
117.180169
92.234766
64.885154
138.284690
145.932521
117.995061
30.143017
113.746460
40.837306
83.227485
92.306312
113.163226
75.933252
92.972797
77.935051
97.796590
37.942685
114.737043
95.345760
82.569270
58.045783
139.849737
71.494614
63.629716
85.289971
60.007237
96.091060
144.343717
148.397842
96.146810
60.012185
76.683451
101.684002
93.951085
72.362560
60.868834
41.867264
72.975895
63.240186
98.482634
74.118787
89.870459
159.263000
62.191611
69.908607
57.754459
51.862724
67.330195
89.793398
61.830606
84.939383
88.124409
119.149918
67.267423
158.404361
127.825856
122.953156
58.863547
107.426913
48.980382
65.797519
122.272867
137.508083
139.101663
63.375496
78.986405
91.656842
110.144012
49.225195
152.145681
108.893954
77.842519
202.957780
88.651690
84.340997
191.446241
98.110107
95.129396
98.247270
58.703706
83.854170
108.050982
75.286055
59.154322
68.369831
78.887099
92.434473
49.031269
151.152854
60.827538
78.691723
195.733011
93.588327
78.376308
57.662858
102.753002
79.999619
116.327501
166.864194
141.864508
101.069388
56.222127
125.658328
83.548652
219.493413
107.123423
67.458486
58.184474
124.378917
49.947896
37.936137
75.116185
93.300895
95.894069
76.158879
101.527022
51.207826
89.155343
102.071391
121.431075
85.323460
108.515311
62.604790
66.020515
88.151756
115.364161
61.600716
102.269906
77.937010
71.218947
97.879293
101.358923
84.419509
75.765158
187.812029
154.037829
124.523400
100.347567
138.700205
68.298036
142.463373
118.077708
110.555153
54.879777
53.781381
56.252586
60.098332
162.470475
51.930982
71.964019
111.120555
104.576425
66.212471
159.630716
97.244691
114.227395
118.796756
51.515747
55.833858
121.977605
130.937075
263.780132
45.765820
139.505766
67.009073
63.646457
155.608994
153.357143
94.978027
58.578369
145.341273
52.463567
102.945171
56.142363
110.267665
112.487090
73.364860
46.819136
29.621454
79.448658
223.161377
62.475972
59.321634
38.406206
100.520659
42.971145
178.698616
58.027603
104.700894
121.701865
129.518548
164.688831
43.670611
82.903544
118.227106
68.250973
81.180043
84.167481
64.477172
116.148761
65.980130
123.570225
100.977060
85.553493
158.756053
76.796684
93.143876
41.617407
111.525742
111.168597
168.701808
58.239693
34.596658
88.149974
102.652075
116.527614
102.271603
115.715618
106.936662
93.633415
105.752053
89.943629
109.828410
106.824370
155.406301
67.115613
94.392602
86.187019
69.335824
33.436494
78.513964
95.177482
121.141606
111.902168
124.348053
81.714220
90.020731
82.512381
134.673973
96.247018
123.746454
94.271878
130.571611
110.954515
67.673898
119.897427
95.316083
66.190482
83.353975
51.355694
111.172908
83.086821
74.934194
119.492362
122.327577
68.130523
92.910244
144.949628
127.626580
132.875317
114.236414
78.751645
58.816775
53.255416
144.631409
147.433238
165.369614
165.725938
145.321608
152.216821
96.635064
61.398879
65.567031
82.450376
59.100725
78.626587
59.267664
86.841658
131.180097
86.288118
63.028590
77.179570
79.195176
143.984927
72.889925
147.762480
102.320833
101.980533
91.982222
95.617289
90.401833
61.026990
70.551237
62.384319
84.672119
180.723220
83.307409
130.304644
100.053051
66.050697
127.606182
136.814225
166.983613
118.111058
170.207438
93.121434
107.530481
77.784762
113.280189
85.415754
77.244635
89.682492
89.123878
110.664823
201.629172
54.481273
99.163398
89.619376
161.356112
95.885269
133.641126
141.867953
92.512855
91.725672
70.368351
228.460611
114.705300
68.261402
96.522208
53.080099
116.814592
91.710651
133.143359
172.227837
135.669478
90.059471
154.285336
93.330218
69.772989
83.723814
78.581396
113.864322
134.975262
84.496403
63.342747
84.009682
89.430828
79.519074
71.174287
77.570882
109.530073
87.571367
89.639064
96.373301
56.016519
95.187815
203.323028
79.149100
145.678008
136.949442
115.875183
75.443472
123.322604
141.783385
74.375652
140.858164
42.380282
95.004345
101.327746
93.756189
90.012179
110.388073
82.246357
137.418291
65.901081
52.224886
91.719578
121.459704
134.713274
72.200298
79.096757
55.203066
117.361178
81.951481
64.409889
137.046475
71.439343
86.008987
117.767680
182.493331
146.408428
50.489238
99.648903
84.237633
100.700620
95.335924
111.133614
75.008512
78.865057
107.514123
113.305353
115.644225
65.147098
76.162551
123.578131
93.199645
52.466518
149.818336
70.657702
48.354957
131.762958
131.077316
149.431952
43.258118
90.010847
104.082163
59.378147
63.209859
71.545997
119.677537
115.304854
54.175956
139.027677
99.470579
77.401124
89.683824
55.992510
39.069650
137.916880
80.830539
61.392099
106.158008
131.726636
65.356692
112.165473
98.408629
117.946650
95.821297
113.926868
130.352406
71.778628
81.476284
74.509408
132.294066
109.719698
146.545702
92.905272
93.458634
62.518177
87.054524
214.413114
114.159757
80.572694
206.021009
70.868867
133.415453
79.777761
82.973659
59.222212
171.749564
98.374855
94.882307
79.180412
48.382156
85.397618
32.377363
52.745145
105.870065
90.409910
165.820517
175.305781
71.005225
102.169539
104.677878
48.319739
175.347285
78.775609
225.108587
169.477834
83.950723
121.197287
46.031163
105.459105
100.296305
112.814848
68.828542
69.797438
106.119884
105.628454
122.181725
111.000750
86.661160
95.540513
88.332714
80.599060
55.966094
113.371286
52.665495
67.396020
64.678461
145.761332
60.002590
122.689764
95.329190
112.564734
126.914793
156.671864
76.815846
102.043511
64.388412
134.116766
59.626025
131.936118
86.392191
66.576975
83.399291
105.378367
86.048867
141.628007
76.750741
93.315672
73.266953
167.111317
112.618216
129.407560
90.080510
120.642722
90.092162
114.708883
69.817628
180.028968
123.308183
111.072726
137.196293
136.174995
113.513038
85.827171
132.773576
94.509314
77.863004
70.915872
47.843447
82.414352
79.935439
43.978908
79.084261
133.396547
128.956831
92.183563
92.621891
100.176791
62.481590
118.222568
86.937452
70.793427
70.458980
84.199639
106.388330
110.940482
74.965051
77.013506
113.240846
127.894334
88.670018
66.246308
65.495976
43.377882
107.178151
75.053048
131.397634
148.251950
144.515852
71.670395
185.606280
79.986841
122.547789
126.685640
177.199860
120.790044
31.994025
86.138796
73.105673
53.928113
77.575951
112.738976
180.147006
89.438770
81.378652
76.940106
88.803377
136.914901
94.707028
99.145760
150.787524
159.233571
48.271365
116.579264
59.877182
76.424546
123.537897
104.342203
175.564121
132.896656
217.332166
228.866616
106.814062
97.963074
165.538411
69.516754
139.423315
108.615425
65.647228
103.938325
114.291849
85.692543
119.978946
125.835906
73.702227
59.953871
98.393836
146.745281
75.524573
160.746635
112.031856
115.560354
49.899425
116.168204
73.664974
71.067349
171.063413
87.832917
171.815887
138.406816
63.522364
128.712668
80.654277
151.082271
134.979246
54.010326
157.738267
127.883361
94.469493
112.317885
84.543847
142.048614
104.593677
87.026698
52.926857
148.871679
88.240645
153.038989
106.644293
157.015219
72.354707
182.128004
88.245805
165.371807
151.083773
52.382316
113.089861
106.341734
63.458198
122.707383
118.383912
115.311501
137.185056
209.214629
90.130184
138.845355
75.588343
90.214851
85.946742
68.305483
63.548096
79.442107
65.141733
61.416361
53.829423
46.721559
76.295493
41.334385
