frame conversion
0 0.0
1 0.013546233885216936
2 0.026503501079772267
3 0.03847915712322492
4 0.051632746548000784
5 0.06315031738760553
6 0.076042143838754
7 0.08775603690857928
8 0.09901184477455664
9 0.10876251554217656
10 0.1208690530724429
11 0.13245206465545448
12 0.1441005169818729
13 0.15548720633466395
14 0.16922976245010143
15 0.1810745370067404
16 0.19193770041227667
17 0.20365159348210196
18 0.21412211242719717
19 0.22498527583273345
20 0.23611020221189713
21 0.2480858582553498
22 0.2594725476081408
23 0.2687651331719128
24 0.2793010928604149
25 0.289378967345069
26 0.2989987566258753
27 0.30829134218964727
28 0.3180420129572672
29 0.3272691577776324
30 0.337150710032066
31 0.34716314377331325
32 0.3569138145409332
33 0.36744977422943526
34 0.3759570708723251
35 0.3840062823113671
36 0.39153196780315425
37 0.40108631634055364
38 0.41057522413454617
39 0.41895163929062235
40 0.426281002552189
41 0.43439565473463776
42 0.44237942543027287
43 0.4502323146390943
44 0.4578888816176952
45 0.46613441528695765
46 0.473594660035338
47 0.4807277010666841
48 0.4872063346639618
49 0.49263791636672993
50 0.49996727962829657
51 0.5071657614030496
52 0.5127936653360382
53 0.5191414174465022
54 0.5252274065833388
55 0.5324913291014985
56 0.5374648256004189
57 0.5436816962240691
58 0.5493096001570578
59 0.554675741116419
60 0.5611543747136968
61 0.5669131601334991
62 0.5732609122439631
63 0.5782998494862902
64 0.5836005497022446
65 0.5887703684313854
66 0.5942019501341536
67 0.5993063281198875
68 0.6043452653622146
69 0.6084680321968458
70 0.6133760879523591
71 0.6184150251946862
72 0.6228649957463517
73 0.6279693737320856
74 0.634120803612329
75 0.6387016556508082
76 0.6440677966101694
77 0.647667037497546
78 0.6514626006151429
79 0.6553890452195537
80 0.6591846083371508
81 0.663700019632223
82 0.6673647012630064
83 0.6714874680976376
84 0.6752830312152346
85 0.6783587461553563
86 0.6820234277861397
87 0.6851645834696682
88 0.68824029840979
89 0.6922321837576075
90 0.6957659839015771
91 0.6997578692493946
92 0.7029644656763301
93 0.7061710621032655
94 0.7096394215038283
95 0.7129114586741705
96 0.716510699561547
97 0.7196518552450756
98 0.7219422812643151
99 0.7251488776912506
100 0.7277665074275244
101 0.7309731038544598
102 0.7339179373077678
103 0.7366010077874484
104 0.7390223152935017
105 0.7415745042863687
106 0.7448465414567109
107 0.7475296119363916
108 0.7492310712649696
109 0.7521759047182776
110 0.7542700085072966
111 0.7566258752699431
112 0.7587854198023689
113 0.7614684902820497
114 0.7633662718408482
115 0.7661147830639357
116 0.7678816831359204
117 0.77017210915516
118 0.7720044499705516
119 0.7738367907859434
120 0.7755382501145213
121 0.7775669131601335
122 0.7790720502584909
123 0.7804463058700347
124 0.7820823244552058
125 0.7835874615535633
126 0.7852889208821412
127 0.7867286172370919
128 0.788299195078856
129 0.7901315358942478
130 0.7917021137360121
131 0.79340357306459
132 0.7953667953667953
133 0.7972645769255938
134 0.7985079510503239
135 0.8005366140959361
136 0.8023035141679209
137 0.8038740920096852
138 0.8053137883646359
139 0.8072770106668412
140 0.8089130292520123
141 0.8100909626333355
142 0.8109416922976245
143 0.8123813886525751
144 0.8134284405470846
145 0.8147372554152215
146 0.8159806295399515
147 0.8168967999476474
148 0.8184673777894117
149 0.8191217852234801
150 0.8204306000916171
151 0.8212813297559061
152 0.8222629409070087
153 0.8237026372619592
154 0.8245533669262483
155 0.8256004188207579
156 0.8267783522020811
157 0.8275636411229632
158 0.8281526078136248
159 0.8293959819383548
160 0.8303775930894575
161 0.8314900857273738
162 0.832275374648256
163 0.8333878672861724
164 0.8342385969504613
165 0.8354165303317845
166 0.8362672599960735
167 0.8372488711471763
168 0.8384268045284995
169 0.8392775341927884
170 0.8403900268307049
171 0.8414370787252143
172 0.8426804528499444
173 0.8434657417708266
174 0.8442510306917087
175 0.8447745566389634
176 0.8456907270466593
177 0.8462142529939141
178 0.847064982658203
179 0.8477193900922715
180 0.848308356782933
181 0.8487010012433741
182 0.8492899679340358
183 0.850009816111511
184 0.8505987828021726
185 0.8511877494928343
186 0.8521693606439369
187 0.8527583273345986
188 0.853412734768667
189 0.8538708199725149
190 0.8543943459197696
191 0.8547215496368039
192 0.8549833126104313
193 0.8552450755840586
194 0.8556377200444997
195 0.8562266867351613
196 0.8569465349126366
197 0.8573391793730777
198 0.8576663830901119
199 0.8583207905241803
200 0.8588443164714351
201 0.8594987239055035
202 0.8600876905961652
203 0.8606766572868267
204 0.8612656239774884
205 0.862247235128591
206 0.8623126758719979
207 0.8626398795890321
208 0.8630325240494732
209 0.8634906092533211
210 0.8638832537137622
211 0.864406779661017
212 0.8647339833780512
213 0.864799424121458
214 0.8653229500687127
215 0.8657155945291538
216 0.8659119167593744
217 0.8663700019632223
218 0.8668280871670703
219 0.8672207316275113
220 0.8676133760879523
221 0.8683986650088344
222 0.8687913094692755
223 0.8692493946731235
224 0.8695765983901577
225 0.8700346835940056
226 0.870296446567633
227 0.8704927687978535
228 0.8709508540017015
229 0.8714089392055494
230 0.8717361429225836
231 0.8720633466396178
232 0.8722596688698384
233 0.8725214318434658
234 0.8729140763039068
235 0.8731758392775342
236 0.8738302467116027
237 0.8743537726588574
238 0.8748118578627053
239 0.8752699430665533
240 0.8759243505006217
241 0.8767096394215038
242 0.8772331653687586
243 0.8774294875989791
244 0.8776258098291997
245 0.877887572802827
246 0.8781493357764544
247 0.878345658006675
248 0.878738302467116
249 0.8790000654407434
250 0.879196387670964
251 0.8797853543616255
252 0.8802434395654735
253 0.8803088803088803
254 0.8805052025391008
255 0.880832406256135
256 0.8808978469995419
257 0.881290491459983
258 0.8815522544336104
259 0.8817485766638309
260 0.8818794581506446
261 0.8825993063281199
262 0.8828610693017472
263 0.8832537137621883
264 0.8835809174792225
265 0.88384268045285
266 0.8841044434264773
267 0.8843007656566979
268 0.8844970878869184
269 0.8847588508605457
270 0.88508605457758
271 0.8851514953209868
272 0.8852823768078005
273 0.8858713434984622
274 0.885936784241869
275 0.8864603101891237
276 0.886787513906158
277 0.8870492768797854
278 0.8870492768797854
279 0.8874419213402264
280 0.8877691250572607
281 0.8880963287742949
282 0.8884235324913291
283 0.8888161769517702
284 0.8890124991819907
285 0.889339702899025
286 0.8896669066160592
287 0.8899286695896865
288 0.8901249918199071
289 0.8904521955369413
290 0.8906485177671618
291 0.890975721484196
292 0.8911066029710097
293 0.8914992474314508
294 0.891826451148485
295 0.8922190956089261
296 0.8925462993259603
297 0.8928735030429946
298 0.8930043845298082
299 0.8932661475034357
300 0.8934624697336562
301 0.8935933512204699
302 0.8939205549375041
303 0.8940514364243177
304 0.8943131993979452
305 0.8947058438583863
306 0.8950984883188273
307 0.8954256920358615
308 0.895622014266082
309 0.8958183364963026
310 0.8959492179831163
311 0.8963418624435574
312 0.8967999476474052
313 0.8970617106210327
314 0.8974543550814738
315 0.8977161180551011
316 0.8978469995419148
317 0.8980433217721353
318 0.898174203258949
319 0.8984359662325764
320 0.8985668477193901
321 0.8988286106930174
322 0.8990903736666449
323 0.8991558144100517
324 0.8992866958968654
325 0.8997447811007133
326 0.9001374255611544
327 0.9003991885347817
328 0.9006609515084092
329 0.9010535959688502
330 0.9013153589424776
331 0.9014462404292912
332 0.901577121916105
333 0.9016425626595118
334 0.9020352071199529
335 0.9022315293501734
336 0.9022969700935802
337 0.9026241738106144
338 0.9026896145540213
339 0.9027550552974282
340 0.902820496040835
341 0.902820496040835
342 0.9030822590144624
343 0.9032131405012761
344 0.9034749034749034
345 0.9037366664485309
346 0.9039329886787514
347 0.904129310908972
348 0.9042601923957856
349 0.9045873961128198
350 0.9046528368562267
351 0.9049800405732609
352 0.9050454813166677
353 0.9054381257771088
354 0.9054381257771088
355 0.9055035665205157
356 0.905765329494143
357 0.9059616517243636
358 0.9060270924677705
359 0.9062888554413978
360 0.9064197369282115
361 0.9065506184150252
362 0.9067469406452457
363 0.9068778221320595
364 0.9070087036188731
365 0.9071395851056868
366 0.9072704665925005
367 0.9074013480793142
368 0.9076631110529415
369 0.9077285517963484
370 0.9077285517963484
371 0.9079903147699758
372 0.9081866370001963
373 0.9083829592304169
374 0.9085138407172305
375 0.9085792814606374
376 0.9089064851776716
377 0.909168248151299
378 0.9094300111249264
379 0.9095608926117401
380 0.9096917740985537
381 0.9098226555853675
382 0.9098880963287743
383 0.9100189778155879
384 0.9102153000458085
385 0.9107388259930633
386 0.9110005889666907
387 0.9111314704535044
388 0.9113277926837249
389 0.9115895556573522
390 0.9117858778875728
391 0.9117858778875728
392 0.9119167593743865
393 0.9120476408612002
394 0.9121785223480139
395 0.9123094038348276
396 0.9124402853216412
397 0.9127674890386754
398 0.9128329297820823
399 0.9128983705254892
400 0.9132255742425234
401 0.9133564557293371
402 0.913421896472744
403 0.9135527779595576
404 0.9136182187029644
405 0.9136836594463713
406 0.9137491001897782
407 0.9137491001897782
408 0.9140108631634055
409 0.9142071853936261
410 0.9143380668804397
411 0.9144035076238466
412 0.9144035076238466
413 0.9145998298540672
414 0.9146652705974739
415 0.9149924743145083
416 0.9151233558013219
417 0.9151887965447287
418 0.9151887965447287
419 0.9151887965447287
420 0.9153196780315425
421 0.9153851187749493
422 0.9154505595183561
423 0.9157123224919835
424 0.9157777632353904
425 0.915908644722204
426 0.9159740854656109
427 0.9160395262090177
428 0.9162358484392382
429 0.9163012891826451
430 0.9164976114128657
431 0.9166284928996793
432 0.9166284928996793
433 0.916759374386493
434 0.9170865781035272
435 0.9172829003337478
436 0.9174792225639683
437 0.917610104050782
438 0.9177409855375958
439 0.9180027485112231
440 0.9181990707414436
441 0.9183953929716642
442 0.9185262744584779
443 0.9185917152018847
444 0.9185917152018847
445 0.9185917152018847
446 0.9185917152018847
447 0.9186571559452915
448 0.9188534781755121
449 0.918918918918919
450 0.9189843596623257
451 0.9189843596623257
452 0.9190498004057326
453 0.9192461226359532
454 0.91931156337936
455 0.9193770041227668
456 0.9193770041227668
457 0.9194424448661737
458 0.9195733263529874
459 0.9196387670963942
460 0.9197042078398011
461 0.9197042078398011
462 0.9197696485832079
463 0.9197696485832079
464 0.9198350893266147
465 0.9199659708134285
466 0.9199659708134285
467 0.9201622930436489
468 0.9201622930436489
469 0.9202277337870558
470 0.9203586152738695
471 0.9207512597343106
472 0.9208821412211242
473 0.921013022707938
474 0.9211439041947517
475 0.9212093449381585
476 0.9212093449381585
477 0.9213402264249722
478 0.921405667168379
479 0.9214711079117859
480 0.9214711079117859
481 0.9216674301420064
482 0.9216674301420064
483 0.9217328708854132
484 0.9217983116288201
485 0.9219291931156338
486 0.9219291931156338
487 0.9219946338590407
488 0.9220600746024474
489 0.9221909560892612
490 0.922256396832668
491 0.9224527190628885
492 0.9225181598062954
493 0.9225836005497022
494 0.9226490412931091
495 0.922714482036516
496 0.9230416857535502
497 0.923107126496957
