0.00199707280547538 0.0559123416248294
0.0029946140961936898 0.08859337081807941
0.003991113430542934 0.12472631786594912
0.004986620835707337 0.16123018764777755
0.0059811380468678624 0.18995664950996294
0.006974667269036513 0.20888306968292958
0.00796721022659947 0.2209809119575341
0.00895876911193272 0.2354622093388304
0.00994939335319735 0.2468480145937404
0.010938989701267086 0.26687222274819816
0.011927655193585626 0.28976276695072917
0.012915296757743208 0.30928605422638017
0.013902011231865177 0.3153060230014224
0.014887705719605973 0.3391456179179151
0.015872476860603463 0.3607417709085162
0.016856231933927747 0.3747416605278916
0.01783902027519825 0.38916666777185394
0.018820843550968552 0.4070332759055344
0.01980170388584567 0.4233256271260451
0.02078160293614069 0.4331877447191995
0.02176054281444532 0.4553925715993879
0.022738572273266703 0.4670324116765005
0.02371559920056028 0.4778557725661221
0.024691719352924652 0.47924083095580977
0.025666840790854246 0.4829997973458128
0.026641059076937465 0.48171210296846606
0.027614282443577744 0.49510971986920704
0.028586606260150825 0.518452024962732
0.02955793893034266 0.5371100236652778
0.030528329117571695 0.5590843683775181
0.03149777842325745 0.5703901910363742
0.032466288895530805 0.5839908954720583
0.03343386212608644 0.5918373299369404
0.03440050015162283 0.6070955870688775
0.035366251067723835 0.6241553871790311
0.03633102387266778 0.6379684714344708
0.037294913076121594 0.6381634866638864
0.03825782784486734 0.642681812677812
0.03921986249965785 0.6482609385569594
0.040180926375170456 0.6504766163953153
0.041141113604009766 0.6642023371106772
0.04210033368814294 0.6748185916730379
0.0430586346373346 0.6800932517766093
0.04401601799114582 0.6937938425965696
0.044972485724921435 0.7046016905525302
0.045928039368983514 0.7051269205426831
0.046882680887792134 0.724165472379044
0.04783645773795543 0.7344083408662403
0.04878928000222379 0.740399093119165
0.04974124097589893 0.744329292348715
0.05069225090633597 0.7516151075648662
0.05164240290481782 0.7524443240286822
0.05259160738271629 0.7530921244971532
0.05353995726803148 0.7575826647941354
0.05448736313556676 0.7557289867625171
0.055433917730770915 0.7608125265289932
0.05637953179129697 0.7681466361512551
0.057324252594734185 0.7803958667689869
0.05826808161307637 0.7875127962509961
0.05921102074198122 0.795871642168752
0.060153071444727105 0.8055887555178042
0.061094235606678406 0.8115703387880554
0.062034559968500304 0.8120235930748761
0.06297395583326942 0.8084057957663818
0.06391251513389895 0.8204343438587772
0.0648501493337332 0.8131448478926906
0.06578695018707911 0.8184092010837104
0.06672282931698285 0.8218979982280676
0.06765787829984853 0.8158734839138421
0.06859200891786149 0.8053945017816905
0.06952526783234184 0.8114919638992892
0.07045765645981471 0.8084107637127284
0.07138917663036802 0.8102517633330155
0.07231982975223585 0.8251341086737525
0.07324961764569304 0.832631153252475
0.07417858644862593 0.8363360662399305
0.07510664849580723 0.840645930276502
0.07603389457168107 0.8432853759964435
0.07696023716766262 0.851198347903499
0.07788576689408748 0.8634373861435366
0.07881039639846608 0.8659812008307821
0.07973421611770207 0.8639331597438682
0.08065713885485691 0.8610168406173595
0.0815792106712383 0.8590975666976672
0.0825004329305906 0.8532366923969216
0.08342080740047567 0.8612948236298388
0.08434033543674584 0.8749000201669397
0.08525901879760237 0.8935290364952596
0.08617690303390155 0.8946095189242989
0.08709390148887773 0.9029456079099951
0.08801010382726865 0.90745006376049
0.08892542354544465 0.9177611927732527
0.08983995013836256 0.9244874312282809
0.09075359725499929 0.9367874934772848
0.09166645422118225 0.939035529324417
0.09257843483796825 0.9432741730627335
0.09348958458226315 0.9416337686641651
0.09439990476755902 0.9418512011496396
0.09530939710175947 0.9444229259276744
0.09621806289084017 0.9438528992612951
0.09712590383377048 0.9413464344250954
0.09803296490950503 0.9417361287171017
0.09893916044726307 0.9403797685378057
0.09984457901975805 0.94770197363412
0.10074913510595229 0.9517864499119817
0.10165291711294486 0.9591754463857844
0.10255583966892891 0.9626610801557273
0.1034579910160164 0.9716701333048436
0.10435928593112162 0.9723181031973637
0.10525976932174713 0.9819242367386973
0.10615944245351312 0.9910641403396432
0.10705830697736884 1.0007051191274468
0.10795636415177184 1.0097933325994726
0.10885361561913928 1.0141178973160643
0.10975010580106444 1.0175430600641153
0.11064574999100042 1.0242019805152456
0.1115406356962923 1.0201199222119335
0.11243467835685249 1.0136376315835856
0.11332796531842476 1.0096507689664362
0.11422041216688493 1.0120366492262212
0.11511210608697979 1.008391212828387
0.11600296281005515 1.019280968111517
0.11689302668862889 1.0258508319749757
0.11778229894269154 1.029613029128359
0.1186707811687895 1.0325034803851765
0.11955847458008395 1.038561923194728
0.12044538076496884 1.0375406824146556
0.1213315436016584 1.04066047202851
0.1222168793267849 1.043705503430452
0.12310147440800484 1.0481601867817156
0.12398524522523045 1.0406060540393358
0.12486827808838423 1.0353397740947894
0.1257504895201782 1.035174441545471
0.12663196567338325 1.0409775495493687
0.12751262321303344 1.0405276730198634
0.12839250595053037 1.0496353705710715
0.12927161506234872 1.0472453774169583
0.13014995209304087 1.0563851284911916
0.13102751821256658 1.0588441267374153
0.1319043149576845 1.0626174257273115
0.13278038567668304 1.0645322915044582
0.1336556475289862 1.0722350495036064
0.13453018596731353 1.073919430009315
0.13540391829128987 1.0682034034906684
0.13627692979962913 1.0730615226983462
0.13714913793169195 1.073881556064877
0.13802062783274846 1.0797422290779943
0.13889131708143218 1.076131029380097
0.13976124896137462 1.0862650539866396
0.14063042460752856 1.0861726644952592
0.14149884551472855 1.0929332080882699
0.14236651281170906 1.0998725574214672
0.14323342798584976 1.103299587380232
0.14409963386846425 1.0961033773572173
0.14496504852202094 1.0929718544636717
0.14582975640817025 1.0884469349350976
0.14669367572659858 1.079749363902031
0.14755689078854703 1.0770271055208809
0.1484193199304693 1.0849315669093618
0.14928104731373926 1.0781251725266074
0.15014199141112936 1.0707380352773388
0.15100223623468514 1.0670077135648373
0.15186170039305164 1.0607381978069832
0.15272042657683152 1.0590970286739088
0.15357841587539944 1.0587758753605243
0.15443566972888978 1.0679856967018022
0.1552921892207807 1.0702725978170768
0.15614797578411993 1.079752536324166
0.15700307166918107 1.0811252577108323
0.15785739595667134 1.091266482542225
0.15871103199325948 1.0837186991713208
0.15956389899354317 1.088980821715947
0.16041608015777523 1.0847324771332403
0.16126749483400937 1.084424447724461
0.1621182260766029 1.0857625443488423
0.1629681933666327 1.1001476743440608
0.16381743889402453 1.1075250772474894
0.16466596371055542 1.118921068577838
0.16551376921113306 1.1184131999226925
0.16636085644190057 1.1245973985701498
0.1672072267909798 1.1224479546528587
0.16805292201797248 1.1224947314122642
0.1688978620661522 1.1205955897028974
0.16974212933971888 1.1337075215204233
0.17058564391304795 1.1364971120903427
0.17142848804725586 1.144224154615995
0.1722705819473985 1.155044938232445
0.17311200773201135 1.1635781424236569
0.17395268573641134 1.1594021908495589
0.1747926576617102 1.148765896566651
0.17563192452375326 1.1383923632859847
0.17647048767413268 1.1357330658585734
0.1773083481233077 1.1299942031173966
0.17814550721636968 1.128521586288083
0.17898200623377117 1.1355430467709637
0.1798177659634604 1.1422509713634437
0.18065286788851298 1.1410730494213883
0.1814872329252748 1.1451796851338596
0.18232094241695662 1.1500347081527567
0.18315391740789344 1.152804058918925
0.18398623910191653 1.1592903099519027
0.18481782867094323 1.1568989865859725
0.18564872733871113 1.1609506020789075
0.18647893608670907 1.1594343518605572
0.18730845622502407 1.1605803340339362
0.18813728872999375 1.1623987637406463
0.18896543490547424 1.1642881320012255
0.18979293556388382 1.1619805793586644
0.19061971232049413 1.1664150092293932
0.19144584575787588 1.171112584417529
0.19227125761707575 1.176855037918506
0.1930960283439096 1.1820387067007543
0.19392007980480272 1.1794058253694872
0.1947434923092852 1.1779733710402853
0.19556618784876623 1.1764809812761832
0.19638820718064548 1.1691198545440717
0.19720955125354606 1.16034223797472
0.19803022133776602 1.1602634469032553
0.1988502183769995 1.1591215581780892
0.19966954363556966 1.1484907808059712
0.20048823746858602 1.1415932352180806
0.20130622230181233 1.1435990360739154
0.2021235778372418 1.1507961533928983
0.20294022662386849 1.1580778041383795
0.20375624822993713 1.165317034446606
0.20457156532728754 1.166641561058102
0.20538625735086952 1.174480152285937
0.20620024709498547 1.1751836112226195
0.207013574861349 1.1712425212922204
0.20782624156712926 1.1761924261213128
0.20863824844446277 1.1807336160296442
0.20944959640580002 1.1748384023978546
0.21026028667754568 1.1713083540185172
0.2110703591678556 1.1758457444342767
0.21187973709665353 1.1711088075564973
0.2126884993046215 1.166354841711422
0.21349656913244408 1.1637053687157872
0.21430402528996212 1.1637179419572934
0.21511079123824753 1.1630471650635354
0.21591694555673874 1.1659176784510017
0.21672241182652335 1.1747082811860623
0.21752722990391404 1.1710892230866832
0.2183314006759633 1.1644642928223767
0.2191349253381908 1.15481727433234
0.21993780477312994 1.150920461870715
0.22074004017079887 1.1497510143648608
0.2215416710024013 1.154704998900899
0.22234262126616916 1.1625125484681975
0.22314296896010768 1.1691987711933358
0.22394263820081234 1.1681852466289617
0.2247417068582597 1.1699586652891873
0.22554009916704618 1.1725015639535317
0.2263378928695442 1.1752872771865635
0.2271350123179902 1.1768694757531608
0.22793149693323156 1.173803710496041
0.22872734757347207 1.1671844206296478
0.22952256539908078 1.1709298221837698
0.2303171512639315 1.1640553018986584
0.231111106323111 1.1616574002553708
0.23190446962053457 1.1711739290768008
0.23269716591735262 1.1731478423642732
0.23348927238692346 1.1740162571677564
0.2342807139064334 1.1778172722998632
0.23507156752393388 1.1811064441274244
0.23586175823229477 1.1870774309309076
0.23665136295467173 1.189049591283345
0.23744030679926775 1.183143286509235
0.2382286665647515 1.1768992114323313
0.23901636747431013 1.1689183174770474
0.23980344845824053 1.1640404695297086
0.24058991034294983 1.1690461993325643
0.24137575424997554 1.1721902301174607
0.2421609810016009 1.173349615762607
0.24294559171432034 1.1694816379625668
0.24372962495061157 1.1675841979612602
0.24451300633337325 1.1612740186539725
0.2452958121060968 1.1651366949859265
0.2460779680051137 1.166987234857642
0.24685955015164163 1.1767921307829372
0.24764048439510433 1.1797046090726615
0.24842084673484185 1.1752256272361168
0.24920056313303113 1.172540868629486
0.24997967210478864 1.1735304982237786
0.2507581744501868 1.1762391383351223
0.2515360712585277 1.181394810894364
0.2523133633259293 1.1829573750818743
0.25309005173684695 1.1855869400561605
0.2538661746462085 1.1822129382829183
0.25464165840817243 1.1837642729911273
0.2554165784784848 1.1754007268729645
0.2561908613225502 1.1732505790290424
0.2569645822763805 1.1635667105699081
0.25773766791629543 1.1576450751373804
0.25851019345895626 1.1512448571561031
0.25928208559126836 1.148055953405122
0.26005338242209963 1.153562391539139
0.26082408472626284 1.1598601463790779
0.2615941935620748 1.16409152161832
0.2623637097005539 1.1589601671743202
0.2631326341953571 1.1556162504543888
0.26390100480255746 1.146652618326857
0.26466874859353007 1.1480884401137206
0.2654359402525639 1.154592211127043
0.2662025069601548 1.1622217374666433
0.26696852328331827 1.1614881534470995
0.26773391651134953 1.1699146287313313
0.2684987610943621 1.163595987575152
0.26926298443013036 1.1593861443599511
0.27002662422991625 1.1531351216714572
0.2707896812442941 1.1524622486935536
0.2715521565017845 1.1471618103544983
0.2723140507493201 1.1431873116874343
0.2730753650109394 1.1376537679119358
0.2738361366522759 1.1310253095355318
0.27459629344827297 1.138251983269555
0.2753559093275456 1.1434922961564056
0.2761149121720922 1.1397968419938338
0.276873375795639 1.1345500443087126
0.277631228186927 1.1389959812302948
0.27838854304515387 1.1405934100248605
0.2791452484654921 1.1410542674436372
0.27990138176996304 1.1498729412610083
0.2806569436858733 1.1661868990130473
0.28141193521307956 1.1633327375539164
0.28216635707539195 1.1499735426272515
0.28292021026835423 1.1437499552723378
0.28367353177530824 1.1398668787303008
0.284426250061497 1.1338684603150382
0.2851784383151609 1.1365316918270691
0.2859300251065899 1.1394234162098553
0.2866810835114476 1.1372127602199114
0.2874315422047668 1.1370479221094882
0.28818147414998374 1.1305643533618142
0.2889308081265712 1.1308096288121092
0.2896795810754105 1.136948173884673
0.29042779370146404 1.1407260958813819
0.2911754469770028 1.1333755147382285
0.29192254160363057 1.1347815282932618
0.29266907854946683 1.13025812039287
0.2934150944234528 1.1279373328047861
0.29416051836822976 1.126778834328245
0.29490542284649846 1.1372844188723068
0.29564973710399367 1.1407952665492902
0.2963935334930818 1.1476763460233776
0.2971367413622954 1.153488143288612
0.29787943295400543 1.16319447992617
0.29862153771924793 1.1650500503636452
0.2993630922256108 1.162540222816059
0.30010409715659025 1.1577265859664345
0.3008445534578995 1.1513349624759874
0.3015844618098077 1.1435308778599467
0.3023238231540303 1.1350953582996932
0.30306267373275375 1.1333700192762577
0.303800943353469 1.126930561384048
0.3045387037677265 1.1173862791763747
0.3052758848842109 1.1144015939757868
0.3060125583463135 1.12714794844591
0.3067486541636248 1.1293237332691732
0.30748424387170603 1.1334427989571654
0.3082192575807673 1.1304075543716636
0.30895373149270566 1.1352687470662608
0.30968766627038774 1.1245465825615344
0.3104210628339489 1.1160242538174927
0.31115392184315327 1.1181153973842923
0.31188624421428524 1.1289087853058464
0.3126180658301867 1.1129137109536407
0.31334931715099057 1.113775067006415
0.3140800692310589 1.117930210970914
0.3148102526298695 1.1199079239580783
0.31553993829573646 1.1314806011191416
0.31626905688720247 1.14674874816235
0.3169976792468532 1.148390490409342
0.31772573613201743 1.152207208395641
0.3184532633862722 1.1513215876707559
0.3191802616526502 1.1359233472557406
0.31990673182664375 1.1278811523587515
0.32063267454830247 1.1364613253272684
0.32135809070940763 1.1307925660447418
0.3220830158406413 1.1267182706381362
0.3228073810428992 1.132795367247644
0.32353125668690597 1.1374149194908583
0.32425457397110313 1.1268302770094467
0.32497740316221657 1.1288175435634566
0.32569967555596147 1.1284564486825857
0.32642146131537497 1.130451319939952
0.32714269183317407 1.1338639577527927
0.32786343716901595 1.130456334874017
0.32858362881234926 1.1242609619847828
0.3293033022021697 1.1260426013291025
0.3300224579595656 1.1230631757520113
0.33074109695270065 1.119338593255737
0.33145921979981063 1.1271238098371572
0.3321768273655016 1.1394794576749794
0.3328939547827623 1.1456269775384633
0.33361053387748396 1.1490939221655938
0.3343266342479013 1.1500402569119161
0.3350421878154349 1.1519262247912676
0.3357572640766119 1.1554126590160718
0.33647179504811775 1.1538724324569294
0.3371858501250721 1.1476302153317688
0.3378993614191619 1.1446105010430667
0.3386123640261884 1.1385356852489479
0.3393248585489965 1.1310053579607038
0.34003684583297783 1.1326675149112868
0.34074832647823217 1.1344173890401827
0.3414593013267203 1.1407558829871092
0.3421698051740219 1.1464910060691542
0.34287977046226825 1.1552526118350879
0.3435892661339227 1.1530827122699847
0.34429822472494764 1.1559976636383458
0.3450067150780234 1.1539688421291965
0.3457146698226856 1.1502548825009362
0.3464221577021228 1.1426377330709119
0.34712911143918845 1.1373299094652383
0.3478355657931832 1.137412139714816
0.34854152134939326 1.1415019374620716
0.34924697893124623 1.1396448643394406
0.34995193912138534 1.1412225785143764
0.3506564027399285 1.1511399015238402
0.3513604042515769 1.1494891414996515
0.3520638767037865 1.141372896860599
0.35276688839560627 1.1444592632628117
0.3534693724666692 1.1517280281277715
0.35417139711811096 1.1517965715909164
0.35487289558149093 1.156294008658486
0.3555739359603145 1.1583857559457227
0.356274451577818 1.1574351720701999
0.35697447686329997 1.155635845663656
0.35767401238514085 1.1504105823738018
0.35837305894557603 1.1448735409349011
0.35907161711044117 1.1505540618121672
0.3597696876787775 1.1466819964148387
0.36046730479074834 1.143236583277015
0.36116440208850237 1.1381185502344278
0.3618610472396826 1.133236150288992
0.3625571739770037 1.1322756559891383
0.3632528498720126 1.1399359802853555
0.3639480087477459 1.140976592501008
0.36464271807992943 1.148243401565712
0.3653369117816786 1.1606341012336396
0.36603062395859876 1.162290151473632
0.36672385516278827 1.156453453492217
0.3674166061760282 1.15280000333744
0.3681088775479655 1.1432767655751919
0.3688006700572978 1.1355360368378502
0.36949201752580774 1.1275894000223727
0.37018285417997976 1.1242791265308094
0.3708732470677229 1.1249271417961348
0.3715631305045179 1.1309072369588185
0.37225257144394447 1.1315175871052032
0.3729415042902418 1.132163987681463
0.3736299959029278 1.1433429197808354
0.37431798077476297 1.1468800996497852
0.37500549269378697 1.1506247292394733
0.37569253219641136 1.1516059865880224
0.3763791000446688 1.1550938192178
0.37706519677260864 1.1494574355306293
0.3777508231392861 1.1465129814996278
0.37843601265408433 1.1503086737168133
0.37912070011773125 1.148847723056913
0.37980495196975117 1.1493107322075575
0.3804887030983384 1.1551757544721764
0.381172019850406 1.15955010339147
0.38185483720138313 1.1528988735564185
0.3825372214058319 1.1657181100941987
0.38321910752618515 1.1639446418104862
0.3839005290388694 1.158416025448479
0.3845814864651782 1.158282685080419
0.3852619805480712 1.1675375224519837
0.3859420118065652 1.1600612779739987
0.3866215809807432 1.16657494839668
0.3873007212734013 1.1692888096221836
0.3879793680496748 1.1672478971726155
0.38865758715174076 1.1627812868413903
0.3893353140307099 1.1595094257763088
0.39001261443781954 1.1623430068679061
0.3906894239099299 1.165071457455823
0.39136580810759114 1.1646097398671955
0.3920417026531882 1.1655833395576212
0.39271714071731895 1.1752989944394798
0.3933921228067027 1.177720931267483
0.39406664964587235 1.1843372304776882
0.3947407217393517 1.1925307515729202
0.39541433980889434 1.2037551369357884
0.3960875367563578 1.1981660353613977
0.3967602485016968 1.1901823694901617
0.39743254030047864 1.190575673642327
0.3981043481571799 1.1843049051315009
0.39877573723805404 1.1723391250665671
0.39944664363187915 1.1656972623343735
0.4001171324158409 1.16210239209313
0.40078713976279934 1.1478611301528394
0.4014567306611178 1.1487044825750417
0.40212584136751944 1.1497728454366853
0.4027945047067003 1.1595763956518683
0.4034627211692072 1.163635020566871
