0.001996987653952028	0.02468716248327593	0.0059999629194174234	0.04955759266398466
0.00299446225969131	0.024440032391436398	0.008999886197672292	0.049480115660654744
0.003990991431948058	0.025157417765753903	0.01199997352386273	0.05148821258133866
0.0049864800359873855	0.02596279548536814	0.0149999384499103	0.052870732504052526
0.005980978481390883	0.026457587477662647	0.017999933055129393	0.053526391150175226
0.006974488976409236	0.02670271047637066	0.0209999632011922	0.05259995242728052
0.007967061726102552	0.027782631193759108	0.02400018092705705	0.053261612544815415
0.008958650154210736	0.028151060436320055	0.027000445875617965	0.05394105463132396
0.009949256450155496	0.030362039530342787	0.030000763835033542	0.05677489949049541
0.01093888231894685	0.02932957134254474	0.03300114059634336	0.05660580400783328
0.011927577991295945	0.030758544741520514	0.03600172810686373	0.05926168903965329
0.012915249054065454	0.031335979063188295	0.039002239699365164	0.060649536160258206
0.01390189752917233	0.029953129992697346	0.04200268107597347	0.05895263321217178
0.014887621493359985	0.028355552694205255	0.045003350336772184	0.05671451170700822
0.015872374666187412	0.02818660140098555	0.04800410695043847	0.05548761815572812
0.016856111139947994	0.027730704566429034	0.051004810329328513	0.05355560689882928
0.017838880919503586	0.028026713790513018	0.05400561229562442	0.054210623888851034
0.01882073362722949	0.02992293406295112	0.05700666468787867	0.05674642245722013
0.019801575472494146	0.030281420247552922	0.060007680623110835	0.05682356864131485
0.02078145606744404	0.0316155675584499	0.06300881189879518	0.058702444391888334
0.02176042511233745	0.030687109696615054	0.06601021027942114	0.05852448533229112
0.022738436852059236	0.0297555657534253	0.06901173501967255	0.05606157518349965
0.023715492924447298	0.030152482435088362	0.07201339164016454	0.055179553146435995
0.024691595427473317	0.02979314021375781	0.07501518557584097	0.054924118140532656
0.025666745988948657	0.029860371541975173	0.07801712230724328	0.0549004222418266
0.02664094646382532	0.030731802565417306	0.08101920726089891	0.0558276587629574
0.027614198932409458	0.031118565591738243	0.08402144580413647	0.057299102957341405
0.028586457746179822	0.029322651117364734	0.0870236970436024	0.05432248461223021
0.02955781949666141	0.02834444885796286	0.09002625893113095	0.053095810944638826
0.030528191355565268	0.029055567550241426	0.09302884420217811	0.05380541899815497
0.031497622366535964	0.029518989999808152	0.09603160450163487	0.05471533226699978
0.032466161659574895	0.029186006950935157	0.09903469143672747	0.05359379674490838
0.03343376392696015	0.030430299571073776	0.10203796394446962	0.056342186130249654
0.03440038376436593	0.03143454426404792	0.10504128095956883	0.057130006478127916
0.03536611718195557	0.031568541979683104	0.10804494041437865	0.05765439915298935
0.03633091876580579	0.03055385235515246	0.1110488012056457	0.056091024952734526
0.03729474345998794	0.031534768371351045	0.11405272213153651	0.05739305044396216
0.03825768698663127	0.031076300286534714	0.11705700112291312	0.05663102177139582
0.0392197042785774	0.030896607361881392	0.12006149693548746	0.05594002686248477
0.040180796890927475	0.029391629735605766	0.12306621476150494	0.053911721106768604
0.041140966599560215	0.02956694259494242	0.126071159721274	0.054437474820204404
0.04210021539942075	0.02821478400147894	0.12907633685826997	0.052734544183371285
0.043058544831577845	0.028111791797659273	0.13208175130957384	0.05284875199849613
0.044015956879956894	0.026966696325953523	0.1350874080772034	0.05178385491472933
0.04497240658156574	0.026588229127828763	0.13809316576581349	0.0517387948277058
0.04592794222605085	0.028170229878551764	0.1410991758816474	0.0533559475307676
0.046882612187103614	0.02882099157890748	0.1441055898871792	0.054991426129776304
0.04783632517022202	0.029970677500114052	0.14711211978476973	0.05568776950049437
0.04878917585629619	0.03130938307887986	0.15011906354557664	0.056811431708690484
0.04974111961298663	0.032314708803817226	0.1531262795785609	0.05692619077441284
0.05069215794474062	0.031040368422686145	0.15613377287757133	0.055445045598670605
0.05164224638598444	0.03197802517511291	0.15914140176050479	0.05578068204432099
0.05259147924466169	0.03061766382285158	0.16214946423056414	0.054005934623277366
0.05353981182547901	0.030455729391839603	0.1651578186378072	0.05402369634828234
0.054487246053206366	0.03013437733102036	0.1681664697630974	0.053338130623113336
0.05543373739812732	0.031176997877121353	0.17117527586232203	0.05455893649917567
0.056379379798211234	0.0288042473226338	0.17418453497976663	0.05189065724933195
0.05732412871493631	0.029133197823617212	0.17719410533719793	0.05284755097318677
0.058267939953247194	0.030411256860141345	0.1802038450169703	0.054833057833674925
0.05921086133683985	0.03174417421087002	0.18321390538537566	0.05761615529980684
0.06015294033773704	0.032003938547422055	0.18622443791579255	0.057520923090245556
0.06109413257314719	0.03271994496380951	0.18923530069927927	0.05829867013371985
0.06203439400119849	0.03287951965946014	0.1922463516804093	0.05769103953057259
0.0629738179194384	0.03195426144318181	0.19525788899667046	0.055788321869805105
0.06391236027580426	0.03178930259708171	0.19826977055506806	0.0545281454940515
0.06485002250907368	0.03040801849006005	0.2012820010953142	0.053537189852561604
0.06578680626838343	0.03054639261308145	0.20429458525636787	0.053498085913760506
0.06672271341163999	0.03052137833824587	0.20730752757199686	0.05417612619147162
0.06765774536493653	0.030485973564655506	0.2103208327332327	0.05529664728351519
0.06859190397617422	0.03131212517758264	0.213334505237135	0.05645906994618443
0.06952514529384533	0.03108055351917003	0.21634840283482792	0.05584873772441976
0.07045751635554148	0.031632351923490384	0.2193626769682224	0.056613999876337535
0.07138906427910055	0.03173285831071111	0.22237747902558308	0.055815654614539856
0.0723196998999345	0.03189093518802579	0.22539251972640567	0.05620586201165477
0.07324951552693906	0.030855080475048938	0.22840809740782264	0.054787928935616785
0.07417846752456678	0.030729933776555127	0.2314240695880769	0.05361628541524568
0.07510655728579015	0.03139224918411845	0.23444044083172255	0.05388233143909158
0.07603374133431667	0.03263843862017374	0.23745706854647353	0.056014139442847964
0.07696011162478905	0.03414312523341796	0.24047425115770601	0.05715739401929969
0.07788557947038724	0.034352491475608135	0.24349169905333945	0.05721710388468737
0.07881023664966036	0.035899738107473045	0.2465097107059308	0.059801471247476055
0.07973403954319216	0.0350354741754535	0.2495281435176419	0.059042080669163735
0.08065698993560101	0.035008289491657116	0.25254700175499034	0.059953441577248114
0.08157908919169418	0.033350228788105764	0.25556628987570407	0.058241026434976625
0.08250033908661678	0.034697443054813454	0.2585860121120348	0.05984221580046935
0.08342074097726507	0.0352842926563799	0.2616061728918273	0.06028229340222817
0.08434029642337056	0.03651694808458164	0.26462677652178235	0.06174056130846631
0.08525900718599573	0.03575168076459996	0.2676478271833321	0.05986417395608383
0.08617682998890328	0.03714977036442749	0.2706691819791768	0.06065339149756892
0.08709385582660825	0.036943123790563165	0.27369113961893043	0.0611793946127433
0.08800999687530603	0.03589176560655343	0.2767134098496231	0.06065164461407623
0.0889252992538752	0.034305542436908476	0.2797361442029286	0.05936470906948169
0.08983976470015904	0.03342366734534539	0.28275934677690656	0.057150157814885784
0.09075343916131268	0.032741186653388134	0.28578316916324537	0.05599971389486303
0.09166627950083321	0.03247289625219299	0.2888074682857791	0.05507508860005719
0.09257828744296581	0.03226601560988577	0.2918322481937584	0.05429975674542244
0.09348946430214494	0.03344288980664825	0.2948575131555559	0.05535566149316974
0.0943998117935752	0.034552427734610494	0.29788326718811653	0.058296687577102886
0.09530933122415723	0.033543551910150696	0.3009095145316827	0.05855564748889141
0.0962179799225715	0.03341958678547616	0.3039361117509862	0.05834072882120914
0.09712584794333612	0.034247382242496203	0.3069633578987892	0.05893284972653276
0.09803284830935709	0.03303218448677294	0.3099909620398281	0.05671552684374492
0.09893902684980276	0.03310301224391823	0.31301907567814435	0.05645907285791142
0.09984438485291999	0.03370187930739052	0.31604770298457563	0.056464975431952835
0.10074896797972402	0.03325551151213263	0.3190769955335362	0.056664736045929094
0.10165268955705756	0.033340300461928	0.3221066621316811	0.05705295772078377
0.10255563913497573	0.03422957620002727	0.3251370020428771	0.05873499815113798
0.10345777424806572	0.03480909770177052	0.3281678715600227	0.059113207636259726
0.1043590961663881	0.03446170058716265	0.33119927478652905	0.05861935576212632
0.10525960635467099	0.03593212553581986	0.3342312156829343	0.06072745446485249
0.10615930647089689	0.034865386007666734	0.33726369806310785	0.05917640980599452
0.1070581977743375	0.036260217641191764	0.3402967259906189	0.060746807797904714
0.10795632557618147	0.03476304723579924	0.3433304511302296	0.059552900595156694
0.10885360380501834	0.034776701623852234	0.346364581757045	0.0592329545369937
0.10975003398405656	0.033251235325868406	0.34939912170595083	0.056626256525318885
0.11064570491730442	0.03374108088326309	0.35243437058810334	0.05761828373712445
0.11154053075679929	0.033366509982039924	0.35547003647375197	0.05756255773729482
0.11243455648069448	0.034192530765435006	0.3585062711750079	0.05807694942703211
0.11332782714125858	0.034636500988597885	0.3615432264348147	0.05901921839472113
0.11422030069659211	0.034648905648899234	0.36458075805207546	0.05869066722849419
0.11511193502328615	0.035425556443277155	0.3676187218682624	0.05896115091502191
0.11600281843495555	0.034757845744492186	0.3706574177459297	0.058583500353441315
0.11689290880129663	0.03544922279880698	0.3736967015013419	0.05906445860654539
0.11778216429734018	0.03530086090661674	0.3767364287081919	0.05917610482953037
0.11867067299354844	0.03638671941501345	0.37977689936056525	0.06097551012156412
0.11955839305676184	0.03471612648676434	0.38281796900362985	0.059345170434848694
0.12044532569405847	0.03568264639964511	0.38585964150970375	0.059396900810812774
0.12133147230112845	0.03543702384980847	0.3889019205924015	0.05888495808046434
0.1222168344609274	0.036621934797648845	0.391944809803074	0.060203242568842415
0.12310141337043315	0.035018776953171744	0.39498831297731973	0.05765162162713909
0.12398521060455202	0.036166161186495675	0.3980324336385827	0.059439469597760024
0.12486818442271122	0.035962789437426396	0.4010770271644423	0.05875885166510932
0.12575037917086987	0.03571332395295539	0.40412224560628207	0.05924903414513692
0.12663179641188824	0.034086042154437945	0.40716809244596985	0.0562002191774286
0.1275124373260961	0.03530496995119974	0.41021457145881096	0.05768774104953687
0.12839234624855564	0.034772163422192214	0.4132618346577915	0.05682281805198828
0.129271481723697	0.0355516422642099	0.41630973711151753	0.05780687375487145
0.13014984492209603	0.03606105370556024	0.4193582825600533	0.05776025979419391
0.1310274373870131	0.03735876490515602	0.42240747441761595	0.060185319048122916
0.13190426028254187	0.03766710426444241	0.4254573164009148	0.06066239425234101
0.132780272364054	0.03818313735741928	0.4285076633390264	0.06070814621454027
0.13365556034943282	0.035882796701353435	0.43155881604235696	0.05798743599054784
0.13453004028120066	0.03577642300098773	0.4346104806917226	0.057412409952877906
0.13540379872087874	0.035790561262949896	0.43766295820128515	0.05789370041298017
0.13627679429775658	0.03539049080116645	0.4407161034471116	0.057432180732145156
0.13714902852810934	0.034714230179106846	0.443769919750903	0.058032277104506744
0.13802046018279546	0.03630338039567476	0.44682426183392726	0.06007215742563989
0.13889117551232003	0.03554154112483707	0.44987943082259396	0.05897923776519757
0.13976109098391445	0.03596630566246464	0.4529351324333303	0.05948187828164012
0.14063025024869655	0.03617581881059495	0.4559915190521151	0.06032971858071774
0.14149869702803142	0.03669734188739998	0.45904874298624787	0.05984720594278415
0.1423663903708458	0.03659923409493819	0.46210665863142397	0.05952469143368925
0.14323333140021455	0.03638986637984636	0.46516526955749826	0.05977574328556556
0.14409952160235306	0.03673260789719507	0.4682245789838009	0.05919758240945278
0.14496496209419288	0.03638270243449031	0.471284590458333	0.05717344859655336
0.1458296541724015	0.037777337156866805	0.4743453073476278	0.0597314179221395
0.14669359931213075	0.03844547136573309	0.47740673283352053	0.06093477257028114
0.147556756651715	0.040117952128684145	0.4804687211391496	0.06316501941030966
0.14841921159791915	0.03876702140158586	0.48353157400649804	0.0626198782396435
0.1492809232830427	0.03905316200517969	0.4865951456373254	0.0645075611077031
0.1501418511257736	0.03839747020460377	0.4896592899418141	0.06258116190397627
0.1510020384802908	0.03742336998884767	0.49272415940333386	0.06076749024665166
0.15186152840879397	0.03607843483585771	0.49578990677663376	0.0599425382696654
0.1527202801757394	0.03662988343250332	0.49885638607927196	0.059260400140003014
0.15357825333002964	0.03655431300133496	0.5019234510322922	0.05853381455952731
0.1544355327501547	0.03779454088363877	0.504991403793106	0.0594241206354046
0.1552920779778984	0.03881394898032477	0.5080600980588535	0.061008976808684556
0.15614789009130484	0.04056279317872187	0.5111295372400618	0.06265032547575537
0.15700292876869185	0.041309822548624475	0.5141995748668928	0.06402439265607066
0.15785727858964557	0.041768084457976626	0.5172705133421968	0.06411849484568907
0.15871089904793495	0.041217385161257336	0.5203422063568311	0.06508341716769617
0.15956379156504286	0.04019291785959121	0.5234146569121703	0.06415237192872741
0.16041591577038533	0.03932601268105635	0.5264877185299685	0.06264961314794196
0.16126735594676964	0.03838587710487938	0.5295616938642657	0.06149424295858342
0.1621180303540939	0.03844594851846238	0.5326362865034822	0.062232216706785956
0.16296798162284096	0.03741956035793176	0.5357116494662058	0.0606084544300476
0.1638172524508127	0.03845677449745177	0.5387879356852947	0.061390592072364726
0.1646658027340437	0.03882130940721919	0.5418649983299019	0.06205197110790388
0.16551363351903423	0.039589969442095016	0.5449428407001516	0.06297798966024482
0.16636074619972707	0.03911885019692823	0.5480214657057436	0.06384858297510018
0.16720714181701643	0.03933462837047856	0.5511008766272867	0.06365342065729152
0.16805278046438796	0.039311906642895224	0.554180926362754	0.0631471303267999
0.16889774576454009	0.03943726708243876	0.5572619181519742	0.06301600369183678
0.16974195658041621	0.039869516231001545	0.5603435548048001	0.06399041255843547
0.17058549638944567	0.03943953727537957	0.5634261396950382	0.061374681789589686
0.17142832516851042	0.04021785549049315	0.5665095257953023	0.062403764116498055
0.1722704442880478	0.04052767173982378	0.5695937159375544	0.06312754023949255
0.17311185476963403	0.03955374027346398	0.5726787133354028	0.0626728653225892
0.17395255797708978	0.03986913378278713	0.5757645207990117	0.06241503637995481
0.17479251408284494	0.04105810016714419	0.5788509910255503	0.06384724321830008
0.1756317651504557	0.0407265060377151	0.5819382774602996	0.06261301488794957
0.17647035330918873	0.040282600144521286	0.5850265334589955	0.0625378843366302
0.1773081980163455	0.041451327026959355	0.5881154610323172	0.06261474746496094
0.17814538210191133	0.042232462206993025	0.5912053641736943	0.06419887388858121
0.1789818659978169	0.04100195880875339	0.594296095211136	0.06301806883057734
0.1798176507041264	0.04014135830225016	0.5973876572840955	0.0629611053679304
0.18065273738872487	0.04117133473386852	0.6004800533208448	0.06400738033002513
0.18148712738619002	0.04145560538810323	0.6035732860356622	0.06479361372686564
0.18232082168867017	0.03989201198747942	0.6066673585408362	0.06270524180563829
0.18315382162436084	0.040591213909270965	0.6097622735298165	0.0639484603228747
0.18398612818017812	0.040975984656313705	0.6128580340969731	0.0640370566878611
0.18481770207252127	0.039490480740235465	0.615954492133518	0.06170999594910204
0.18564862549402156	0.039280936872648324	0.6190519522792144	0.06123657930342502
0.18647881861688526	0.038888866111915374	0.6221501155408109	0.06141360711549694
0.18730832315690982	0.04007062912861532	0.6252491355907384	0.062240348510045174
0.18813714008803925	0.041987110617738306	0.62834901547908	0.06442636581911988
0.18896531098626906	0.04195805584562023	0.631449909026705	0.06465113304876126
0.18979275628068176	0.0416559073183682	0.6345515168680717	0.0645266838807118
0.19061955774450026	0.04294190346920679	0.637654144088249	0.06507228137722113
0.1914457164414621	0.043502242904879376	0.6407577935756913	0.06521463975557124
0.19227115299229697	0.04259143659471632	0.6438621656832915	0.06355628328052183
0.19309590869232235	0.043643349323636844	0.6469674145240281	0.0645931023715677
0.19391998482924552	0.04451107772343774	0.6500735426600486	0.06571200019068331
0.1947433823568307	0.045248155537104796	0.6531805530728663	0.06633564414983305
0.19556606238642804	0.04367349623454526	0.6562882969779789	0.06375017437987855
0.19638806623482696	0.043297250716510825	0.6593969284076225	0.06344157486355295
0.19720939484830066	0.04335087576588841	0.6625064503179854	0.0642117244882591
0.19803008940645386	0.04409105130595322	0.6656170168965605	0.06562909619125154
0.19885007103646996	0.0437197334112818	0.6687283277346356	0.06473377703085118
0.19966942075379568	0.04433346430999082	0.6718406887627479	0.067122612241095
0.20048809978380586	0.04445906032922926	0.6749539509660963	0.06724211330223935
0.20130610906057833	0.04420647131218461	0.6780681172597404	0.06751651847713962
0.20212340993472708	0.043780450254465315	0.6811830384353053	0.06692522969046551
0.20294008314965933	0.04311914288267972	0.6842990207398687	0.06607892225849686
0.20375608988787713	0.044313354720031145	0.6874159151687672	0.06716614227237455
0.20457143139826184	0.04436669052908933	0.6905337241596079	0.06709548005530729
0.2053861086028535	0.04383410421694508	0.6936524505870246	0.06582927427762934
0.20620012274470234	0.043827899953042294	0.6967720968700386	0.06518197364241118
0.20701347474108978	0.0455046313630085	0.6998926658673471	0.06749921938096762
0.20782612614967277	0.04589575572597805	0.7030140079947713	0.0670970382559761
0.20863815724220397	0.04624763030987415	0.7061364300647277	0.06752576363805657
0.2094495294101958	0.04686000436268958	0.709259782701755	0.06831911601413132
0.21026024388228168	0.04654270493293078	0.7123840682790541	0.06780387628724509
0.21107026217308178	0.044721233030395754	0.7155091372226882	0.0651957774224151
0.21187966428733165	0.04258792579040176	0.7186352966745136	0.06390958446045249
0.21268837240768462	0.04314512615589125	0.7217622445595642	0.0646680954329649
0.2134964269513479	0.04323247173236924	0.7248901358844537	0.0646488124833665
0.21430386839664484	0.04374021815729303	0.7280191255555849	0.06524650307803484
0.21511065850051553	0.045022154831740935	0.7311490635906913	0.06805380519046847
0.2159167981546285	0.04630855459161588	0.7342799527631317	0.06869340309611527
0.21672228856502085	0.04582231721918187	0.7374117953746755	0.06841209420908229
0.21752713061880413	0.045929661998989214	0.7405445941835751	0.06785823977002861
0.21833132535889277	0.04585675902487765	0.7436783517079487	0.06829458855223032
0.21913487398299603	0.0461730909661225	0.7468130702233584	0.06866327648706884
0.21993773832773938	0.04549084588436926	0.7499485995591562	0.06728432740470279
0.22073999767273658	0.04487084422721447	0.7530852477865492	0.06660067588167694
0.22154157486889414	0.04589888077336563	0.7562227117187448	0.06799359392916222
0.22234250995903682	0.04520602051947184	0.7593611467874539	0.06720993476097892
0.2231428041271099	0.043973550095551595	0.7625005552251393	0.06544214240728792
0.22394249728595914	0.04394692496304773	0.7656410926371902	0.06650284149612229
0.2247415125266947	0.04490885917202529	0.7687824554261666	0.0682265369549549
0.22553992873899043	0.04510669562767089	0.7719249521843017	0.06813614915863629
0.2263377079285293	0.044496595388538104	0.7750684323964099	0.06735614186769366
0.22713485126582095	0.044396776273423616	0.7782128982529128	0.06690550193857579
0.2279313596090786	0.04583091871297701	0.781358352416824	0.06786340695775184
0.22872723412347315	0.04532804256759167	0.7845047970619361	0.06664246695626042
0.22952247566288078	0.04480584548069161	0.7876522348370519	0.06715850033603582
0.23031708523333805	0.046141628631632875	0.7908006681422732	0.06852478563079534
0.23111106399206954	0.04733070943049509	0.7939500991266905	0.06963311429201181
0.23190437420649335	0.047780870136984635	0.797100376788437	0.07059846718842107
0.23269709418858764	0.04877966216595633	0.800251810519433	0.07108274342190388
0.23348914768249407	0.04872622070811369	0.8034040955759247	0.07101462036406225
0.234280574231782	0.048491201323910674	0.806557387998803	0.07069241613461098
0.23507141343874707	0.048652555584953634	0.8097118437233377	0.07165400128796082
0.23586162780374786	0.046836389929375576	0.8128673113184455	0.06800418302041954
0.23665121816148985	0.046326128149556604	0.8160237933703821	0.06708337826318661
0.23744018564836614	0.046462311338920634	0.8191812919637709	0.06530913808683811
0.2382285310948978	0.047495907237456204	0.8223398096712735	0.06646566788407123
0.23901621717414334	0.04696931774305685	0.8254991947348984	0.06537516559571568
0.23980332162887988	0.046718729216901934	0.8286597573674399	0.06619148719309528
0.24058976872947424	0.047448379300112066	0.8318211918691119	0.06704492559562822
0.2413756360933506	0.04770890991155411	0.8349838086379362	0.06845168469223294
0.24216088629379084	0.04656429631483687	0.8381474560367187	0.06658166759698451
0.24294552044937726	0.04624128769808702	0.8413121360952959	0.06598911833244425
0.2437295393761975	0.047176507104246965	0.8444778513395972	0.06697695150736019
0.24451294418781508	0.048644793996474034	0.8476446037840768	0.06983243410332576
0.24529569762863787	0.04757661774344708	0.850812241461281	0.06893914134851165
0.24607783875552375	0.04814182685399471	0.8539809210537285	0.070409854327916
0.2468594066827398	0.04876597119126928	0.8571507991353784	0.07052590066848743
0.24764032619976645	0.04968205659517795	0.8603215690345423	0.07171370870998467
0.24842067436495432	0.04702770844487432	0.8634935419951624	0.06839503031613528
0.24920041414980493	0.04872283969516701	0.8666665656077315	0.06936165132979263
0.24997954635430522	0.04850203687800128	0.8698406423463455	0.06835056872777938
0.2507580340640195	0.04912286910105661	0.8730156195826493	0.06950358406662563
0.25153595409143015	0.049141738597751825	0.8761918089429428	0.06974942213439243
0.2523132693700283	0.04883952149498026	0.8793690580424955	0.06931115635572403
0.25308998098631524	0.048714045995352694	0.8825473688132462	0.06977544389958545
0.25386605198716417	0.049524775728322715	0.8857265886501122	0.07057142174597271
0.25464155894077045	0.04948898536820685	0.8889070295656147	0.07027137807627894
0.2554164648901091	0.048151305534048346	0.892088538942217	0.0685079140224088
0.2561907331102431	0.04922335157755155	0.8952709637392093	0.0692094964385838
0.2569644023604952	0.04930020080134593	0.8984544610042076	0.06825195841143777
0.2577375111645197	0.05049379501822686	0.9016391881962715	0.0699453181432815
0.25851002267415013	0.048786863473074205	0.9048249924637655	0.06776496993660965
0.25928190027188863	0.04951047448946012	0.9080117205286267	0.06877555358240067
0.2600532201021802	0.051641186028205534	0.9111996850884228	0.07146574864584086
0.2608239455428184	0.05176519178582457	0.9143887328508995	0.07210277716798345
0.2615940773646915	0.05021536701002343	0.9175788661972782	0.06926712554962185
0.2623636164815163	0.05194349675901065	0.9207700872385831	0.07220335954500924
0.263132563948955	0.05369135934343627	0.9239623978136118	0.07394087973048805
0.2639009205322408	0.053168329845233994	0.9271558002856575	0.07423277278734661
0.26466868728239756	0.053587980941740415	0.9303502964795924	0.07521093290696508
0.26543582765115703	0.05439983076616381	0.9335457329051867	0.07731044663393319
0.2662023798800721	0.05446556353342012	0.936742267429189	0.07677981391236817
0.26696838226592373	0.05366868895630857	0.9399400578049887	0.07631108784570538
0.26773376105917573	0.05229650344849955	0.9431387944677577	0.07448078669613484
0.26849855455203997	0.052568453507212586	0.946338635157222	0.07504442206584944
0.2692628008064861	0.05145201054484442	0.9495397380372309	0.0734374177902065
0.2700264633770879	0.05140580328300918	0.952741949366984	0.07388049521849889
0.2707895060438793	0.05027351231660952	0.9559451149673959	0.07206418571836559
0.2715520040590524	0.05202129613624782	0.9591495490420938	0.07278905777834004
0.27231395825254734	0.05197243679023491	0.962355253727645	0.07174371477207679
0.2730752952586904	0.05331761648382021	0.9655619186595751	0.07340631097382495
0.27383605301465885	0.05409439023776372	0.9687697021831797	0.07421728117469482
0.27459623254199544	0.05521035352765849	0.9719786060353337	0.07556170015096911
0.2753558345784485	0.05527183898093413	0.9751886324927772	0.07567313262184479
0.27611482308671764	0.05401826264244936	0.9783996269501627	0.07446801300920865
0.2768732360236914	0.054303586902903975	0.981611747672803	0.07418735052988315
0.2776310741217389	0.05379665001964697	0.9848249969206132	0.07321839213566919
0.2783883752216624	0.05376565936723665	0.9880395331666015	0.0735437966334557
0.2791450663916024	0.05325293376501498	0.9912550451217815	0.07298906703863281
0.2799012222427463	0.05265506874187336	0.9944718481261062	0.0724844005378601
0.2806568068370152	0.053143883031468844	0.99768978731617	0.07375435496241473
0.28141182089801914	0.05292664138978665	1.0009088649245663	0.07421573417656671
0.2821662285950387	0.05216599420174235	1.0041289258544084	0.07247410065257742
0.28292010430889847	0.05166683598605099	1.007350285865331	0.07219291849513587
0.28367341206632	0.0540916815596703	1.0105727901267492	0.07559287466192709
0.28442615286048156	0.053492308141557664	1.013796440291726	0.07498423193990969
0.28517829082484136	0.055556774326737265	1.0170210812948588	0.07618448700785753
0.28592990011129427	0.05696319250647521	1.0202470293188468	0.0782839240459907
0.28668094484987255	0.05634919696579728	1.0234741292876661	0.07736627141517662
0.28743138938874135	0.05726937946870337	1.026702225670555	0.07782371238894034
0.2881813077090237	0.05808752667719274	1.0299316349697212	0.07794816665947696
0.2889306641546666	0.05582517446772523	1.0331622016420487	0.07566054646329896
0.2896794594304055	0.05628028813349373	1.0363939278616037	0.07596504270079854
0.29042765798584746	0.05699436239522286	1.0396266578481435	0.07747855106146326
0.291175333575661	0.055705875858284515	1.0428607085327641	0.07557549970916229
0.29192241417331577	0.0546730352152137	1.0460957666263597	0.07528895945442284
0.29266897342077786	0.05585771484421296	1.049332149275698	0.07683761146286365
0.29341497567843533	0.056177015308312414	1.0525697008482768	0.0768092454426847
0.2941604219121653	0.055392355875552766	1.055808422917294	0.07557255444514652
0.2949053128150222	0.055831152862258523	1.0590483176208285	0.07679044717021125
0.295649649348774	0.05589370245874935	1.062289386520127	0.0767870827598944
0.296393432203184	0.05579651019501883	1.0655316317431622	0.07623780030800406
0.2971366622013562	0.055746286406230305	1.0687750551265465	0.07653679388936459
0.2978793402989398	0.05810816313529676	1.0720196582137622	0.07987202936148242
0.29862143108706096	0.05850462350131434	1.0752652848199966	0.07998337177387402
0.29936300770479324	0.057581451818355424	1.0785122530725335	0.07913139232709163
0.3001039986996769	0.05798263170409016	1.0817602483630118	0.07903281061002942
0.30084444095268575	0.05708072773330471	1.0850094308565348	0.07810647195646456
0.3015843354093423	0.05804532048628597	1.088259802067337	0.07887529159610487
0.30232371884014775	0.05780412205334864	1.091511522381384	0.07813567594757681
0.30306251999915845	0.05961036280414401	1.0947642767058534	0.07919630693023205
0.3038008116940281	0.0591125440402067	1.0980183838306088	0.07993226142391233
0.3045385586627406	0.06062361087049693	1.1012736871829758	0.0820991921312923
0.3052757618409283	0.05862447343401197	1.1045301882486136	0.07864112754920097
0.3060124218974437	0.05777086128570001	1.1077878890916277	0.07833097726866708
0.30674853976398486	0.05752809984436496	1.1110467911863637	0.07819718055573505
0.30748411610626025	0.057636093553845406	1.1143068965873757	0.07788395453015712
0.30821915172042835	0.05643258793300849	1.11756820705155	0.07608925038658271
0.30895364753232746	0.05638961041789766	1.120830724036414	0.07673879916206067
0.309687568505882	0.056804867029135245	1.1240942904071427	0.07691636402575112
0.31042098695725856	0.05711617671699035	1.1273592259605212	0.07693957448131968
0.31115383220240767	0.05774653678160217	1.1306252142587276	0.07753302686898401
0.3118861406997038	0.05855790060118621	1.1338924162673087	0.07885278490305288
0.3126179133652858	0.060724252114605415	1.1371608334160943	0.08155234210496529
0.31334918654954613	0.0616767358983565	1.1404306268972246	0.08253128315032736
0.31407992531147494	0.06118312047647394	1.14370163931075	0.082400544747462
0.31481013056152907	0.06114092312283842	1.1469738720702303	0.08222550357039779
0.3155398029484607	0.060332169682591155	1.1502473271789446	0.08091279720485167
0.3162689433789357	0.05927836452276469	1.1535220060396574	0.07952955825855218
