49.776174
131.455390
48.989596
86.651958
78.266490
89.309891
98.561630
103.459220
83.228016
50.637533
47.797981
128.169335
71.538079
52.522563
83.047203
54.592665
70.287673
75.569360
56.331338
97.235473
86.402322
88.216399
70.710909
71.367218
92.551025
124.116186
34.002116
84.452174
63.962626
178.958743
66.022315
113.585046
79.071218
95.678781
84.208994
38.913764
77.035251
96.809681
65.688701
56.957988
39.914354
95.805726
44.457105
107.425665
92.485890
78.038758
67.619330
77.892184
107.844276
42.734849
70.352306
63.048480
131.862697
105.442702
28.100448
107.099441
88.688591
138.633837
58.860209
92.435080
101.056669
54.347670
32.110555
56.297400
118.640452
82.783587
96.207846
94.261067
53.835655
91.207993
75.881674
77.402566
36.868594
59.181686
95.020493
81.987410
42.092748
41.402992
53.803746
29.532791
29.936971
73.697579
76.495248
60.302660
63.852532
50.404235
68.008135
94.903509
85.313686
92.791937
35.297770
83.043689
59.150220
96.457585
55.597896
81.188299
48.028307
95.110234
49.099352
83.130059
130.937656
148.842436
86.294762
90.573526
71.845269
54.558119
66.234518
73.253144
119.844451
79.457629
34.111757
68.299650
113.601464
72.634361
53.854127
64.398351
63.192485
62.334320
86.717350
87.631487
99.596218
93.353597
143.870806
129.508294
96.940544
97.446001
122.323910
65.273172
129.947375
63.666223
46.814782
93.011870
101.113755
54.041482
54.708039
87.659100
65.731536
116.007865
68.750948
65.471981
98.056966
113.623310
157.508105
44.386582
73.969029
73.742776
60.557429
39.724935
100.935110
88.916321
67.330133
106.974156
85.472881
59.778069
49.849153
49.900969
50.076185
57.044412
70.083208
76.623741
73.291211
69.853217
48.702517
114.486920
53.553292
74.564003
69.022943
72.172666
39.338317
44.972107
97.943557
77.031602
56.705375
54.449234
104.214733
99.049691
35.116768
22.174887
89.049888
48.382556
107.506570
58.833353
125.298159
103.864644
63.595475
68.814617
116.104516
71.707364
122.785847
49.827043
77.784017
33.948229
107.687467
120.851167
99.917493
80.543854
73.157409
65.730233
78.152231
55.667291
31.128320
31.533538
59.154741
157.319040
67.058189
84.740041
73.801040
85.159893
56.041909
126.383584
71.960208
44.992750
94.745364
114.191874
61.228488
86.776404
105.951585
98.787162
69.026509
97.025447
39.604426
100.891755
106.442479
37.267207
57.305552
89.297355
80.662498
71.812171
120.104818
122.579528
60.397489
80.657363
56.186799
110.488819
79.675947
40.510033
102.223157
46.201973
86.360199
95.912113
54.756198
68.474056
40.526612
45.811125
72.093233
85.839534
81.767184
64.129906
50.836351
77.108455
49.153641
38.081231
140.586826
135.101820
102.893682
90.557446
72.296950
98.361270
60.259225
32.986952
57.566941
78.679534
54.377876
78.894534
83.481559
100.178634
82.006096
126.543085
50.200351
134.419524
88.741368
69.551890
48.017400
85.820408
133.635917
90.917803
130.708799
89.699303
63.320624
82.711215
106.383305
94.137575
58.344763
74.375011
118.737298
93.238418
34.666208
20.845460
50.553770
141.082963
103.964739
119.584491
77.733414
64.821381
97.488572
43.146453
87.799765
56.561687
65.461502
114.551337
60.293885
125.025815
60.535961
79.686077
73.547524
55.685471
55.684712
84.435176
108.169886
48.714200
42.109525
57.811462
53.364428
36.310530
55.250253
38.796616
129.230924
63.328422
70.378277
74.342494
61.424756
31.262815
54.645827
64.072827
61.035844
64.171166
94.560632
61.016058
55.075858
76.700207
66.173563
59.716939
62.770284
55.999536
66.675216
60.333012
60.653480
56.030548
62.148571
75.916111
76.636487
73.894858
54.748202
55.151072
47.037649
114.413732
47.754540
50.553565
108.011592
63.224994
80.835668
83.958075
85.318070
66.852480
74.438520
65.684322
90.054824
114.453919
115.786717
104.524175
76.127242
79.691240
94.165808
28.835208
132.387663
94.886063
124.673407
101.173210
97.505652
134.555516
121.589372
95.559250
77.665875
109.068072
48.381943
58.873467
65.553797
88.983365
62.081902
135.776248
67.156344
75.672835
63.885805
56.536531
35.664934
67.266603
60.042279
37.172351
61.968492
62.757785
35.098711
100.671383
84.440014
53.449201
57.162565
47.638320
102.490242
35.807393
51.172843
63.304997
75.981273
94.275887
48.523231
64.849553
88.435309
140.747618
90.098170
62.793758
97.116637
163.922878
65.403022
38.269195
58.752624
112.493579
61.490996
81.267192
62.763579
63.439283
66.837940
65.042348
48.512642
63.559217
73.628053
47.073732
68.420196
54.288197
62.298448
73.500175
70.493042
38.975097
72.232515
47.508316
31.141830
117.259327
66.754055
150.744266
64.253803
49.782020
81.200581
123.280124
140.409852
73.866995
28.423297
68.087128
119.524940
72.508698
65.844600
92.887347
116.001237
63.328049
101.640832
62.933006
43.614918
75.638826
80.711536
68.214172
54.930042
133.500531
90.304814
55.165939
116.547479
58.069737
76.526887
77.073329
125.472295
41.981187
100.099905
66.323229
76.682574
138.495122
58.309730
38.832213
114.760359
53.553777
51.308176
74.976925
42.334273
72.160959
81.778329
55.992899
37.515679
51.215811
71.700626
152.821376
81.046141
102.071948
134.724227
64.346192
17.752415
108.034148
106.051440
95.125008
91.332505
69.855646
45.546486
53.462869
32.770540
115.806868
72.457907
54.240185
45.033764
65.680967
87.566922
54.018007
67.782322
49.703653
29.508301
56.264049
100.130123
68.206442
89.566117
53.042696
147.346879
63.812181
56.754213
86.240742
87.559326
74.078801
44.766654
47.030374
55.922542
49.803768
69.180299
111.099782
95.757512
88.959509
79.905917
48.034097
155.004490
34.377803
64.151333
73.119671
83.781230
42.619377
29.263881
88.938636
58.597115
52.756534
47.239598
48.216251
63.558238
84.681842
60.868344
46.840047
89.120521
79.053073
36.863495
106.283813
56.901471
53.908737
80.788655
73.528827
68.846171
70.523085
44.727401
85.172629
76.599140
92.881149
80.693448
147.078517
147.733154
75.264336
143.381067
59.385630
69.675722
61.481433
63.263683
72.262567
95.864911
115.458725
80.552261
85.698704
65.252709
67.018744
31.401943
18.224276
94.778141
34.034807
84.934059
90.457926
68.015478
96.404132
103.524943
44.342526
57.427761
76.802989
27.424292
64.139042
74.544650
118.953488
78.739588
56.492808
79.152364
94.084791
83.567784
91.214650
161.518017
48.098605
85.566193
94.146221
60.613743
90.011028
102.172208
45.562734
77.721865
76.175672
85.866319
95.193199
27.808846
68.712028
85.460228
71.539312
48.622997
93.064960
54.932802
64.838078
72.490630
42.962138
50.741092
48.251120
77.455415
75.429091
70.455723
34.391371
128.417475
59.324097
63.799465
31.805674
104.372405
59.518171
61.799733
39.338436
108.258493
50.839502
86.530877
34.943821
27.314395
158.182828
104.131409
76.452649
117.314231
52.499104
51.656682
73.779957
107.606924
90.908059
86.953048
69.609745
129.261220
88.094941
53.985342
32.933579
70.597866
116.909384
61.393178
56.956614
78.321483
40.815490
52.905849
104.765779
102.984555
76.033418
56.300504
122.113741
35.620464
119.396737
96.465736
59.907905
90.990652
87.916040
59.215399
39.177332
134.979130
56.162405
41.874439
74.183014
64.421339
59.566235
117.605101
74.427528
48.334677
62.704319
97.414041
151.224535
90.679464
59.711306
50.444235
74.714558
176.200726
49.643510
56.282025
64.860178
96.608179
132.640637
88.159255
28.202550
45.756330
64.908992
84.918929
71.225492
47.994926
107.547737
36.056282
77.862909
43.673407
98.246667
62.961776
74.706510
44.197905
53.450043
98.369872
70.560868
58.577554
62.908710
46.632290
35.273369
58.688299
46.236167
57.635096
76.949439
51.881851
83.949342
61.837776
64.028622
59.743684
60.576000
69.589881
118.707616
34.848804
61.180135
30.942700
115.863527
53.395238
94.041539
22.842591
101.282701
64.183526
40.654341
164.056379
58.457236
91.898997
82.864303
98.489487
97.218686
41.669833
69.059375
46.434780
62.379158
87.262360
87.804379
104.809083
65.110296
100.402143
72.337465
136.925481
61.330661
86.804385
95.918759
45.950663
83.233765
86.825881
46.503507
26.495712
56.915929
37.479293
105.809725
70.991967
158.485553
53.052476
100.846833
97.949464
105.156801
25.247547
68.151121
42.689759
56.444684
98.819981
125.850067
64.998868
57.986401
80.296418
77.603413
64.100589
61.997575
53.515087
58.049471
85.736972
131.147336
56.417069
82.691543
42.702521
101.893467
61.365775
70.253176
49.641153
97.048142
72.602923
61.488957
58.640244
45.143190
41.328031
105.423752
38.114738
73.429479
87.963492
75.070536
48.188508
54.888177
112.365404
54.930308
65.563655
63.567875
96.962940
62.383657
100.026501
51.099595
87.068324
48.688934
71.651374
56.857674
38.850480
71.174856
53.906544
68.101008
31.276834
52.689887
66.295338
51.113391
123.150370
39.643371
76.089275
59.955279
87.003595
41.665766
67.994616
74.195566
92.617520
61.168192
108.213843
99.566096
62.240271
99.638284
88.084809
116.891574
27.189956
52.829955
106.109779
92.698585
65.023516
129.445559
102.556566
124.412981
80.110747
49.185317
57.802810
24.211661
73.265708
60.659296
50.856508
90.664676
63.263449
73.722244
109.607426
90.515939
103.665747
75.947835
75.289713
48.183192
71.006799
49.750921
58.749039
52.571963
48.939249
95.092600
76.269796
43.196643
59.665337
55.546355
76.399959
56.808259
52.927129
42.906740
112.764957
45.690019
37.942943
64.619190
40.918631
77.788044
114.346849
82.514193
79.828501
23.073964
79.195900
62.370653
59.463416
72.043682
84.156828
120.401135
86.875484
53.413908
83.837653
93.761231
160.202926
87.482127
75.603341
81.911150
76.385842
71.774866
81.118743
29.290804
45.240952
89.976308
40.882633
53.241320
43.716743
94.392479
68.183530
65.001323
77.067484
69.600840
66.602095
48.626583
73.650580
71.897469
53.448852
60.729198
60.383257
95.478838
53.422342
125.272399
66.456445
157.991250
65.133980
79.772962
109.747653
74.353584
40.165425
48.827162
82.406426
36.884173
65.463864
105.981313
36.715569
95.048429
63.784860
60.728974
44.522081
96.047066
108.387371
27.812786
30.134299
89.060660
89.265910
70.064495
173.743992
65.579043
70.923011
48.340540
123.155684
80.786850
44.852414
81.563306
