9.547041
3.849835
8.199733
4.064323
4.298664
23.605712
15.691031
6.967142
15.537181
3.857434
10.516006
6.629027
4.795137
16.898074
10.868816
12.721395
21.893359
4.990501
14.854249
16.284828
19.509064
10.387226
6.857719
11.458733
13.143911
32.022681
4.510708
8.195119
9.780782
4.628248
4.929181
6.954050
7.877045
8.037531
10.430687
13.210537
9.472418
3.787941
10.894681
10.363965
14.440054
16.650044
17.508610
22.852205
17.035505
4.114491
3.281512
13.889724
12.461124
15.890374
3.613259
5.602546
9.423018
8.342505
9.990082
13.879290
10.201937
30.639593
10.047229
9.597572
3.439143
4.638983
37.515497
8.244241
22.991809
6.296553
5.244060
6.861354
6.259900
15.480628
10.330645
37.618691
23.630279
7.758439
8.458426
29.497049
6.374798
15.848609
5.835410
15.546549
12.163494
7.419414
11.990337
11.817398
26.452641
4.174335
9.766510
36.072575
5.391953
15.847484
12.851700
4.081087
4.413808
11.665302
12.262902
12.472697
7.356811
20.955929
13.054304
5.574359
8.419608
6.584852
8.578893
7.608398
8.888230
11.693637
12.863003
16.153145
6.964479
13.828619
4.647644
11.718980
28.550618
17.419213
23.112782
29.696356
8.996947
8.006496
6.408404
4.361542
4.184627
7.099608
11.730794
9.292340
19.484708
6.823817
14.212405
5.386101
7.496793
26.969418
13.535559
9.611919
11.638057
7.518979
7.897725
10.103505
18.151689
13.040140
7.446962
6.636165
23.664301
14.843961
7.211126
16.152308
10.569395
7.203636
13.862133
12.210131
7.749787
16.155094
12.579179
9.301488
7.505445
10.757916
9.125417
12.130181
14.207251
9.914831
11.185783
13.401284
4.051628
7.957326
3.705786
26.185754
5.597773
4.966737
11.589275
9.689006
3.783288
4.525530
11.186290
18.047563
32.693629
11.572533
17.309679
3.937540
7.512428
11.200556
6.332492
9.809912
9.650536
7.078493
3.155293
16.306267
9.117574
13.762685
25.149811
8.774439
7.243143
7.810629
8.402988
22.918726
10.350282
16.954036
17.489978
13.965519
14.036143
6.845646
4.137559
4.935461
5.035304
4.288937
16.324134
15.720397
29.062248
3.145389
6.087348
6.087487
15.416727
21.563422
11.521214
8.958331
6.723034
10.789458
12.606220
4.687742
35.098747
13.926140
15.460436
10.914001
13.422726
14.618375
9.419173
23.416027
18.028406
16.881560
13.472803
9.226975
8.912492
11.595789
10.884958
5.354830
21.730498
9.147595
9.214723
30.968202
7.658708
8.539997
11.304196
10.906108
5.279662
6.768082
7.306176
13.945172
10.938879
15.174321
17.551440
10.645004
4.533237
4.809895
7.702714
9.392064
13.183677
2.586567
9.644644
14.095514
8.911045
9.820076
8.921426
9.004684
8.250245
14.491279
8.593266
7.446167
6.279306
22.082474
11.087101
7.857076
18.699852
15.231928
14.257587
10.867768
8.081880
14.106707
19.013570
5.890643
8.280920
5.625316
3.763237
7.357667
10.529942
8.502517
10.892092
9.004636
9.537992
14.526751
5.978747
6.670213
13.454852
11.863272
21.116969
14.605642
10.242855
11.338377
8.663668
14.508921
6.854087
10.095238
15.587825
2.079400
3.616053
10.668961
10.873648
21.860563
6.142591
10.514643
7.357804
17.472313
3.747423
6.879527
16.663760
4.397560
2.764287
18.227000
23.189446
14.054224
15.591265
14.831723
9.420986
18.428088
12.429151
8.680316
10.124420
9.768760
6.716549
19.937465
6.401780
5.247205
8.094358
5.163411
8.467729
9.419282
9.998433
14.908274
8.061449
6.754239
4.089299
5.554370
7.641646
8.693068
35.321194
6.416982
9.956853
9.421679
13.951821
20.695430
23.420270
9.550962
7.827002
12.203023
7.489470
9.544570
8.062085
7.338405
7.939552
20.914952
16.120609
4.150566
8.716250
6.104136
5.386664
10.313522
14.911197
6.797619
5.758191
7.654584
15.809677
12.604418
10.026968
3.813262
4.554810
21.689534
3.362952
6.919786
14.366918
14.485880
10.280110
10.222841
14.326060
10.981614
8.372766
8.885746
11.250234
6.744620
5.918350
9.648985
8.425738
12.170469
15.806275
9.149948
8.367123
13.296596
14.515430
10.406245
9.013744
13.112351
12.527133
9.237787
6.414825
11.080520
21.250041
17.324101
10.084295
8.133069
14.007439
15.269433
10.020637
8.007450
15.487778
6.991694
10.474739
12.309902
16.203643
7.424634
10.031762
10.251128
4.748628
11.600907
9.382362
22.686735
16.687343
18.096763
8.632812
12.924414
15.264614
20.133587
25.229757
35.448073
20.396289
5.149212
11.013477
12.788763
10.898735
8.089578
5.420786
7.961900
6.801663
8.189214
4.912395
13.853022
11.588490
7.325882
12.250690
4.234230
17.031109
9.559966
25.918835
11.069396
15.277446
6.791665
4.995429
5.245950
12.920367
7.200936
10.296659
11.035270
6.677080
15.822170
4.968998
2.829127
12.353880
26.283775
6.667166
29.798283
16.401322
14.547679
4.173298
16.855694
8.974282
11.456010
3.928455
10.971721
14.826062
22.163989
16.990134
8.262241
6.323895
10.615759
12.527694
7.866113
3.595646
6.902064
17.655811
6.082220
6.087768
6.535191
9.263903
8.188457
11.846156
5.691460
6.400816
6.610174
4.697229
18.166121
12.894791
13.079906
18.873585
16.812440
17.500513
10.863656
7.876009
13.039913
21.052458
7.379977
6.897149
6.311760
7.997749
11.080548
10.054211
9.414530
8.406510
10.542986
6.923484
4.317162
6.615839
21.109482
30.701308
10.649648
6.643543
6.949630
27.813140
18.735646
11.809614
6.172839
8.962082
25.272123
21.129211
5.108177
4.730076
23.691984
10.147183
11.810374
6.808642
13.646900
14.729977
5.662807
12.170032
9.133132
8.642576
9.967347
15.994743
5.994796
5.026207
8.571465
20.878622
25.673232
23.821684
6.238996
17.788284
15.173579
22.233579
6.202828
14.621102
8.007271
8.128026
11.631529
6.124959
18.608466
10.668948
17.688273
7.178528
13.516031
7.302668
11.460858
7.843557
11.789735
15.404080
8.536678
15.180262
4.565897
29.598159
4.148598
5.700042
8.580873
12.802915
5.412173
11.289171
6.250168
4.392961
6.032741
10.383746
5.996616
10.475735
16.822255
19.079478
5.784136
9.814747
20.720545
4.270602
3.298005
11.736762
11.619550
19.973183
23.313260
30.217963
18.374530
22.622963
8.669778
12.973079
12.289119
8.073580
11.126660
12.847176
5.379164
11.267306
8.341849
20.990077
13.549788
6.722167
14.778680
14.608164
8.939226
7.762090
26.442381
13.788865
14.105748
11.416022
19.816489
17.458017
13.390890
8.037951
6.294516
11.545275
5.155582
11.335324
8.948795
19.091005
10.862513
8.612109
7.398780
14.431403
10.799830
9.120094
12.564101
11.535442
33.409982
9.228572
9.474627
15.769493
4.724827
4.143753
11.020516
14.042407
11.439021
20.582881
13.958966
9.549181
12.411310
10.495664
14.709280
26.729072
8.059925
8.206220
11.344501
18.539256
18.972486
18.037722
2.458676
5.278679
10.044962
5.097460
5.000386
10.265943
3.536101
10.586852
19.722873
8.570442
15.774118
23.255256
4.186871
4.074319
18.991715
8.901313
10.816708
4.005410
4.031614
11.682678
11.995360
16.829020
15.818086
33.525232
7.449809
11.025158
4.938949
5.226574
20.421676
12.532977
18.636206
12.091758
20.250883
6.668664
5.245866
12.477743
8.492279
5.582582
4.233310
8.133692
9.899457
14.760272
5.145430
17.335208
7.865299
3.600682
26.418557
13.028448
24.433983
11.829932
5.530179
8.911196
14.358753
5.557368
8.547856
9.545108
7.292668
9.027153
6.854047
24.003320
16.636120
11.666106
10.919046
14.668561
14.397216
10.293799
9.685001
17.522535
11.518024
23.609666
11.606730
10.923618
5.165396
9.022386
15.913242
16.208843
5.721564
14.204191
16.109023
7.613672
19.683951
7.162436
12.622979
14.443942
14.175416
4.014996
5.772650
12.538049
8.080035
20.477765
14.106146
9.478318
12.391179
13.026051
9.519122
16.317347
13.127478
18.569695
21.260611
8.416265
7.601704
27.001397
12.307971
7.036938
8.398871
8.178508
11.477571
15.685231
23.340298
15.453250
25.369342
5.823878
13.832694
14.116514
26.479208
27.736476
12.249136
12.265117
9.054029
11.855839
10.415750
27.335649
9.429019
5.831104
21.206977
14.746729
6.840031
2.902714
12.202695
28.834334
22.296864
16.008971
10.681640
9.983770
16.450073
3.567304
7.987272
14.750085
11.911742
10.716605
15.204893
8.555937
12.053754
10.501123
7.908852
12.758003
15.842470
13.525463
12.436472
14.289541
14.846314
9.147853
13.217410
16.803685
13.253069
20.158520
19.763726
19.306756
7.573171
8.783681
13.943097
12.133832
13.123012
11.121874
6.398982
18.406030
11.987088
25.407863
19.781029
12.494666
11.556773
10.902417
9.670041
12.596205
5.977458
16.840009
5.527944
13.554845
8.383884
11.244302
10.650589
18.275811
11.147909
19.968399
8.157627
18.988881
12.151730
17.230066
4.327892
7.848821
6.263903
21.906475
10.826125
28.616350
14.983851
10.456839
16.993899
11.041835
8.754732
8.094585
5.200399
12.541388
9.496402
9.692967
8.417620
7.125480
7.447625
9.653191
10.165805
3.030293
3.880943
11.932097
7.045683
13.792363
4.440983
5.566503
21.059213
25.307663
9.507556
11.347459
16.172696
10.181967
8.161149
13.391626
14.707547
6.042336
11.188628
4.773081
12.309244
14.765069
19.648450
5.547398
8.152816
26.416730
7.264342
13.957912
16.691557
21.181240
8.427274
7.230149
3.994449
9.350769
10.906822
5.982767
12.509713
10.743012
18.122432
9.903923
14.153810
7.239567
4.863520
10.053963
4.133774
2.861563
21.993107
14.169031
32.853852
11.285544
7.512565
7.007686
5.436695
9.489617
5.411287
9.897903
14.936827
3.952902
15.657601
7.659632
27.211547
14.532668
31.874468
9.869562
14.827959
7.802744
5.432995
6.224234
9.606390
11.365777
2.278757
6.298334
7.046606
13.805994
16.167940
9.492330
5.013736
10.947940
7.508576
14.572797
17.582428
4.101062
7.150082
11.209358
13.171962
5.164973
4.603594
13.316012
10.634724
4.135442
18.213879
15.981010
9.066768
8.984724
11.434244
11.208449
7.243616
23.878677
15.481083
5.909672
11.524457
26.345778
31.112803
34.481260
14.726964
6.841856
8.300356
8.706811
15.613166
10.066354
5.841634
20.282670
15.867783
6.671185
12.484501
25.359009
10.562086
2.740736
28.777215
13.065306
31.664098
14.034201
16.252645
12.135728
10.312746
3.717194
9.699751
9.665117
9.150727
7.352002
18.073130
13.025802
9.388234
11.634287
8.950574
25.346307
7.232185
2.960203
12.344108
10.009976
5.145107
12.336588
8.161377
27.212218
17.573426
15.696667
12.049798
8.700863
14.340715
13.939576
5.105927
17.578684
7.958504
7.517674
8.131632
4.004745
27.925234
6.732182
5.198325
6.343342
11.047583
6.575523
7.953644
7.158726
14.464671
15.201826
25.012003
8.979153
27.377831
9.531771
11.223238
5.184737
29.610096
4.479521
19.832640
17.973786
16.795783
7.519492
10.953485
21.760845
12.206356
8.416292
4.791055
3.811319
19.242133
7.850908
6.276655
10.229361
40.561533
12.556548
16.918510
5.834201
11.282030
10.036434
9.004505
9.754809
11.485881
9.544818
12.714966
8.535191
5.183710
13.952800
16.480725
8.810794
8.849297
5.116927
3.287472
6.030470
4.741024
10.481196
4.676519
4.930923
10.422456
7.302815
8.790216
8.116885
5.630084
18.650603
7.913499
4.681342
8.047432
12.648115
10.473550
38.704412
8.474170
24.951185
16.644602
10.438567
7.382808
5.313557
21.083350
8.922555
15.372010
22.777623
5.794725
7.028119
7.060741
10.056700
19.103347
14.562702
8.310839
7.385042
8.049887
16.179204
7.696811
6.277156
9.508629
5.162840
6.417717
7.092059
7.250611
12.485899
11.733642
13.457605
14.367182
22.343288
11.690767
17.961995
8.477198
10.852796
6.024186
5.810149
14.713895
7.358399
6.595065
15.290614
9.310386
9.898706
13.773782
8.700934
13.240992
14.458834
6.330133
54.102490
25.275105
11.145985
5.508607
9.613161
14.148820
6.023589
16.300256
12.611908
12.940542
15.180323
5.150325
4.109015
17.835547
13.887215
4.309688
3.909068
11.819602
3.901786
5.596338
8.723600
4.480933
16.510733
20.009482
10.767563
5.043801
5.868087
15.721604
11.706577
20.510143
9.418656
10.676758
11.256411
10.786303
3.135197
2.790318
10.199879
23.148989
16.058194
7.139132
8.795219
16.725895
27.126176
13.959821
11.618352
3.675327
4.757110
10.207869
17.380566
8.885103
12.954601
5.210501
2.656793
3.935259
9.710962
10.296844
7.809931
19.479875
9.654890
6.682277
6.571218
5.331585
7.481105
7.790208
27.558598
7.901207
10.234057
12.271070
5.927322
30.332109
21.207133
10.742021
15.512351
11.725958
41.074254
19.665948
6.400762
6.026675
11.705258
10.096451
8.222236
3.170617
5.592460
10.160629
8.002571
9.608560
9.532858
25.543095
8.614856
7.009566
24.300893
9.458299
5.973136
27.331806
11.969012
11.284112
6.017567
3.384549
5.491742
17.600873
13.476274
18.974624
17.268018
10.793237
16.539598
8.778126
4.903009
6.473911
17.940510
13.978269
18.792683
9.267287
8.617639
14.797326
19.318759
12.355065
14.004229
5.513625
7.696925
5.894500
18.683887
12.214713
21.613434
27.172821
7.033625
5.576475
8.465315
4.589427
15.631970
15.504293
4.621824
26.257441
6.492565
8.351719
5.939694
12.665207
6.734607
5.387084
19.678734
11.062770
13.794763
24.597807
12.544225
11.231152
9.043196
5.832486
37.208875
16.708494
14.059438
20.149323
12.088193
6.802687
10.640247
8.989604
24.393489
13.435454
13.044795
19.092652
22.171513
12.072041
10.011020
24.628393
17.539333
12.170007
7.423830
5.620471
11.461645
4.940090
13.059374
13.309110
4.421098
9.855733
11.818422
13.224947
5.898366
8.002590
4.026900
6.871652
9.821880
10.987820
10.598038
8.948957
12.546818
4.140504
8.651165
9.598293
2.418973
2.698934
6.863076
9.568087
5.641032
9.670875
27.546944
9.540067
10.215816
18.559061
13.617506
9.777282
7.521514
19.067015
18.248008
19.882415
28.103927
7.014815
5.792392
14.323482
11.247957
21.315728
23.324789
6.471207
8.490514
12.210044
17.251391
19.375710
24.158112
7.113243
13.016126
7.377835
8.539604
20.204244
21.937279
31.214853
25.018361
12.135782
7.764008
10.776410
5.998560
20.214058
5.426567
9.081752
12.129404
16.707196
9.873412
27.569847
16.971497
40.411311
6.075689
3.675629
5.193267
9.033491
5.491742
12.001988
15.910336
9.437374
7.537146
17.309321
10.389966
10.755675
10.999292
5.303271
10.703529
12.946274
5.562685
13.867111
6.861701
4.762943
5.776885
4.083555
11.742943
9.143269
18.441357
10.843909
19.031646
4.767757
7.718520
23.418062
12.092442
14.823587
32.050915
6.484432
6.531986
8.001244
11.019979
5.893901
5.789658
6.938998
4.946986
8.504379
9.545232
16.282880
19.285614
4.565088
5.364125
6.348705
4.800693
21.513173
17.410353
6.720888
6.616432
12.545759
5.666137
8.397463
12.554774
3.950804
10.173087
11.877432
6.133386
7.614773
10.320504
15.853785
14.138888
9.690947
5.264078
2.696787
17.646106
14.411479
17.762127
11.773004
11.916249
12.060023
6.211048
8.083574
17.498566
12.274445
4.014345
4.547664
13.677034
15.523258
11.183823
4.654893
7.187515
11.083443
15.216268
20.018046
10.035543
6.585589
19.497134
12.010603
11.320086
9.122998
5.518370
14.404704
7.689143
6.680702
11.732779
5.612364
7.166274
9.051429
24.059727
18.927639
16.281837
25.087957
8.755666
7.219949
4.198145
24.053355
32.996841
7.566816
8.654285
8.480793
6.165850
8.739450
4.891926
17.636497
12.764351
15.317699
10.643479
4.463735
5.498158
10.532246
15.306694
13.037932
19.861108
8.506978
4.012159
7.896483
6.455215
12.003786
6.808374
21.292584
14.092417
11.432000
11.264094
8.758017
9.624270
6.820221
12.873224
14.007490
19.867467
8.976393
16.801480
7.775877
5.946202
12.146402
19.022174
17.491932
9.180102
10.416903
30.663906
10.675653
17.650006
8.915875
16.271361
11.058483
9.962255
8.454864
7.042840
6.917038
23.685724
12.962579
7.233262
11.393748
5.643411
19.017095
16.952707
11.627284
9.502131
13.589786
17.547568
28.600037
14.916065
7.293572
8.872048
19.892765
12.977406
13.155219
14.130512
8.944110
8.933844
6.957848
26.469793
5.251050
4.217355
11.167085
11.538640
4.981226
7.419989
10.698566
4.964590
13.918926
15.435767
9.758902
6.795375
7.444901
6.209585
4.002275
9.722500
8.202478
9.395243
4.566433
11.575071
10.118767
6.985607
10.501746
24.422362
14.201032
24.532133
9.324641
4.621107
6.347499
7.631754
17.473682
7.829723
3.393066
4.252869
18.783239
13.177572
10.280850
24.268439
20.232327
22.766612
14.860198
5.417540
5.447162
10.266563
10.293678
11.958793
6.884224
2.735326
5.121703
9.948797
35.212364
9.541722
19.333988
16.169777
7.129278
10.314315
20.560318
6.962858
7.475375
21.117429
10.171524
16.652628
9.391260
5.461412
14.004505
5.343656
7.634645
15.013474
25.227286
14.932228
9.114138
7.128733
14.196681
14.885870
9.243209
28.360496
25.261164
4.047511
3.531031
17.151558
7.711589
8.547537
7.710533
7.547452
6.791539
15.513640
11.821186
20.894023
11.009338
12.927414
9.202535
7.139695
5.113385
10.956962
14.457607
6.622905
7.974706
12.890051
13.208837
5.249634
6.666990
17.014537
13.716415
7.451006
21.289627
9.000399
9.076335
3.908847
3.725056
9.034932
20.662382
9.810507
8.240319
7.018458
11.362207
23.926124
10.119188
7.053312
4.276550
7.092254
10.864936
12.687210
8.984717
22.979394
8.700655
5.824690
3.974469
23.237467
9.705580
25.750877
11.348571
12.797975
7.239514
14.172043
4.478005
12.579430
7.806418
9.781963
4.627341
12.795969
33.194880
16.767240
6.464631
5.573634
6.552075
7.907813
6.956406
8.885758
9.021637
15.419467
9.268145
15.195400
12.629377
8.049018
13.057505
6.967533
6.653022
14.251564
11.291657
7.776812
21.198529
8.185078
11.243926
21.265163
12.105535
4.628682
25.026029
9.713853
18.866412
21.517192
17.859659
18.468293
12.125055
9.670060
9.964899
11.151370
9.925210
17.533561
25.333103
10.133740
6.560105
4.466070
6.741635
6.320858
17.193549
8.515037
11.553702
5.339750
10.377236
10.381136
6.775251
7.454061
7.657817
8.002857
13.126812
22.375552
11.766899
17.646709
6.326628
7.397456
32.037092
20.078365
11.114478
6.795382
9.078740
8.223698
14.667784
7.737705
7.625274
8.915548
14.635080
23.525428
5.339307
13.418570
9.952170
24.971023
3.639391
12.206351
14.321311
5.592289
9.808594
7.751505
15.125801
11.423140
9.656015
3.428176
16.976794
26.064302
11.910676
14.736973
14.271607
23.261238
5.803420
12.255668
8.337372
12.747905
11.381400
14.488320
6.850400
6.357035
19.456016
7.862534
12.799705
9.040334
14.906064
13.757493
6.380211
5.288786
16.594825
14.912111
14.027648
9.413031
8.880087
16.724397
11.525556
14.959179
12.947499
12.941902
15.888364
16.062292
6.067001
5.247504
22.235382
11.455884
8.466791
9.276500
11.982444
19.940683
10.082853
12.129037
3.872753
6.835085
12.124400
13.943618
5.355447
7.756325
11.883530
7.365951
14.345114
21.799054
16.395051
10.171921
14.983400
27.439431
13.021550
12.571689
21.781285
7.708385
11.598884
4.849674
6.360619
5.818307
8.157261
8.855443
11.497769
24.268935
12.229260
8.681798
8.356603
33.627536
21.655213
5.642013
4.661626
20.161110
11.313357
11.911064
19.286150
5.811540
6.762021
11.794245
6.934489
3.665877
3.045367
2.094769
3.021527
8.832539
17.373809
17.256096
11.490156
18.270475
15.285674
6.536230
9.879105
10.414910
10.968922
21.047566
17.253816
8.464429
6.419234
3.228971
6.776386
4.742174
8.409262
12.798923
7.271690
7.135844
7.173173
13.690589
10.212487
9.193636
7.786785
5.436406
11.305565
4.642306
33.193474
11.462294
15.759858
14.768564
9.758338
24.857857
19.951044
14.224691
7.399626
11.390051
7.798836
4.056888
5.072677
11.585310
6.870754
7.689469
10.290275
16.237390
6.219061
12.644113
11.012512
16.000199
24.897864
8.364725
3.694983
10.695001
9.230494
12.177605
11.720974
4.784049
14.581651
8.139505
9.644032
12.802470
22.385262
20.318229
8.867298
10.977305
6.168809
12.987130
7.598977
8.692054
21.221838
4.298364
4.288333
20.560826
9.405160
15.980049
10.669015
12.256509
8.202327
13.353420
10.924921
20.246375
19.450970
26.137557
5.572132
6.977002
5.637052
6.887126
3.036085
8.333533
6.457646
28.096631
3.977268
6.064077
11.111620
3.555365
8.453780
14.380506
6.493700
4.958765
11.729588
9.164357
4.578008
3.985006
8.878214
13.341551
18.637447
10.183998
6.973858
7.252559
19.966120
10.231055
10.595967
14.002028
30.803204
5.187859
9.678141
6.353084
12.842170
6.688879
4.076773
24.702543
13.566223
14.790202
8.329691
4.930009
12.240464
2.773836
8.066741
17.153905
13.374303
16.575859
6.137703
8.159714
14.046280
9.168899
7.774871
4.379214
16.583696
9.102338
11.132214
16.152542
23.284009
10.934124
9.869003
6.095044
6.960300
14.592253
26.073289
5.061734
9.823326
6.737358
5.545233
17.436730
7.177048
2.708500
3.614313
23.134491
9.039099
14.379864
14.732871
19.794250
16.553882
5.325859
6.173358
5.508143
10.289598
12.560625
15.055569
6.567874
12.691935
8.479863
7.068017
6.628344
4.416583
11.750362
4.672570
14.308832
13.351892
11.978269
8.446384
14.509281
9.496588
7.393605
18.183106
22.349806
15.436563
15.690574
9.440987
11.011531
12.669623
20.168845
15.502947
11.181802
16.316939
15.063529
6.704285
15.710576
5.825967
11.618049
13.431519
3.825840
2.209524
14.832210
10.445440
19.279036
14.595490
7.336648
14.739612
12.285175
11.797907
10.759767
18.792150
10.248974
9.908130
15.658932
13.855845
25.078898
17.467485
7.543610
7.734063
5.916522
9.587038
18.231236
13.452036
12.420041
13.282667
13.361978
5.720321
5.629974
6.577280
15.315524
17.921882
14.765844
9.408905
5.145459
2.480506
4.901035
9.474682
21.287914
15.775125
5.396277
4.360525
20.528986
4.264474
5.056431
11.505573
6.751349
7.649674
24.855378
29.399843
10.065926
6.549612
4.064466
3.293751
25.797090
19.313049
10.208079
5.703778
6.788562
21.771715
13.643861
10.179363
5.426849
6.805342
11.470802
8.135395
6.690797
8.331414
12.866453
16.555368
17.233131
12.999588
7.566285
8.368998
18.716014
20.887535
17.208985
12.791732
6.253439
14.459120
6.042068
14.216428
6.377414
2.718117
6.360889
14.576892
11.387059
7.023093
12.207982
17.021904
20.917121
11.573597
6.771608
23.459923
5.307270
4.567860
11.071232
30.356079
13.651278
12.630360
6.257501
11.290723
7.034293
10.172472
6.879475
18.319641
19.759309
20.641635
5.788380
9.475916
14.003101
27.591501
15.390924
10.904709
12.604725
5.186651
8.024522
16.035833
7.934055
11.942384
19.238688
6.844792
6.375790
11.206599
15.435112
20.645610
24.504474
17.452940
6.547548
10.961380
13.700330
14.954686
8.184270
19.995744
14.420327
8.866260
13.603261
8.420660
20.598716
9.333008
8.217728
9.474363
8.765143
8.357592
22.256685
10.944061
6.740209
3.627771
12.728179
22.306833
31.705362
18.408590
21.441567
10.450450
5.664053
7.943762
8.870074
9.041773
20.844526
22.554963
18.609714
10.896863
33.825815
3.991943
3.108634
14.348112
10.293212
7.030881
8.503737
8.440874
8.567175
8.841279
18.956689
4.960530
9.284800
6.168450
6.144352
16.975612
16.612651
12.395983
5.532034
9.833148
11.011868
13.663593
18.504053
11.828499
8.628468
8.233384
4.082153
23.568853
14.139563
9.285712
6.391949
4.401059
7.324415
19.879917
14.044687
6.742744
5.109730
10.573078
7.963083
14.043359
27.484508
5.408680
11.587536
4.459430
2.367409
13.831394
9.075853
14.480964
15.852899
8.615211
10.591256
9.245418
7.276969
8.260617
18.498597
10.934319
17.919438
10.805002
5.476131
20.283769
8.226023
22.668053
5.819330
6.479954
17.944563
11.817418
21.130671
25.744600
4.185598
6.522670
6.016019
8.012167
9.307687
12.551132
25.396768
10.529151
15.047520
9.712141
8.748564
4.808278
7.560613
8.764598
13.019519
4.447865
9.156713
21.715334
8.704083
8.495462
15.754800
5.487896
9.405632
9.683738
26.162513
9.878687
11.255191
10.374671
4.385608
6.687793
9.670723
20.646570
7.530145
5.598879
25.494087
26.696857
10.805385
16.780287
13.664231
7.043135
4.517527
15.335941
6.054458
7.641691
14.283002
19.432446
6.339549
7.049268
18.092234
9.443017
15.817484
14.651931
9.017472
11.418436
28.726669
11.872700
12.550660
11.824440
20.435064
10.887335
8.620220
7.917953
5.925171
10.681964
7.627144
12.337894
13.724680
12.209016
10.185678
9.535369
20.226514
5.982816
6.076797
7.874810
14.036110
14.829243
5.058308
14.159625
8.801176
17.091250
17.259722
15.821030
6.574279
5.762161
6.926888
5.949924
10.601764
10.171084
6.992572
3.456205
4.767824
9.306597
8.306132
12.235702
17.100266
12.969841
13.457807
20.104367
12.734996
6.341450
9.714426
5.626960
5.929719
9.371995
8.943955
9.198579
17.712779
4.593009
18.890560
10.893058
12.322190
22.676999
9.988425
8.445053
12.153684
8.955568
4.776985
3.860197
9.119226
3.963040
6.338500
19.758502
6.931229
6.341637
17.566415
14.232473
33.442387
12.133724
12.356623
4.545772
23.476536
15.748330
8.312809
14.382240
24.280494
12.443456
17.243652
4.111779
5.725381
11.798855
15.556221
28.883784
6.929270
6.195334
4.775266
8.467523
13.248115
8.521333
11.190507
9.671865
12.293619
16.100939
12.220962
5.630138
11.821534
5.485121
8.033285
10.843196
7.042622
12.441355
8.536882
4.440093
6.924092
18.269256
10.469960
18.141960
12.582729
15.270196
4.491536
8.722188
8.874512
22.274732
8.492365
7.471569
11.830953
7.484757
7.675992
6.081187
3.446121
16.250480
10.139747
13.012506
8.406831
4.572638
7.514190
24.473175
11.946183
31.563374
4.876219
12.834803
10.076047
29.192250
15.917525
4.517801
7.711484
6.521825
13.821190
9.129045
25.084498
10.110410
11.423675
9.868272
22.354776
22.468197
10.550904
19.575126
4.851707
8.723907
5.253469
4.005546
12.217504
16.183045
16.088877
6.649343
3.519248
8.098738
6.985200
5.530572
14.670730
13.215009
6.166551
6.451698
9.029739
25.329905
8.090617
25.609353
6.573482
7.086660
8.706104
15.648362
6.945912
5.547769
7.765077
6.766287
5.224240
29.802387
11.235403
5.452762
17.777756
7.776439
10.416016
7.664257
7.875667
12.414406
29.080321
21.867315
6.412975
4.472328
6.695799
20.809059
10.542476
29.858635
8.263415
11.372811
10.507433
10.368870
22.245315
7.673091
35.005533
15.658039
6.600537
6.890071
10.706644
9.120711
7.319095
5.443935
7.519392
15.177052
8.762144
17.828200
6.607961
8.416625
16.470749
5.780489
5.556597
5.427962
8.200407
10.698434
13.477232
5.756942
6.030924
5.137726
11.388212
22.561848
10.403697
12.755912
9.044440
12.773320
10.646388
13.300862
8.328729
23.077836
11.628656
9.348455
12.150464
16.245725
23.151868
14.690513
27.313452
6.532442
14.920239
18.395790
11.933218
14.080170
7.555397
13.705190
11.911230
10.626420
15.291945
9.297661
24.875277
34.279791
11.475182
14.476337
19.683614
10.837007
9.262529
15.060233
20.494223
10.091593
9.354303
7.802967
10.797177
32.561104
13.185508
12.422497
7.353002
8.126105
22.368655
7.511390
11.799708
17.591805
6.630131
10.134498
12.302055
14.859420
7.322115
11.412314
8.419734
12.437072
7.650839
6.773458
4.103265
7.637987
20.715340
8.447727
6.241272
8.602186
17.543997
12.978862
4.099169
5.187156
10.652973
4.654734
10.931286
11.256719
17.044415
10.267776
5.925851
7.614764
8.987715
19.771909
10.463673
9.911196
8.337010
15.690109
5.393381
7.722300
6.703368
9.608830
14.496538
7.552719
13.075833
17.723451
14.192044
11.587156
9.027827
22.774197
17.357528
12.503554
28.010811
31.886078
16.144172
11.835820
7.259233
11.982293
8.561287
5.605106
5.482987
7.406998
12.841455
24.322363
20.965138
8.444608
5.567205
16.827845
12.235835
15.319038
10.496786
17.494220
10.885245
8.570758
9.819451
9.064282
11.740477
7.277013
6.464480
11.802107
4.936303
6.396172
9.596503
5.369284
7.058500
12.633357
26.988511
5.946736
30.413458
5.256993
8.235210
15.181264
17.770826
9.749201
6.825917
8.472581
7.043661
7.583914
7.413357
21.962495
18.240835
10.754428
11.795596
6.115458
16.614145
15.642752
11.726209
10.529297
18.151100
12.134362
5.609253
21.150192
13.197188
4.773641
7.454928
20.487675
19.847487
12.273011
10.666407
8.175894
21.190135
9.397896
33.202869
12.310712
7.741862
15.684389
20.672212
22.312490
20.617136
7.173264
15.850398
13.576346
10.762960
11.744343
6.583559
12.397298
6.912868
4.879593
5.997039
17.868519
6.671652
8.949729
8.334306
43.402622
11.207262
9.310290
8.067649
10.883654
11.826838
18.299637
9.092938
9.903266
6.480567
11.756478
23.262720
13.709521
15.150845
9.096707
10.451685
20.208884
18.118829
27.399971
8.809239
5.532303
4.738671
3.555920
8.436490
10.629898
12.728182
12.682660
9.683967
14.649460
11.255463
10.771921
4.104764
6.488093
11.536950
7.924534
26.239724
11.199157
5.051617
14.336733
14.845044
17.657208
17.565430
13.116587
8.133593
2.840098
3.602845
20.736356
10.476783
8.461603
14.495190
11.996104
5.962550
7.134831
14.207599
19.772816
20.686825
15.573170
10.977606
15.115811
7.070202
14.182667
13.205844
4.602866
7.088898
9.990773
15.875584
32.104360
9.862042
8.392022
12.529706
1.909808
10.487149
9.079409
23.904159
9.015043
5.007359
8.795235
10.487091
15.196636
3.466444
3.738189
3.448385
8.063374
9.777484
9.961017
20.688038
13.992785
6.699246
4.098141
2.813654
10.158671
4.635500
11.024187
7.533722
7.943736
13.593505
8.952345
17.018836
10.998675
21.054546
17.911069
10.748387
7.307986
11.465497
16.089121
5.701988
11.561474
15.738542
5.829152
7.432743
12.737450
10.361487
10.311447
7.022688
10.115881
2.893626
8.332149
20.627493
20.766351
7.169690
7.345895
7.626352
9.111751
9.875114
14.013338
5.376364
8.717538
17.132010
9.455713
4.613222
2.214991
5.769514
31.328855
11.203304
9.883343
10.113040
6.913897
9.470376
6.436131
8.701539
9.495003
15.422079
14.294811
7.741892
7.423409
5.942814
4.912496
4.885130
8.414047
11.929631
15.102728
12.499796
10.047044
22.327176
10.786877
5.715631
4.496192
13.902932
24.571510
27.289531
9.099076
10.009174
14.053009
20.495577
16.521008
7.121570
5.882967
19.474227
32.473315
22.292202
5.718810
21.730994
12.086623
17.355032
15.632312
8.185053
4.421153
8.382352
7.919582
8.027156
23.875970
14.917408
11.281206
9.961980
14.503396
10.969214
12.731850
6.987674
16.777925
5.167273
7.327371
7.976793
33.753743
5.166790
4.129339
6.748625
5.938285
11.565946
7.110227
8.906060
35.634349
11.935078
3.738226
5.511561
13.448511
6.545895
6.045939
5.610918
12.930697
6.402142
4.554749
10.297588
3.374966
6.641196
13.618368
8.182660
4.733294
7.980476
5.318475
29.960453
9.343722
5.268640
3.417444
13.794089
10.395833
14.848247
5.561276
15.274841
9.146119
8.822042
10.821901
5.172316
9.073149
20.629989
10.862648
13.387361
28.875517
9.630046
18.540975
22.833857
14.782295
25.980004
25.909341
6.078828
10.418200
14.749041
12.564695
7.963774
11.230306
7.198195
18.081588
7.388700
12.617182
23.934748
5.399130
6.483323
7.818414
6.459155
16.702033
13.139269
15.064389
5.887103
5.872954
14.420448
14.615367
7.911747
9.717864
11.770488
17.140233
9.658735
23.242674
14.005985
16.543802
5.519630
4.034727
10.580816
6.832754
10.267260
16.386067
11.804322
16.218919
16.808677
13.069633
9.859223
4.629859
8.932479
9.914459
4.280086
4.355893
10.812611
8.282205
17.178127
22.579475
13.294221
8.149321
5.929125
10.312909
24.523066
8.039753
8.914683
5.909776
19.238469
14.832675
8.322466
7.820559
12.454302
16.362543
7.809236
6.036607
9.507761
6.520298
6.844520
11.114187
17.545796
15.436976
13.609352
14.789768
16.137509
22.240027
2.794572
4.214152
7.245140
7.989946
11.340123
9.022623
7.350275
15.223628
7.575670
4.665764
21.432231
10.424415
5.304127
5.040023
4.342793
14.220035
12.162635
10.727810
19.854240
14.240663
8.133569
10.756986
21.118537
9.859268
10.047871
17.625542
9.326633
7.261552
12.152115
8.937654
12.432009
5.656911
18.650242
28.237839
8.557297
5.283626
12.596817
9.623466
7.181101
19.748516
13.561523
23.208720
9.210924
13.540489
18.744205
31.336900
28.718667
5.906799
8.223550
14.832456
6.768791
10.787400
20.069013
7.533307
3.957040
38.535628
18.471840
19.777421
18.568126
7.243438
12.881074
6.402346
7.347131
7.548036
10.591820
26.706598
10.490746
11.630749
10.334905
19.042288
3.274236
12.758059
12.938626
35.784855
27.271247
18.640590
6.623547
6.789498
11.500958
22.149833
13.525642
14.119686
19.817739
4.222089
16.018967
9.289411
23.273632
7.544900
9.949122
14.973877
8.431704
12.885331
9.212191
10.391912
12.707730
12.822768
18.536336
6.271873
11.099979
10.974943
14.413539
7.552811
3.830043
7.148867
5.214437
15.710241
5.114484
6.451207
9.530477
8.145895
11.059255
14.162214
15.076512
10.762907
17.291667
10.493507
29.011254
5.675370
5.748994
12.423831
10.086604
5.998361
4.916677
16.845422
18.346773
10.969193
7.020074
6.040206
9.995184
5.899761
20.688873
23.842976
10.287723
8.253522
12.695527
16.761035
10.665454
8.885013
7.897828
23.351400
11.845001
7.861261
9.960734
2.771255
6.754415
15.867184
4.621972
7.117213
22.334181
10.788680
13.536902
10.604085
10.496256
3.987807
5.442768
9.044525
6.188724
10.054341
9.274161
9.733266
11.354056
5.192172
9.502183
19.255813
8.238589
20.089039
25.391829
16.106134
23.907315
15.537159
9.871594
12.432864
21.878652
17.246368
10.424751
16.342924
19.643044
25.148261
7.925551
9.438651
12.798625
5.891706
8.152507
5.801932
5.586190
7.074279
7.761797
7.183075
4.513191
7.491356
9.382971
6.111304
11.422897
11.228472
10.692938
7.094115
9.829075
12.796513
12.263852
20.470766
5.007181
9.763651
12.557980
10.532728
4.531358
13.585197
11.913294
6.971655
10.398477
5.200288
18.458193
14.149186
17.297640
22.100254
10.183180
23.491181
12.708292
7.870812
9.581280
9.320057
9.154536
19.034722
11.508541
21.543551
9.686676
4.391542
32.406081
11.877029
28.311754
24.691922
11.753629
27.144212
11.171253
11.348646
10.450604
7.776996
10.519488
11.738204
10.178192
17.208050
19.738039
17.567834
12.314571
24.396000
9.933096
8.412990
13.095408
11.523632
18.818475
13.361981
11.688911
7.242450
29.515681
8.798717
3.288611
5.582199
11.022954
19.598869
23.723592
12.101117
14.682215
11.040127
16.717525
3.272416
8.796470
17.078559
14.833350
15.949924
16.688581
10.164706
14.290324
27.294323
17.807279
9.163441
21.744927
12.989601
6.697850
8.607068
19.214897
21.631844
7.591848
8.381806
37.421317
9.014467
9.733905
6.590104
7.044044
5.227047
5.566109
9.768691
11.696296
3.527283
12.701584
9.353778
10.122974
8.686672
11.551230
21.065065
11.038690
10.857298
11.583794
6.995695
11.550284
12.222886
5.224447
8.550966
5.837608
7.995985
5.270807
6.362092
7.604745
11.356385
6.974171
13.781459
13.770179
8.957356
11.608481
3.264929
4.058708
12.486276
19.298070
14.038823
11.665313
8.341307
11.485145
20.608593
14.006623
14.213053
8.006175
12.834826
9.079105
5.523969
7.248038
11.755920
10.947143
9.912910
19.671601
11.788675
17.750473
15.269048
24.076691
7.301918
6.777763
38.941462
6.796224
6.440290
9.747019
10.542625
9.734696
24.608481
17.880589
10.770606
7.816609
28.699843
9.700182
12.124729
6.652556
33.430268
20.592104
11.418604
17.537136
7.433548
9.350837
5.704283
3.003306
7.152764
15.091697
50.613286
5.452378
5.642992
12.108711
7.698568
20.300301
5.809629
9.071232
8.323055
8.518978
21.719611
9.645179
23.223243
7.217971
5.696396
10.031732
11.145350
9.385142
9.917355
8.105363
6.435982
4.498175
12.368642
6.733151
12.674964
15.812091
13.272498
8.836539
9.013747
10.232893
5.053555
21.118135
14.554331
11.322176
10.303400
13.602289
11.038190
3.252147
4.554320
7.652061
26.157945
17.742763
6.415022
25.576465
7.766073
14.590176
13.272618
4.210404
4.258455
24.747808
3.564509
3.091445
10.638924
6.984269
11.779743
13.461820
12.754222
8.199883
6.619362
8.031304
8.854987
12.022594
17.762873
7.871821
12.815371
22.661761
7.193626
12.083747
26.376899
6.107733
23.231409
9.443966
12.237128
6.664692
6.316360
15.069988
10.669986
20.060429
7.204241
12.382964
18.696983
14.560004
12.931348
11.161021
30.331731
26.461070
11.921817
12.537386
18.771633
6.613051
8.884515
11.942387
12.853748
13.119531
5.303428
9.512397
22.108907
9.904797
10.991446
5.109032
8.390080
17.742809
11.954866
40.303424
5.253704
3.512534
12.981142
11.529678
5.109155
7.097473
6.810311
8.105398
3.539488
11.841200
5.217257
9.376548
16.583056
15.080546
7.177848
15.950099
20.119107
8.401842
15.898074
15.229625
12.587371
11.033668
36.748450
4.045271
4.957295
10.362325
25.405442
6.151071
5.190071
4.107097
8.391957
8.765683
12.995175
14.833985
10.674127
9.773044
5.328446
8.942970
7.928259
17.112343
3.241449
3.423011
6.733325
10.657188
7.854427
4.125297
6.486889
12.852228
11.479202
5.520551
12.456857
6.969926
5.483370
12.188984
12.460508
10.783517
10.221711
16.379391
16.648753
6.226494
6.968538
21.842300
9.128437
6.461082
8.711654
4.886522
7.103509
12.163302
26.875303
21.345106
28.953339
6.367610
8.929734
6.168120
5.533610
5.057161
19.418208
26.182075
12.949205
30.061074
8.536933
8.371452
10.099560
2.544169
10.263893
9.873226
22.791114
9.417227
6.987258
9.403475
13.585010
19.895731
9.852909
19.107999
7.774295
7.299176
6.292833
8.852249
9.561343
10.157022
6.766910
13.205117
4.160415
7.485945
14.807423
4.790756
6.278594
10.604591
11.819420
4.715390
4.115245
13.243936
12.418272
10.665009
10.606219
16.232213
5.812167
8.689161
17.815635
8.668044
19.707206
9.022890
7.294367
6.576204
5.581752
13.612046
14.476094
25.509030
7.737797
5.417414
9.072352
13.932144
11.556604
36.031194
5.485620
10.797940
7.701353
8.047868
15.601820
15.664054
6.298145
4.585587
3.790694
24.093253
9.288259
8.640512
13.375199
11.253136
14.998495
16.728602
16.789244
12.975180
4.762998
4.887373
6.873823
8.806572
3.033706
3.549747
14.201302
22.825714
14.835450
7.655241
15.657627
5.193437
20.647678
7.463313
15.527700
14.795698
10.118643
5.087740
10.782312
10.952524
6.262789
23.466965
5.294702
5.878877
6.011139
12.033403
16.758641
11.346581
4.214907
19.200241
10.968905
12.803423
3.717089
10.829903
15.894384
12.594609
11.050093
17.491109
15.666288
4.779670
7.956607
11.819429
11.962270
8.146596
19.683182
8.548121
6.400126
8.553090
23.705520
9.199932
5.397083
6.340515
7.312914
22.002995
7.623331
12.912464
10.395767
7.071400
10.085473
16.398058
6.297911
8.317446
16.041673
14.359276
9.353453
20.321987
14.254132
3.352556
16.192368
6.430158
9.409760
15.502067
4.662471
7.903783
4.330178
4.901189
17.739795
11.968529
10.297605
22.694295
9.553909
2.815056
3.014413
13.639494
12.045397
12.604009
13.426698
12.276291
6.612104
4.670813
12.569387
14.207867
11.777650
3.523595
4.975218
17.595976
13.780309
12.183293
12.416080
13.251556
7.280008
14.803359
21.971215
9.646965
13.843643
13.695628
3.483975
3.290238
22.911958
8.831637
12.179757
17.649658
13.628518
14.275478
14.677521
15.446420
8.671379
12.982672
11.695797
9.020642
9.795407
11.727889
17.233638
7.918033
6.398260
9.247138
7.752152
5.042357
12.618787
8.884634
18.404695
13.167703
34.907936
41.120445
6.645510
11.118783
8.985369
7.266942
12.198391
15.776428
10.934786
6.742255
9.660211
5.033423
9.939698
6.351924
16.613651
10.579434
13.808911
13.940825
5.946935
8.601085
18.106147
7.574062
25.974904
6.368655
9.285391
7.895479
8.817036
18.305888
8.564827
12.040942
6.254625
2.127490
3.043152
11.870972
29.012138
26.129695
9.810185
17.745321
9.397166
16.931119
18.904133
8.387737
9.374633
8.480390
6.656992
8.062473
8.470441
16.673672
4.977589
21.008627
9.684189
12.615959
5.235819
7.666615
15.323233
11.787824
6.898464
17.142455
20.710711
9.384015
6.275994
17.008434
22.206026
9.770333
14.443332
15.917069
23.821754
6.609579
12.359916
21.112605
8.363759
8.557661
6.627148
17.382163
10.319043
30.647997
12.028304
5.392518
10.416757
7.357161
9.695041
8.334949
39.034716
19.977798
12.791013
13.726443
9.131778
4.644062
5.848015
24.421190
11.909200
8.264450
23.209694
10.357904
9.825056
4.339002
6.281402
10.129604
11.465166
3.966653
9.482374
11.949309
16.382629
4.774698
4.822595
14.644721
6.634389
9.046907
4.334394
5.728886
17.619490
22.464150
9.437493
7.110036
17.646242
12.727374
21.113190
6.673947
14.158980
15.960924
11.853932
7.719985
4.648987
17.713852
34.466922
16.616305
13.909950
12.884074
10.156333
12.515693
22.943958
10.969142
10.600636
24.558848
10.705011
11.069050
25.592760
14.488518
19.070208
21.997760
8.936631
3.550067
4.639713
4.111411
5.665042
8.983374
16.261952
14.778324
8.615766
8.764000
27.657275
7.871199
7.853352
6.690229
15.963499
15.492678
15.231345
6.992923
13.958404
11.970268
11.844134
10.657690
8.723846
5.875607
5.384973
9.513780
14.363737
9.735381
35.823235
5.281850
6.254189
5.955548
6.729229
12.686721
5.390903
7.352306
6.360645
6.664800
16.179448
6.958670
15.824698
9.963436
8.086273
12.354524
6.993086
2.501278
5.981052
5.666247
5.871634
8.467530
9.450973
5.035973
6.343518
13.943709
12.396879
7.259295
3.115898
10.018112
14.138810
17.359325
9.773516
7.159308
11.678719
6.419369
7.923645
16.143440
14.199708
20.908204
8.829852
14.568870
5.902883
7.583646
5.967897
3.720464
6.311057
9.472938
15.424828
5.067620
5.004701
8.278751
12.863775
5.790241
13.812911
5.986282
16.389408
12.942737
18.134866
5.757116
12.318978
6.166832
19.924374
7.857793
10.647580
9.447801
3.272708
8.561145
5.265131
14.178298
20.681085
22.736104
16.715659
8.586032
21.704578
15.938723
8.655289
8.353835
5.835580
9.711387
8.360865
7.556164
7.180734
16.736984
5.768098
8.691689
5.178558
8.782574
8.689325
4.230685
5.969425
9.916869
9.498195
7.630515
9.164334
23.264193
11.206712
13.614626
17.150659
5.672776
6.532036
7.362453
12.551820
13.131606
6.180556
2.864940
14.700286
18.550946
17.907843
6.334847
6.745316
19.173963
15.359820
9.494271
18.695284
6.010592
8.303162
8.173756
6.192379
7.385488
10.409657
7.520040
43.312948
8.433786
35.975186
42.313299
7.455777
18.533052
36.607306
15.051567
11.813531
10.379449
14.677612
23.399859
25.344555
13.883737
13.946774
11.420935
9.744765
9.130166
10.792892
3.441592
16.845369
7.793707
11.337666
9.146260
12.841646
19.356172
7.872994
9.908745
10.485037
16.393909
19.217328
8.366990
13.597728
13.556836
4.139547
6.629415
7.230069
9.046539
4.736521
10.460582
9.062034
19.512138
12.486752
21.459217
8.426903
6.996889
12.859380
9.548608
7.072230
6.724575
9.474595
5.675775
10.386883
16.623792
18.073667
17.764220
9.016390
17.296361
34.297338
14.920350
13.806904
6.844984
7.713081
17.955933
10.927626
11.493705
12.348778
6.007009
14.422822
23.112613
44.389999
7.442795
19.255940
6.747802
9.541893
4.387971
13.309609
11.341770
36.871457
16.302818
8.966009
9.665094
9.384666
6.346678
10.738320
8.486019
8.937955
15.783551
7.735230
27.652361
6.613181
7.067208
8.768421
13.134747
22.297054
21.211958
5.554894
18.462039
16.935958
16.086886
4.676497
8.243737
6.122689
14.883396
12.163015
7.295537
7.879450
21.945191
28.230017
6.432484
8.014587
15.572066
21.057417
9.207615
9.444006
7.725027
11.380994
11.434457
7.333515
11.768243
19.219858
10.906580
18.596339
9.084397
22.530977
17.211889
19.453548
7.839180
14.366777
6.693684
6.648623
10.105619
18.025889
8.411482
10.205447
6.941921
14.719814
12.290218
13.286465
7.943626
13.544238
14.081703
18.869617
16.625764
6.360196
4.551539
5.556174
23.353424
7.739829
7.105504
9.008661
24.668628
17.415266
13.194603
13.501576
5.572407
4.499034
7.986943
15.969472
9.712097
10.231578
4.763159
4.281578
3.357354
16.541318
5.328452
4.854036
13.543112
9.603121
13.744542
9.928298
14.181877
11.222223
6.156643
18.587221
4.821590
4.318688
24.126783
7.210830
6.250271
6.350277
16.459231
10.496726
5.105185
3.465013
16.762392
25.561843
8.021681
8.197003
9.173481
10.265565
8.680810
7.150108
13.608333
9.401334
12.473248
22.838931
11.465853
15.027840
6.878706
20.559890
23.148602
7.525342
10.522658
6.102586
7.836791
10.123435
15.359879
9.711714
14.302255
17.600767
34.507048
22.803959
10.042613
7.490872
10.763744
8.446383
8.862436
11.905512
12.345983
10.371858
8.446284
8.495136
29.909386
8.942828
5.164584
5.035429
17.839365
9.222770
6.280682
7.033604
14.964168
9.344327
4.847257
9.278389
24.849362
13.053334
9.284367
8.206757
12.317496
7.830497
17.592517
14.896977
12.359287
10.604830
17.472219
24.895715
12.571653
9.409962
6.647409
9.377049
12.404492
14.323468
22.955330
11.277981
7.860324
8.435993
9.675306
7.363928
6.834581
12.323254
40.439169
15.571586
14.259423
12.438466
7.303262
12.524842
6.693004
12.304721
10.907659
6.851524
7.188211
15.063005
4.689605
11.102446
5.771460
7.046164
20.920278
10.921229
8.350748
3.748527
11.226545
9.717310
7.861872
13.138394
5.569211
16.794596
17.886492
9.637521
8.877478
6.665902
11.545707
19.990273
9.882814
10.360468
15.502011
14.959061
10.608535
24.212241
14.253145
26.968481
7.258235
16.125556
8.065426
6.902147
17.547888
11.357172
12.411049
3.362548
7.757998
15.067160
8.339873
12.278019
7.294097
9.965185
4.036895
21.012361
6.209414
10.958320
4.737176
22.884388
3.754708
4.936464
6.086370
10.523261
11.213626
13.138066
16.896113
11.571743
4.682708
18.191155
13.393018
12.523469
13.929938
7.090960
8.138053
8.986192
6.369813
3.226144
4.970057
8.254605
8.218499
18.699645
10.380391
13.398569
7.457398
10.485165
24.002023
12.531618
15.412485
13.872218
16.582211
4.967529
8.675479
38.572860
8.104942
7.557671
9.729990
30.700154
15.705988
10.802674
10.577843
17.342465
12.852819
21.514738
10.539693
10.217411
13.374345
4.561543
7.929034
6.107656
3.294099
7.753648
27.755450
9.928131
21.690305
5.081743
6.186263
6.305417
8.094887
14.390257
11.250490
17.794600
10.303826
19.720246
7.985019
17.350426
11.018793
7.338590
10.086370
15.106129
8.848745
38.544048
14.152485
8.711341
6.970040
9.998792
7.098835
6.280914
18.651611
13.885250
3.974010
14.312734
6.149548
8.264997
16.552941
4.545456
11.379037
14.398866
7.641968
10.199773
14.749924
6.619514
12.719467
13.120232
14.798959
7.669308
7.023530
7.561362
7.272861
7.848883
6.761880
9.972022
7.316414
5.929039
10.740543
15.124731
8.639045
6.004013
10.505226
7.115354
14.781272
13.422556
7.816532
10.012396
8.560079
3.519540
8.201785
4.173826
7.001759
6.105302
16.394058
9.534175
12.685396
6.523252
6.607693
6.788712
14.274810
10.582444
9.735940
16.081110
8.592950
5.516527
9.753445
7.578671
11.703104
9.244537
4.954917
22.372022
8.542072
8.946705
12.685538
7.396357
9.018091
5.987356
8.974794
5.932772
12.280977
12.423202
20.714118
8.183386
8.824301
24.347887
8.506997
6.387920
16.618358
11.063378
17.428677
14.538953
4.852827
2.946770
10.914635
18.093956
14.213189
9.324100
6.424353
11.559093
9.645138
13.280136
8.148189
18.438484
4.036624
14.811273
12.300737
8.093380
8.049619
5.549130
18.185667
13.662061
10.685988
10.632884
6.546123
7.885670
6.003559
30.217601
9.774300
10.792513
15.325553
20.496424
23.008083
6.031924
4.474013
15.649391
12.577688
16.362328
33.302284
8.523991
16.056063
14.532151
13.962719
5.846004
4.380691
5.457223
4.026932
6.930606
7.570361
3.565854
6.077111
10.986964
4.792667
10.812102
8.948189
10.618001
12.183092
5.220710
2.318095
5.953636
5.758534
9.065680
10.974758
11.580913
20.222483
6.492715
2.513452
10.207857
10.117128
9.705896
8.421770
7.200560
7.380502
9.815282
9.395109
18.946462
8.133703
7.963808
5.685719
11.835430
10.864415
8.081709
10.302557
11.336374
11.172329
10.679290
5.848283
4.585266
7.520643
24.124381
8.047541
13.943583
21.616094
8.134802
10.945834
14.990160
7.513511
6.847591
5.327986
9.283472
16.530367
17.708679
20.244988
14.280966
13.107022
17.732397
6.250813
5.364257
14.096812
8.365085
4.717806
12.338838
10.690385
10.770994
7.239990
13.776096
15.367274
13.804951
6.855920
5.848151
10.503323
7.726708
7.017457
23.786674
10.800857
5.687183
22.673307
21.058070
8.245910
11.676531
9.959046
16.927761
8.604759
13.704640
10.235367
23.190578
28.602978
13.335975
5.969110
8.396433
4.992192
7.478680
12.313366
12.462731
16.794229
11.025531
7.481448
4.066608
5.298631
10.613246
5.644393
9.453919
13.188707
20.041605
5.700156
16.330868
8.599886
6.845162
7.066423
5.858899
8.339639
6.384512
9.389237
9.906671
13.330574
12.614497
5.174036
6.421409
13.861108
24.677230
14.881219
9.169139
12.079013
17.642938
6.192257
19.388142
9.900116
16.582933
4.564854
10.535444
26.778983
4.746914
5.958215
11.767474
12.342127
16.716153
19.818560
4.241253
7.193904
16.128223
8.822378
7.070328
9.899472
8.844763
11.028585
9.576829
9.044233
22.673662
7.581210
4.969828
11.977415
17.221831
15.143770
10.481534
6.454819
6.326580
7.228301
6.867142
7.250182
33.780950
10.018767
10.141189
7.076419
7.374457
10.889207
4.939730
6.307260
7.874293
5.991067
22.331698
19.345663
6.275775
9.637899
7.871168
14.005485
35.202525
9.746892
29.990927
9.491911
18.791038
8.753003
8.517004
8.662013
9.979972
6.014633
8.533065
8.553618
11.282723
6.567373
14.502810
28.140552
10.721121
16.062411
7.459169
8.137469
15.055860
25.130089
12.136595
20.167473
17.797232
5.413093
8.996652
10.842180
4.603754
3.096421
11.779725
8.814864
8.524704
8.747247
13.637794
23.363073
8.334831
3.644403
7.520723
7.913445
6.006186
6.031491
17.890219
16.013026
12.481071
13.435202
7.895027
6.949950
9.433864
8.910805
6.614166
12.030106
9.291120
10.177346
10.963785
6.219644
9.304737
10.336402
23.676355
4.237266
13.090428
10.570612
19.406722
5.964930
11.097703
9.466027
10.009487
8.194578
20.565722
20.605358
11.360280
7.995718
9.949879
16.222235
12.134538
12.880642
13.240159
8.923690
8.160206
3.790911
6.350563
14.362297
7.791982
4.638898
9.221656
14.151592
10.096400
5.226618
3.690845
14.660015
14.308788
18.596178
19.773306
12.194444
6.394264
10.871877
11.801780
7.887285
10.318800
11.788215
23.374167
7.873194
11.751720
14.487100
7.831985
14.653318
13.255622
7.016550
7.964282
16.192278
19.053160
20.006053
22.284088
6.531801
26.653866
8.481469
9.991082
3.811891
5.533711
13.791719
26.629808
19.802457
8.521412
11.285693
7.543521
16.006386
6.265461
31.254768
13.622691
6.352010
12.268140
10.080595
6.538308
9.750952
7.684778
9.513230
6.054446
5.421067
4.160839
4.608522
15.511499
13.735819
11.472437
13.596352
5.816672
7.125341
7.521629
27.569709
4.798414
3.864579
5.699144
13.083784
6.580751
13.145465
7.022334
6.215093
11.580444
23.624704
6.154008
5.369413
7.354973
9.662043
20.031597
6.338623
7.005343
19.994410
12.977646
23.522850
38.766350
7.066820
7.343484
14.576710
11.943689
15.467284
8.894306
4.279361
7.103334
13.837631
6.058858
7.049158
3.992532
12.364424
7.861295
9.351864
7.082224
6.370582
8.038774
10.946177
11.838303
18.701952
38.361920
12.745453
13.097974
9.515291
12.617040
17.741360
7.040423
8.201183
26.940147
23.282165
12.757391
21.162686
14.170279
16.103634
13.016798
11.551086
20.573681
10.174306
20.419107
14.440388
13.168491
18.428495
11.674961
10.874875
6.912276
17.463469
6.100909
6.110117
8.421159
6.328464
6.426078
11.111200
14.138447
12.831739
8.180112
20.975402
12.532600
19.614520
7.512006
11.147731
7.987427
17.333096
12.427944
9.320613
11.192597
8.806439
5.718884
15.281116
4.814077
8.407397
4.182620
8.541155
4.899740
4.722737
10.947751
11.981507
16.278267
6.944579
5.366772
16.040454
4.340757
5.056585
8.361354
4.268808
9.747636
14.163875
17.640479
11.050550
22.289395
27.075398
7.795932
11.496473
11.153257
12.988997
16.165426
10.455689
17.531952
10.519597
5.378706
12.512819
18.078900
8.111474
5.424613
9.479689
9.703932
4.830782
7.121602
5.779826
14.162129
7.661549
11.103635
16.784826
7.951213
14.718140
11.712051
23.579532
25.410213
29.958155
12.727052
20.016726
22.958370
8.837421
3.813663
4.846292
20.647382
16.917313
18.102114
5.222715
17.943707
12.558778
9.429302
6.075605
12.080146
3.657231
14.051771
22.171897
14.015751
7.113726
7.562019
13.187801
4.752549
4.929759
5.344790
6.617799
12.018186
8.808005
13.596723
8.091185
14.373340
4.067510
3.536430
14.967530
23.697345
17.449795
12.152013
7.958102
13.844861
25.785371
22.726285
16.649698
35.478462
4.876961
11.568303
5.592376
9.317474
16.535912
6.019823
5.782438
13.446838
7.653012
9.298232
22.594959
8.437673
9.629370
5.515306
13.175835
6.611480
6.869084
14.651817
8.140830
7.191974
14.808926
11.799596
11.345734
6.829963
8.548438
21.762313
10.801938
8.566037
9.229383
8.214806
10.500265
8.387486
8.389675
17.056529
7.305797
13.263615
10.699462
30.138768
11.930508
7.078697
8.472417
12.007458
3.690126
5.333854
11.121107
17.337185
16.499436
16.436146
11.663021
22.085267
12.361088
30.245455
11.255389
22.270593
13.987974
6.290310
17.606420
16.638174
18.698617
4.832309
16.795454
8.658038
4.333901
5.094388
8.820704
11.796079
13.173982
17.424028
11.411504
23.973870
17.423809
6.589591
14.968874
18.397948
4.619349
10.272835
41.903286
10.329151
13.820263
6.923964
9.591417
12.755524
10.640064
14.173487
8.714541
16.757291
25.926723
8.302449
6.196414
12.326552
11.989510
14.270015
13.750403
2.609825
8.946410
15.011441
27.347482
4.903225
14.209057
9.777347
9.906251
6.718066
8.024456
10.337339
8.014388
8.688170
8.503179
23.506408
12.201270
9.747231
14.534430
8.324712
12.834950
10.752872
16.121374
10.571143
5.697065
10.971093
5.746061
4.985353
31.042713
7.512564
14.443827
17.134785
14.029569
16.975591
14.083538
11.027860
11.278725
23.091337
10.197531
9.947007
9.294037
9.147548
16.886333
26.034771
9.097344
7.720296
10.814897
3.949195
2.904313
4.967745
22.776814
8.667941
8.369101
4.082653
11.273750
11.117064
24.955989
4.789698
19.709693
13.062269
24.719539
10.623383
13.626177
9.181552
9.141819
8.232106
12.988754
11.630976
14.247427
7.036099
15.423047
9.694508
10.068970
4.173174
10.098098
8.042065
8.225895
5.885896
20.186409
10.771239
10.725735
26.333648
14.469601
28.257450
16.326203
12.273988
11.619549
14.240959
4.683084
5.098511
17.719057
11.419818
10.663093
3.712400
10.918137
8.568234
5.758673
7.642607
13.044102
5.272219
2.526057
21.258748
30.856861
15.150801
11.249432
22.223651
7.688266
8.327607
11.314419
15.008667
10.952382
9.890844
7.470325
16.119682
22.973066
10.821837
10.821292
11.995984
5.392083
3.778912
12.328135
7.700497
20.069369
13.122852
4.777638
8.681944
14.470525
11.556286
8.798918
7.003380
3.873871
3.788932
13.076490
16.585320
9.407097
6.290702
9.913074
13.867376
7.153678
13.114206
18.639468
19.656923
7.964906
9.071822
21.143368
10.285688
6.686385
11.628411
8.833275
7.118606
15.344543
7.855165
8.478967
16.963492
7.586255
5.436689
12.875990
15.522617
41.103623
11.043292
23.236032
7.923343
32.397160
8.048563
11.663111
5.092831
10.510292
15.614882
13.128637
27.049832
14.498449
6.958754
5.930021
7.698874
25.919470
11.102490
37.840888
11.049590
16.090042
9.392198
5.823973
23.983756
9.167488
10.177753
7.734754
9.856145
6.459259
21.327187
6.447115
7.996798
11.514816
21.215917
5.571353
6.480005
12.388066
10.668243
3.461565
14.586574
13.172259
21.258520
8.725232
3.879444
8.351975
6.936382
8.680465
15.967430
9.339820
11.480091
21.727819
3.848765
4.403418
6.057823
7.158757
7.338306
16.331272
15.499738
8.891050
13.358776
6.472081
5.323780
9.191561
5.166492
12.374727
9.460307
16.536179
12.258800
6.174095
8.319030
8.860189
10.556295
5.653390
5.018901
7.862242
10.452210
19.169917
8.049953
6.623376
30.724106
11.758867
20.050861
10.246280
6.475358
8.807747
18.687506
5.508668
8.884210
7.744252
17.092464
8.651177
13.444622
7.176590
9.779038
14.939782
13.017954
13.926714
12.729366
6.092587
6.155088
8.243505
18.684814
4.732138
4.801535
19.227980
8.058021
5.689426
3.534381
5.570243
14.120665
17.119631
6.826036
10.955478
13.271678
14.021307
16.578839
34.377282
8.692793
16.774832
7.663446
12.911818
8.662674
8.657860
5.418920
7.080575
7.350828
5.799910
3.887845
5.615368
6.447251
10.025658
18.288925
4.973730
5.865715
10.186504
4.828939
5.747654
9.002601
5.704941
15.131784
16.033912
13.792236
10.095579
18.248276
6.826538
18.123906
18.236372
13.623428
9.729834
10.531993
19.125197
8.897911
15.046316
17.299477
8.230290
16.705691
4.866787
3.584622
9.885591
9.860642
10.626859
12.569199
12.039926
17.035523
30.604442
14.262796
11.132523
17.974067
8.838451
7.687686
9.946703
6.480733
10.757452
8.993495
32.004181
7.644779
6.577662
11.415441
5.589565
4.885764
22.345041
14.700133
16.636809
10.277751
6.115755
9.436686
12.206902
5.130622
10.724495
5.380436
6.358698
14.962100
12.189342
11.054750
8.805682
12.506270
10.076010
14.649641
18.792294
11.683584
25.006782
9.837959
14.778014
5.741737
9.423842
5.558420
8.077359
13.626769
4.656621
2.643719
5.246259
5.812365
3.509431
13.553542
10.026701
5.602489
5.523716
5.354245
4.333740
7.062012
17.833831
17.299030
11.693469
5.371212
5.647847
15.010071
17.919645
17.032107
11.097294
12.577154
22.917633
18.980931
6.641150
3.036923
10.585394
13.208204
6.410719
9.917418
11.010650
12.582690
9.280665
10.380863
23.115012
16.220061
6.560137
8.744400
6.919571
23.652227
11.541105
12.719893
8.277932
15.821795
7.119163
4.349538
15.729484
5.510910
5.815910
13.916265
21.769621
7.977811
11.575458
4.803857
3.563019
14.718490
5.191627
2.161404
11.457240
7.560610
5.926856
6.875816
14.287495
25.224481
13.878150
18.672353
7.153571
8.868811
8.175065
19.158051
5.892878
14.286742
11.434318
5.724278
4.830292
5.821742
10.506351
8.736644
14.278189
14.889336
4.760315
12.526801
6.366450
11.966437
16.528516
16.693477
9.921338
16.559170
19.360000
17.270041
11.112964
13.685768
11.952057
10.658818
11.081277
10.412451
9.099676
22.144231
9.489547
11.911909
23.820231
19.363625
20.324259
24.887330
11.078634
4.009837
4.006980
13.778170
6.196744
24.592797
12.983233
10.640598
11.766490
14.177264
6.659080
7.954909
19.217011
16.612977
20.823534
13.047289
8.215599
8.713939
8.252441
10.924894
5.472517
8.500382
12.458921
16.113915
10.425240
29.662468
6.689469
5.092071
8.733914
8.609101
7.826136
12.409033
15.543006
16.540551
11.981522
8.794417
7.392678
6.887726
9.978528
14.266506
13.611825
6.034627
11.496666
12.437154
6.239592
10.156816
8.654656
12.781894
20.019192
10.518078
7.397715
4.829549
14.866236
10.510449
6.153141
6.501928
13.417641
10.378478
24.793462
12.933332
11.172806
12.023510
10.089548
19.689805
6.093985
10.354208
5.524046
6.591863
12.334025
11.686610
11.782883
16.054775
13.687221
20.083399
17.595013
19.138925
8.155567
15.443281
13.002710
14.085487
4.238134
8.973179
9.337803
8.799282
15.505775
7.784014
6.034363
6.703945
3.892893
6.501806
13.206009
10.399784
11.764933
4.498570
9.351411
15.982090
8.820867
3.927956
4.683015
26.157131
9.410045
6.041665
8.039241
10.809279
10.272212
13.203942
7.162884
8.399942
8.049265
12.282559
10.819443
14.607271
17.049549
6.452708
5.011547
13.731768
7.592689
7.811630
6.646919
8.028292
3.638187
11.616152
14.546666
14.216425
7.346600
7.292046
4.194832
10.757593
6.458956
15.575236
14.517360
11.086658
8.143723
21.852007
9.011314
13.953804
18.489048
5.502222
11.289326
28.456493
26.174543
25.134052
13.168083
17.173092
6.017376
21.277912
5.290345
24.182088
10.274636
14.930063
9.281382
5.066303
7.157359
10.397227
6.443513
5.765613
11.234605
18.241330
13.997341
9.887861
6.566036
11.414962
5.516880
12.213127
12.914172
15.840199
31.972140
42.865741
9.569214
13.509763
7.140513
6.738219
27.503448
17.073377
9.318335
14.532618
4.046628
5.189626
7.569334
6.665659
9.508481
6.520723
8.596138
5.803735
5.918570
10.440448
5.161710
12.344670
12.635976
17.702960
5.094269
5.176570
9.285955
20.040572
13.532315
4.587978
10.399380
3.441182
5.552638
14.218747
29.537958
14.987836
5.750306
30.354986
16.465361
13.017804
2.925833
24.776760
24.953998
4.695782
11.432175
8.171733
6.262940
26.924204
10.263878
12.040051
6.224974
10.031015
20.392561
24.347814
15.945928
10.381517
7.258738
8.312232
7.586655
14.650203
11.807586
10.402454
23.071417
23.545788
12.743179
6.023452
4.683141
5.529745
5.836805
4.763362
22.273655
20.421212
5.909267
9.148130
12.648662
7.061116
6.328523
16.729597
12.622472
6.972900
8.887021
20.192967
15.005392
15.522027
13.061881
6.325089
7.066910
5.664679
4.586685
11.275361
47.928639
17.568579
9.494866
14.953349
7.018835
12.374584
6.498638
9.052774
3.437663
11.558258
10.331959
6.178441
6.992148
11.564123
6.061466
28.520433
27.287354
8.816056
4.068702
9.214794
8.589064
6.017457
15.444984
11.933272
8.680376
8.060716
14.326163
4.400978
23.495921
11.349133
13.002085
4.373199
7.113401
15.338569
9.897384
31.207640
16.787082
15.421170
9.891355
23.348381
10.022426
7.612030
3.327864
13.997492
16.834146
16.771584
12.501071
5.083920
6.224039
6.413551
13.881632
8.822031
5.016786
26.706971
21.858988
11.784678
8.282886
9.266034
13.486802
14.675792
15.807086
13.724467
8.786192
12.047253
14.659705
25.305460
24.066391
11.064482
10.830091
8.045557
28.210924
13.529723
9.942046
4.523854
22.688362
21.807638
14.923220
7.011553
5.544141
14.004217
7.616618
3.536663
9.609269
7.257375
6.756078
10.411207
5.327585
6.869408
13.795004
18.363946
7.611949
11.284397
13.727462
11.501637
5.523838
9.157512
11.595188
10.500381
22.414901
5.845110
12.695112
5.686130
3.238218
9.550392
13.278665
6.125400
3.600927
5.522481
9.833995
5.029765
20.058521
8.455146
13.611382
9.510945
9.525508
16.352802
15.842961
12.757548
19.135480
6.464922
5.515070
18.634029
4.428014
9.917813
22.570255
7.913330
12.237357
11.263992
11.629063
11.726415
6.863604
12.906435
8.811510
11.105849
12.926095
15.788057
11.691830
16.029036
9.648140
8.752599
6.070479
7.280792
8.251558
19.138731
25.177951
13.091575
18.154845
8.958633
9.707145
21.972185
11.214828
10.249711
14.361023
13.412877
10.039488
