13.372503
13.611235
18.930573
18.470667
22.776686
25.854611
19.391290
13.267875
14.075635
13.464972
23.098437
17.091239
28.887236
18.967902
19.640194
18.330976
15.367533
18.146563
21.539963
22.149182
12.737443
23.700171
15.570002
13.887673
26.921898
15.879315
14.642921
14.272968
19.166141
29.873565
22.123615
20.370122
31.823649
19.478769
26.980138
17.755680
22.330318
8.459811
11.380521
32.923942
18.280475
17.320110
14.317849
21.148671
18.709961
25.328036
25.581487
26.393089
17.268376
15.426249
13.885538
16.007118
14.581580
15.181388
20.218814
20.129226
15.168314
18.086297
22.724241
18.593949
16.528957
27.432623
14.820021
28.671440
12.155216
15.458317
17.655085
15.760919
19.936106
21.279413
12.780422
17.878334
13.323944
30.496535
18.091116
12.627739
20.822579
14.274881
18.519184
13.816287
12.039878
17.807375
24.156513
16.808948
25.593630
11.330559
23.018729
24.101417
15.083320
14.650490
18.000110
21.148034
12.574771
20.569118
18.733226
27.470675
10.385625
18.419682
14.711747
17.726610
19.303959
14.723443
22.790201
15.882831
23.429687
21.755087
13.875098
32.101584
25.365971
17.410487
13.794446
28.269871
17.421239
17.809658
20.182102
32.065668
17.409636
24.115621
10.556450
15.219726
15.927194
23.531180
16.985266
11.860505
16.960085
12.130744
18.159002
18.691453
14.918199
13.963931
19.792911
17.807382
17.527370
18.846178
17.872870
14.638524
16.617878
20.815220
16.982747
23.914856
19.166967
17.846982
18.195829
21.066005
22.166813
21.307914
15.240140
13.045927
19.626814
17.353893
23.426372
18.708140
17.670709
16.149327
16.114780
17.281122
16.544966
18.086394
26.495740
14.216701
19.899378
15.626699
16.624647
20.811186
20.737047
18.826244
18.529368
12.750536
11.124045
16.832135
17.093991
16.946761
17.032068
19.293485
12.727858
16.424183
16.950702
25.988145
13.867324
11.491014
21.369320
20.156941
13.000830
16.943197
14.738785
17.566540
24.180768
28.627746
30.805656
27.676119
23.897027
16.026381
15.505884
14.150126
21.827719
12.448412
17.979661
9.396936
20.353442
17.789263
16.344651
20.119114
19.625660
18.160210
23.576137
19.207181
18.065250
16.404423
13.272726
14.164370
21.385394
20.625857
19.295183
16.074438
26.726229
19.039255
14.200825
17.399267
17.485621
16.116022
12.121630
27.173353
24.804017
12.176213
19.978286
17.550154
20.134394
16.718232
16.708646
21.423699
26.931758
18.534946
23.304460
15.950110
23.674149
22.933394
16.578934
15.330530
23.285166
20.033124
23.400608
29.194681
30.028191
18.809930
12.326518
16.952056
18.241960
17.731096
24.539955
19.245714
23.236566
19.638707
28.810207
16.957297
18.997254
16.356750
13.351855
17.747829
17.596350
16.421150
11.332057
24.921477
16.131789
21.596615
21.577056
16.520888
25.196081
17.095133
19.072801
16.536910
16.716120
12.670404
16.254630
18.021101
14.981448
29.557179
16.419705
15.718379
15.621443
23.503077
20.973201
21.471377
25.767092
23.346846
18.633836
11.808257
12.737856
10.719442
21.584786
19.721439
18.932973
14.558814
29.450330
24.179896
14.172582
15.817722
16.096195
24.367201
18.394488
11.918363
16.996058
22.267038
13.895525
25.336896
12.984284
26.098832
13.995658
15.132820
16.787474
23.887125
17.442933
33.652301
17.605736
17.146661
17.731488
18.651555
24.549365
16.820646
21.723035
11.634882
13.518521
15.641080
14.901197
24.695989
18.128601
24.956995
32.198266
14.861377
23.881782
20.960852
20.166157
16.035558
18.674209
22.912576
14.012842
15.016452
23.344261
13.247439
19.029684
19.670931
18.498504
13.117831
18.704143
17.260139
17.792642
12.162357
26.129797
16.960727
17.582235
14.598177
22.257688
13.429414
15.786324
13.456707
28.424208
15.232133
18.948251
23.212474
32.125172
13.834930
16.742919
18.441751
19.195049
18.656750
28.256587
25.169208
15.584714
21.876368
18.022448
18.064304
14.018085
17.427992
14.586844
22.423415
14.894278
25.065964
14.521493
21.271828
16.504257
22.631490
18.988105
17.832429
15.541741
17.097006
24.817579
22.163899
14.239674
18.928376
22.947202
15.788216
19.266868
26.505933
16.747085
23.418925
21.064580
16.551643
17.604407
15.090340
19.921636
23.589641
20.374091
22.667607
11.695031
19.695631
23.660198
23.583777
18.076039
17.599962
25.686197
22.062837
18.280306
18.830138
25.185269
18.464457
19.995787
16.954442
20.389779
14.576045
15.028993
14.462349
17.698641
13.962628
21.787769
16.429369
21.217646
17.486458
15.243077
16.684226
14.792710
14.231253
12.499666
17.910324
22.317921
22.310014
17.800554
19.608925
15.381316
11.926662
18.604052
21.470171
22.403034
15.442233
15.375807
20.087581
17.091644
23.865270
18.709612
22.519521
17.405804
23.024995
17.584133
13.431203
20.857767
21.437931
15.892921
13.232899
23.005233
23.925150
22.126770
12.610968
24.545933
15.233796
19.727157
16.499492
17.785257
14.752391
13.906946
18.248617
13.572373
17.394172
18.535116
22.242314
16.612059
14.156852
14.265111
17.866561
15.277595
21.587860
13.091955
13.422554
30.235072
18.563946
11.425882
21.266378
25.862375
16.687762
20.082972
16.808517
29.317627
24.443005
17.514003
15.050612
19.904327
18.975472
18.146494
13.326432
18.248013
20.746451
11.059843
20.992444
18.535724
17.221051
18.943605
16.394412
16.970727
19.680878
22.250749
13.014875
16.016716
14.812229
19.928716
19.962517
16.185006
15.821095
33.763644
21.228411
11.687266
18.858948
11.928415
17.930439
13.426761
24.169101
15.681592
16.731218
15.764102
24.461780
24.525875
20.105892
14.426198
19.297244
24.047551
20.956381
13.587025
17.048854
10.344220
15.262835
18.887936
19.885340
17.750797
14.272582
21.554341
18.974909
18.650507
17.276146
19.898837
31.340561
18.953457
18.676283
12.918821
19.952012
23.745656
24.202853
21.149167
18.264823
18.675533
13.582111
18.054793
18.290897
16.949327
14.584389
23.844378
22.389975
25.989542
28.462393
15.331563
13.646948
13.091452
17.099042
18.772868
21.750293
19.479110
10.322988
27.963862
17.391837
18.082414
11.999301
18.851266
9.680539
21.513957
14.072099
21.403509
21.553384
14.063917
22.799834
15.091175
11.643532
7.999445
19.848921
24.835319
13.724005
20.811912
12.425964
24.963541
21.189788
18.179564
12.936041
20.799624
15.538274
11.925230
19.999987
19.020694
19.449640
16.234244
20.737865
13.770348
19.864083
12.904561
23.434876
19.356504
10.236977
15.999858
17.410182
17.483263
22.946327
17.768585
20.509836
18.675627
14.576699
12.464822
13.361829
21.545689
19.431411
16.673903
18.268754
20.722408
21.543036
25.527648
20.624272
19.384312
16.511480
21.389273
14.479873
18.818680
21.239713
19.103822
16.937993
14.655152
18.724201
15.178165
13.975570
21.453443
16.854644
17.527817
21.802782
14.849844
12.135670
24.317483
14.169544
16.602420
17.008992
14.275749
15.649182
15.982223
18.906128
13.194363
20.385555
24.405268
18.501930
16.357479
17.087708
23.588560
19.758476
18.282117
14.833715
12.254879
15.360976
16.055253
14.757189
13.646960
28.425162
14.977151
16.351550
18.023475
14.172037
12.381103
19.736908
20.882612
15.177427
22.406418
19.564778
22.510022
25.748528
17.344717
17.960768
17.696831
16.798552
23.068859
10.586369
20.124158
18.647404
12.010288
21.808863
12.514800
18.209703
21.565841
30.850253
14.523741
24.594547
15.510357
10.911590
15.019800
18.383670
22.187938
18.498816
24.248805
22.982234
16.488952
23.744933
20.227002
18.382908
13.065788
18.080007
14.182174
22.794039
18.338476
13.156871
22.805502
13.773721
18.581852
22.994071
15.490715
12.225892
14.476063
13.791936
20.704608
17.112875
17.068280
17.871596
23.873334
15.717586
10.558330
12.390397
13.853731
21.505558
23.171926
12.928538
16.869781
17.495619
20.944651
14.355600
11.008749
24.905907
11.717356
14.648425
13.560772
20.256832
16.014776
18.091574
21.117222
16.151585
26.386614
20.243284
14.345910
13.811073
15.365773
16.272869
26.600479
22.479890
14.273748
16.984807
21.742808
15.773988
22.814378
22.277990
23.670256
21.908659
15.887482
22.191363
19.391742
13.983583
19.354561
22.704938
12.582985
13.392356
21.548476
13.005851
12.481441
15.886200
21.556139
11.927894
16.648970
14.059169
12.368539
18.266079
13.748476
19.777348
13.674732
17.832371
24.887343
18.358368
19.197961
16.248465
15.630072
25.986328
13.608822
24.279046
13.826679
15.291920
16.589711
17.041081
10.641494
18.906806
21.679028
18.235480
18.204468
14.752364
24.356917
20.883445
21.778386
13.914975
20.517359
15.021576
22.861483
15.404556
21.246030
22.852838
24.446295
19.107621
17.839492
14.666593
25.669126
27.562962
18.913361
25.523071
16.838158
15.337270
29.211661
15.705682
12.686140
22.341035
30.420628
15.893972
21.250820
35.760345
26.470710
17.215220
32.000361
12.823945
24.256073
20.227816
17.017587
20.457500
12.175814
17.601510
18.722252
22.044747
18.678939
15.454557
16.333629
21.726404
18.702343
13.878916
24.940511
14.055488
26.590539
13.231557
12.286078
22.033173
14.001805
16.074442
13.922488
14.451029
19.772246
25.372499
19.950929
17.854208
21.634395
21.340561
16.508831
11.662371
26.618471
17.926813
17.637758
9.216205
18.234385
13.343291
17.105426
14.464548
15.999130
21.683079
14.865344
17.441961
16.735905
13.318753
14.164473
17.825088
22.306460
20.729665
20.456398
18.069388
17.296794
12.308497
17.248872
15.680658
23.892193
16.912070
17.306907
18.324038
17.179399
12.692414
13.172898
24.041924
17.507190
9.745847
30.325514
21.238770
21.756537
16.573252
20.173249
20.391388
16.719817
12.901527
16.264863
15.418820
16.375525
20.759695
12.108767
16.102998
19.334913
16.222300
24.793483
16.428925
18.057629
26.871822
18.879104
19.972635
18.614071
15.264534
18.552992
19.193423
15.333902
20.760025
19.534749
21.173749
13.100151
23.455853
15.680923
14.384152
18.655685
13.593331
17.373479
15.695854
18.142775
14.728174
19.454568
31.036958
11.995130
24.311913
16.246277
16.542560
19.606027
13.542214
21.280844
24.075161
23.201090
16.593192
11.705919
18.310856
18.017839
13.976852
19.611271
15.524745
11.818508
21.105500
25.434733
16.108989
21.348469
18.190386
19.572122
12.429237
10.670318
13.686905
15.318748
16.943802
22.165202
29.550470
15.710641
11.227586
13.847006
12.583327
23.931399
22.817458
16.301593
28.785986
16.441263
16.572040
34.281839
14.225716
16.526054
14.115685
19.884164
20.850355
21.117728
15.169011
23.849248
24.898730
21.950505
15.225070
15.588203
21.340713
18.294742
23.651335
16.423917
18.718105
20.173591
13.308984
18.335561
13.021715
19.163177
15.619621
16.933935
20.036166
13.172031
16.260485
21.561144
13.968761
18.684007
17.109342
22.212146
15.063195
28.090023
12.888389
20.860022
27.553711
13.748961
15.022386
16.349972
21.338240
16.610073
15.251548
13.066112
17.154474
10.709907
14.316357
19.358145
11.084011
18.351977
18.516404
20.749595
14.534833
18.080801
21.994258
22.411632
11.054593
17.851142
19.165268
31.111530
15.354052
25.603324
18.131022
25.345437
19.420397
16.657464
16.527308
20.617674
22.086824
23.971038
21.421668
22.346292
13.468735
20.793573
19.499031
14.270600
22.234737
15.760891
18.254516
12.924924
18.621135
16.206539
19.776322
12.705037
16.833081
14.962918
15.480953
18.863924
37.348903
16.713127
16.491259
21.022681
11.773244
14.485347
16.384272
16.134518
20.943639
12.848494
15.727187
22.038163
23.481539
19.622922
16.968237
15.779512
19.225050
14.187551
21.878524
13.359823
15.362182
16.467813
23.168513
32.810803
19.379063
13.364531
21.690106
24.145585
20.685131
25.880869
15.007394
20.892173
22.836021
22.740526
16.427679
10.853831
20.144090
23.555629
14.189003
21.215124
26.359971
28.112048
14.698652
22.808947
18.984291
12.959690
23.259874
17.498599
15.165461
20.490319
15.321077
19.728709
21.859694
18.645107
16.772797
16.204187
36.532664
15.318172
19.974769
27.284653
17.944964
21.373391
19.800254
22.084367
31.352457
15.436514
26.088861
14.387255
20.882800
19.320601
13.164441
18.564483
17.016288
14.772213
10.316862
16.611764
15.675396
14.532831
15.214719
14.775251
22.320912
16.997955
15.611963
28.656889
19.094772
13.609686
25.928432
17.989030
24.340051
27.009038
19.280889
25.560861
23.899933
17.143562
17.499392
17.308855
16.016431
23.941938
17.440881
17.416348
37.292893
21.626998
18.391058
20.623638
22.130839
16.923756
21.358941
18.766823
24.780993
15.673395
13.886822
12.663191
21.636611
18.091693
14.450206
18.792287
18.292146
18.503423
18.077601
13.901081
24.904223
15.352145
15.818830
24.221719
17.374462
25.487792
11.727873
19.081572
21.707665
21.449347
15.015759
19.980434
21.310216
21.745852
19.810761
12.272015
35.408652
17.968214
25.678559
20.204298
17.404773
15.850772
23.141848
15.067633
21.200760
20.653057
18.980392
21.256694
13.535345
15.098273
14.755982
15.213023
17.933640
10.994978
19.014538
16.345693
19.663124
21.979721
21.390820
27.427281
24.383518
17.909560
26.515648
15.773411
13.661667
15.271858
17.671026
24.467313
26.959516
12.815241
21.940758
20.361711
17.047922
21.453545
14.574001
23.816123
20.202712
17.157559
13.216318
16.950336
26.176315
20.354929
17.827840
20.104630
13.662442
21.626840
26.161818
23.493083
15.857467
9.995318
25.260335
19.183518
23.826313
13.828825
17.884468
23.812147
12.869804
13.327340
16.020773
20.170893
13.471210
25.446323
15.970998
19.898472
20.824185
17.974605
16.788126
15.516921
15.093357
12.419666
14.965954
17.958120
19.731674
14.027087
11.320674
11.607364
16.530530
21.900740
22.281144
17.366011
16.863839
11.213158
13.707880
16.306144
19.161189
11.719182
14.047276
12.010614
17.432540
23.085136
21.254475
16.853504
18.058239
16.940383
14.428938
16.078719
15.264760
23.154028
13.344578
16.963087
24.804516
26.493265
16.416829
14.295558
15.514841
18.356992
17.725769
25.075779
19.349822
16.484020
15.697074
15.511602
15.246175
23.647720
15.759724
16.035585
18.140216
16.060598
21.662984
19.118413
17.842873
17.398049
35.694200
14.915166
19.052114
21.888763
12.580828
17.166711
17.302622
21.835291
24.085229
17.904668
23.720091
16.739697
24.728983
13.681096
25.835791
8.080855
15.384523
17.242594
16.798591
17.378702
16.096997
16.982229
15.123080
19.694763
18.316223
20.609990
18.217191
19.364241
15.346250
18.626643
20.524573
20.046165
21.788648
26.038633
15.744306
18.313395
22.574932
15.154873
24.645349
27.656334
14.566709
17.469594
22.403155
19.971521
27.561460
16.275318
17.024050
13.500818
19.075592
15.976456
16.898466
16.354943
21.532335
15.133099
30.124292
18.831041
17.513653
19.345199
22.011407
26.226290
18.676562
17.016513
22.938376
20.392585
9.564896
21.131386
33.420059
18.821742
17.926109
31.626337
19.666399
10.766147
15.636768
17.405713
20.733304
19.077446
19.956499
21.593901
14.559769
19.358080
23.446774
12.738676
16.041845
12.624476
16.814583
18.921779
11.081286
21.056437
11.962316
16.614762
10.745418
22.925609
18.089451
15.360529
15.371671
13.011251
18.025884
18.681621
27.648487
18.412889
20.038146
21.741556
12.696545
19.285802
15.686778
18.223281
19.252386
26.212686
19.237067
16.300321
18.655556
16.304470
15.134600
14.629631
24.380589
20.801099
16.160562
16.680560
14.175870
19.357341
21.906087
12.059711
17.973196
17.776664
28.675332
13.739537
14.775625
16.579801
33.806723
23.563571
19.236381
17.231932
22.924469
21.777623
20.574434
16.542663
16.719100
12.213376
17.192845
22.943974
21.015730
10.892012
25.167334
19.162939
16.368185
18.601011
18.138159
19.017670
28.241430
10.634197
18.134749
28.350650
25.225078
14.689929
24.698109
19.161038
20.470080
16.283604
18.348782
15.708594
25.833669
17.112368
17.780138
15.503233
15.063019
16.070068
21.934995
26.009718
15.329154
16.649219
23.706670
19.138837
25.468263
23.131896
18.283338
18.636903
19.260438
18.414309
18.530820
13.966063
23.177940
19.245555
16.157979
15.921467
20.684360
23.359501
16.401156
18.167994
20.335095
15.519118
16.065443
14.172105
16.070743
18.701652
13.106275
12.971008
16.534789
16.335708
24.769493
14.250738
16.317794
33.315550
24.641584
15.810992
24.138390
15.546589
16.384896
17.758377
13.776147
16.167279
16.022632
13.962825
21.244648
14.434675
13.881368
18.844294
26.076738
19.068936
15.911592
16.825552
17.699340
19.857272
20.275971
18.304270
16.578949
23.339548
16.659033
19.649020
21.272701
19.045824
19.010369
16.982777
15.117432
19.243063
20.851244
19.572556
21.052338
15.197870
17.559405
21.562756
28.359559
15.362946
16.910443
15.903779
13.411370
16.553594
17.541677
15.833212
16.223974
13.309911
20.215790
9.793332
22.045331
13.281868
15.427983
18.591404
25.493359
19.467292
20.446677
17.748937
18.465351
25.201667
15.452943
23.709166
18.629996
19.536922
14.577829
16.473909
16.866282
26.552990
21.544329
22.792451
15.383841
14.037407
14.998521
8.402412
18.190839
17.823779
14.194483
19.775981
16.513422
19.501891
17.282222
16.799424
21.474374
13.513604
24.417339
19.433614
26.235636
17.707185
16.779090
14.048050
14.736574
11.057420
21.352211
23.887705
22.455860
12.837424
16.238165
16.263050
32.072987
20.501089
25.282706
11.760135
26.300010
21.031577
17.337852
15.404234
15.715833
21.423482
21.343779
25.230732
20.138031
19.689989
14.458898
29.980908
21.967959
18.314045
12.879414
15.416095
14.330649
15.710446
12.897497
17.710512
16.713608
12.142525
14.352725
23.118459
11.787519
23.940406
14.420821
19.447749
14.451565
17.353990
14.667659
27.475238
21.049666
18.861634
27.714181
15.292680
17.414831
26.706245
13.533686
22.763500
16.865019
13.860554
16.808389
18.064606
21.755115
20.773969
19.130604
12.972874
16.828680
20.752448
20.514786
21.835838
11.589822
20.351412
23.104740
18.936556
20.888290
16.777393
13.123507
14.345841
19.442085
20.564241
22.497107
13.593821
21.131841
12.420381
18.517747
13.327725
22.970325
15.837746
20.682839
19.815896
11.922906
21.140592
18.075303
27.077545
17.126500
22.564427
18.317734
12.120655
15.376513
10.327200
11.933523
21.714094
14.731328
17.303649
22.500275
18.731480
22.052736
8.151919
14.772183
18.900116
20.933248
18.848286
15.571118
17.804276
16.027238
15.563253
17.425672
20.680121
15.734234
16.252605
17.858937
16.991135
17.492276
16.843625
17.669404
20.134396
12.401177
18.624566
16.413927
27.056543
21.868001
15.206870
26.018189
11.098459
23.551776
22.456023
11.687380
17.164092
11.133568
18.169427
18.952183
21.672712
15.989435
13.825867
21.726118
20.852654
12.116312
21.132637
32.698203
13.628735
24.857921
15.467918
16.428602
17.306363
17.741701
14.610862
24.870672
16.864508
16.645118
18.602618
9.907431
20.830332
18.438398
15.426058
13.304897
17.222531
15.232519
28.581870
13.574163
20.270368
22.274586
24.276275
19.291936
17.775653
23.430023
16.013696
9.950756
24.901877
10.011056
14.564033
13.733159
17.512540
15.574256
14.557988
21.629617
19.693638
23.210713
14.143287
25.078721
16.369340
16.263356
19.521852
14.123827
23.085154
31.970688
19.310591
16.513122
20.288747
14.267166
17.542952
19.697365
13.160194
14.102983
24.642076
19.091864
21.912158
21.366189
11.171874
13.657758
22.773975
19.620857
13.349566
16.710135
15.737897
20.540373
19.040097
30.276178
16.250275
21.052737
13.041674
18.517491
14.817865
7.868052
21.708463
14.888661
17.339416
13.367140
13.390258
18.160771
15.334558
13.861512
24.543553
24.343383
15.732596
17.443008
14.977000
19.015834
22.581147
23.008309
21.359145
18.935988
20.039250
20.206487
20.151674
16.882124
18.584027
12.522170
13.589025
25.545019
28.465261
18.853011
16.020974
30.396584
28.301223
19.321239
22.606253
13.513449
22.071747
19.138243
16.227821
23.021768
22.806035
19.460636
16.310477
19.011718
20.036320
19.363874
24.976273
13.185554
16.007928
16.127502
15.835969
21.847379
21.802282
17.516611
16.687451
18.937938
30.643025
22.900871
22.864628
22.277488
15.995835
25.528048
15.754490
18.994444
14.782168
18.798888
21.999589
11.486654
13.405359
22.293089
16.520559
19.966541
19.863230
25.526213
16.836996
16.465466
20.913760
18.475866
24.058476
22.531836
17.171368
18.138067
14.196569
24.287568
16.876718
16.011789
16.544968
17.817188
17.601364
20.072665
17.373561
18.789304
18.220306
16.068052
14.696760
14.530971
18.520148
12.087619
16.823840
14.199231
20.691451
25.301705
20.576930
24.983788
17.229539
17.314443
16.942464
14.779891
20.042093
13.867873
20.311498
16.664869
14.608462
19.634817
17.077276
16.790454
32.881834
15.420803
12.837098
19.983497
19.254603
23.759898
13.900831
21.632094
15.910706
21.521691
20.853792
15.860590
12.287727
14.238422
13.662569
22.626532
20.399473
15.600846
21.031454
12.621319
22.264851
13.745500
21.869738
15.952763
10.909294
22.441524
20.854206
13.972276
13.910975
21.910250
12.077957
23.713097
16.452532
26.184659
20.614431
20.019653
20.908647
14.771999
15.208103
25.604734
17.663801
15.597947
29.526002
14.275065
16.975391
17.286307
15.206023
19.807071
19.921067
21.099236
18.818414
23.125059
21.830169
24.831406
16.859828
17.308273
15.663785
14.464952
20.887949
16.822466
18.627661
17.635630
17.112906
15.849269
15.484487
21.827573
19.863402
14.125844
15.525844
20.095420
14.554342
18.832682
33.152991
21.283903
15.793955
14.640083
16.976635
14.126082
22.836139
23.909908
16.219357
16.798832
22.673563
17.504143
20.159489
17.535477
13.436874
20.483068
20.323845
19.642469
23.992701
21.533715
16.693666
11.944957
17.610594
18.147189
18.371048
30.520357
16.012999
12.604870
23.585486
24.559163
25.041999
24.557322
16.115392
14.881388
21.357419
12.948896
13.181639
21.695368
17.021278
17.710798
15.730161
21.446981
16.035973
23.236736
17.772219
21.852993
26.859507
17.844570
12.341250
14.100083
16.736897
18.195529
20.779791
16.638109
21.238695
10.925045
19.833294
21.665982
17.002860
12.560547
20.146620
16.135009
12.995766
24.236446
19.467315
13.253548
9.357929
12.807997
12.307267
22.201404
24.220717
17.718590
15.427039
18.545171
13.813836
20.923386
38.746622
16.894441
12.679128
16.656987
25.362454
36.123892
27.528616
17.404780
14.570065
18.005328
18.493578
19.028905
17.253405
10.709196
14.079130
14.188790
27.721165
22.257335
35.812588
22.548346
18.602926
14.728032
11.591361
18.610636
18.715171
15.182139
18.815418
17.468457
21.214220
28.391545
14.543292
20.992890
15.118369
17.017132
16.306743
18.789965
15.841690
12.281900
13.059286
20.658756
16.554347
13.183764
16.393544
19.674248
27.965460
21.666173
19.867607
23.918507
21.997086
17.242176
19.191961
18.272615
12.417357
10.927873
22.834011
28.280194
19.053976
15.425685
9.718301
14.981320
21.688846
19.100849
17.452972
26.213486
20.833755
25.661291
11.512293
19.538959
21.081704
16.096550
10.042300
32.821195
17.319778
14.920103
17.426001
24.252960
16.262169
21.729677
12.754040
16.012041
25.022232
14.969015
26.554519
10.914664
18.616767
14.430404
17.994395
21.752934
19.210268
27.570186
16.175193
13.696937
20.111334
22.717549
13.663729
22.098051
21.641628
13.897669
14.396589
20.861757
26.015042
36.546852
22.181395
19.946860
22.201603
13.023104
15.942202
12.711307
17.029000
30.209540
18.112387
17.968274
17.308819
14.520449
21.819798
24.154294
32.322786
23.808184
33.580879
23.465040
18.044235
15.268827
18.697782
14.360884
15.606689
12.119804
14.705866
17.628630
20.926695
17.785010
23.322476
15.447869
18.960295
16.494283
14.759537
20.640020
17.339169
16.844589
12.894151
18.200484
19.043124
18.879530
15.325809
28.768209
33.524880
13.378345
17.552591
15.774159
14.889136
14.493748
21.473165
12.585672
33.589684
7.834044
16.237543
18.909421
16.397001
11.868899
15.782931
19.397173
23.639547
20.082380
16.631595
18.764362
18.948624
16.236654
17.862981
15.786393
22.162480
21.760111
10.500669
30.004664
23.168218
20.314739
14.648121
19.982474
20.131703
11.818667
18.311285
14.236157
16.264874
17.079366
21.057232
16.369344
16.637562
20.453159
14.397438
14.821478
17.793420
10.899341
17.260597
14.004467
15.934092
23.487394
19.430394
16.734175
18.579066
21.931685
14.814268
19.606594
14.293009
19.075460
29.059346
20.154591
22.224547
14.738972
16.151111
13.461739
17.402643
11.308050
15.101052
11.617730
16.700996
15.770914
19.486944
23.749891
20.933976
18.531274
18.383924
18.601143
16.199659
23.735078
16.195070
19.973120
30.747303
17.234568
22.005710
18.764325
22.395293
18.449996
18.577089
32.738021
23.403255
19.361209
18.834033
21.012439
23.282793
20.124516
20.696596
20.114042
18.930826
16.981827
24.880083
14.495328
14.129641
16.101799
15.805129
17.832972
14.983327
18.635679
16.685754
16.418132
15.930946
20.610217
19.581510
13.618647
15.892738
19.724145
14.367034
21.908234
15.184407
13.415961
10.790228
14.394319
18.545736
14.169800
14.644606
18.161533
20.005770
14.695208
12.982614
13.650869
17.731369
16.892744
20.279168
18.180296
11.026843
14.256586
23.139529
23.705919
25.926435
23.911532
15.316937
13.074612
10.225934
21.272904
27.518323
15.009829
14.524545
19.590471
14.158910
15.928733
23.936436
16.158406
13.338426
15.133639
21.821138
21.653899
12.991507
29.820216
17.929032
15.715840
14.725758
12.893019
18.646061
21.034965
19.969728
14.508851
18.917801
15.764778
17.800248
14.309222
23.851733
20.979874
14.237021
24.075521
16.782608
17.888866
16.398041
19.059226
33.546288
14.468787
21.314273
24.218069
25.302654
21.104957
12.228762
18.753329
17.092675
18.044609
13.854756
22.413884
21.889253
11.586114
25.196485
14.542436
25.796763
20.117460
15.839066
17.824150
22.615066
11.513249
15.444635
17.204308
28.993729
12.307819
14.210679
14.499726
21.954671
20.726355
14.559361
26.195275
16.594107
21.816376
16.778709
12.246681
13.116437
15.397866
14.660543
13.913954
13.984839
14.340744
18.188237
9.795741
24.279154
26.748807
13.740664
16.450530
16.007782
16.355674
17.251510
14.536012
22.777509
17.963820
17.421391
19.624466
12.729525
19.105904
25.310583
10.169016
26.309533
15.777284
21.310181
13.196263
16.854601
11.498967
21.458703
12.252580
18.583878
11.993962
13.619957
22.077756
16.786852
16.770596
14.969962
26.374738
20.792679
24.789643
19.827974
19.605475
21.248959
14.565736
16.155996
17.245571
15.943142
17.081834
18.683623
17.530656
9.375399
17.623618
12.483413
12.696349
16.996458
13.266026
14.953301
20.798342
22.013090
11.849120
16.746220
18.450912
19.092947
12.769260
20.933690
15.759246
15.203104
11.343249
19.429217
21.345392
13.524982
28.553759
16.312548
14.262505
17.976762
18.972316
15.530443
17.328956
22.819232
15.454561
20.275473
16.226074
19.984825
27.459995
17.871993
23.331995
16.440892
20.828753
18.785562
14.598298
25.712280
15.633663
19.667199
18.215232
12.640727
21.757919
19.031677
16.526968
24.409837
14.881651
14.320830
14.996030
26.095928
19.654354
17.275318
14.401121
20.504878
15.970621
14.992901
12.534686
12.419396
17.469848
15.819688
26.641614
19.944106
16.896807
27.442068
22.955783
18.876155
14.979411
16.871633
13.307730
14.031846
9.427759
20.082559
14.843916
17.183054
14.870955
23.907101
15.756836
24.538926
13.319036
12.065618
15.754475
16.058080
15.646670
13.766179
23.913883
16.232602
16.054124
17.763324
18.584870
15.688228
19.168028
15.603478
16.629381
12.391910
20.941068
18.531052
28.380982
22.840792
14.954985
17.263296
19.933726
20.326874
19.558020
12.471023
16.965132
13.596081
26.494528
20.163300
16.485731
12.840721
19.321322
17.524996
17.686237
16.517755
21.057258
8.739909
17.591838
12.779657
17.414361
14.205378
14.020568
21.398837
18.132638
23.456158
18.003410
13.044678
17.478266
13.431592
23.285655
22.874787
17.354039
19.975357
19.396484
24.822778
14.770883
13.877577
11.937782
17.510235
17.726824
25.403654
17.515362
25.086579
16.270051
16.768146
29.422880
21.886950
16.206376
19.914881
14.116406
20.339222
24.148994
21.318604
20.054088
22.384600
18.264483
20.430854
22.315960
18.581418
24.034177
18.259896
16.352913
18.107123
23.417599
14.313946
17.697855
16.591737
13.427375
23.645733
17.289535
14.444930
21.368845
25.781895
14.668960
20.222155
12.368705
18.738806
18.544574
14.092129
17.927832
14.803477
13.480316
17.550579
21.043874
19.377174
16.359859
25.523700
25.885438
15.770120
16.185072
23.973329
22.394291
15.490180
25.176029
13.393663
25.057525
19.451681
24.394506
24.221326
22.389208
16.786754
15.865920
16.631118
20.342723
16.603173
16.751909
13.692195
21.691890
14.044262
11.449368
25.792813
15.199686
24.638130
17.921108
16.419970
23.575367
17.288568
14.032103
13.763405
12.397640
20.447183
21.091908
21.563077
19.515112
15.292596
15.246092
13.753029
17.179619
12.703156
10.422143
27.289508
25.371709
18.514433
10.660379
11.338325
22.858474
12.665915
15.971669
18.061640
24.243875
17.126967
32.587376
16.292665
24.335734
15.583410
23.383335
12.798555
19.904204
16.518724
19.090611
14.433552
20.498208
14.428224
20.112281
13.282647
18.354184
17.002739
31.737828
20.935306
23.932943
21.858435
18.176207
16.459445
15.685883
12.734391
15.314466
17.007464
20.389901
13.745104
21.015907
24.850978
23.729231
24.415122
15.161552
16.023238
12.795679
19.737151
16.670713
11.643858
27.538045
25.907039
15.834486
26.409549
22.387081
21.833905
13.880672
13.702985
18.774375
10.744367
14.696076
10.545015
19.902534
16.141817
14.846253
21.098649
16.344308
21.583103
14.933649
14.969504
31.172322
32.066826
13.588228
23.883419
27.837780
17.926148
18.825721
20.650674
21.826389
20.014968
31.154000
20.156563
17.427684
15.524165
21.896513
17.530531
16.194855
19.301749
17.539478
19.212369
19.658126
16.867920
28.379887
22.422473
13.171374
17.638550
15.864797
12.978737
11.881378
24.824407
14.862430
16.589204
15.991245
13.786233
12.121527
19.950068
13.982368
20.139152
17.513456
18.580993
14.189151
17.283569
14.755683
14.984650
17.289922
18.017469
10.105983
21.402112
15.786633
24.265488
17.319122
22.420961
21.381393
14.829871
20.778267
18.611904
16.206328
21.593164
17.104346
23.575155
18.015557
18.802299
16.646119
13.604947
17.500521
16.912481
11.672725
12.441113
13.804057
22.258604
23.818976
17.847222
14.303921
17.554537
12.274657
22.403459
15.201166
18.135603
22.557821
16.672096
17.937322
21.355007
20.642692
15.440798
19.777365
16.995107
23.310210
18.436403
19.849691
14.459723
18.079240
21.782708
26.581794
18.289377
19.013373
16.391024
16.721764
20.143219
21.884313
10.456982
15.802472
14.873467
18.690380
18.431641
18.116944
25.488925
15.524170
22.828880
10.997430
27.724132
17.009581
32.863505
13.596527
17.207579
17.269865
12.124495
15.166884
18.215033
15.231182
19.003730
15.755681
17.910254
15.195486
18.944991
17.335719
20.049157
19.684951
24.191361
19.261612
20.176489
25.653954
22.401027
17.511369
17.960862
13.581049
17.868646
18.096938
20.605241
19.334236
17.616464
15.892826
14.229285
15.240641
20.190033
18.203717
17.072314
17.175699
24.189284
18.238435
23.043078
23.676716
18.242487
20.914929
15.964105
22.786600
18.658867
19.170674
14.799066
27.677065
13.958022
10.471241
15.788151
21.192572
29.490880
19.270743
29.489474
14.845026
15.626933
25.521973
22.306840
14.736215
17.696462
19.319252
20.359523
23.103076
19.925144
23.937738
10.579106
21.864980
17.319018
18.962600
15.574774
20.813643
20.016057
22.611925
19.462859
30.461377
17.425478
15.051419
14.434963
21.508927
17.676595
22.177408
25.057340
31.467862
18.865785
9.834166
15.351132
16.287931
18.972625
22.225690
9.037615
18.250213
18.560318
17.135164
21.104009
14.345464
13.668807
18.521174
22.400699
14.964115
13.536202
19.363354
19.185806
21.804889
23.593230
15.070015
20.964427
15.390504
18.936037
14.122528
18.995726
16.449920
13.970909
25.643362
17.519080
16.423837
15.924877
11.063287
24.356393
16.617475
23.537156
17.166055
21.861138
22.809285
22.165415
20.097774
17.554973
15.494624
22.796967
13.926876
29.735178
20.729032
21.964137
18.279268
25.929159
20.263024
26.267855
28.511484
19.225794
18.870571
13.427344
14.608505
7.350516
13.367157
19.181766
19.689374
16.522110
20.633048
15.280711
16.051830
14.871416
25.166061
19.736175
17.947036
19.459258
17.719123
16.311749
24.511988
22.944976
23.831039
23.292062
17.479282
12.760609
17.917907
17.728490
20.464036
18.983876
18.965723
17.094154
11.169028
17.953886
23.380129
17.676118
20.484587
17.042933
19.449531
28.556703
15.425542
16.745386
19.352726
25.821780
15.473641
15.462900
21.815346
13.440543
23.571233
25.422204
15.181465
15.089951
13.545874
18.788109
22.656347
19.301333
22.249776
17.049716
20.320572
16.152901
26.739530
18.079950
18.328966
19.998512
21.723145
15.569146
12.860202
20.310812
17.948376
22.375048
15.552718
19.407369
13.244193
11.216300
20.431214
15.885558
21.498478
28.421851
10.584622
22.120358
14.802285
21.493965
14.201336
21.518770
14.315861
18.667051
16.906793
19.853971
17.457755
18.260135
16.902857
16.484385
25.037154
13.789642
12.402046
16.168244
18.567705
24.267980
25.185681
25.374579
16.805968
16.710367
21.789727
18.422729
22.236856
26.221004
12.887264
20.491462
23.552408
19.299751
15.325334
12.967346
19.686945
18.726154
27.537360
23.402201
16.322895
16.952797
22.046438
17.730092
36.214676
18.920552
15.053244
19.983929
18.480498
17.189314
21.832087
12.229681
13.244043
13.728360
29.808652
14.173829
16.434187
18.044586
11.653810
16.445248
18.759255
15.877211
17.462914
19.542645
15.474889
24.135114
21.174362
16.639874
11.837253
13.812524
22.127468
25.144915
15.749328
16.399995
17.343988
28.923304
26.694793
19.527366
20.637933
26.590881
15.055837
19.200618
17.533257
16.275157
16.274172
13.598841
16.131097
18.693168
16.502128
15.746690
20.819001
18.117328
16.676700
17.499694
15.916636
27.718947
20.936246
23.453350
16.004968
20.869153
17.779569
18.814149
23.074954
15.953697
29.920423
10.965997
20.044499
22.851939
12.588033
14.136462
19.068376
17.634975
16.156679
18.396329
21.029107
14.482312
22.808515
12.119287
22.773683
25.199929
15.443558
19.647360
19.392333
20.733199
17.656106
19.007723
17.385930
14.342995
24.566840
17.152493
15.839136
23.717456
14.937654
23.860291
19.140652
21.284183
17.470824
12.583079
20.293706
19.575255
19.882734
25.453583
20.086454
20.478186
19.030658
17.668253
28.050993
29.670188
12.143521
24.200584
21.089632
23.517184
18.310360
23.200706
25.860056
17.489470
20.292133
20.717401
19.798711
25.549805
17.953282
18.424675
21.680635
22.144655
16.798862
22.123029
11.076161
9.536942
16.516047
19.125256
21.086039
15.928258
17.229395
33.570339
20.934851
18.055543
23.042731
14.979908
16.279370
24.513011
15.228641
19.080665
14.879404
18.713253
10.667786
27.210637
16.552436
16.992961
14.490335
14.359154
27.289294
14.149118
23.738738
22.700491
20.988883
12.634834
13.604547
13.092585
29.941706
24.629605
19.605391
21.175324
25.908102
13.578306
18.436417
16.312560
16.955371
24.943197
17.516920
17.575831
17.247581
13.860050
23.318842
14.272455
32.892240
20.608674
13.779319
12.782276
20.949830
16.549901
20.903007
16.621988
16.733385
13.954409
15.706472
21.627983
16.130645
22.410311
17.268724
24.513341
31.300171
16.068347
17.301147
16.893812
17.429225
17.404680
26.748470
16.352772
16.074508
13.792733
20.320777
14.685605
19.170307
14.024729
17.591892
19.955560
18.888857
21.034763
15.551892
22.655244
16.911958
15.207732
13.476131
10.914792
18.734301
23.590909
10.823845
17.448637
28.917672
13.899109
16.713931
26.980053
23.318205
24.988339
18.353537
14.252410
19.673027
27.086071
19.652301
14.720558
20.102513
23.651122
18.843418
11.207538
16.786624
21.129734
15.914718
13.246649
17.738131
15.394775
18.551105
16.338854
18.849042
9.667667
22.290142
20.438107
17.866304
16.619325
24.471598
15.055625
13.971955
17.988726
18.169140
18.324707
24.064918
23.484434
22.525242
15.184564
19.007707
24.995212
22.798311
22.010091
22.221014
12.964118
31.852123
20.895435
17.022592
13.654906
14.469204
17.258850
16.941611
13.998114
24.550780
16.766622
15.780208
8.498388
15.612803
23.376969
14.050766
20.707995
23.208967
16.068133
14.896868
23.157263
11.210690
23.231119
13.940572
14.823990
17.334992
20.231032
16.441802
17.923754
22.064154
27.743173
23.481628
9.081119
20.923297
17.253841
14.988048
21.731792
26.780814
17.429093
13.224786
16.494863
22.643928
20.886658
13.373658
28.353942
20.330262
22.399172
14.040199
16.520624
15.136508
20.535343
17.818745
13.701801
22.621467
32.100031
15.298841
17.017534
15.606756
9.982432
17.100951
11.716682
17.942694
10.605543
12.112554
20.643603
13.925811
19.271252
8.970394
15.176638
17.603134
15.471856
21.790502
23.690374
19.026436
19.543308
15.427254
16.438499
15.327656
22.232702
13.406051
22.576002
17.067862
15.773700
19.097331
16.329470
16.125035
15.637547
12.704717
15.617736
25.511076
15.765758
22.473108
14.873981
17.765918
13.398538
15.600032
9.043900
20.562370
10.120003
15.859274
22.572553
18.284324
15.984355
17.535958
18.784702
17.431935
12.600400
29.097165
14.162689
18.272515
16.302096
20.777853
17.573673
17.276246
24.824305
11.740976
18.313061
18.000225
26.210856
23.642002
27.446805
12.112108
13.821166
14.920331
22.289537
14.360177
14.367201
14.789608
20.984868
24.451774
17.896825
21.227214
20.015422
17.344927
16.936077
12.834189
16.466093
15.499577
21.213801
13.457303
11.878480
20.484030
22.250812
14.593216
20.238415
12.477308
15.748774
14.742797
16.894485
20.926726
15.968470
17.302129
19.305417
27.788490
19.027528
21.607098
17.752262
20.126183
20.680507
26.393627
11.043402
12.393279
29.991644
20.291478
15.709889
22.641774
14.527451
18.027700
16.344022
13.366982
25.979186
19.832477
14.804091
13.433538
22.766061
21.186711
15.486876
15.106251
16.839256
19.221330
16.671670
16.378902
23.946808
10.571824
21.713734
21.388243
31.672455
19.763611
23.599154
30.440465
10.900210
17.795014
16.977041
14.920011
22.387249
20.224690
17.435872
15.601945
18.530895
16.190940
17.842213
19.481666
21.821877
23.545787
19.089462
16.112799
19.613105
18.776387
18.997885
23.918932
11.083473
28.285239
14.921515
24.903054
18.973874
16.460785
21.299675
18.335694
11.698694
23.924988
23.308297
20.496366
8.894197
9.899321
22.596792
25.162502
16.188187
17.246645
14.989377
17.045296
17.573024
20.956626
14.586946
14.587590
20.559849
16.830373
17.179557
17.783581
30.400767
22.025667
18.015819
19.201710
14.043598
17.316935
15.789692
14.892354
21.753564
15.204240
13.022597
14.269674
27.256566
8.861449
24.249464
20.760739
18.090220
16.163492
22.198122
15.560163
20.167402
17.854813
28.421366
24.268674
25.920051
19.568635
20.190557
18.935478
13.958845
17.696964
14.276160
19.623135
16.132663
20.624317
33.647493
15.156716
14.017209
18.001793
19.060797
24.974301
23.464170
14.991475
24.039575
24.431765
27.659349
17.159800
12.088500
12.556616
13.066069
20.969426
13.034500
20.826391
14.060573
16.055308
23.384848
19.255771
21.282505
20.101771
24.096941
11.708766
17.022624
19.843082
15.830164
32.751012
19.278889
22.977691
23.113814
25.061476
14.961830
14.965467
31.244743
16.138313
11.466093
24.135075
19.000089
13.452793
12.814023
16.249182
21.375446
23.633706
21.123165
17.825476
18.342682
16.448011
18.169786
25.025830
20.067547
14.031373
19.288144
18.310336
14.105600
12.717271
13.791435
19.513960
23.950044
20.521857
15.262705
23.659400
18.679988
17.543220
11.888954
11.265840
18.332712
16.447504
20.604408
20.793176
21.090278
16.784839
21.053622
16.203701
19.524894
20.321491
17.760336
18.694250
14.872630
13.420982
14.950181
14.940759
24.312185
14.198815
14.699666
15.351296
20.057005
21.745234
24.114437
21.803460
12.512170
14.544412
9.146576
14.650398
17.842990
20.474127
22.573711
15.280301
15.310262
17.557929
22.416367
30.579322
11.530518
11.391972
21.795352
19.128625
15.891219
23.682233
15.496833
18.936771
18.059459
18.183307
10.624401
22.506490
19.747519
24.749693
20.229460
14.661631
9.641193
18.285871
16.321311
19.546595
33.652288
13.134224
9.737397
20.252982
15.451877
17.487638
18.656879
18.647912
20.430980
21.051889
20.879860
15.087056
18.666995
12.739269
28.431151
13.347988
17.951608
21.957596
12.537214
14.251045
12.689098
16.216994
9.883948
25.366604
14.772498
25.166005
13.785222
12.596142
14.475212
20.187381
20.831921
15.657543
16.471407
16.032519
21.692096
17.588548
22.822497
17.007870
16.052877
16.942386
17.918834
26.927948
20.538329
17.447256
10.990600
24.398494
16.891744
17.212520
18.784942
21.705275
20.693560
14.031929
17.558852
18.574172
15.929522
15.744339
18.925809
11.977549
15.901346
16.642589
15.909293
20.604170
16.037009
18.685039
25.433890
24.084375
16.786083
15.620025
