0.0019970221601243224	0.02844542399592108	0.006000066456967468	0.056094406934351436
0.0029945381783797785	0.028731844258393684	0.00900011459705119	0.057098194116804876
0.003991060051690247	0.028847819570941808	0.012000180606492461	0.05690035454629225
0.004986589999826505	0.02818385224073825	0.015000270396956505	0.055783115417987555
0.005981129755836724	0.028273145670916225	0.018000389868106613	0.05576323035050466
0.006974681526749053	0.02746929039254896	0.02100054488181733	0.055109422455044896
0.007967247034825736	0.028936394010093895	0.024000741293895424	0.05563784789142432
0.008958780297091346	0.029174777980305874	0.027000839512443166	0.056570221301597556
0.009949379379829728	0.029093484974100647	0.030001136158787835	0.05554424142207942
0.010938998050194689	0.03043135365800039	0.0330014916071562	0.056510571516205546
0.011927638483788573	0.031251398742351125	0.036001911597061835	0.057478477842173116
0.012915302376288185	0.03032649197995437	0.039002401876578045	0.057044062750206216
0.013901991890895943	0.031215130687911326	0.04200296813710809	0.0576705041868524
0.014887708712804426	0.03103347884146632	0.0450036160843831	0.0577821166265056
0.015872407148465575	0.029984940642074968	0.04800420593873347	0.056660695322701925
0.01685618456156448	0.02991582359569888	0.05100503421082876	0.055864272013040873
0.017838995012272443	0.02875783467530744	0.05400596109839249	0.053829257985808836
0.01882084063320811	0.02848266882441526	0.057006992174581564	0.05370799730664552
0.019801723083719726	0.028391191227421602	0.060008133041101266	0.053708004742029455
0.020781644484357015	0.02872282654294805	0.06300938922461001	0.05435106247725233
0.021760606484275236	0.029417307327632584	0.0660107662859232	0.0554634848938651
0.022738610960260176	0.030592569637717944	0.06901226973694048	0.057867487766728155
0.023715660014930806	0.029100625179238407	0.07201390503540957	0.05652739438639542
0.02469170809007145	0.02986300502993012	0.07501553217998325	0.057278449396683896
0.02566685166092836	0.030136633872286583	0.07801744758618552	0.05817198155402718
0.026641045159294847	0.02897636235812566	0.08101951121278049	0.05700340159566877
0.027614243379887795	0.02903498281634462	0.08402158293996444	0.0566342426816116
0.02858654250545021	0.030508163467616388	0.08702395916301404	0.05814815669745575
0.02955789731903969	0.031070081808104073	0.09002649971760575	0.059966925789130245
0.03052830942493807	0.030865117162472915	0.09302920998547945	0.05887631650073753
0.03149778065118562	0.03126480823364101	0.09603209528848566	0.05942651301217266
0.03246631304783009	0.031389821907306895	0.09903516088352848	0.05889410295330642
0.03343390820454899	0.030558028687347145	0.10203841209439908	0.05767326434165772
0.03440056815995053	0.02892958039787351	0.10504185413453622	0.05535060511182576
0.035366294494072296	0.029445548282450634	0.10804549228957114	0.05636683611419
0.03633108900860135	0.02895938054428076	0.11104933177930713	0.05523813726273004
0.037294953725148086	0.027639881275094598	0.114053377752757	0.054986765223236644
0.03825789020943189	0.02857054225247788	0.11705763543900638	0.05535741715110778
0.039219900471838515	0.030004850893878946	0.12006210994462851	0.0566960322121813
0.04018098606863592	0.028143121540200204	0.12306680646147114	0.054046724133693574
0.041141148775662016	0.028789552563395042	0.126071730109724	0.05533060668133692
0.04210034420726788	0.0303972440553566	0.12907674025606394	0.056353612070430464
0.04305862032938208	0.030231541911757254	0.13208198770202834	0.05688256356098756
0.04401602541536225	0.029891375501664756	0.13508762315105116	0.055976567222661464
0.04497246841657274	0.031062792825649596	0.13809336030030187	0.05709123434646732
0.04592799737417181	0.02980903861021344	0.14109934987393413	0.05527956183543581
0.04688266063374253	0.029538018466357417	0.14410574248948035	0.05441779458945481
0.0478364132907077	0.029433415780520607	0.14711239752828942	0.05513382224295169
0.048789257080566154	0.028739740545513023	0.15011931995606395	0.05507998266847168
0.049741193953456164	0.028782934848141595	0.1531265146530193	0.056358465169582435
0.05069222541496824	0.029901079417846737	0.15613398661254024	0.05808377923287261
0.05164235340455099	0.03074568122327404	0.15914174067493442	0.06000793806951926
0.05259157941881268	0.031635009378632936	0.1621497817986242	0.060871686571382165
0.05353990516865834	0.03165197370829782	0.16515811485570867	0.059967136618808224
0.05448733257765028	0.03179447754074949	0.1681667446273306	0.0605136348876546
0.05543386312905314	0.03222394357543251	0.17117567602009343	0.06002336785739933
0.05637949873593668	0.031325245639994455	0.17418491377615705	0.05903042791410989
0.057324240872756005	0.03003179138796534	0.17719446276799275	0.05777490182752849
0.058268091226285	0.03156282715319529	0.18020432777629208	0.05911007019928835
0.05921105169399948	0.03148161191862671	0.18321451348541853	0.058152264860509985
0.06015307818611669	0.03213236299638375	0.1862248787694657	0.05905657543108159
0.06109426369211312	0.03257710709665801	0.18923572017028795	0.058994460739615145
0.062034564113565095	0.03202037429203931	0.19224689652865382	0.057381727701747896
0.06297393569049234	0.0315334660036557	0.19525826653779346	0.058297364395721245
0.06391247114091171	0.03223806785127985	0.1982701267838954	0.05862037634922672
0.0648501266946941	0.031746393299660926	0.2012823359228087	0.05757396285935794
0.06578690378748259	0.031276528328021566	0.20429489867738446	0.05690717756133452
0.06672280406374631	0.03188132342761158	0.20730781966911802	0.05795412334137419
0.06765782937520413	0.03202581425460087	0.21032110341375118	0.05781548862984851
0.06859198114485715	0.03212206744254316	0.21333475458566847	0.05827201746686919
0.06952526121446001	0.03150334222336637	0.21634877766408556	0.05744135473910429
0.07045767099866654	0.03173263867092622	0.21936317729145843	0.05712309126726874
0.07138916707591024	0.030873922053352265	0.22237781184229125	0.056018035518106135
0.07231984135942096	0.0303040634579003	0.22539297806445452	0.05402083920250645
0.0732496052487308	0.03002125581836623	0.2284083881915753	0.05335863384958729
0.07417855048015302	0.03108093002653209	0.23142433901318746	0.05526852351398131
0.07510663348817305	0.031983364731330316	0.23444068889314348	0.05574845650913143
0.07603385608023899	0.03335313624660559	0.23745744218543435	0.057224719047003686
0.07696021964228522	0.03395446971166287	0.24047460342310945	0.0588866463676126
0.07788572597211778	0.033154185898867504	0.24349217692511482	0.05790301682645421
0.07881037644760497	0.03169483664337993	0.2465101671938975	0.0561102630054066
0.07973417265017561	0.030763126919329118	0.2495285786162562	0.05634778498298689
0.08065711636330286	0.029834406659542134	0.2525474154591654	0.054738537618861736
0.08157920895286958	0.02962902146607474	0.2555666821797021	0.05432723358747108
0.08250045219287995	0.029586299941109104	0.25858638301058695	0.05532676452164179
0.08342084744130208	0.0295729583244363	0.2616065223790037	0.05512942939251534
0.08434039625783207	0.030399402428179536	0.2646271045915549	0.05624965240952721
0.08525910040239795	0.030724082564142916	0.2676481338301599	0.05685672495715205
0.08617696122120665	0.030385269017873435	0.27066961447768106	0.056519919592246774
0.08709398046488677	0.03245015396785708	0.27369155068255446	0.05755303877494163
0.08801015947187832	0.0329259304914716	0.27671394679843864	0.05848807758303384
0.08892545551897037	0.032638703136148056	0.2797366604905582	0.05659030271538861
0.08983991464491597	0.03404272653995961	0.2827598423974911	0.058436686559147424
0.09075353817654915	0.03378030768137546	0.2857834968293866	0.05824395260515407
0.09166637198210031	0.03362738632574644	0.288807774485308	0.05864659837792053
0.09257832909949315	0.034490195366278335	0.29183238638043496	0.058971823749026465
0.09348949944827939	0.03442612238778006	0.2948576298624237	0.05958286872043759
0.0943998404405173	0.03330183961004184	0.29788336240876534	0.05824829562260691
0.09530935338415476	0.032715117395293515	0.30090958825897507	0.058264384608879484
0.09621803978421582	0.03211573961185872	0.3039363115195612	0.05731842305035343
0.097125901341357	0.031509182890323804	0.3069635361601128	0.0573992187600659
0.09803293935232413	0.03297896340271443	0.3099912663784168	0.059672935375032786
0.09893915550889702	0.033663471961207045	0.31301950611248536	0.06084645795159923
0.09984455110042284	0.03482175416056478	0.31604825953260596	0.06096079523458763
0.1007491276115784	0.03528530146206198	0.3190775306714297	0.061223697748754885
0.10165288672094554	0.03553386149088811	0.3221073234201281	0.06144577304553382
0.10255582970687563	0.034535447955146514	0.3251376419082092	0.060350475667922336
0.10345795823922996	0.03534544385030934	0.32816848999596626	0.06038891566324191
0.10435927358909726	0.035653751313057536	0.33119987178603155	0.05984198312232335
0.10525977722117211	0.03481712582641652	0.33423179123885177	0.05878613176954795
0.10615947079234939	0.035767275235315976	0.33726425216891304	0.06108099899401326
0.10705831209527923	0.0353267561541907	0.34029711157442577	0.06036806434522119
0.10795643314226816	0.0333525406386425	0.3433308144604766	0.058375783243506646
0.10885370486145511	0.03268194679776436	0.3463649236156718	0.05792000854047402
0.10975012877559791	0.033333368634594095	0.3493994428751018	0.05954241591388687
0.11064579322228794	0.03209018231725137	0.3524346702711094	0.056323072508595466
0.11154065628714423	0.031881418519653565	0.3554704625174495	0.05600457416837969
0.11243467578053755	0.03368108403928732	0.3585066765071371	0.057445880762617696
0.11332789679301492	0.033893003581820826	0.361543462999837	0.058586637906774694
0.1142203639076057	0.03324650040706906	0.3645809731009062	0.05778612931400504
0.11511203515647306	0.0328663154182205	0.36761906349859474	0.05751379000554937
0.1160029121501243	0.03403346125438887	0.37065773784455436	0.058799945498858294
0.11689299611028008	0.03387066829809555	0.3736970000599951	0.05897452156747539
0.11778228863920409	0.033634513733837836	0.3767368537678031	0.058601698374865493
0.11867079095176902	0.03284359531694106	0.3797773028641991	0.05725240069188343
0.11955846152245715	0.03358366222674291	0.3828182036284001	0.05843079315611908
0.12044538779853287	0.03276861637152375	0.3858598545621707	0.05793796109439424
0.12133152805606001	0.032443590660204163	0.38890211206388725	0.056865736064521055
0.1222168838769419	0.033732850991774026	0.39194497968561426	0.0582532047960055
0.12310145645914772	0.034473928136805915	0.3949884612620741	0.059499350946159484
0.12398524737653552	0.03545642629799258	0.3980325603174351	0.060447536708532076
0.12486825782039868	0.03549141277931833	0.4010772806622054	0.059302781150150245
0.12575048916799159	0.036059450493767894	0.4041226259447664	0.06014631133117183
0.1266319429812076	0.034783912654999145	0.4071685996478936	0.058851893718421366
0.12751262044141648	0.03595729376341997	0.4102152055461771	0.05940533187789631
0.1283925231026042	0.035072371453177174	0.41326244709509735	0.05859088517859032
0.12927165213958433	0.034497601494312545	0.41631032804556634	0.058178864633533084
0.1301499664343853	0.03424752990527126	0.41935870415385335	0.05846611539669455
0.13102755248352105	0.03473829295342655	0.422407874491708	0.05932376854147724
0.13190436897491506	0.033771390750119125	0.4254576949465322	0.0586169414872226
0.13278041744302116	0.03372934032888897	0.42850816890659543	0.05814029112651292
0.1336556990464679	0.034965604843755084	0.4315593000645297	0.059426786691788705
0.13453021531198978	0.03560505602848943	0.43461109178212554	0.059514197478837405
0.13540396739182245	0.03692882404107653	0.4376635477290633	0.061297701764990595
0.13627691440221462	0.037568413341674045	0.4407165233488006	0.0616893400362425
0.13714914229469355	0.038259895767877417	0.44377031807243433	0.062423082877886976
0.1380205678491391	0.039021779403430185	0.4468246393609355	0.06294377572162077
0.13889127686264713	0.03813016083123111	0.4498797867516103	0.06282568766319935
0.1397611862554064	0.03699366000382387	0.45293546755019376	0.06056295496086172
0.14063038167064268	0.03713687837592282	0.4559919814017532	0.060922045344153596
0.14149882216702528	0.03746364539091907	0.4590491837101346	0.06112027069122046
0.14236650923719768	0.03706742172538603	0.4621070777207572	0.06054130195352439
0.14323344400518723	0.03702380648499272	0.46516566700249984	0.0605633972938547
0.14409962795620268	0.037609533311668705	0.4682249547755272	0.06156534424058891
0.1449650622081249	0.036988074479612984	0.47128494458685594	0.06109625851838084
0.14582974805759194	0.03716561238252839	0.4743456398029423	0.06174972173963981
0.14669368697875423	0.03705550637857516	0.4774070436064707	0.06320842816041253
0.14755688008035409	0.038495452591672905	0.4804691595120215	0.06455931913495715
0.14841932882923203	0.038114271292934765	0.48353199067755803	0.06394657540068086
0.14928103432809217	0.03844488948317726	0.48659554059627436	0.06458794439582376
0.1501419978568848	0.03772010686425029	0.4896598125769823	0.06373768922263376
0.15100222087157744	0.03737075312270258	0.49272480974095445	0.061731073320761706
0.151861704465896	0.03656614452370626	0.4957905355496517	0.06046244409785646
0.15272045008862054	0.03643947653561917	0.49885699310014575	0.060029765445263186
0.15357841733231795	0.03670221548096793	0.5019240370886672	0.05993238107748244
0.1544356489912625	0.037173529189268105	0.5049918194757369	0.05978641438456754
0.15529218792776914	0.0371914991156353	0.5080604921391753	0.06108836506275758
0.15614795237216683	0.037960455031728464	0.5111297608546755	0.061506999566949404
0.15700302653331	0.0385416386945783	0.5141999263663111	0.062086035098396886
0.15785737027230284	0.0387046539744382	0.5172708430273478	0.06233014310931395
0.1587109846593898	0.03870347037183212	0.5203425142166305	0.06286030834936558
0.15956382969078292	0.038783192601171336	0.5234147941196359	0.06166909496841017
0.16041598927955003	0.03789367741363796	0.5264879837286304	0.06152357459798495
0.1612674232392775	0.03793400098990914	0.5295619373914089	0.062177034865383146
0.1621181329800642	0.0368429816874927	0.5326366580755364	0.061057516578744704
0.16296811955780943	0.037198058335721894	0.5357121491096591	0.06033383533665745
0.1638173843757307	0.03655100932147878	0.5387884134384333	0.0595218043578402
0.16466592848405925	0.03712380601894889	0.541865454370728	0.06013020665384672
0.1655137531049879	0.036519652120247284	0.5449432750177883	0.05888484378311377
0.16636085963149705	0.038264172948177834	0.548021878290264	0.060374111642805775
0.16720724910538917	0.03912848376361744	0.5511012674676755	0.06174350164090278
0.16805292291287666	0.039142267867109316	0.5541814454382387	0.061868628192557416
0.1688978820901919	0.03947840261941045	0.5572624154621185	0.06176548621483022
0.16974208701308083	0.03967165245848217	0.5603440311405136	0.06273494601881072
0.17058562071973002	0.03858072747024659	0.5634265942439374	0.061762622514263094
0.1714284434070668	0.038404606578837326	0.5665099585460296	0.0616903443902811
0.17227055644457753	0.03966484359036597	0.5695941268797318	0.06331627773712038
0.17311196085473668	0.03802443640413993	0.5726791024575384	0.0617338977670671
0.1739526580004173	0.03877507875834507	0.5757648880906024	0.0625153847141559
0.174792648898657	0.039323197381069624	0.5788514869726342	0.061986022291779616
0.17563189414341768	0.039245914647838755	0.5819387523571381	0.062490425672453366
0.17647047627102028	0.03887722465651959	0.5850269864912795	0.06170768662661679
0.17730835569877368	0.040080754967525285	0.5881160428067109	0.06327147647449838
0.17814553377320633	0.04060181967651828	0.5912059240608952	0.062360116519267345
0.1789820114979266	0.03955143480586214	0.5942966334012769	0.06143156844063487
0.1798177902130002	0.038915713995050845	0.5973881735641529	0.0597841183732945
0.18065287091672833	0.039549407226689176	0.600480547678736	0.06170844891362285
0.18148721441899004	0.040544417222131424	0.6035736086458906	0.06295889144769982
0.18232090276034696	0.03929181927720108	0.6066676592056305	0.06244564003218136
0.1831538562881849	0.04022289167264223	0.609762402342733	0.06451248846078812
0.183986156902528	0.04152911773159047	0.6128581409409422	0.06655734801061994
0.18481776530060096	0.04052572068474932	0.6159547279847568	0.06519576407934377
0.18564868280017838	0.03803993581276464	0.6190521661377477	0.06190915549206137
0.1864789103812698	0.03813317829683126	0.6221504584665183	0.061850097147660626
0.18730844935537388	0.03977861741041455	0.6252496076142426	0.06287551719541253
0.18813730069735407	0.03708281826849199	0.6283496166299737	0.06032287513329914
0.18896546554626947	0.03803890716593093	0.6314504883460348	0.06114615841645032
0.18979294520428047	0.040053656406595084	0.6345522253753146	0.06310045995811231
0.1906197406385963	0.04227621496634881	0.6376548307408145	0.06588539799523933
0.19144585314520238	0.04151025932685803	0.6407583070354387	0.06502463327171881
0.19227128368624846	0.04424083367473286	0.643862657265003	0.06747390421011547
0.19309603338674858	0.04407627032984911	0.6469678842153621	0.06671665093216504
0.19392010353349987	0.044166859793302496	0.6500739904497465	0.06754057044061716
0.19474349508112687	0.04264898826601425	0.6531809789484622	0.06650083398932276
0.19556620931035057	0.04164100558193792	0.6562888522551582	0.06589818120781046
0.1963882074116543	0.04013242300308877	0.6593974625559491	0.06400438783418397
0.1972095700145705	0.03944837529813117	0.6625071141458942	0.06303676566571928
0.19803025863161192	0.03959360496300243	0.665617658762203	0.06266951413019699
0.19885023454347364	0.039045844150040414	0.6687289484351548	0.06199854074466602
0.1996695783389682	0.039754499974439146	0.6718412874765649	0.061964453409277705
0.2004882514563156	0.04062054486591654	0.6749545276814933	0.06273166405799213
0.20130621510386926	0.04161494806895229	0.6780685211429135	0.0644502638823872
0.2021235102975381	0.04186250470444029	0.6811834211049581	0.06466966596740079
0.20294017762891808	0.043421885495339235	0.6842993813732505	0.06509772206512619
0.2037561784935286	0.043970836810998545	0.687416253752747	0.06584575463072176
0.20457151413936062	0.04340360216628804	0.6905340406821876	0.06557677905337601
0.20538618548929688	0.04189538407584056	0.6936527450349564	0.0644826573380012
0.20620019378550025	0.04147049928492178	0.6967723692312146	0.06380167222385084
0.20701353994609206	0.040677924855488407	0.6998929161284032	0.06436427860550564
0.20782622504739506	0.03968887272166709	0.7030143883527831	0.0634831020099724
0.2086382503228989	0.04004490321289398	0.7061367882969234	0.06409488563453333
0.20944961668364198	0.04044361881173829	0.7092601187945964	0.06395144139067929
0.21026032535737776	0.04165228031132128	0.7123843822201609	0.06552128275476783
0.21107037725046218	0.04268609245258061	0.7155095813917725	0.06550499430389135
0.21187977342619269	0.043235710443202596	0.7186357188934009	0.06642118818738607
0.21268851510378617	0.04404013039919999	0.7217627970723609	0.06714553964391888
0.2134966031826328	0.04463023490086723	0.7248908187236209	0.06733354561424254
0.2143040388763034	0.04284954166457136	0.7280197861766458	0.06660926618958804
0.2151108230795829	0.04235097231734708	0.7311497022111053	0.06631727271853706
0.21591691785146372	0.04204914894138057	0.7342804175131279	0.06592425743898334
0.21672240238009205	0.042425039724110256	0.7374122380984646	0.06610929652519884
0.2175271996330596	0.0421083917874318	0.7405448629181108	0.06590765676360615
0.21833138866768315	0.04260917296652028	0.7436785981566428	0.06559464888830979
0.2191349314385139	0.04129145386318945	0.7468132946064657	0.06406835278898199
0.21993782913963972	0.0413981110615145	0.7499489545356754	0.06359741782240877
0.22074008264996525	0.040542612497083616	0.7530855806713709	0.062786274366926
0.22154169315808997	0.04200951246964503	0.7562231752644241	0.0643545290307367
0.22234266153844878	0.04106377480826187	0.7593617410271888	0.06245792926903213
0.2231429501077691	0.04245805080562284	0.762501128150244	0.06396076214266304
0.2239426374688813	0.04442695125610854	0.7656416434177282	0.06687701134432203
0.22474164712890987	0.04376424373413526	0.7687829848659355	0.06618526384194497
0.2255400575618038	0.04354267463073935	0.7719254594527506	0.065886447176106
0.22633783098149005	0.0442816989242792	0.7750689174794417	0.06674449034077493
0.2271349685576276	0.043493859708479264	0.7782133611376602	0.06634075336982775
0.22793147114923568	0.041494745331351765	0.7813587930890824	0.06391473695035567
0.22872733992063726	0.04060614972954621	0.7845052155087372	0.06260802223692041
0.22952257572651177	0.04211559292858207	0.7876526310440843	0.06463354189399378
0.23031717957287312	0.04195160788564136	0.7908010420951704	0.06426643582887968
0.23111115261610207	0.04262015552801868	0.7939504508123328	0.06423647905124058
0.2319044957044214	0.04366209938928074	0.7971008598219207	0.06576328505435082
0.23269720998895832	0.04515594315526336	0.8002522712579714	0.06718277622854295
0.23348929631366608	0.044685732372643575	0.803404687732902	0.06686897638818184
0.23428075567265302	0.04491933127967859	0.8065581116089628	0.06783474150208096
0.23507158920922655	0.044461016893677076	0.8097125449959793	0.06690077144526521
0.23586179776098765	0.043867230397080424	0.8128679904856783	0.06604642681076474
0.23665138246607073	0.045858663901919464	0.8160244501719	0.06845521678235318
0.2374403441578764	0.0441272008425762	0.8191819266327169	0.06638967430845841
0.23822864568628482	0.04447153156005753	0.8223402689896872	0.06659757826056448
0.2390163263442145	0.04564452000259649	0.8254996324667723	0.06872607869998627
0.23980338695877626	0.0461554311868145	0.8286600196216427	0.06853821366114685
0.24058986669797772	0.04433574037880338	0.8318215858619168	0.06719234153895043
0.2413756902993551	0.045995853929640604	0.8349840270252862	0.06851800501676254
0.24216093490894747	0.04661438609821995	0.8381476519574417	0.06878448287795504
0.24294556348197505	0.04607721850385964	0.8413123095355494	0.06745930418949528
0.24372957683530688	0.04638631996866792	0.8444780022841443	0.06769286484080742
0.24451297593296395	0.04595742103116488	0.8476447324706343	0.0661143458593148
0.2452957618851921	0.044918580928287176	0.8508125021031311	0.06535426374503787
0.24607793550277005	0.04456376394015149	0.8539813136865293	0.0650821148563893
0.2468594978909735	0.04408704022594669	0.8571511692137419	0.06422742557893242
0.24764044985655362	0.0442553229780662	0.8603220711767001	0.0647868840624733
0.2484207923522827	0.04411609534203299	0.8634940218076042	0.0656116901681804
0.24920052647603744	0.04455673988113798	0.8666670230767864	0.06547771184484356
0.24997965302857608	0.045359615913545814	0.8698410774569251	0.06593917241344933
0.2507581731028803	0.04627314105515202	0.8730161869034433	0.06744511611454426
0.25153608749574513	0.045361421122175484	0.8761923538763106	0.06610543860925293
0.2523133971488684	0.046611547395609944	0.8793695805731996	0.06640135750038866
0.25309010314794445	0.04639423205159645	0.8825478689273829	0.06754388476709705
0.253866168742102	0.04526052773120626	0.8857270671600364	0.06632215545921437
0.25464167009575195	0.04538195288676275	0.8889074856296428	0.06637239434484493
0.2554165704541226	0.04629870576866746	0.8920889725449177	0.06826030400129077
0.25619083329327796	0.04499046748058735	0.8952713756936306	0.06705998634214579
0.25696453459637425	0.04565767536095906	0.8984550057247798	0.0670331092978593
0.2577376378347124	0.04560028301834424	0.9016397104117309	0.06662041859201655
0.2585101437875631	0.044697857734818575	0.9048254921584902	0.06592788339051364
0.25928201603780976	0.04430849094405668	0.9080121985166012	0.06496949853457215
0.26005333032829764	0.045272156742124384	0.9112001405256839	0.06563569391360782
0.2608240500932576	0.044480556352667726	0.91438916598588	0.0642722057561726
0.2615941763922249	0.04510115156067592	0.9175792767513847	0.0657173066764867
0.2623637099949493	0.04637429315703482	0.9207704751959592	0.06691616299320982
0.26313265195630253	0.04598358608385907	0.9239627631597735	0.06659507438649469
0.26390100304226827	0.04550484319922138	0.9271561430046564	0.06658367882531337
0.26466872702121746	0.04579133327953153	0.9303504618657928	0.06762628015682158
0.2654358992191214	0.046435611260558736	0.9335460314753028	0.06825036480299664
0.2662024832573372	0.04494706475358419	0.936742699220894	0.06680672285719672
0.26696848017919916	0.04630854306022539	0.9399404669081336	0.06829861056040477
0.26773389074137877	0.04650290259523483	0.9431393368694231	0.0687835007471777
0.2684987159826435	0.04753967927980579	0.9463393108966707	0.06951084172611746
0.26926295665598116	0.0477637609810003	0.9495403913106666	0.07060619388618697
0.27002661365429936	0.04859792707243326	0.952742580158592	0.07180903112922235
0.27078968800956593	0.04780506015405686	0.9559458792120585	0.07043847965586819
0.2715521804692863	0.04838840153064661	0.9591502907746076	0.0709526385307833
0.27231409206092927	0.04759738974984018	0.9623558166044472	0.07040559063501121
0.273075423528374	0.04652572480415774	0.965562458993731	0.06899646951636537
0.2738361389537459	0.046795420781355915	0.968770064355306	0.06907169211258823
0.2745963129590625	0.047252711007216966	0.9719789456341407	0.06916115827948412
0.275355909482182	0.04800241297415706	0.9751889495021314	0.07020466420586276
0.2761149295394417	0.047584138803677	0.9784000776844131	0.06959650541150936
0.2768733738657536	0.0479618473481955	0.9816123324450516	0.06946773890689702
0.2776312434730487	0.04779718018198675	0.9848257154961257	0.06847485961811764
0.27838850245896096	0.04755960964233687	0.9880400731585615	0.06900826701535318
0.279145224959736	0.047159270892504906	0.9912557192702458	0.06821500845172661
0.2799013753470132	0.048383380631776655	0.9944724995917966	0.06916463277118398
0.28065691779603014	0.0482806252406491	0.9976902602620235	0.06905097336253001
0.28141192640950774	0.04818851650134441	1.0009093151561992	0.06992144831379578
0.2821663654971198	0.048650586240190294	1.0041295101257108	0.07121085842564584
0.28292019917366146	0.048242133776218166	1.007350691403615	0.06986035629395952
0.2836735015082986	0.046796481261310086	1.010573172902583	0.06859882481312793
0.2844262368873937	0.047742909608420064	1.0137968002899445	0.07073266823740829
0.2851784060266173	0.04886406497908432	1.0170215757698484	0.07149516147970193
0.28593000991412443	0.048114989751288896	1.020247500984275	0.07056463984436942
0.2866810492621575	0.0493564411486365	1.0234745781267485	0.07257988852551339
0.2874315249181466	0.05065791209405278	1.0267028091066217	0.07393204251929401
0.28818143786389494	0.049986217581608997	1.029932195547249	0.07301916297105962
0.28893078880654177	0.050020256676052706	1.0331627396263676	0.07328098691506285
0.28967961494672134	0.05086204842920265	1.0363945997237147	0.07323130388114418
0.2904278445421273	0.04949820773523535	1.0396274644692318	0.07238332457226407
0.2911755146537494	0.050439507050184004	1.042861492512546	0.07342834335416125
0.2919226262529273	0.0511862938210521	1.0460966854464213	0.07302116168452766
0.2926691800383996	0.051546371723163	1.0493330454226846	0.07357429905670418
0.2934151768425036	0.05131912129972262	1.0525705743054812	0.07441377803982305
0.2941605815690458	0.05171956620933364	1.0558091165603931	0.07509278593650143
0.2949054309999282	0.051053362521636184	1.0590488313759763	0.07399310700860778
0.2956497621038778	0.05100315693377313	1.0622898775381748	0.07380212199805722
0.2963935035558368	0.04973691769756625	1.0655319427267183	0.07169165817024382
0.29713669218659655	0.05003885567522688	1.068775186001373	0.07152271305245146
0.29787936501235057	0.050746813332871586	1.0720197660161417	0.07090483934057272
0.2986214866304881	0.049299309548786044	1.0752655278302568	0.06922797978512672
0.29936305785860956	0.04825075075004226	1.0785124732639884	0.06917538781922894
0.30010407964556457	0.04908701287102377	1.081760603844754	0.07012237979938821
0.3008445526720598	0.04946596800364109	1.085009921669076	0.07003277674461554
0.3015844778829323	0.0491899916910868	1.0882604282527708	0.07045660073068463
0.3023238559556747	0.051228591424400775	1.0915121256825508	0.07350262668341842
0.3030626519566536	0.05215351531113301	1.0947648579524114	0.07339409666931662
0.30380093830912996	0.052037167334663695	1.0980189421599358	0.07328721561339599
0.30453867994361233	0.05284125731471706	1.1012742225777523	0.07404414994427083
0.3052758777950072	0.05375838063738934	1.1045307006930412	0.07482758603707534
0.30601253253285765	0.05293255567889509	1.107788378568308	0.07364578441019337
0.30674864508813793	0.05200823170721006	1.1110472576794246	0.07295458770789558
0.30748421612724497	0.05134443124925507	1.1143073400793404	0.07224916396810302
0.308219210887682	0.05094960771280889	1.1175684693169126	0.07069457428377321
0.3089537014118415	0.049540665978132586	1.120830963267181	0.06949883705444222
0.3096876528027994	0.04930966517188557	1.1240946657609054	0.06873066652314032
0.3104210659817972	0.051018459550054844	1.127359578246039	0.07088883503936058
0.3111539416074496	0.0527429747750379	1.130625702751953	0.07242334070450618
0.3118862805971438	0.0520049434330829	1.133893040715575	0.07229629683770328
0.3126180836064145	0.052441132254966064	1.137161594156967	0.07361201924841274
0.31334935141922987	0.0539455903760252	1.140431364797253	0.0755476204071659
0.31408008494723694	0.05332310954356272	1.143702354056969	0.07554165085111728
0.3148102848413848	0.05098787530664638	1.146974563942343	0.0741314862620325
0.31553995200952095	0.05209265623307	1.1502479958630814	0.07554294684202315
0.3162690870995607	0.052791967165797635	1.1535226518162753	0.07505478315229508
0.3169976556386227	0.051926752961622774	1.156798374580276	0.0740215534352351
0.31772572902550805	0.05245403398180344	1.160075483384312	0.07373006263208848
0.31845323745819737	0.052879316140356264	1.1633536622568224	0.07309569537471945
0.31918025222935587	0.052180405999630176	1.166633230655302	0.072586350376328
0.319906703636217	0.052349755935902825	1.169913872359994	0.07286183550461847
0.3206326628656283	0.0526686877398244	1.1731959070573823	0.07342689055128279
0.3213580954089639	0.05235718238101435	1.1764791775560697	0.0732218836865082
0.32208300215723795	0.05325278247614738	1.1797636852179807	0.0747827510770933
0.32280738374493645	0.053617239853001555	1.1830494319999176	0.07527568381300556
0.3235312410593908	0.05289933964496421	1.1863364192533936	0.07437362725569799
0.3242545747321514	0.05267587753939678	1.1896246489264393	0.07360686583394166
0.3249773855202811	0.05259709181386096	1.1929141226618742	0.07339236791527246
0.32569967430562596	0.05252365259868976	1.1962048417957343	0.07307674436675056
0.3264214417153659	0.05147468754776922	1.1994968082630109	0.07181868507675417
0.3271427235207473	0.0505699382941583	1.202790183150225	0.07085051392104624
0.3278634505599951	0.050743723925360404	1.2060846488623298	0.07106363574122271
0.32858365847504845	0.05087069577089018	1.2093803667793062	0.0709555797055449
0.32930334813871354	0.05145133261678975	1.2126773382117562	0.07216669652493145
0.33002252017097233	0.05220705382798912	1.2159755650732582	0.07237682105036941
0.33074114054801923	0.05407250458308384	1.219274888903655	0.07472581529694561
0.3314592449300934	0.05416165943330174	1.2225754710028203	0.07561799619350909
0.3321768339328789	0.0552016381934384	1.2258773132715792	0.07533049026676843
0.33289394311344467	0.05517479914480257	1.2291805772447657	0.07531111976679745
0.3336105036982154	0.05442140500637884	1.2324849443162857	0.07562496683352117
0.33432658588435077	0.0523393996280907	1.2357907363832894	0.07274378125261002
0.33504215573761736	0.05193601406044922	1.2390977947122361	0.07200650349656837
0.3357572138667003	0.051421104601012534	1.2424061211832491	0.07243335294285905
0.3364717264334849	0.05233482338191573	1.2457155568081193	0.0728075810929521
0.3371857634303093	0.05368470213792817	1.2490264239573132	0.07388012041189367
0.3378992908922014	0.05570096608321378	1.25233856394153	0.07618454518532032
0.33861230966904876	0.05600183673687816	1.2556519780073165	0.07549414895347291
0.33932482036261036	0.056157290915108626	1.2589666680143747	0.0760606249336355
0.34003682381932104	0.055667678034164114	1.262282635199655	0.0752539065377903
0.34074832063819793	0.055547305683448574	1.2655998814147955	0.0751216253504403
0.3414593115397421	0.0561565279951555	1.2689184081976923	0.07585161960037254
0.34216979736524483	0.05619375816813911	1.2722382167710244	0.07575367735799507
0.3428797787096402	0.0557192454337616	1.2755593089744426	0.07518940565299972
0.3435892564108144	0.05472843191936911	1.278881686021196	0.07472626626137728
0.34429823106099944	0.054305804063281726	1.2822053497430144	0.0739590020115713
0.3450066690969491	0.054379187212578	1.285530140352514	0.07377676151417155
0.345714639903701	0.054335318322496225	1.2888563816560992	0.07424429650473797
0.3464221097933514	0.05535361091253818	1.292183914170138	0.07568935523142396
0.3471290795953552	0.055477199507631116	1.2955127390845889	0.07592500949633897
0.3478355498952583	0.05589682332168011	1.2988428582116311	0.07645309862340288
0.3485415215191753	0.055187901175647716	1.3021742727320202	0.07600732427028323
0.34924699505000484	0.055675554363183985	1.3055069844502134	0.07702587155512775
0.34995193708283984	0.05577369865153806	1.3088408331088015	0.07636624907405577
0.3506564166533475	0.05581662321733235	1.312176143362625	0.07608205028941695
0.3513604002332199	0.05616548506630835	1.315512755260775	0.07651546021048516
0.3520638886403019	0.057102290554195564	1.3188506699612788	0.07706667790284535
0.3527668824509406	0.056740980822150934	1.3221898892495263	0.07593650952911955
0.3534693824797045	0.05690553927501249	1.3255304142745623	0.07659467354314657
0.354171389300347	0.05738732417345497	1.328872246814248	0.07769568993769507
0.35487286966485004	0.05901114022776788	1.3322152261383797	0.07972700437882135
0.355573892263044	0.057583834058233536	1.3355596777579959	0.07861935613169703
0.3562743898321441	0.05877813201146076	1.3389052789369822	0.0800484395881027
0.3569744309638131	0.05913556595662467	1.342252355432403	0.07983274743502748
0.35767398233278125	0.0592884638081129	1.3456007466884237	0.07828342079561561
0.3583730447422898	0.0578867974672772	1.3489504538231343	0.07619637182087813
0.35907161875713095	0.058462101957552366	1.3523014785884582	0.07779403403363092
0.359769705177349	0.05766315045547697	1.3556538220937788	0.07766467997734909
0.36046730456520915	0.056935857085350934	1.3590074860837273	0.07733875286801646
0.36116441759981166	0.05843839167752525	1.3623624719795169	0.07989424010761766
0.3618610450764382	0.05860998710252643	1.3657187808775813	0.08013016281363626
0.36255718755358995	0.05967394300254563	1.3690764145117091	0.08011732109862171
0.3632528458233951	0.06030950072842718	1.3724353739697737	0.07979394054324854
0.363948020441864	0.06045890278661972	1.3757956609784003	0.08002612013656281
0.36464271208104004	0.05885870873536041	1.3791572769391451	0.07792419391097985
0.3653369215283526	0.05875114644227675	1.3825202229271523	0.07789432479629399
0.3660306493361023	0.058243066128230166	1.3858845006583946	0.07723598027145492
0.36672389628860713	0.05830899105366123	1.3892501111996025	0.07688957604674868
0.36741666293571207	0.057496823513650194	1.3926170562597098	0.07618734282818684
0.36810891644808486	0.05767282118873826	1.3959851738116198	0.07650688075308074
0.36880069112295294	0.05655288334397528	1.3993546282539198	0.07596782901012332
0.3694919875064777	0.05604962696478828	1.402725421284998	0.07459698171066785
0.37018283980035643	0.0562662482999073	1.4060977175551872	0.07538799089672282
0.37087318169808686	0.05775801150822449	1.4094711915470806	0.07655085612376701
0.37156308077739586	0.059080995888650956	1.4128461716376397	0.07858093722108656
