<<<<<<< Updated upstream
frame thiol_conversion ene_conversion
0 0.0005573571139034783 0.00479148181011535
1 0.004256181597081521 0.014729370008873088
2 0.00856303202269959 0.025174293319812358
3 0.012565869477097702 0.03577132716440612
4 0.016974057559789202 0.045557104829509476
5 0.020875557357113883 0.05605273165166691
6 0.025739764896635542 0.06685257954113322
7 0.030097284150790382 0.0771453923184181
8 0.03455614106201865 0.08738750158448472
9 0.038406972030806674 0.09697046520471542
10 0.042460478313741334 0.10619850424641908
11 0.04636197811106613 0.11476739764228672
12 0.051023510336441036 0.12470528584104446
13 0.05492501013376572 0.13428824946127516
14 0.05953587353060397 0.14473317277221442
15 0.0636400486420754 0.15391050830269992
16 0.06779489258208349 0.16460894916973
17 0.07225374949331176 0.17358347065534285
18 0.07615524929063644 0.18291291671948284
19 0.08112079448723142 0.19239447331727721
20 0.08522496959870285 0.20111547724679935
21 0.08927847588163762 0.21019140575484851
22 0.09307863802188898 0.21865889212827994
23 0.0965241183623835 0.22697426796805675
24 0.09981759221726794 0.23544175434148817
25 0.10346574787190921 0.24274305995690204
26 0.10670855289825698 0.2508556217518063
27 0.10995135792460475 0.25886677652427426
28 0.11334616943656262 0.26667511725186965
29 0.1168423186055938 0.274128533400938
30 0.11988244831779493 0.2823425022182786
31 0.12398662342926636 0.28994802890100135
32 0.1281921361978111 0.2977056661173786
33 0.1320936359951358 0.3072379262263911
34 0.13553911633563032 0.3146913423754595
35 0.139440616132955 0.3223475725694004
36 0.14268342115930277 0.33035872734186844
37 0.14623023915687072 0.3371529978451008
38 0.14977705715443856 0.3447585245278235
39 0.15286785569517636 0.3517556090759285
40 0.1568200243210377 0.3589048041576879
41 0.16051884880421563 0.3663075167955381
42 0.16340697203080667 0.3725947521865889
43 0.16720713417105793 0.3790340981112942
44 0.17014592622618563 0.38577766510330835
45 0.17318605593838665 0.39181138293826845
46 0.17627685447912445 0.39850424641906457
47 0.1792663153627888 0.404335150209152
48 0.1823571139035266 0.4107744961338573
49 0.18519456830158088 0.41716313854734444
50 0.18767734089987842 0.4225884142476867
51 0.19066680178354278 0.42852072506021044
52 0.1937069314957438 0.4344530358727342
53 0.19649371706526142 0.43972620103942195
54 0.1990778273206324 0.44510077322854613
55 0.2024219700040535 0.4518443402205603
56 0.20541143088771785 0.45711750538724805
57 0.20819821645723546 0.46289770566611743
58 0.2109850020267532 0.4680187602991507
59 0.21382245642480746 0.47369755355558374
60 0.21726793676530198 0.47998478894663454
61 0.22010539116335626 0.4860692102928128
62 0.22319618970409405 0.4917987070604639
63 0.22648966355897848 0.4973253897832425
64 0.2292764491284961 0.502852072506021
65 0.2323672476692339 0.5085815692736722
66 0.23439400081070128 0.5128406642159969
67 0.23753546817997573 0.5183673469387755
68 0.24093027969193348 0.52455317530739
69 0.24417308471828136 0.530536189631132
70 0.24701053911633564 0.5357586512866016
71 0.24908796108633968 0.5406261883635441
72 0.2513680583704905 0.5463556851311953
73 0.25410417511147143 0.5512232222081379
74 0.2562829347385488 0.5558879452402079
75 0.25891771382245643 0.5601470401825326
76 0.26074179164977707 0.5648117632146026
77 0.26373125253344143 0.5693750792242362
78 0.26570733684637216 0.5735327671441247
79 0.26824077827320636 0.5781974901761947
80 0.2701661937576003 0.5814932184053745
81 0.27239562221321445 0.5856002028140448
82 0.2746250506688286 0.5905691469134238
83 0.2767531414673693 0.5940676891874762
84 0.27883056343737334 0.5974141209278743
85 0.2808573165788407 0.6012675877804539
86 0.28323875152006484 0.6058816073013056
87 0.28546817997567897 0.6102421092660667
88 0.28805229023104983 0.6149068322981366
89 0.29083907580056745 0.6188110026619343
90 0.29271382245642485 0.6224109519584231
91 0.29514592622618563 0.6262644188110027
92 0.2974260235103364 0.630067182152364
93 0.29899675719497365 0.6336164279376346
94 0.30127685447912445 0.6366586386107238
95 0.3035062829347386 0.6406642159969578
96 0.3056343737332793 0.6443655723158829
97 0.30771179570328333 0.6481176321460261
98 0.3094852047020673 0.6516668779312967
99 0.3114612890149979 0.6551654202053492
100 0.3128293473854884 0.6580555203447839
101 0.31450141872719906 0.6614019520851819
102 0.31597081475476285 0.6642413487133985
103 0.31799756789623024 0.666421599695779
104 0.3199229833806242 0.670122956014704
105 0.3214937170652614 0.6728609456204842
106 0.3228617754357519 0.6753454176701736
107 0.3238244831779489 0.6781848142983902
108 0.3252432103769761 0.6800608442134618
109 0.32681394406161335 0.6827481303080238
110 0.32838467774625046 0.6860438585372037
111 0.32975273611674094 0.6882748130308024
112 0.3313741386299148 0.6907592850804918
113 0.3328942034860154 0.6931423501077449
114 0.3345156059991893 0.6954240081125618
115 0.3363396838265099 0.6983648117632146
116 0.3374037292257803 0.7005957662568133
117 0.3395824888528577 0.7033337558625935
118 0.3407985407377382 0.7060210419571555
119 0.3426226185650588 0.708505514006845
120 0.34404134576408596 0.7113449106350616
121 0.3454600729631131 0.7132209405501331
122 0.34698013781921366 0.715857523133477
123 0.3480948520470206 0.7183419951831664
124 0.3495642480745845 0.7210799847889466
125 0.3510843129306851 0.7234630498161998
126 0.35245237130117557 0.7256940043097985
127 0.353972436157276 0.7280263658258335
128 0.3553404945277665 0.7303587273418684
129 0.35604985812728007 0.7319305361896311
130 0.35701256586947705 0.7339079731271391
131 0.3581779489258209 0.735581188997338
132 0.3597993514389948 0.7373051083787552
133 0.36076205918119175 0.7394853593611357
134 0.36167409809485207 0.7409557611864621
135 0.3626874746655857 0.7428317911015339
136 0.3638021888933928 0.7444035999492965
137 0.36501824077827316 0.7456204842185321
138 0.36623429266315366 0.7471415895550767
139 0.3673996757194974 0.7489669159589302
140 0.3686157276043778 0.7503359107618203
141 0.36947709768950143 0.7517049055647104
142 0.3704398054316984 0.7536316389910002
143 0.3715038508309688 0.7551527443275446
144 0.3727199027158492 0.7569780707313981
145 0.3738346169436563 0.7586512866015972
146 0.37479732468585325 0.7601723919381417
147 0.37576003242805023 0.761947014830777
148 0.37682407782732064 0.7638737482570668
149 0.3780907985407378 0.7650399290150843
150 0.37895216862586134 0.7665610343516288
151 0.3802188893392785 0.7685384712891368
152 0.38148561005269555 0.7705159082266447
153 0.38254965545196595 0.7726454556978071
154 0.3837150385083097 0.7742172645455698
155 0.38482975273611675 0.7763975155279503
156 0.38564045399270364 0.7778679173532768
157 0.38685650587758413 0.7795918367346939
158 0.3879712201053912 0.7808087210039295
159 0.38883259019051475 0.7822284193180378
160 0.39004864207539525 0.7837495246545824
161 0.39126469396027563 0.7849157054125998
162 0.39192338873125254 0.7862847002154899
163 0.3927847588163762 0.7875015844847255
164 0.3936967977300365 0.7888705792876156
165 0.3947608431293068 0.790645202180251
166 0.3956222132144305 0.7918620864494866
167 0.3966862586137009 0.7930789707187222
168 0.39754762869882443 0.7944986690328305
169 0.3985103364410215 0.7955127392571936
170 0.3994730441832185 0.7966282165039928
171 0.4001317389541954 0.7976422867283559
172 0.40114511552492904 0.7988591709975916
173 0.4017531414673693 0.8001267587780454
174 0.4025131738954195 0.8010394219799721
175 0.4031718686663964 0.8024084167828622
176 0.40408390758005674 0.8038788186081887
177 0.4053506282934739 0.8053999239447331
178 0.40611066072152413 0.8067182152364052
179 0.4069720308066478 0.8083914311066042
180 0.40768139440616136 0.8098618329319305
181 0.40834008917713827 0.8107237926226392
182 0.4092521280907986 0.8114843452909114
183 0.4099108228617754 0.81234630498162
184 0.4106708552898257 0.8132589681835467
185 0.41158289420348604 0.8141716313854734
186 0.4122922578029996 0.8153378121434909
187 0.4130016214025132 0.8163518823678539
188 0.4139136603161735 0.8172138420585626
189 0.414319010944467 0.8178729877043985
190 0.4146736927442237 0.8190391684624161
191 0.41583907580056745 0.8200025351755609
192 0.4167004458856911 0.8208137913550513
193 0.41746047831374133 0.8216250475345418
194 0.4182205107417917 0.8227912282925592
195 0.4189805431698419 0.823703891494486
196 0.41933522496959874 0.8246165546964127
197 0.4200445885691123 0.8255799214095576
198 0.42080462099716254 0.8266446951451388
199 0.4212606404539927 0.8273545443021929
200 0.42197000405350626 0.8281150969704651
201 0.42267936765301983 0.8292812777284827
202 0.42343940008107017 0.8299404233743186
203 0.4243007701661937 0.8309037900874636
204 0.42495946493717063 0.8320192673342629
205 0.4253648155654641 0.8328305235137533
206 0.42587150385083095 0.83374318671568
207 0.42642886096473454 0.8346558499176068
208 0.426986218078638 0.8352642920522246
209 0.42749290636400483 0.8359741412092787
210 0.4281009323064451 0.8370896184560781
211 0.4286076205918119 0.8375459500570415
212 0.4290129712201054 0.8378501711243503
213 0.42946899067693556 0.8385600202814045
214 0.4301783542764491 0.8393712764608949
215 0.4308877178759627 0.8402839396628217
216 0.43134373733279285 0.8409937888198757
217 0.4320531009323064 0.8419571555330206
218 0.43240778273206326 0.8429205222461655
219 0.43311714633157683 0.8438331854480923
220 0.4339278475881637 0.8448472556724553
221 0.4347385488447507 0.8461655469641273
222 0.43524523713011753 0.847078210166054
223 0.43605593838670453 0.8479401698567626
224 0.4370186461289015 0.8489035365699075
225 0.43752533441426833 0.8496640892381797
226 0.43833603567085533 0.8505767524401064
227 0.43899473044183224 0.8516922296869058
228 0.4395520875557357 0.8524527823551781
229 0.4402614511552493 0.8529598174673596
230 0.44071747061207944 0.8536696666244137
231 0.44137616538305635 0.8544809228039042
232 0.4419841913254966 0.8553428824946128
233 0.4427948925820835 0.8559513246292305
234 0.4433522496959871 0.8565090632526302
235 0.44380826915281724 0.8572696159209026
236 0.4443656262667207 0.8581315756116111
237 0.4447709768950142 0.8588921282798834
238 0.4454803404945278 0.8594498669032831
239 0.4458856911228213 0.8603625301052098
240 0.4465443858937982 0.8611737862847002
241 0.44715241183623833 0.8616808213968817
242 0.44750709363599517 0.8623906705539359
243 0.4479631130928253 0.8634047407782989
244 0.44862180786380224 0.8639624794016986
245 0.44928050263477903 0.8647230320699708
246 0.44953384677746255 0.865432881227025
247 0.45034454803404944 0.8662441374065154
248 0.4509525739764897 0.8669539865635696
249 0.4514592622618565 0.8676638357206237
250 0.4521686258613701 0.8685764989225504
251 0.45262464531820024 0.869438458613259
252 0.45338467774625046 0.8703004183039675
253 0.4537393595460073 0.8709088604385854
254 0.45444872314552087 0.8715680060844213
255 0.4550567490879611 0.8719736341741666
256 0.4556141062018646 0.8725313727975662
257 0.45607012565869476 0.8732919254658384
258 0.4565768139440616 0.8736975535555838
259 0.45688082691528176 0.874103181645329
260 0.45713417105796517 0.8746609202687285
261 0.45753952168625867 0.8753707694257827
262 0.4580462099716255 0.8759285080491824
263 0.4587049047426024 0.8763848396501458
264 0.4593635995135793 0.8770439852959817
265 0.45956627482772594 0.8775510204081632
266 0.4599209566274828 0.8778045379642541
267 0.4603263072557763 0.8784129800988718
268 0.460680989055533 0.8788693116998352
269 0.46113700851236317 0.8792749397895805
270 0.46128901499797326 0.8795284573456712
271 0.46169436562626676 0.8800354924578527
272 0.4621503850830969 0.8806946381036886
273 0.46250506688285364 0.8809988591709976
274 0.4628597486826105 0.881455190771961
275 0.46316376165383055 0.8820636329065787
276 0.4635184434535874 0.8825199645075421
277 0.4638731252533441 0.8828748890860693
278 0.4643291447101743 0.8833819241982508
279 0.4645824888528577 0.8841931803777412
280 0.4652411836238346 0.8849030295347953
281 0.4655451965950548 0.8852072506021043
282 0.4657478719092014 0.8855621751806313
283 0.4662038913660316 0.8857649892255038
284 0.46650790433725176 0.886170617315249
285 0.4668119173084718 0.8865255418937762
286 0.4671159302796919 0.8867283559386487
287 0.4672172679367653 0.8873367980732666
288 0.4675212809079854 0.88779312967423
289 0.4679266315362789 0.8879959437191025
290 0.468078638021889 0.8882494612751933
291 0.46848398865018237 0.8886550893649385
292 0.46904134576408596 0.8890607174546837
293 0.46944669639237946 0.8893649385219926
294 0.46975070936359953 0.8896184560780834
295 0.4700547223348196 0.8900240841678286
296 0.47025739764896635 0.8902776017239193
297 0.4705614106201864 0.8905311192800102
298 0.47081475476286994 0.8908860438585372
299 0.47111876773409 0.8913930789707187
300 0.4712707742197001 0.8917480035492458
301 0.47157478719092016 0.8919508175941184
302 0.47187880016214023 0.8923057421726455
303 0.47213214430482364 0.892812777284827
304 0.4724868261045805 0.8932691088857904
305 0.4728415079043372 0.8937761439979719
306 0.4731455208755574 0.8942324755989353
307 0.47344953384677746 0.8945366966662441
308 0.47370287798946087 0.894840917733553
309 0.4739055533036076 0.8953479528457345
310 0.47426023510336446 0.8957535809354797
311 0.47451357924604787 0.8961085055140069
312 0.4746149169031212 0.8964127265813158
313 0.474969598702878 0.8967676511598428
314 0.475121605188488 0.8970718722271518
315 0.4753749493311714 0.8973253897832425
316 0.4756789623023916 0.8975789073393332
317 0.47588163761653834 0.897832424895424
318 0.47613498175922175 0.8981873494739511
319 0.4762363194162951 0.8983901635188237
320 0.47638832590190516 0.8986436810749144
321 0.47654033238751525 0.8988971986310053
322 0.47669233887312523 0.8990493091646596
323 0.476895014187272 0.8992014196983141
324 0.47709768950141873 0.899505640765623
325 0.47735103364410214 0.9000126758778045
326 0.47750304012971223 0.9004690074787679
327 0.4776550466153222 0.9006718215236406
328 0.47800972841507905 0.9010774496133858
329 0.47816173490068914 0.9015337812143491
330 0.4784657478719092 0.9018887057928762
331 0.4787190920145926 0.9023957409050577
332 0.478972436157276 0.9027506654835847
333 0.4792764491284961 0.9028520725060211
334 0.4796817997567896 0.9033084041069844
335 0.4798338062423997 0.9034605146406389
336 0.47988447507093634 0.9036126251742933
337 0.48003648155654643 0.9038661427303841
338 0.4803404945277665 0.9040182532640385
339 0.4804925010133766 0.9043224743313475
340 0.4806445074989866 0.9045759918874382
341 0.4809991892987434 0.9049816199771834
342 0.4813032022699635 0.9053365445557104
343 0.48150587758411023 0.9056914691342376
344 0.481708552898257 0.9059956902015465
345 0.4821139035265505 0.9064520218025098
346 0.48231657884069723 0.9066548358473825
347 0.48256992298338064 0.9068069463810369
348 0.48297527361167414 0.9071111674483459
349 0.48322861775435755 0.9074660920268729
350 0.4833806242399675 0.9076689060717454
351 0.483785974868261 0.9079224236278363
352 0.48403931901094444 0.9081252376727088
353 0.4840899878394812 0.908480162251236
354 0.4842419943250912 0.9088857903409812
355 0.48429266315362784 0.9089871973634174
356 0.484748682610458 0.9092407149195082
357 0.4850020267531414 0.9096970465204716
358 0.4853060397243616 0.9097984535429079
359 0.485559383867045 0.9099505640765623
360 0.4856607215241183 0.9102040816326531
361 0.48576205918119175 0.9103054886550894
362 0.48586339683826507 0.9104575991887438
363 0.48601540332387516 0.9107618202560528
364 0.4862180786380219 0.9112181518570162
365 0.48672476692338873 0.9116744834579795
366 0.4869274422375355 0.9120294080365066
367 0.4871807863802189 0.9122322220813791
368 0.48748479935143896 0.9124857396374699
369 0.48773814349412237 0.9128913677272151
370 0.4879914876368059 0.9129927747496515
371 0.48804215646534255 0.9132969958169603
372 0.48814349412241587 0.913499809861833
373 0.48829550060802596 0.91385473444036
374 0.48854884475070937 0.9141082519964507
375 0.48885285772192943 0.9145645835974141
376 0.4890555330360762 0.9148688046647231
377 0.4893088771787596 0.9152237292432501
378 0.4897142278070531 0.9156293573329953
379 0.4899675719497365 0.9161363924451769
380 0.4901195784353466 0.9163392064900494
381 0.49042359140656666 0.9168969451134491
382 0.4909302796919335 0.9171504626695399
383 0.49113295500608023 0.9174039802256306
384 0.4914369679773004 0.9176067942705033
385 0.4917409809485205 0.9180124223602485
386 0.4919943250912039 0.9185701609836481
387 0.49219700040535064 0.9187222715173026
388 0.4925010133765707 0.9189250855621752
389 0.49255168220510737 0.9190264925846114
390 0.49285569517632755 0.9191786031182659
391 0.4930077016619375 0.9194321206743568
392 0.4932103769760843 0.919837748764102
393 0.4933117146331577 0.9200405628089745
394 0.49351438994730445 0.9203447838762835
395 0.4937170652614512 0.9203954873875015
396 0.4938184029185245 0.9206997084548105
397 0.4942744223753547 0.9208518189884649
398 0.49447709768950143 0.9211560400557739
399 0.4946797730036482 0.9215109646343009
400 0.4946797730036482 0.9217137786791736
401 0.49498378597486825 0.9220179997464825
402 0.49523713011755166 0.9222715173025732
403 0.4953384677746251 0.9224743313474458
404 0.4955918119173085 0.9226264418811003
405 0.49564248074584516 0.9227785524147547
406 0.49579448723145525 0.9230320699708455
407 0.49589582488852857 0.9231841805044999
408 0.496149169031212 0.9234884015718089
409 0.49619983785974864 0.9238433261503359
=======
frame thiol_conv ene_conv
0 -0.0049419197065417 0.0000000000000000
1 -0.0012227430201752 0.0099857346647646
2 0.0031078051762787 0.0204809455879356
3 0.0071326676176890 0.0311289993886285
4 0.0115651110658244 0.0409618911758712
5 0.0154880782555533 0.0515080497248828
6 0.0203790503362543 0.0623598940289383
7 0.0247605461585491 0.0727022620745873
8 0.0292439372325249 0.0829936824943958
9 0.0331159567964133 0.0926227837782759
10 0.0371917668636641 0.1018952516812717
11 0.0411147340533932 0.1105054004483391
12 0.0458019156307317 0.1204911351131037
13 0.0497248828204606 0.1301202363969839
14 0.0543611167719584 0.1406154473201549
15 0.0584878744650499 0.1498369675973099
16 0.0626655797839820 0.1605869166496842
17 0.0671489708579580 0.1696046464234766
18 0.0710719380476870 0.1789790095781536
19 0.0760648053800693 0.1885062156103525
20 0.0801915630731608 0.1972692072549419
21 0.0842673731404117 0.2063888322804157
22 0.0880884450784594 0.2148970857958019
23 0.0915528836356225 0.2232524964336662
24 0.0948644793152639 0.2317607499490524
25 0.0985327083757896 0.2390972080701039
26 0.1017933564295904 0.2472488282046057
27 0.1050540044833911 0.2552985530874261
28 0.1084674954147137 0.2631444874668840
29 0.1119828815977175 0.2706337884654575
30 0.1150397391481557 0.2788873038516405
31 0.1191664968412472 0.2865294477277359
32 0.1233951497860200 0.2943244344813531
33 0.1273181169757489 0.3039025881393927
34 0.1307825555329122 0.3113918891379661
35 0.1347055227226411 0.3190849806399022
36 0.1379661707764418 0.3271347055227226
37 0.1415325045852863 0.3339616873853678
38 0.1450988383941308 0.3416038312614632
39 0.1482066435704096 0.3486346036274710
40 0.1521805583859792 0.3558182188710006
41 0.1558997350723457 0.3632565722437334
42 0.1588037497452619 0.3695740778479722
43 0.1626248216833096 0.3760444263297330
44 0.1655797839820664 0.3828204605665376
45 0.1686366415325046 0.3888832280415733
46 0.1717444467087834 0.3956083146525372
47 0.1747503566333809 0.4014672916242104
48 0.1778581618096596 0.4079376401059711
49 0.1807112288567353 0.4143570409618912
50 0.1832076625229264 0.4198084369268392
51 0.1862135724475239 0.4257693091501936
52 0.1892704299979621 0.4317301813735480
53 0.1920725494191970 0.4370287344609741
54 0.1946708783370695 0.4424291828000815
55 0.1980334216425514 0.4492052170368861
56 0.2010393315671489 0.4545037701243122
57 0.2038414509883839 0.4603117994701447
58 0.2066435704096189 0.4654575096800490
59 0.2094966374566946 0.4711636437742002
60 0.2129610760138577 0.4774811493784390
61 0.2158141430609334 0.4835948644793152
62 0.2189219482372121 0.4893519461993071
63 0.2222335439168535 0.4949052374159364
64 0.2250356633380884 0.5004585286325658
65 0.2281434685143672 0.5062156103525576
66 0.2301813735479926 0.5104952109231710
67 0.2333401263501120 0.5160485021398002
68 0.2367536172814347 0.5222641124923579
69 0.2400142653352354 0.5282759323415529
70 0.2428673323823110 0.5335235378031384
71 0.2449561850417771 0.5384145098838394
72 0.2472488282046057 0.5441715916038312
73 0.2500000000000000 0.5490625636845323
74 0.2521907479111474 0.5537497452618708
75 0.2548400244548604 0.5580293458324842
76 0.2566741389851233 0.5627165274098227
77 0.2596800489097209 0.5673018137354799
78 0.2616670063175056 0.5714795190544121
79 0.2642143876095374 0.5761667006317506
80 0.2661503973914816 0.5794782963113919
81 0.2683920929284696 0.5836050540044834
82 0.2706337884654575 0.5885979213368657
83 0.2727735887507642 0.5921133075198696
84 0.2748624414102303 0.5954758508253515
85 0.2769003464438557 0.5993478703892399
86 0.2792948848583656 0.6039841043407377
87 0.2815365803953536 0.6083656001630324
88 0.2841349093132260 0.6130527817403709
89 0.2869370287344609 0.6169757489300999
90 0.2888220908905645 0.6205930303647851
91 0.2912675769309150 0.6244650499286732
92 0.2935602200937436 0.6282861218667211
93 0.2951395964948034 0.6318524556755656
94 0.2974322396576320 0.6349093132260037
95 0.2996739351946199 0.6389341756674138
96 0.3018137354799266 0.6426533523537803
97 0.3039025881393927 0.6464234766659873
98 0.3056857550438150 0.6499898104748318
99 0.3076727124515998 0.6535051966578358
100 0.3090482983492969 0.6564092113307520
101 0.3107295700020379 0.6597717546362339
102 0.3122070511514163 0.6626248216833095
103 0.3142449561850418 0.6648155695944569
104 0.3161809659669860 0.6685347462808233
105 0.3177603423680456 0.6712859180762176
106 0.3191359282657428 0.6737823517424089
107 0.3201039331567149 0.6766354187894844
108 0.3215304666802526 0.6785204809455879
109 0.3231098430813124 0.6812207051151417
110 0.3246892194823722 0.6845323007947830
111 0.3260648053800693 0.6867739963317709
112 0.3276951294069697 0.6892704299979622
113 0.3292235581821887 0.6916649684124720
114 0.3308538822090891 0.6939576115753006
115 0.3326879967393519 0.6969125738740575
116 0.3337578968820053 0.6991542694110455
117 0.3359486447931527 0.7019054412064398
118 0.3371713878133279 0.7046056653759936
119 0.3390055023435908 0.7071020990421846
120 0.3404320358671286 0.7099551660892602
121 0.3418585693906664 0.7118402282453637
122 0.3433869981658855 0.7144895047890768
123 0.3445078459343794 0.7169859384552679
124 0.3459853270837578 0.7197371102506623
125 0.3475137558589769 0.7221316486651722
126 0.3488893417566742 0.7243733442021602
127 0.3504177705318933 0.7267169349908293
128 0.3517933564295904 0.7290605257794986
129 0.3525066231913593 0.7306399021805584
130 0.3534746280823313 0.7326268595883432
131 0.3546464234766660 0.7343081312410842
132 0.3562767475035663 0.7360403505196658
133 0.3572447523945385 0.7382310984308131
134 0.3581618096596698 0.7397085795801915
135 0.3591807621764825 0.7415936417362952
136 0.3603016099449765 0.7431730181373548
137 0.3615243529651518 0.7443957611575300
138 0.3627470959853271 0.7459241899327491
139 0.3639188913796617 0.7477583044630121
140 0.3651416343998369 0.7491338903607092
141 0.3660077440391277 0.7505094762584064
142 0.3669757489300999 0.7524454860403506
143 0.3680456490727532 0.7539739148155696
144 0.3692683920929285 0.7558080293458325
145 0.3703892398614225 0.7574893009985735
146 0.3713572447523945 0.7590177297737926
147 0.3723252496433667 0.7608008966782148
148 0.3733951497860200 0.7627369064601590
149 0.3746688404320359 0.7639087018544936
150 0.3755349500713266 0.7654371306297126
151 0.3768086407173425 0.7674240880374974
152 0.3780823313633584 0.7694110454452823
153 0.3791522315060118 0.7715508457305890
154 0.3803240269003464 0.7731302221316487
155 0.3814448746688405 0.7753209700427960
156 0.3822600366822906 0.7767984511921744
157 0.3834827797024659 0.7785306704707561
158 0.3846036274709599 0.7797534134909313
159 0.3854697371102507 0.7811799470144691
160 0.3866924801304259 0.7827083757896882
161 0.3879152231506012 0.7838801711840229
162 0.3885775422865294 0.7852557570817200
163 0.3894436519258203 0.7864785001018952
164 0.3903607091909517 0.7878540859995924
165 0.3914306093336051 0.7896372529040147
166 0.3922967189728959 0.7908599959241900
167 0.3933666191155493 0.7920827389443652
168 0.3942327287548401 0.7935092724679029
169 0.3952007336458121 0.7945282249847156
170 0.3961687385367841 0.7956490727532097
171 0.3968310576727124 0.7966680252700225
172 0.3978500101895251 0.7978907682901977
173 0.3984613816996128 0.7991644589362136
174 0.3992255960872223 0.8000815162013450
175 0.3998879152231506 0.8014571020990422
176 0.4008049724882821 0.8029345832484206
177 0.4020786631342980 0.8044630120236397
178 0.4028428775219075 0.8057876502954963
179 0.4037089871611983 0.8074689219482372
180 0.4044222539229672 0.8089464030976157
181 0.4050845730588954 0.8098125127369065
182 0.4060016303240269 0.8105767271245160
183 0.4066639494599552 0.8114428367638068
184 0.4074281638475648 0.8123598940289383
185 0.4083452211126961 0.8132769512940696
186 0.4090584878744651 0.8144487466884043
187 0.4097717546362339 0.8154676992052170
188 0.4106888119013654 0.8163338088445078
189 0.4110963929080905 0.8169961279804361
190 0.4114530262889750 0.8181679233747707
191 0.4126248216833096 0.8191359282657429
192 0.4134909313226004 0.8199510902791930
193 0.4142551457102099 0.8207662522926431
194 0.4150193600978195 0.8219380476869778
195 0.4157835744854290 0.8228551049521092
196 0.4161402078663134 0.8237721622172407
197 0.4168534746280823 0.8247401671082127
198 0.4176176890156919 0.8258100672508661
199 0.4180762176482576 0.8265233340126350
200 0.4187894844100265 0.8272875484002445
201 0.4195027511717954 0.8284593437945792
202 0.4202669655594049 0.8291216629305074
203 0.4211330751986957 0.8300896678214795
204 0.4217953943346240 0.8312105155899735
205 0.4222029753413491 0.8320256776034237
206 0.4227124515997555 0.8329427348685552
207 0.4232728754840025 0.8338597921336866
208 0.4238332993682494 0.8344711636437742
209 0.4243427756266558 0.8351844304055431
210 0.4249541471367434 0.8363052781740371
211 0.4254636233951498 0.8367638068066028
212 0.4258712044018749 0.8370694925616466
213 0.4263297330344406 0.8377827593234155
214 0.4270429997962095 0.8385979213368657
215 0.4277562665579784 0.8395149786019971
216 0.4282147951905442 0.8402282453637661
217 0.4289280619523130 0.8411962502547381
218 0.4292846953331975 0.8421642551457102
219 0.4299979620949663 0.8430813124108416
220 0.4308131241084165 0.8441002649276543
221 0.4316282861218668 0.8454249031995109
222 0.4321377623802731 0.8463419604646424
223 0.4329529243937232 0.8472080701039332
224 0.4339209292846953 0.8481760749949052
225 0.4344304055431016 0.8489402893825148
226 0.4352455675565519 0.8498573466476462
227 0.4359078866924802 0.8509781944161402
228 0.4364683105767271 0.8517424088037497
229 0.4371815773384961 0.8522518850621561
230 0.4376401059710617 0.8529651518239250
231 0.4383024251069900 0.8537803138373752
232 0.4389137966170776 0.8546464234766660
233 0.4397289586305279 0.8552577949867536
234 0.4402893825147748 0.8558182188710006
235 0.4407479111473406 0.8565824332586102
236 0.4413083350315875 0.8574485428979010
237 0.4417159160383126 0.8582127572855105
238 0.4424291828000815 0.8587731811697574
239 0.4428367638068066 0.8596902384348889
240 0.4434990829427349 0.8605054004483391
241 0.4441104544528225 0.8610148767067455
242 0.4444670878337069 0.8617281434685143
243 0.4449256164662727 0.8627470959853271
244 0.4455879356022009 0.8633075198695741
245 0.4462502547381292 0.8640717342571836
246 0.4465049928673324 0.8647850010189525
247 0.4473201548807826 0.8656001630324027
248 0.4479315263908702 0.8663134297941716
249 0.4484410026492766 0.8670266965559406
250 0.4491542694110454 0.8679437538210719
251 0.4496127980436112 0.8688098634603627
252 0.4503770124312207 0.8696759730996535
253 0.4507336458121052 0.8702873446097412
254 0.4514469125738740 0.8709496637456695
255 0.4520582840839616 0.8713572447523945
256 0.4526187079682087 0.8719176686366416
257 0.4530772366007744 0.8726818830242511
258 0.4535867128591807 0.8730894640309761
259 0.4538923986142246 0.8734970450377012
260 0.4541471367434278 0.8740574689219482
261 0.4545547177501529 0.8747707356837171
262 0.4550641940085592 0.8753311595679641
263 0.4557265131444874 0.8757896882005298
264 0.4563888322804157 0.8764520073364581
265 0.4565926227837783 0.8769614835948645
266 0.4569492561646628 0.8772162217240677
267 0.4573568371713879 0.8778275932341553
268 0.4577134705522723 0.8782861218667211
269 0.4581719991848380 0.8786937028734461
270 0.4583248420623599 0.8789484410026492
271 0.4587324230690850 0.8794579172610556
272 0.4591909517016507 0.8801202363969839
273 0.4595475850825351 0.8804259221520278
274 0.4599042184634196 0.8808844507845934
275 0.4602099042184634 0.8814958222946810
276 0.4605665375993478 0.8819543509272468
277 0.4609231709802323 0.8823109843081313
278 0.4613816996127981 0.8828204605665376
279 0.4616364377420012 0.8836356225799877
280 0.4622987568779295 0.8843488893417567
281 0.4626044426329733 0.8846545750968005
282 0.4628082331363359 0.8850112084776849
283 0.4632667617689016 0.8852149989810475
284 0.4635724475239453 0.8856225799877726
285 0.4638781332789892 0.8859792133686570
286 0.4641838190340331 0.8861830038720195
287 0.4642857142857143 0.8867943753821071
288 0.4645914000407581 0.8872529040146729
289 0.4649989810474832 0.8874566945180354
290 0.4651518239250051 0.8877114326472386
291 0.4655594049317302 0.8881190136539637
292 0.4661198288159771 0.8885265946606888
293 0.4665274098227022 0.8888322804157326
294 0.4668330955777461 0.8890870185449358
295 0.4671387813327899 0.8894945995516609
296 0.4673425718361525 0.8897493376808641
297 0.4676482575911962 0.8900040758100672
298 0.4679029957203994 0.8903607091909517
299 0.4682086814754433 0.8908701854493580
300 0.4683615243529652 0.8912268188302426
301 0.4686672101080089 0.8914306093336051
302 0.4689728958630528 0.8917872427144895
303 0.4692276339922560 0.8922967189728959
304 0.4695842673731404 0.8927552476054615
305 0.4699409007540248 0.8932647238638679
306 0.4702465865090687 0.8937232524964337
307 0.4705522722641124 0.8940289382514774
308 0.4708070103933156 0.8943346240065213
309 0.4710108008966782 0.8948441002649277
310 0.4713674342775627 0.8952516812716528
311 0.4716221724067658 0.8956083146525372
312 0.4717240676584471 0.8959140004075810
313 0.4720807010393315 0.8962706337884655
314 0.4722335439168535 0.8965763195435092
315 0.4724882820460566 0.8968310576727124
316 0.4727939678011005 0.8970857958019156
317 0.4729977583044630 0.8973405339311188
318 0.4732524964336662 0.8976971673120032
319 0.4733543916853474 0.8979009578153658
320 0.4735072345628694 0.8981556959445690
321 0.4736600774403913 0.8984104340737722
322 0.4738129203179132 0.8985632769512941
323 0.4740167108212757 0.8987161198288159
324 0.4742205013246382 0.8990218055838598
325 0.4744752394538414 0.8995312818422662
326 0.4746280823313633 0.8999898104748318
327 0.4747809252088853 0.9001936009781945
328 0.4751375585897697 0.9006011819849196
329 0.4752904014672916 0.9010597106174852
330 0.4755960872223355 0.9014163439983697
331 0.4758508253515387 0.9019258202567760
332 0.4761055634807418 0.9022824536376605
333 0.4764112492357856 0.9023843488893417
334 0.4768188302425107 0.9028428775219075
335 0.4769716731200326 0.9029957203994294
336 0.4770226207458732 0.9031485632769513
337 0.4771754636233951 0.9034033014061544
338 0.4774811493784390 0.9035561442836764
339 0.4776339922559609 0.9038618300387202
340 0.4777868351334827 0.9041165681679234
341 0.4781434685143672 0.9045241491746485
342 0.4784491542694110 0.9048807825555329
343 0.4786529447727735 0.9052374159364174
344 0.4788567352761361 0.9055431016914612
345 0.4792643162828613 0.9060016303240269
346 0.4794681067862238 0.9062054208273894
347 0.4797228449154269 0.9063582637049113
348 0.4801304259221520 0.9066639494599552
349 0.4803851640513552 0.9070205828408396
350 0.4805380069288772 0.9072243733442021
351 0.4809455879356022 0.9074791114734053
352 0.4812003260648053 0.9076829019767679
353 0.4812512736906460 0.9080395353576524
354 0.4814041165681680 0.9084471163643775
355 0.4814550641940085 0.9085490116160587
356 0.4819135928265743 0.9088037497452619
357 0.4821683309557775 0.9092622783778276
358 0.4824740167108212 0.9093641736295088
359 0.4827287548400244 0.9095170165070308
360 0.4828306500917058 0.9097717546362339
361 0.4829325453433870 0.9098736498879152
362 0.4830344405950683 0.9100264927654371
363 0.4831872834725902 0.9103321785204810
364 0.4833910739759527 0.9107907071530467
365 0.4839005502343591 0.9112492357856123
366 0.4841043407377216 0.9116058691664969
367 0.4843590788669248 0.9118096596698594
368 0.4846647646219686 0.9120643977990626
369 0.4849195027511718 0.9124719788057877
370 0.4851742408803750 0.9125738740574689
371 0.4852251885062157 0.9128795598125128
372 0.4853270837578969 0.9130833503158753
373 0.4854799266354188 0.9134399836967597
374 0.4857346647646220 0.9136947218259629
375 0.4860403505196658 0.9141532504585286
376 0.4862441410230284 0.9144589362135724
377 0.4864988791522316 0.9148155695944569
378 0.4869064601589566 0.9152231506011820
379 0.4871611982881597 0.9157326268595883
380 0.4873140411656817 0.9159364173629508
381 0.4876197269207255 0.9164968412471979
382 0.4881292031791319 0.9167515793764011
383 0.4883329936824944 0.9170063175056042
384 0.4886386794375382 0.9172101080089667
385 0.4889443651925820 0.9176176890156919
386 0.4891991033217852 0.9181781128999389
387 0.4894028938251478 0.9183309557774608
388 0.4897085795801915 0.9185347462808233
389 0.4897595272060322 0.9186366415325046
390 0.4900652129610760 0.9187894844100265
391 0.4902180558385979 0.9190442225392297
392 0.4904218463419605 0.9194518035459548
393 0.4905237415936418 0.9196555940493173
394 0.4907275320970043 0.9199612798043612
395 0.4909313226003669 0.9200122274302017
396 0.4910332178520481 0.9203179131852456
397 0.4914917464846138 0.9204707560627675
398 0.4916955369879764 0.9207764418178113
399 0.4918993274913389 0.9211330751986957
400 0.4918993274913389 0.9213368657020583
401 0.4922050132463828 0.9216425514571021
402 0.4924597513755860 0.9218972895863052
403 0.4925616466272672 0.9221010800896678
404 0.4928163847564704 0.9222539229671898
405 0.4928673323823110 0.9224067658447116
406 0.4930201752598329 0.9226615039739148
407 0.4931220705115141 0.9228143468514367
408 0.4933768086407173 0.9231200326064806
409 0.4934277562665580 0.9234766659873650
410 0.4936315467699205 0.9238332993682494
411 0.4938353372732831 0.9240370898716119
412 0.4939881801508049 0.9242918280008152
413 0.4943448135316895 0.9244956185041777
414 0.4946504992867332 0.9246994090075402
415 0.4948033421642551 0.9249541471367434
416 0.4949561850417771 0.9250050947625841
417 0.4951599755451396 0.9252088852659466
418 0.4951599755451396 0.9256674138985124
419 0.4952618707968208 0.9258202567760342
420 0.4954147136743428 0.9260240472793968
421 0.4955675565518647 0.9261259425310781
422 0.4958732423069085 0.9262787854086000
423 0.4959241899327491 0.9264316282861219
424 0.4960770328102710 0.9264825759119625
425 0.4962808233136335 0.9265844711636437
426 0.4963827185653149 0.9270429997962095
427 0.4965865090686774 0.9271958426737315
428 0.4967902995720399 0.9273486855512533
429 0.4969940900754025 0.9275015284287752
430 0.4970450377012431 0.9277053189321378
431 0.4972997758304463 0.9279600570613409
432 0.4976054615854901 0.9283166904422254
433 0.4977583044630121 0.9284695333197472
434 0.4980130425922152 0.9287242714489505
435 0.4982677807214184 0.9289280619523130
436 0.4985225188506216 0.9291828000815162
437 0.4987263093539841 0.9294884858365600
438 0.4988282046056653 0.9296922763399226
439 0.4991338903607092 0.9300998573466477
440 0.4992357856123905 0.9302527002241696
441 0.4993886284899124 0.9304055431016914
442 0.4996433666191156 0.9304564907275321
443 0.4997452618707968 0.9306093336050540
444 0.4998471571224781 0.9307621764825759
445 0.5001528428775219 0.9310678622376197
446 0.5003056857550439 0.9314754432443448
447 0.5004585286325658 0.9317301813735480
448 0.5006113715100876 0.9318830242510699
449 0.5007642143876095 0.9321377623802731
450 0.5010189525168127 0.9322906052577949
451 0.5010699001426533 0.9324943957611576
452 0.5012227430201752 0.9328000815162013
453 0.5014265335235377 0.9328510291420420
454 0.5015793764010597 0.9330038720195639
455 0.5017322192785816 0.9333605054004483
456 0.5017831669044223 0.9335133482779703
457 0.5020379050336254 0.9336152435296515
458 0.5021398002853067 0.9336661911554922
459 0.5021907479111474 0.9337171387813328
460 0.5022416955369879 0.9338699816588547
461 0.5023435907886693 0.9340228245363766
462 0.5023945384145099 0.9342775626655798
463 0.5025983289178724 0.9344304055431016
464 0.5027511717953943 0.9344813531689423
465 0.5028021194212350 0.9347870389239862
466 0.5030059099245976 0.9350417770531894
467 0.5031587528021194 0.9353984104340738
468 0.5034134909313226 0.9353984104340738
469 0.5034644385571632 0.9355512533115957
470 0.5035153861830040 0.9357040961891175
471 0.5036682290605258 0.9357550438149582
472 0.5037191766863665 0.9358569390666395
473 0.5039739148155695 0.9359588343183207
474 0.5041267576930915 0.9361116771958427
475 0.5042286529447728 0.9362645200733646
476 0.5044324434481353 0.9364173629508865
477 0.5045852863256572 0.9365702058284084
478 0.5045852863256572 0.9366211534542490
479 0.5047381292031792 0.9368758915834522
480 0.5048400244548604 0.9370796820868148
481 0.5049928673323822 0.9373853678418586
482 0.5050947625840636 0.9374363154676992
483 0.5051457102099042 0.9374363154676992
484 0.5052476054615855 0.9374872630935398
485 0.5054004483391075 0.9377420012227430
486 0.5054513959649480 0.9377929488485837
487 0.5054513959649480 0.9379457917261056
488 0.5057061340941512 0.9383024251069900
489 0.5058589769716731 0.9384552679845120
490 0.5059608722233544 0.9385062156103525
491 0.5062156103525576 0.9386081108620339
492 0.5062156103525576 0.9388628489912370
493 0.5064703484817608 0.9389647442429183
494 0.5065212961076013 0.9390156918687589
495 0.5066231913592827 0.9391685347462808
496 0.5068269818626452 0.9393723252496433
497 0.5070307723660077 0.9396270633788465
498 0.5071836152435296 0.9396780110046872
499 0.5073874057468921 0.9397289586305279
500 0.5074893009985735 0.9398818015080497
501 0.5077440391277767 0.9399836967597310
502 0.5078459343794579 0.9400855920114123
503 0.5078968820052985 0.9402893825147748
504 0.5079987772569798 0.9405441206439780
505 0.5081516201345018 0.9406460158956592
506 0.5083044630120237 0.9406460158956592
507 0.5083554106378643 0.9406969635214999
508 0.5084063582637048 0.9407479111473406
509 0.5086101487670674 0.9410535969023843
510 0.5087120440187487 0.9412064397799063
511 0.5087120440187487 0.9414102302832688
512 0.5089667821479519 0.9415121255349501
513 0.5090686773996331 0.9416140207866314
514 0.5092215202771551 0.9416649684124719
515 0.5093234155288364 0.9417668636641533
516 0.5094762584063582 0.9420216017933565
517 0.5095781536580395 0.9422763399225597
518 0.5096800489097209 0.9423782351742409
519 0.5097819441614021 0.9423782351742409
520 0.5100366822906053 0.9423782351742409
521 0.5100366822906053 0.9424291828000815
522 0.5100876299164459 0.9425820256776034
523 0.5101895251681272 0.9426329733034441
524 0.5102914204198085 0.9426839209292847
525 0.5103423680456491 0.9428367638068066
526 0.5103933156714897 0.9430915019360098
527 0.5106990014265336 0.9431424495618504
528 0.5108008966782148 0.9432443448135317
529 0.5109537395557366 0.9432443448135317
530 0.5110046871815773 0.9432952924393723
531 0.5110046871815773 0.9432952924393723
532 0.5110556348074180 0.9434481353168942
533 0.5111065824332586 0.9434990829427349
534 0.5111575300590993 0.9436009781944161
535 0.5112084776849399 0.9437538210719381
536 0.5113103729366211 0.9439066639494600
537 0.5113613205624619 0.9439576115753006
538 0.5114632158141430 0.9441104544528225
539 0.5115651110658244 0.9442123497045037
540 0.5115651110658244 0.9443142449561850
541 0.5115651110658244 0.9444161402078664
542 0.5116160586916649 0.9444161402078664
543 0.5116670063175056 0.9444670878337069
544 0.5117689015691869 0.9445180354595476
545 0.5119217444467088 0.9445689830853882
546 0.5119726920725494 0.9446708783370695
547 0.5121255349500713 0.9447218259629101
548 0.5121255349500713 0.9448237212145913
549 0.5122274302017527 0.9449256164662727
550 0.5122783778275932 0.9449765640921133
551 0.5123293254534338 0.9450275117179540
552 0.5124312207051152 0.9451294069696352
553 0.5125331159567964 0.9452822498471571
554 0.5125840635826371 0.9454860403505196
555 0.5126350112084777 0.9455369879763603
556 0.5127878540859996 0.9457407784797228
557 0.5131444874668840 0.9458936213572448
558 0.5131954350927247 0.9459445689830854
559 0.5131954350927247 0.9460464642347667
560 0.5133482779702465 0.9461993071122886
561 0.5134501732219279 0.9463012023639699
562 0.5135011208477684 0.9464030976156511
563 0.5136030160994498 0.9465559404931730
564 0.5137049113511311 0.9468106786223762
565 0.5138068066028123 0.9468616262482168
566 0.5138068066028123 0.9469125738740575
567 0.5139596494803342 0.9471163643774200
568 0.5140615447320155 0.9471673120032607
569 0.5140615447320155 0.9473201548807826
570 0.5142143876095374 0.9474220501324638
571 0.5143162828612187 0.9474729977583045
572 0.5143162828612187 0.9475748930099858
573 0.5143672304870592 0.9477277358875077
574 0.5143672304870592 0.9478296311391889
575 0.5144181781128999 0.9478296311391889
576 0.5144181781128999 0.9479315263908702
577 0.5146219686162625 0.9480843692683921
578 0.5147748114937845 0.9481353168942327
579 0.5148767067454656 0.9483900550234359
580 0.5151314448746689 0.9484919502751172
581 0.5152842877521908 0.9486447931526391
582 0.5153861830038720 0.9487466884043203
583 0.5154880782555533 0.9488485836560017
584 0.5155899735072346 0.9488995312818422
585 0.5155899735072346 0.9490014265335236
586 0.5156918687589158 0.9490523741593642
587 0.5157428163847565 0.9491033217852048
588 0.5157937640105972 0.9491542694110454
589 0.5159466068881190 0.9492052170368861
590 0.5159975545139597 0.9494090075402486
591 0.5160485021398002 0.9495618504177705
592 0.5160994497656409 0.9495618504177705
593 0.5161503973914816 0.9495618504177705
594 0.5161503973914816 0.9496127980436112
595 0.5163032402690035 0.9499184837986550
596 0.5164051355206847 0.9501222743020176
597 0.5165579783982066 0.9502751171795394
598 0.5168127165274099 0.9504279600570613
599 0.5169146117790910 0.9505808029345832
600 0.5169146117790910 0.9505808029345832
601 0.5169655594049317 0.9507845934379457
602 0.5172202975341349 0.9511412268188303
603 0.5172712451599755 0.9512431220705115
604 0.5173221927858163 0.9512940696963521
605 0.5174240880374974 0.9515488078255553
606 0.5175769309150193 0.9518035459547585
607 0.5177297737925413 0.9519563888322804
608 0.5178826166700632 0.9520582840839616
609 0.5179845119217444 0.9520582840839616
610 0.5180354595475851 0.9521092317098023
611 0.5180864071734257 0.9521601793356430
612 0.5181373547992664 0.9522620745873243
613 0.5181883024251071 0.9522620745873243
614 0.5182392500509476 0.9523639698390055
615 0.5182901976767882 0.9524658650906868
616 0.5182901976767882 0.9524658650906868
617 0.5183411453026290 0.9525677603423680
618 0.5183920929284696 0.9527206032198899
619 0.5184939881801508 0.9528734460974119
620 0.5187487263093540 0.9529753413490931
621 0.5187487263093540 0.9531281842266150
622 0.5189015691868759 0.9533319747299775
623 0.5190544120643978 0.9533829223558182
624 0.5193091501936009 0.9533829223558182
625 0.5193600978194416 0.9534848176074995
626 0.5193600978194416 0.9536376604850214
627 0.5195129406969635 0.9536886081108620
628 0.5195638883228042 0.9537395557367027
629 0.5196148359486448 0.9538414509883839
630 0.5198186264520073 0.9540452414917465
631 0.5199205217036886 0.9541471367434278
632 0.5199714693295292 0.9542999796209497
633 0.5200224169553699 0.9542999796209497
634 0.5203281027104136 0.9544528224984715
635 0.5203790503362543 0.9545547177501529
636 0.5205318932137762 0.9546566130018341
637 0.5205318932137762 0.9546566130018341
638 0.5206337884654575 0.9548094558793561
639 0.5206337884654575 0.9549113511310373
640 0.5207356837171389 0.9550132463827186
641 0.5207866313429794 0.9552170368860811
642 0.5208375789688200 0.9552170368860811
643 0.5210923170980233 0.9554717750152842
644 0.5211432647238639 0.9555227226411249
645 0.5211432647238639 0.9556246178928062
646 0.5211432647238639 0.9556755655186469
647 0.5212961076013858 0.9556755655186469
648 0.5214489504789077 0.9557774607703281
649 0.5215508457305890 0.9559303036478500
650 0.5217036886081108 0.9560831465253720
651 0.5217546362339516 0.9561340941512125
652 0.5218055838597921 0.9562869370287345
653 0.5218565314856327 0.9564397799062564
654 0.5219584267373141 0.9565926227837783
655 0.5220603219889953 0.9566945180354596
656 0.5221622172406766 0.9567964132871408
657 0.5222131648665171 0.9567964132871408
658 0.5223150601181985 0.9568473609129815
659 0.5223660077440391 0.9569492561646628
660 0.5224169553698798 0.9570511514163440
661 0.5224679029957204 0.9571530466680253
662 0.5225188506215610 0.9572039942938659
663 0.5225188506215610 0.9572039942938659
664 0.5225697982474017 0.9572549419197065
665 0.5227226411249235 0.9574077847972284
666 0.5227735887507643 0.9575096800489097
667 0.5228754840024454 0.9576115753005909
668 0.5229773792541268 0.9577644181781129
669 0.5231811697574893 0.9578663134297942
670 0.5232830650091707 0.9578663134297942
671 0.5233340126350112 0.9578663134297942
672 0.5233340126350112 0.9579682086814755
673 0.5233849602608518 0.9579682086814755
674 0.5234359078866925 0.9579682086814755
675 0.5234359078866925 0.9579682086814755
676 0.5234868555125332 0.9580191563073160
677 0.5235378031383737 0.9580701039331567
678 0.5235887507642144 0.9581719991848380
679 0.5236396983900551 0.9581719991848380
680 0.5236396983900551 0.9581719991848380
681 0.5236396983900551 0.9582229468106787
682 0.5236906460158957 0.9582738944365192
683 0.5236906460158957 0.9582738944365192
684 0.5237415936417362 0.9584267373140412
685 0.5238944365192582 0.9584776849398818
686 0.5238944365192582 0.9586305278174037
687 0.5239963317709395 0.9586814754432443
688 0.5240472793967801 0.9586814754432443
689 0.5241491746484614 0.9588852659466069
690 0.5242001222743020 0.9589871611982882
691 0.5242510699001426 0.9589871611982882
692 0.5243529651518239 0.9590890564499694
693 0.5246586509068678 0.9591909517016507
694 0.5246586509068678 0.9593437945791726
695 0.5247605461585489 0.9593437945791726
696 0.5249133890360709 0.9594456898308539
697 0.5249133890360709 0.9594456898308539
698 0.5249643366619116 0.9594966374566946
699 0.5250152842877522 0.9595985327083758
700 0.5250662319135928 0.9596494803342164
701 0.5250662319135928 0.9596494803342164
702 0.5251681271652742 0.9597004279600571
703 0.5252190747911147 0.9597004279600571
704 0.5252190747911147 0.9597513755858977
705 0.5252190747911147 0.9597513755858977
706 0.5252190747911147 0.9598023232117383
707 0.5252190747911147 0.9600061137151009
708 0.5252700224169553 0.9600570613409415
709 0.5253209700427960 0.9600570613409415
710 0.5254738129203179 0.9603627470959853
711 0.5256266557978398 0.9606174852251885
712 0.5258304463012023 0.9607193804768698
713 0.5259323415528836 0.9608722233543917
714 0.5259832891787243 0.9609741186060730
715 0.5259832891787243 0.9609741186060730
716 0.5260851844304055 0.9611269614835949
717 0.5262380273079275 0.9612288567352761
718 0.5263908701854494 0.9613307519869574
719 0.5264418178112900 0.9615345424903200
720 0.5265437130629713 0.9615854901161606
721 0.5265437130629713 0.9617383329936825
722 0.5265437130629713 0.9618402282453637
723 0.5266965559404932 0.9619930711228857
724 0.5266965559404932 0.9620440187487264
725 0.5267984511921744 0.9621459140004076
726 0.5269003464438557 0.9622478092520889
727 0.5269003464438557 0.9623497045037701
728 0.5271041369472182 0.9625534950071326
729 0.5272060321988996 0.9626553902588140
730 0.5272569798247402 0.9628082331363359
731 0.5273588750764214 0.9628591807621765
732 0.5273588750764214 0.9630120236396984
733 0.5274098227022621 0.9630629712655390
734 0.5276136132056246 0.9632667617689016
735 0.5277155084573060 0.9633686570205828
736 0.5277155084573060 0.9633686570205828
737 0.5278683513348278 0.9633686570205828
738 0.5280211942123497 0.9634705522722641
739 0.5280721418381904 0.9635724475239453
740 0.5281230894640310 0.9635724475239453
741 0.5281740370898715 0.9638271856531486
742 0.5282249847157122 0.9639290809048299
743 0.5283778275932342 0.9641328714081924
744 0.5285306704707561 0.9641328714081924
745 0.5288363562257998 0.9641838190340331
746 0.5288363562257998 0.9642347666598736
747 0.5288363562257998 0.9642857142857143
748 0.5289382514774812 0.9643876095373956
749 0.5290910943550031 0.9644895047890768
750 0.5291929896066843 0.9645404524149175
751 0.5291929896066843 0.9645404524149175
752 0.5291929896066843 0.9645914000407581
753 0.5292948848583656 0.9647442429182800
754 0.5293458324842062 0.9647442429182800
755 0.5294986753617281 0.9647442429182800
756 0.5295496229875688 0.9647442429182800
757 0.5295496229875688 0.9647951905441207
758 0.5295496229875688 0.9647951905441207
759 0.5295496229875688 0.9648461381699612
760 0.5295496229875688 0.9648461381699612
761 0.5295496229875688 0.9648461381699612
762 0.5296005706134095 0.9648970857958019
763 0.5296005706134095 0.9648970857958019
764 0.5296515182392501 0.9649989810474832
765 0.5296515182392501 0.9650499286733238
766 0.5296515182392501 0.9651518239250051
767 0.5297534134909313 0.9652027715508458
768 0.5298043611167720 0.9652537191766863
769 0.5299062563684532 0.9653046668025270
770 0.5299062563684532 0.9653046668025270
771 0.5299572039942939 0.9653556144283676
772 0.5300081516201345 0.9655084573058895
773 0.5301609944976564 0.9655594049317302
774 0.5302628897493377 0.9656103525575708
775 0.5302628897493377 0.9656613001834115
776 0.5303138373751783 0.9656613001834115
777 0.5303138373751783 0.9658141430609334
778 0.5303647850010189 0.9659160383126146
779 0.5303647850010189 0.9659160383126146
780 0.5304157326268596 0.9659669859384553
781 0.5305176278785408 0.9660179335642959
782 0.5306195231302222 0.9660179335642959
783 0.5306704707560628 0.9660688811901366
784 0.5306704707560628 0.9660688811901366
785 0.5307723660077440 0.9660688811901366
786 0.5308233136335847 0.9661707764418178
787 0.5308233136335847 0.9661707764418178
788 0.5308742612594253 0.9661707764418178
789 0.5308742612594253 0.9661707764418178
790 0.5308742612594253 0.9663236193193397
791 0.5309761565111066 0.9663236193193397
792 0.5310780517627878 0.9663236193193397
793 0.5310780517627878 0.9663236193193397
794 0.5311289993886286 0.9663745669451803
795 0.5312308946403097 0.9664255145710210
796 0.5312818422661504 0.9665274098227022
797 0.5313327898919911 0.9665783574485429
798 0.5313837375178316 0.9666293050743835
799 0.5313837375178316 0.9666293050743835
800 0.5313837375178316 0.9666293050743835
801 0.5313837375178316 0.9666293050743835
802 0.5313837375178316 0.9666802527002242
803 0.5313837375178316 0.9667312003260649
804 0.5314856327695130 0.9667312003260649
805 0.5314856327695130 0.9668330955777461
806 0.5314856327695130 0.9668840432035867
807 0.5315365803953536 0.9668840432035867
808 0.5315875280211941 0.9668840432035867
809 0.5315875280211941 0.9668840432035867
810 0.5315875280211941 0.9669349908294274
811 0.5316384756470349 0.9670368860811086
812 0.5316384756470349 0.9670368860811086
813 0.5316384756470349 0.9670878337069493
814 0.5316894232728755 0.9670878337069493
815 0.5316894232728755 0.9670878337069493
816 0.5317403708987161 0.9671387813327899
817 0.5318422661503974 0.9671897289586305
818 0.5318422661503974 0.9673935194619930
819 0.5318932137762380 0.9674444670878337
820 0.5319441614020787 0.9674444670878337
821 0.5319951090279194 0.9674954147136743
822 0.5319951090279194 0.9675973099653556
823 0.5319951090279194 0.9676992052170369
824 0.5320460566537599 0.9676992052170369
825 0.5320460566537599 0.9678011004687181
826 0.5320460566537599 0.9678011004687181
827 0.5320970042796005 0.9678011004687181
828 0.5321479519054413 0.9679029957203994
829 0.5322498471571224 0.9679539433462401
830 0.5323007947829631 0.9680048909720806
831 0.5323007947829631 0.9680048909720806
832 0.5323517424088038 0.9680558385979213
833 0.5324026900346444 0.9681067862237620
834 0.5324536376604850 0.9682086814754433
835 0.5326064805380069 0.9682086814754433
836 0.5326064805380069 0.9682596291012839
837 0.5326064805380069 0.9683105767271245
838 0.5326574281638476 0.9683105767271245
839 0.5327593234155288 0.9684124719788058
840 0.5328102710413695 0.9684124719788058
841 0.5328102710413695 0.9684634196046464
842 0.5328612186672101 0.9685143672304870
843 0.5328612186672101 0.9685143672304870
844 0.5330140615447321 0.9685653148563277
845 0.5330650091705726 0.9686162624821684
846 0.5331669044222539 0.9687181577338496
847 0.5331669044222539 0.9687181577338496
848 0.5331669044222539 0.9688200529855309
849 0.5333706949256165 0.9689219482372121
850 0.5334216425514571 0.9689219482372121
851 0.5334216425514571 0.9689728958630528
852 0.5334216425514571 0.9689728958630528
853 0.5334725901772978 0.9690747911147340
854 0.5334725901772978 0.9691257387405747
855 0.5335235378031384 0.9691766863664153
856 0.5336254330548196 0.9691766863664153
857 0.5337273283065009 0.9692276339922560
858 0.5337273283065009 0.9692785816180965
859 0.5338292235581822 0.9693295292439372
860 0.5338292235581822 0.9693804768697779
861 0.5338292235581822 0.9693804768697779
862 0.5338292235581822 0.9693804768697779
863 0.5339311188098634 0.9694314244956185
864 0.5339820664357041 0.9695333197472997
865 0.5340330140615448 0.9696861626248217
866 0.5340330140615448 0.9697880578765029
867 0.5341349093132259 0.9697880578765029
868 0.5341858569390666 0.9698390055023436
869 0.5342368045649073 0.9698899531281843
870 0.5342368045649073 0.9699918483798655
871 0.5342368045649073 0.9699918483798655
872 0.5342368045649073 0.9699918483798655
873 0.5342877521907479 0.9700427960057061
874 0.5343386998165885 0.9701446912573874
875 0.5343896474424292 0.9701956388832280
876 0.5344405950682698 0.9702465865090687
877 0.5344405950682698 0.9702465865090687
878 0.5344915426941105 0.9703994293865906
879 0.5345424903199512 0.9704503770124312
880 0.5345424903199512 0.9706541675157938
881 0.5347972284491542 0.9707560627674751
882 0.5347972284491542 0.9708070103933156
883 0.5348991237008356 0.9708070103933156
884 0.5350010189525168 0.9709598532708376
885 0.5350519665783575 0.9710617485225188
886 0.5351538618300387 0.9711126961483595
887 0.5351538618300387 0.9711636437742002
888 0.5351538618300387 0.9712655390258814
889 0.5351538618300387 0.9712655390258814
890 0.5352048094558793 0.9712655390258814
891 0.5354595475850825 0.9713674342775627
892 0.5355104952109232 0.9714183819034033
893 0.5355614428367639 0.9714693295292439
894 0.5355614428367639 0.9714693295292439
895 0.5356633380884450 0.9714693295292439
896 0.5356633380884450 0.9714693295292439
897 0.5356633380884450 0.9714693295292439
898 0.5356633380884450 0.9715202771550846
899 0.5356633380884450 0.9715202771550846
900 0.5356633380884450 0.9715712247809252
901 0.5356633380884450 0.9717750152842878
902 0.5357652333401264 0.9717750152842878
903 0.5358671285918076 0.9719278581618097
904 0.5359690238434889 0.9720297534134910
905 0.5360709190951702 0.9720807010393315
906 0.5361218667210108 0.9721316486651722
907 0.5361218667210108 0.9721825962910129
908 0.5361728143468514 0.9722335439168535
909 0.5361728143468514 0.9722335439168535
910 0.5362237619726921 0.9722335439168535
911 0.5362747095985327 0.9722844915426941
912 0.5362747095985327 0.9722844915426941
913 0.5362747095985327 0.9722844915426941
914 0.5363256572243733 0.9723354391685347
915 0.5363766048502140 0.9724882820460566
916 0.5363766048502140 0.9725901772977379
917 0.5363766048502140 0.9725901772977379
918 0.5364275524760547 0.9725901772977379
919 0.5364785001018952 0.9726920725494193
920 0.5365803953535766 0.9727430201752598
921 0.5365803953535766 0.9727430201752598
922 0.5366822906052577 0.9727430201752598
923 0.5366822906052577 0.9727430201752598
924 0.5366822906052577 0.9727430201752598
>>>>>>> Stashed changes
