24.617209
21.627862
21.294917
13.632745
15.481053
14.250945
13.559921
16.808352
18.344140
14.276886
13.540576
14.665553
21.053124
18.918712
24.740618
19.480518
23.369041
24.987335
24.369463
17.337577
17.677650
15.038680
20.091453
14.557567
31.977636
12.637559
18.326788
16.577991
26.290189
12.661382
12.455347
11.329363
12.911717
14.978952
13.209316
27.408168
23.083192
21.160443
21.184642
13.703084
15.066313
24.850589
13.421660
18.939471
22.360755
15.257624
10.401386
27.220275
35.079505
19.979866
14.958455
13.961020
21.186388
19.112032
15.646542
16.063640
18.530283
20.217479
15.344629
13.575899
20.470270
22.353393
22.387384
18.985216
18.237737
21.738183
22.343811
15.760138
19.150349
12.530649
23.685089
17.823586
29.012091
19.257344
13.877779
25.989577
15.199853
28.765302
10.867844
16.114179
25.395205
15.778114
19.799632
26.049208
18.655567
26.302787
21.173388
15.488587
22.474783
23.541340
19.280654
17.048081
15.075306
14.262801
19.838974
17.595883
19.322347
13.884599
24.734585
19.116986
16.572773
26.058332
9.994542
20.028400
15.472223
13.458357
19.225473
25.468038
13.590715
19.176537
16.931105
18.191058
19.902486
16.759917
16.040087
17.827977
15.750935
14.588152
18.059222
19.616990
23.103497
16.284158
9.911261
11.625985
19.002590
22.525676
17.502767
13.466893
22.166973
16.717840
20.885084
10.511433
19.943616
15.318525
18.664594
17.671195
28.082379
31.392942
22.295389
22.931160
37.344605
21.587650
19.523800
11.387304
18.310257
14.882984
12.092097
15.906095
24.220009
17.486463
11.978613
20.874938
13.575544
18.846424
34.226848
19.119238
20.210691
13.726961
15.112753
18.594942
26.793451
18.440642
19.695185
21.091518
14.341992
17.478671
22.046236
13.516590
20.911618
27.483667
14.265264
19.898206
21.064756
15.843984
20.338092
15.521482
19.342340
17.837121
17.911951
13.791019
15.360552
18.057795
15.603687
13.603163
28.248160
18.287201
40.522772
20.671513
22.403095
20.360564
35.898959
22.192117
11.059536
19.495378
16.755294
14.901337
21.437387
19.455541
20.242529
23.067869
19.356609
23.636427
14.204384
19.601436
13.387758
20.522905
10.441875
22.624081
12.375639
20.907206
24.620748
22.005850
17.661673
37.872863
22.340386
15.743762
18.786876
18.846046
11.337799
22.170642
9.052700
18.437060
22.428236
18.583976
18.085353
19.539442
19.793223
18.627419
18.623366
24.951215
16.443379
17.852273
20.804060
22.915777
14.942896
18.030902
21.341383
20.206299
18.686704
13.267920
13.854966
16.596005
20.170744
33.212876
14.759647
23.649300
23.735289
18.638139
13.137965
20.370191
18.187417
9.970881
15.393432
23.564169
18.955032
15.596348
20.883309
12.559597
16.702797
16.562548
16.049662
30.430793
18.846865
16.751806
17.785044
16.277420
15.745599
16.075073
15.043706
16.120337
30.179957
15.457313
15.357355
21.478841
17.900922
15.133453
14.462981
10.841000
20.247381
22.439142
20.329612
29.933639
18.178349
16.791889
23.787570
17.409581
22.415652
15.680941
19.774373
21.136148
32.953039
13.039300
14.479608
22.618284
15.325208
12.829077
13.200942
16.354978
18.064970
14.660288
13.607054
22.016865
16.835057
18.551105
18.740134
18.962157
12.643801
14.837160
12.817616
21.977510
13.183822
13.529066
17.051732
16.266830
17.881682
18.845639
32.421943
18.176439
21.525549
14.992031
18.974136
15.717227
13.251524
23.862339
18.203809
18.454520
15.786960
18.661874
16.465671
12.628597
22.944524
16.997065
13.765385
11.739945
23.454092
26.157188
14.426703
13.258407
18.822784
20.766664
28.378215
24.338648
13.299284
16.277246
18.196561
15.700929
19.760512
21.997672
14.595746
13.251360
15.401074
16.846908
12.828418
18.874132
19.862808
28.178522
19.859835
15.916592
17.325237
19.759736
17.882818
16.848994
16.147222
17.774517
14.619579
18.304786
21.143920
20.502756
13.609020
16.471295
23.478439
14.063492
17.930667
20.811993
17.256901
15.004717
21.407906
16.595944
10.603405
14.207168
19.511019
20.744239
20.686145
17.428483
17.578979
26.994999
14.705342
24.120835
15.748040
20.236561
15.667052
14.615443
13.878012
20.314129
16.732033
17.672961
15.337644
14.310484
16.694267
25.343573
23.351263
19.935205
28.180313
22.084988
14.096077
15.599843
17.672924
16.796235
24.604156
15.905357
18.819514
15.329466
14.233577
21.155360
25.217790
19.212940
20.434648
24.585206
33.606457
14.893708
28.367122
15.094839
32.664826
11.013486
14.782214
25.129544
20.048465
16.265166
11.199430
19.519184
14.810212
23.689351
19.647511
12.717363
28.856822
23.737979
18.186794
14.628273
22.903310
26.149020
24.679588
16.356043
23.369780
18.330709
17.762844
19.486168
14.318175
23.063695
20.685240
14.232105
19.381897
18.480212
19.103549
16.883076
19.957018
18.869036
19.547388
16.079187
19.327474
12.307802
16.010395
15.350798
17.876765
18.626795
21.887419
12.989202
25.195304
22.315833
14.799641
17.435166
17.303290
16.567826
12.904639
21.523190
22.956106
17.544409
18.768844
12.581077
19.703966
21.877103
22.822307
16.036998
10.907120
18.873087
20.500444
23.732561
18.674164
26.610507
17.518551
19.551760
13.870537
26.977058
16.281654
18.519492
28.935388
14.218232
39.168208
16.322199
19.641717
35.761492
22.636801
13.155994
25.814245
20.904000
18.797091
16.952671
17.169436
11.646281
20.879810
36.401270
14.469354
18.647237
16.088021
20.261289
26.432407
35.763353
21.014935
15.451689
24.657177
23.498634
15.697819
21.473578
22.242517
17.016608
22.687294
17.728082
17.068001
15.565783
30.341626
13.256929
22.488476
15.552487
12.599196
16.989653
15.586775
16.480692
14.903652
21.282331
20.986219
15.613669
16.007398
17.480983
23.090445
19.482963
17.319572
16.514967
16.347967
15.609085
16.364195
16.933274
19.583586
19.741328
35.683821
21.703162
13.910188
12.492302
22.574030
19.254402
22.517518
22.306156
18.571398
37.945766
15.756533
32.283698
17.327394
26.168912
18.365723
21.051890
12.660835
15.334836
12.855371
23.364603
20.435495
17.639912
19.856472
11.325109
18.498622
13.152773
28.692856
23.844303
22.965444
31.629878
27.731775
16.482674
19.860835
21.703502
27.183255
18.968586
15.499557
15.273171
12.735081
10.923324
14.799525
19.577922
18.920770
18.194969
19.058967
11.513205
17.618454
17.320061
11.705379
24.125345
20.147530
21.053017
18.101293
12.178439
17.608598
15.241138
17.281797
19.605726
17.750278
11.018967
14.634879
16.702677
18.366578
19.051561
15.570290
17.607171
13.053982
20.866196
23.915617
13.354409
15.863632
16.454603
28.435677
23.982360
13.228162
18.646841
14.951456
20.722966
13.321265
7.737852
24.911369
22.666159
26.145499
22.342006
18.291534
17.315442
16.800859
20.137776
11.436258
18.287806
22.850943
25.399223
17.529053
19.419115
16.916270
23.103585
19.306315
31.983957
12.015676
20.118081
13.213168
18.888401
15.809534
26.310685
22.162561
19.152299
22.861605
18.093214
13.564032
17.953780
15.695595
11.416162
16.514919
19.031598
13.651915
27.066293
22.102345
19.416191
18.437929
31.702569
28.869706
18.475484
10.331670
16.597030
26.960048
20.171982
19.553491
32.855988
16.436013
20.084275
16.821656
16.684025
17.964816
24.336617
15.067541
18.230335
21.979594
24.274626
24.156432
18.423338
16.671500
11.158965
19.133256
19.817819
18.444752
19.453272
14.304727
23.015268
24.255570
21.735331
15.649237
21.748710
15.936427
16.864936
16.053264
16.447805
24.635082
30.680384
21.061958
14.858900
30.090793
14.618880
20.518099
15.014450
15.680132
15.638409
31.981267
14.299952
17.123391
19.368689
33.929595
27.411042
16.224136
19.246577
28.830324
23.785948
17.484156
11.244162
19.848526
13.878773
18.598599
21.857209
17.202004
13.969661
21.697170
22.748691
13.572523
10.339195
12.191539
16.052010
14.405297
12.902369
19.265265
20.651502
21.121121
15.276538
17.176387
17.779780
8.890411
21.281839
21.064905
14.651643
14.392823
15.420936
19.191436
28.807289
27.161330
18.240537
21.625915
16.009722
19.850396
19.351579
20.327071
17.850836
23.232326
18.925146
25.478305
16.960924
12.223346
19.349151
21.308077
10.909759
11.694274
22.415243
11.490114
23.223123
21.604433
21.358519
17.985694
14.762325
25.117333
28.773883
15.430282
14.442392
25.373418
14.351166
20.795919
15.827773
15.631576
16.636010
28.970521
12.910263
21.026011
23.724482
20.263231
14.990313
16.672455
16.306991
19.677191
30.108824
22.388240
15.347543
24.090690
16.568059
17.037221
20.168471
25.692260
11.521985
23.843051
16.313412
26.687780
14.444967
11.751253
35.227533
15.218291
24.767338
16.788655
13.414151
25.793528
22.010197
18.191021
19.414994
18.870017
14.921869
27.201150
16.535111
14.759415
18.168150
15.561036
22.687144
13.831921
16.912466
14.208413
18.302031
15.400316
12.435877
29.755472
9.959247
7.958098
22.427811
17.642418
14.979158
18.421060
15.081061
13.898715
18.002635
25.023292
22.452903
13.528834
23.915749
17.673110
15.106912
14.487907
16.110554
14.088320
16.113642
15.125085
29.781802
16.969646
20.771660
14.679314
16.097749
19.110005
18.760181
15.936816
14.519519
22.600143
26.938286
15.205956
22.168357
10.558920
25.770606
13.081118
18.446834
16.343183
18.137554
15.870788
24.267525
12.782702
16.205294
24.048594
13.690013
15.089652
17.507400
29.425817
11.680440
21.863515
15.766865
15.547877
20.834387
15.842084
18.153567
22.228950
11.360316
19.098152
16.295677
17.820037
18.673789
18.880155
15.615991
20.027661
14.155209
22.986599
20.954246
23.069446
18.831277
26.996411
29.523701
28.617553
18.717523
21.154880
15.009970
21.765422
15.583786
25.022289
24.606280
17.881161
13.906159
16.903119
11.596725
22.791341
20.170160
18.614445
25.644485
11.907731
21.546079
13.585675
13.360235
33.872686
11.243137
13.794667
19.255324
15.434346
14.874781
20.890574
22.269996
15.592659
15.960676
19.743068
14.627469
23.753411
22.770714
21.149720
19.385946
22.678298
17.737189
18.280350
19.192305
18.397812
18.377144
11.214173
19.765476
18.717647
10.644694
24.562527
21.776997
17.148628
16.042535
20.510908
17.085233
15.855002
26.109792
24.318906
14.167807
13.399143
11.840317
21.508203
16.808235
18.221012
17.168385
31.978955
18.238193
21.936915
24.609244
23.601430
14.644181
16.830911
15.805745
14.826044
15.871686
16.055656
17.925415
16.828235
12.291763
21.011044
20.624997
33.783284
38.488628
23.816715
19.693879
16.802131
28.886772
14.635544
18.022393
33.080229
11.122492
25.013333
23.902899
37.793881
25.862510
29.923958
12.488423
19.448984
16.394883
11.366050
17.452529
18.073720
22.533171
24.467224
18.485727
15.234703
31.367346
12.852805
19.476096
30.292489
21.430536
19.997649
27.838512
23.520691
22.755300
18.356722
14.821653
35.178535
15.888066
26.786948
20.369925
17.352677
21.030258
13.266587
13.572957
24.453331
20.889714
23.284121
28.135894
27.539323
26.277969
24.438175
18.541775
21.729289
21.846116
14.730211
19.670064
17.450110
22.445768
17.977726
18.152869
16.304478
13.159367
18.352255
21.437186
14.352037
13.748615
22.300712
22.561950
15.394486
14.160619
19.982652
19.286212
18.092414
18.329545
16.769693
16.322944
21.333759
20.915219
23.314284
18.398794
17.070229
12.075497
21.578179
30.537024
14.257446
13.686057
17.606836
14.361906
29.704266
20.642059
14.179301
25.396429
15.731353
24.240441
11.723790
13.498775
17.614620
24.021183
20.719275
22.390138
35.304287
19.460278
20.446978
14.406454
21.249417
17.975275
20.966828
22.194432
20.117706
18.202319
21.191564
13.557882
24.734427
7.433272
22.625360
18.115463
20.125778
21.070920
22.859214
22.940105
12.560847
14.719442
13.545970
13.854526
17.546509
20.596622
25.515427
18.962882
18.038504
19.131345
11.589707
20.099492
24.669632
25.690487
23.576792
21.073646
22.060907
18.212364
18.297151
19.378526
13.775364
22.530429
16.302095
20.276964
15.304086
15.491291
11.374910
15.531896
29.171831
20.029903
23.799375
17.211295
13.517791
15.117385
13.973700
17.202550
19.278098
17.683676
16.888441
33.600286
21.063166
15.156986
16.599476
17.235027
17.838594
16.475716
10.554406
22.018909
21.007907
19.061122
20.431889
19.175293
18.391701
30.486714
21.936711
19.579754
13.108972
12.319362
21.832531
13.275864
21.691236
21.517923
9.165182
19.357533
26.136282
11.825979
19.129535
21.191049
27.698007
17.468288
17.663218
24.391723
18.805740
20.467894
31.115135
20.309512
28.059684
33.296875
15.307433
13.605527
26.409831
20.801671
22.709135
19.006380
21.046571
32.123424
18.216957
36.572761
16.519436
22.052684
12.195493
22.391200
16.058294
17.350610
15.592222
16.603437
15.492720
23.428855
17.642807
17.298285
12.115304
23.337749
17.590804
13.843983
9.933573
18.622463
23.174844
17.383797
14.079686
18.582051
15.474766
11.143869
11.362917
19.043799
22.137646
18.884940
21.603862
15.297996
12.534638
22.568935
14.237410
16.880523
20.179181
12.642232
18.045158
21.723515
13.251996
24.978304
25.885132
20.882504
21.064264
33.060154
25.446477
19.580557
13.154530
17.374291
20.398979
13.260965
25.073641
16.419469
20.905179
17.111803
23.016058
13.794701
15.615184
28.704444
14.816048
20.367919
14.305970
18.055960
13.463203
22.544723
12.285824
12.181135
18.576671
19.367425
26.795518
26.031503
18.376754
12.337858
19.059866
10.500288
22.634231
21.007783
26.368509
21.141700
17.380188
21.419646
19.217443
26.284640
9.280337
29.849258
15.159829
24.746360
22.260093
13.876729
22.927153
33.242515
21.067548
13.966392
12.039605
23.372511
20.560152
16.665078
17.086794
19.119520
17.909367
13.734660
21.246968
17.605785
19.461687
30.476960
16.960881
34.253119
17.168556
13.546498
14.949532
15.749784
22.002456
23.595388
13.662660
14.647731
14.331917
18.969809
16.591294
19.392340
20.109832
21.474722
28.280320
23.907404
20.528291
13.697922
20.631782
17.299125
13.052292
24.107413
28.324263
24.455041
13.176490
12.608333
19.316222
18.906826
22.344307
19.142133
18.296490
21.154994
21.158578
12.021557
13.450240
16.628281
25.860915
29.542443
16.520316
17.850940
22.115190
22.607612
18.962909
13.035649
23.316147
14.444546
20.839432
14.985540
14.577146
12.758251
16.344155
15.271951
20.181510
19.086424
15.384431
15.022566
16.915588
16.426399
25.351330
28.966773
13.513747
20.202704
13.393149
18.461982
17.902117
14.032731
25.781264
18.127034
18.170081
12.618055
23.920217
27.431487
12.163796
14.695096
26.480284
16.388873
26.665998
19.916189
19.807570
19.677646
22.794257
19.996186
20.737297
7.632251
19.684954
19.567061
16.387140
15.865968
25.237124
18.406971
18.445408
23.439809
15.214355
21.453722
12.396880
23.781095
13.015732
25.488294
18.374890
12.223266
27.648530
12.861462
18.804702
22.030919
12.747782
11.460140
18.511251
24.513273
27.041365
30.224556
15.288751
19.165430
12.143082
19.443241
19.246751
12.686845
18.233559
21.859078
22.163318
18.790861
14.460864
21.970149
19.125101
12.544904
15.291695
23.376434
19.132595
16.742439
17.191236
16.391518
16.323253
16.705788
28.740572
15.854607
17.027610
16.448953
16.087449
31.073364
15.422139
18.002334
16.519783
12.565847
12.943069
15.776744
16.819081
12.615204
23.631781
20.543821
16.093490
18.635283
22.803850
16.511425
10.369938
18.284526
18.282931
17.464658
17.595817
25.526023
17.571640
20.170261
17.610432
15.633503
15.943671
26.048075
13.145135
13.964594
14.609629
15.625330
17.020413
18.864316
19.174661
21.049973
28.216904
19.236014
23.696818
15.524128
16.746122
19.535663
14.492541
15.811785
17.102699
17.630146
22.103794
19.058049
22.111930
16.007066
20.513490
23.972086
18.916210
13.012646
13.510694
20.336140
25.941585
21.299044
21.381837
19.093903
17.917816
13.752214
21.322666
24.058712
20.804869
19.237260
19.434042
21.452203
15.034967
13.154139
23.081499
24.750081
18.128237
20.458526
25.866238
12.470271
19.093079
17.030102
17.764174
25.317318
28.082598
10.356544
16.023562
22.168342
17.265967
19.957764
14.838501
25.301076
22.061363
15.254267
27.831801
13.925497
14.282128
16.184158
23.615784
25.432933
13.083208
23.334107
20.836895
29.165454
21.670664
24.038796
37.927116
21.284129
16.965506
14.578522
21.501182
18.669408
18.338934
18.688378
11.472071
17.096617
22.426682
20.151534
17.667937
12.077088
19.338713
17.569414
13.118739
23.776089
13.440022
18.942301
13.191619
21.570395
22.248412
12.147609
20.323880
20.080006
26.640669
17.118226
8.820564
16.617814
17.881845
20.063481
15.362941
20.586708
23.099066
16.609346
13.235056
21.866813
25.659538
30.319604
12.011277
14.790964
27.846425
15.030179
16.731776
14.835646
12.633270
15.202879
13.840557
20.132034
17.699297
12.989243
18.849996
20.671988
12.011467
18.541649
22.126014
14.643760
13.236211
13.333229
21.138946
14.764680
32.450376
14.746506
13.854428
15.947383
23.700392
14.420226
31.149885
20.423901
16.162865
16.800744
17.147127
16.676157
16.772856
16.349993
21.844509
21.271014
30.961556
12.449985
13.099169
22.160743
11.866240
15.998635
15.741250
25.919326
15.046905
14.737846
24.022694
10.259637
9.646917
16.074656
27.871681
23.790443
12.991215
26.365234
18.848423
16.311844
12.834808
22.812118
16.944122
16.840750
20.358824
18.852179
22.621429
10.758655
16.465437
23.350022
34.438864
17.649982
19.691545
13.235133
19.848145
14.567484
25.323657
21.441222
14.326608
14.579521
20.724667
20.288305
10.475075
19.329759
14.699137
18.383297
23.703664
15.707136
15.032343
22.658365
19.719329
15.589075
15.303000
10.231602
21.759061
9.570694
22.024148
32.363775
22.976665
27.500642
17.141622
15.523038
15.493283
8.179894
24.848144
16.788871
11.287797
22.838350
20.150069
20.232828
24.814623
25.840919
18.282641
17.249748
14.106953
16.973931
14.485069
15.254008
22.067143
18.473855
12.473781
39.520420
22.092362
21.162214
28.099782
21.232013
13.170988
13.565417
15.650166
30.004422
20.864766
21.572092
13.466949
29.512169
22.070679
14.241543
12.552763
13.604180
10.988806
27.133267
13.333790
11.051440
22.174801
29.059887
14.362682
20.229836
17.489018
15.697255
26.859108
17.731632
22.665597
18.499695
25.474890
17.663169
19.284681
11.858553
25.823582
10.778499
26.077530
16.358388
18.366061
19.630297
19.668147
17.246411
16.020676
21.540106
16.629374
19.693009
22.924132
24.073468
20.275712
23.904555
17.153382
16.637281
17.737950
17.497027
12.549236
14.362972
14.973596
19.009095
14.744639
13.892643
8.637237
23.138110
23.152804
30.623837
27.411418
19.944341
19.093985
20.229481
20.126069
24.869435
17.933750
19.089706
18.002009
12.150195
12.954125
21.698979
22.000231
11.777939
16.294815
8.910074
23.264756
18.943604
17.242269
10.440207
16.229878
15.423808
20.469047
20.768773
26.037757
20.035592
19.145198
14.285387
23.524188
32.785956
19.327754
12.899845
7.094820
16.924932
17.738922
11.762488
15.860253
15.476023
18.623923
36.413365
16.161660
12.531094
17.714533
16.634060
11.595905
20.718959
22.550081
11.987118
23.532853
17.957494
31.378671
16.637528
23.550043
27.713870
18.107967
15.960991
22.669035
14.987605
13.448888
18.509299
20.771400
34.097004
21.943582
23.620460
17.445344
23.552466
15.204966
19.942080
22.767317
27.884161
22.040140
16.274837
19.692501
14.540744
23.474704
15.094509
24.793231
24.367677
17.158636
16.610293
20.618277
19.107147
20.427984
14.623363
27.432515
16.630029
13.695789
21.476115
14.954836
16.040848
34.925576
23.358086
11.853454
19.816459
23.175199
16.518130
14.087280
13.930089
14.916292
14.104723
12.502018
23.110211
24.721823
14.906917
15.542114
13.907225
18.318174
17.983548
19.781761
19.022207
41.580095
17.068227
18.641511
10.351326
17.326062
21.400750
15.803252
27.445558
13.631568
25.721662
19.416168
14.981199
25.579219
13.714359
35.631814
15.013182
19.332096
17.979027
20.259070
22.067678
17.201181
31.101180
20.077279
16.880263
9.908087
14.215814
14.932592
23.297936
22.443539
15.417760
16.899459
14.032510
19.168968
14.226288
16.814980
15.423658
17.419719
13.558872
18.549935
20.805799
15.364528
20.081081
16.930247
13.088635
19.310999
22.756840
23.606270
16.575463
27.618415
18.649434
16.261226
17.117748
14.855195
11.407681
18.579855
16.779143
26.380862
21.656405
14.965061
28.029858
15.017313
18.147766
17.687966
15.251915
10.692857
17.435897
20.704570
16.908970
14.343844
20.062170
16.423129
27.529949
11.278303
17.378487
17.824945
13.310420
14.077801
26.691267
15.712057
26.283912
25.037010
13.492648
21.297052
28.945535
22.742377
19.941715
25.244742
20.947767
23.235489
24.672684
20.121549
18.024985
20.419831
22.282222
15.376070
17.507359
19.376146
13.286909
18.969524
18.568000
15.181657
17.478294
15.225466
15.166960
14.609258
18.582310
20.300926
14.151753
14.240845
13.859647
15.750426
25.892658
16.825833
17.981937
15.936279
17.433788
16.344369
40.689113
16.693880
17.030565
20.529989
19.328210
15.062451
11.644703
18.862028
25.696288
11.564523
14.302748
17.976831
44.329880
16.705050
22.483265
19.979953
18.934378
18.070135
20.077550
20.409281
19.587020
18.858196
12.712158
18.188831
13.053889
34.935531
12.133721
16.976262
18.133392
20.709168
21.052976
18.790266
16.845109
26.205954
21.049235
18.947030
13.114332
18.652222
18.066646
18.249812
20.784197
26.962001
19.103768
17.358024
16.155183
18.834760
18.486905
14.175718
20.780796
29.684352
15.714182
18.555038
22.749808
19.759390
21.639949
25.888718
24.160579
20.333720
17.390912
24.751744
14.714149
22.174327
16.185079
13.618406
18.463770
11.453939
20.804162
20.215221
17.634838
11.589678
17.646279
18.447244
14.621817
11.058759
23.710919
18.062888
16.265145
26.491667
20.946796
18.428599
15.873048
14.811871
16.265920
16.261594
14.378890
24.110137
21.541930
18.233851
14.757623
14.395899
16.958028
15.402456
19.689207
19.852703
14.113577
16.085042
19.383212
19.153874
12.833675
13.637258
14.465710
20.566685
15.384680
24.083385
32.925064
14.358724
23.699438
23.429900
17.798580
17.853735
22.845885
19.328219
18.556503
20.985436
30.500610
14.794241
11.671513
16.824339
13.113052
23.558045
23.842288
17.608156
15.779211
19.454665
11.566592
26.270676
18.113029
15.799554
26.640047
20.691947
27.885845
24.778659
31.461404
16.875969
19.210314
20.524866
21.409563
18.940270
17.758940
22.618672
19.859204
20.901215
16.345384
20.228943
32.029509
35.104768
23.023302
15.515937
21.990445
14.479081
18.262176
21.338295
21.854955
20.533844
24.818400
18.553206
17.001893
23.291377
21.202432
15.736597
17.868232
10.714633
15.953360
15.405550
19.026584
14.282445
12.024590
13.935118
14.467641
12.049452
21.450174
20.752639
12.906253
15.846042
23.874806
15.693613
16.019791
21.771619
10.174196
12.915490
15.412072
22.460665
11.343735
20.361911
13.513361
20.690674
21.757210
15.127775
15.446755
18.054485
26.320816
15.280690
25.240956
11.760474
13.086616
23.008270
15.876030
15.735055
18.348776
11.912523
21.223171
18.630763
19.629239
17.899240
19.462316
17.626645
37.646457
14.035568
25.022355
16.438546
21.020699
9.987594
12.706727
25.080413
28.480184
22.279919
23.542207
17.629281
22.170552
28.844602
26.203230
12.329358
23.601542
14.550271
16.557256
17.726375
15.097996
16.494420
24.977663
21.862741
18.152584
18.239833
31.840600
12.021323
14.721406
14.891975
37.213322
15.679482
20.898524
22.323850
15.075208
11.352635
22.722079
16.198010
13.394606
10.265778
31.379170
15.435514
19.803797
20.739514
8.784997
15.536385
15.232753
14.038916
20.222674
26.260511
16.459260
23.669289
15.716970
21.439132
19.375984
19.715943
17.589488
22.031524
13.504727
25.136651
20.222123
22.468414
18.002573
24.806638
13.174486
12.598644
21.301897
20.259269
17.332352
16.931661
11.821559
29.268018
19.885250
22.852959
16.456577
17.319739
14.872018
20.447611
18.739813
19.861055
12.785969
21.712542
17.446652
27.079422
19.548181
26.514912
18.684830
16.259874
13.658540
19.794698
25.222270
21.332578
22.113535
16.379686
30.473477
18.977281
18.967978
19.567276
23.847253
14.713973
20.429539
25.846628
34.548006
23.816507
17.829953
22.508118
20.245439
19.113301
15.228040
17.673259
27.951103
9.695090
12.208853
15.680479
16.460138
14.918311
19.641811
16.635561
17.686539
15.329317
11.208761
23.523200
10.794723
22.499377
18.712625
16.928289
16.448693
19.787807
12.525928
9.480163
32.768555
14.065444
19.220866
18.115817
18.834217
20.059463
18.922705
13.080841
20.243971
20.135205
18.622923
26.206992
13.434243
20.185812
23.058909
19.344488
13.441221
18.536585
23.823884
23.262230
15.143056
15.285809
20.179334
21.581405
24.222947
16.041218
22.750242
22.283949
22.229885
17.650125
13.089800
18.302323
15.366247
18.742387
23.265068
13.750014
14.190473
12.857314
27.571095
23.040289
14.725092
10.630876
20.412468
20.540846
16.493183
15.119116
19.847427
21.146135
18.008489
22.013966
16.233439
16.949818
30.087773
17.869493
15.364480
23.878861
20.340898
15.327311
10.446200
18.187162
17.724633
20.100998
22.133723
10.090835
22.354936
21.121787
14.246814
21.043150
18.733125
16.364488
24.323054
21.134715
16.158358
13.180823
24.108194
16.601671
23.185840
17.764781
18.349621
14.972623
18.137725
26.754448
17.952919
17.076650
22.390764
14.218691
9.608546
25.892824
22.212256
20.418739
13.484217
20.029859
17.245751
15.605045
16.047328
17.144947
20.256186
35.237482
18.076921
21.925989
18.681530
19.010531
21.510520
15.624550
17.918061
16.217230
24.974639
29.848550
18.850419
22.086955
19.171224
18.270300
18.023284
18.446137
26.761994
11.851859
14.376538
22.053698
20.603058
12.406919
8.947917
19.008550
13.859402
18.650568
20.500086
25.455276
25.025601
21.054392
31.545746
15.398100
17.499143
18.548544
19.693738
21.318277
26.238680
10.493479
20.158180
13.894347
26.325217
19.465423
20.498347
18.605186
21.552539
26.943554
19.201152
20.060081
21.208784
18.421564
28.644303
20.493991
15.341512
18.235418
20.652678
16.791466
14.333813
15.518047
19.488299
33.046897
18.779412
13.793603
17.491705
17.096478
23.835392
19.089552
17.753360
22.557420
15.686730
14.797132
18.736012
15.684061
22.166920
20.805072
20.622212
24.366508
12.304663
11.809219
11.354359
16.460628
19.823257
16.527315
15.382946
18.363423
18.172171
25.484539
13.373894
15.136116
22.565764
22.452230
23.333200
23.427192
27.544112
19.442896
19.869633
18.534997
22.969435
23.544151
17.094447
19.125240
17.542023
18.420376
21.679159
23.377116
17.107540
14.607644
13.011061
22.972347
19.210721
23.414361
15.516095
25.176954
25.641952
20.996246
13.036007
17.920793
20.673296
18.987148
11.304745
27.667657
15.757107
20.473428
14.667884
21.834313
19.346112
24.226072
10.489116
16.858792
24.221585
17.954483
23.319312
15.043211
27.968670
17.622866
13.574944
29.140938
18.954360
20.007584
24.163191
31.791818
15.196282
20.357207
17.725220
18.566956
20.136330
27.493895
18.403322
18.458730
22.987348
15.973751
18.952203
24.378061
27.119996
21.707189
14.358304
17.555784
28.263843
12.738133
20.702839
22.308900
35.539483
22.647035
24.664735
20.647638
14.838013
16.795256
28.288487
23.321688
16.791159
14.969124
31.020244
29.154697
19.382906
18.294756
17.718553
21.062817
21.701588
18.649302
18.346732
35.497605
16.320315
22.271400
13.731159
18.494703
14.537266
13.025209
21.826409
14.156944
12.203600
16.808979
16.640718
16.366413
38.288813
13.531962
22.460934
14.989059
20.385589
19.065281
16.703524
14.415237
15.943056
23.755528
19.414890
12.468851
17.844096
18.204690
29.188651
16.142724
15.616444
13.384959
19.827570
23.941221
14.781717
22.199032
26.035470
19.598145
19.514238
27.807314
21.660502
25.231440
19.296784
16.914124
19.567869
13.372066
17.208517
25.499846
16.408836
19.654857
17.636606
37.663260
13.536086
17.614182
25.446378
18.248372
18.064437
21.144200
16.399525
10.336182
13.062593
14.855366
16.551226
12.723435
13.492267
26.774761
13.171952
18.899862
11.397481
18.894587
32.915385
24.434982
18.334748
28.560126
15.639008
20.034229
19.167941
14.093259
20.269578
15.141704
22.380662
18.014391
9.910786
13.229270
10.739506
17.948659
18.603266
25.093881
21.935911
20.919072
17.900326
20.071611
17.418370
14.553322
16.900962
20.393078
14.400367
26.268772
8.746049
26.061740
27.183139
16.762301
14.118732
16.024283
22.088127
18.813267
18.723932
13.962003
13.426966
15.064666
19.400375
23.011981
19.837442
21.953089
18.023355
12.917159
14.558033
15.011544
20.784248
13.008157
18.756479
9.500667
16.389041
17.614495
20.785612
12.980221
16.652631
19.824786
19.815115
14.911084
12.076170
17.780906
16.134267
20.083964
15.708193
20.398896
25.615148
19.989249
18.136235
28.077186
24.886678
14.277995
13.931645
14.074396
18.159094
11.091281
17.163068
17.239913
22.731051
17.175732
19.857094
13.444563
20.987796
25.491118
14.826920
24.688535
25.115108
23.549384
23.526352
18.290093
18.715564
22.905377
24.044066
19.692056
25.697532
23.771202
16.015744
17.149759
27.344408
15.023271
17.011859
24.817361
20.790347
16.161492
14.731308
20.406087
16.128615
18.555580
20.339468
21.983958
18.026369
13.674721
22.317101
15.876897
17.054611
13.885364
17.616157
25.095386
19.178012
20.363261
10.550999
24.989379
22.767323
15.412903
27.738981
21.825109
13.056411
25.203766
17.846976
23.700270
26.024371
15.496224
16.617369
22.947191
14.638279
18.869285
16.956592
21.513675
12.699093
21.933106
20.510505
21.319092
15.633268
31.635538
23.811461
22.699173
20.216342
17.427473
12.636845
24.978215
18.006083
27.400423
21.550376
31.958146
16.718136
18.808269
21.469840
18.355007
12.800310
17.283189
15.220674
31.096488
20.249946
17.788173
16.363391
19.598373
27.401245
14.179739
20.369732
27.790985
24.456688
15.316639
14.625194
20.587261
22.863900
26.341097
20.782135
21.898734
17.358435
17.357480
25.712626
18.741217
21.192431
17.788567
17.869471
18.733106
20.201366
22.588029
19.031531
18.849870
25.373563
17.864046
21.696201
16.244088
10.956367
22.932375
19.847659
9.146416
21.427283
12.007020
17.663316
21.741361
29.940996
17.069588
19.276408
24.982008
13.783475
17.369921
15.516934
14.043098
20.218215
15.363314
15.736093
19.850787
19.828601
22.367958
14.498641
23.736143
29.235956
10.629969
25.557009
19.637011
17.867985
22.604881
20.281468
19.234432
13.000285
10.556962
18.227856
16.572294
19.240431
13.427342
19.745026
19.371531
20.894089
21.644759
15.613376
15.779111
10.714955
18.981224
21.590116
12.309303
13.602966
16.902360
18.982173
24.155237
26.653598
21.209662
16.421834
19.199493
14.681313
19.491132
23.548822
15.650273
29.743001
17.215074
18.318906
17.674710
20.434318
14.431897
20.116774
22.284911
18.872796
16.551801
29.122979
16.218066
16.617651
14.310454
16.498368
16.932101
20.013342
26.095469
18.540929
17.048618
25.941869
17.980997
27.422776
34.063651
24.319037
25.533179
14.469612
23.561779
15.705263
23.760995
19.634596
23.477286
15.149313
23.098801
23.381296
27.962204
12.743159
22.231378
20.799125
13.950107
14.643669
12.072754
23.053179
23.274764
17.181883
15.496503
14.938448
18.121350
10.899122
13.883660
14.604134
21.079839
17.848402
8.408977
16.766206
22.623103
17.261358
20.416263
16.707213
21.364296
21.834724
15.912802
13.355749
17.037439
16.640374
44.508124
23.454916
18.474539
14.662570
8.362457
19.613568
19.724046
12.557498
15.849805
16.228955
20.548447
14.065124
13.786634
16.071071
17.891791
15.596181
12.286921
16.273657
31.429094
16.407100
17.301673
20.160152
18.420771
17.349202
14.975296
18.757785
15.678262
26.544745
15.964377
15.804477
13.175370
16.576257
21.978316
17.566039
23.635690
26.342634
20.523063
17.573781
14.105726
17.759532
15.833022
18.973995
28.197739
17.605320
15.282677
16.497961
17.355406
18.752354
22.477430
22.144386
18.223696
26.318599
23.828527
24.249143
15.328321
16.790697
24.448801
16.654755
32.110925
16.829402
11.355255
28.408925
13.411169
30.829542
28.846701
16.441012
18.690281
20.094817
26.386021
14.261417
14.494769
14.416527
17.072222
15.551388
22.331961
22.348761
32.285143
18.376579
14.406154
19.765653
14.147917
28.511968
8.432621
17.015485
23.336612
13.785215
25.999128
13.300209
12.287325
14.689040
18.861309
15.432421
13.980339
23.202825
14.334056
14.646705
14.979498
18.759515
22.560956
26.074242
17.518608
22.839223
17.649514
16.953136
19.377428
19.028836
24.184708
15.871136
13.923870
18.837118
16.121738
14.599542
16.703115
22.603698
9.390770
18.552052
14.213362
14.182286
26.924330
14.276117
20.860152
21.066682
9.993399
15.698675
15.542601
22.264457
16.300751
17.238366
17.722330
21.109103
9.273966
17.176819
22.406362
30.636534
18.542310
20.156230
23.131462
17.047114
16.257409
23.498340
19.630607
17.709879
17.776435
18.873428
28.136753
15.204888
10.597199
25.079103
9.011960
26.479712
21.965150
21.764635
16.249127
12.108160
13.166725
22.071139
19.019491
11.658361
21.898247
16.211446
19.864609
17.499537
34.306423
22.483513
19.844185
15.103477
16.039398
15.204439
19.289571
18.140443
14.589798
20.858713
21.053265
18.556170
18.005343
30.159197
11.072542
22.125006
16.760863
28.009402
17.851937
21.296972
11.091103
19.126387
20.769204
12.401699
27.314352
23.039185
19.342199
20.576537
23.947638
12.054536
28.921854
19.029268
17.841831
19.252207
14.097130
16.562419
17.022841
14.143945
18.380833
17.477228
16.221123
16.731158
20.305307
14.843414
17.913548
25.341311
21.637078
19.591374
20.542029
18.807027
12.520908
32.379685
12.858001
21.523470
15.723468
14.508007
13.617541
24.594285
20.909509
17.867701
23.960078
17.703734
18.180579
17.568327
15.390250
30.303520
15.656611
14.221635
13.505542
21.289154
13.291516
15.355898
17.364418
19.034011
19.073007
18.749891
22.638339
15.156581
14.599319
23.427572
14.411533
24.550293
21.469682
14.329972
24.778347
31.288924
11.445137
17.697626
17.212037
21.648097
23.793070
30.695825
20.586619
14.790606
9.275014
18.085697
10.384964
12.137563
21.107382
17.030701
19.285265
14.220882
22.949186
21.294872
18.272793
23.932600
13.886577
24.563688
19.717564
14.638087
10.391959
19.042718
22.066776
18.535678
24.094470
12.421089
14.137727
16.614219
12.308758
21.957010
18.771434
26.869625
28.115590
14.697397
21.233849
22.114817
18.096661
13.015872
22.132068
20.717352
20.428826
22.407924
15.175589
18.076177
18.511660
21.545513
31.045582
14.394121
20.444964
15.754172
19.411741
14.244213
18.981504
14.630094
19.820713
21.227076
24.403884
23.979162
16.759171
20.056417
24.977368
20.632228
29.726697
12.702632
17.469529
18.856812
16.978998
19.078613
21.253487
18.410814
19.405557
18.146034
22.213862
18.886286
18.032676
24.367507
14.704294
13.140785
19.627786
27.309565
20.705381
19.797559
16.719206
20.647328
15.465847
28.127574
30.343396
24.709565
15.027990
26.233918
27.223460
17.749700
22.954131
15.162898
14.316462
20.808382
19.467425
14.167588
23.807237
19.228279
19.415645
14.250200
30.398379
20.457652
16.920662
19.455068
19.035504
24.249210
31.473253
24.659247
16.826760
15.427466
17.936291
21.748529
15.014621
16.191472
18.360014
13.249414
18.022713
17.912727
18.974907
17.611358
29.713698
16.882854
15.915708
16.570905
12.718379
12.953796
17.169994
21.540849
25.322966
13.453640
22.317888
14.216771
11.573744
26.203705
22.366498
22.253910
14.545791
15.784327
20.857274
14.271704
18.448178
14.475769
18.640405
22.459065
27.345373
19.948883
12.210972
25.692444
16.777404
20.899929
23.204559
14.123417
23.270807
25.803688
24.643522
36.497432
17.406465
20.664177
15.585465
20.807225
27.890002
22.131881
17.727426
12.619726
16.772163
14.040400
15.651818
27.904188
19.890320
14.414803
23.947575
30.294343
15.678626
9.285096
16.962475
19.337194
19.866346
14.956349
24.486840
13.521050
25.055163
22.700158
19.393887
24.961948
14.876257
12.448435
20.288428
20.324851
23.258824
22.656258
24.215567
20.358810
18.727900
18.521012
24.466288
15.951206
17.191578
14.353457
17.381714
22.129325
16.696257
11.804179
22.729639
17.375262
21.520236
20.608440
14.208644
20.817778
18.578871
18.405757
18.555067
12.214683
23.372649
16.343896
15.977825
14.060781
17.905511
13.831161
25.992267
14.426189
20.642666
24.979547
11.602883
18.839390
19.729669
21.791239
26.170691
17.866809
34.409859
17.811969
18.967633
20.115385
23.324617
25.906037
17.274584
13.552434
26.998873
18.847995
17.132879
18.218530
21.352022
28.479846
14.207926
27.970953
18.045586
16.443853
14.482520
33.059553
24.068224
24.387322
14.732819
19.210450
25.426535
23.335493
20.828596
13.830979
16.452977
26.197312
23.127232
21.605071
14.603676
21.755813
15.221284
23.968955
23.928212
17.620734
18.358924
17.897584
11.014743
21.849708
24.140633
14.999861
18.056096
20.716760
19.301439
15.972782
19.294315
26.091938
10.585680
23.916657
14.046170
21.993115
20.290533
15.235286
18.462651
14.516798
21.786256
17.193110
14.257039
21.016673
18.246295
23.298407
17.308132
18.013611
13.785932
18.840984
25.182782
12.315296
17.820537
16.824886
22.236856
18.663196
17.453447
32.979488
14.185655
16.673117
27.873366
24.035957
22.000418
28.470184
19.713583
16.568768
22.377325
24.625228
21.522641
20.817127
20.105391
17.141581
19.732241
14.330640
13.958725
14.401877
19.004104
19.230491
22.904307
19.145795
16.060562
14.829534
17.467223
13.622470
18.018570
11.847848
16.556861
19.359479
17.648973
13.516663
19.927203
14.294847
17.303208
23.843688
16.291176
14.875810
14.664620
14.223174
13.621782
13.014242
12.494396
20.996821
15.377027
18.800653
20.999286
19.123909
16.683522
16.974712
16.209183
13.991332
19.155696
11.993810
17.266796
17.314579
15.058006
24.162963
25.802688
21.800596
20.312017
30.532601
21.862888
17.680219
35.963391
15.238651
15.929841
14.833207
23.719254
24.564520
17.285953
16.500554
29.405553
25.120050
21.856310
23.876695
15.093175
15.788744
13.337925
15.335156
21.436643
37.277800
22.265696
20.898658
19.923732
15.862059
22.856994
19.293302
26.941432
14.500376
24.986964
41.592652
19.415428
15.945148
31.609720
23.747455
18.747218
10.638745
15.769448
18.875866
17.538231
21.936665
29.846664
14.252079
16.036668
12.816146
29.616564
11.727944
17.170245
16.088690
18.787290
11.412700
16.487002
13.385722
13.371176
15.313721
23.612615
18.295119
23.220309
15.742632
23.036675
14.711628
12.316090
13.282756
13.789459
14.107382
18.640600
16.437352
25.439715
16.143049
12.305019
20.145181
13.654240
12.337476
14.050815
28.893153
14.540916
10.453802
18.062895
30.890870
14.423810
15.164376
22.278081
14.500465
20.574517
19.398105
21.207624
28.511593
12.235877
17.436170
16.939286
16.927598
12.334457
23.099529
29.632157
28.300182
21.440411
17.781599
14.461418
17.186800
16.849280
16.494568
19.690782
20.116782
11.659889
17.402885
17.127699
16.698737
27.716555
16.900152
15.784956
17.998750
14.764011
13.170532
17.083046
15.085393
13.910436
23.036043
15.686636
14.597338
20.627159
17.348297
17.027860
21.953791
15.978209
23.714961
20.595669
22.081868
12.218658
16.108310
15.441216
22.065203
15.874774
19.216229
22.944468
18.117910
19.972110
18.175766
23.839884
17.182244
16.144317
17.759845
20.267144
20.252769
21.196014
18.012324
20.889618
19.530321
21.930780
20.754737
22.201152
17.784623
12.762878
21.148172
18.048876
12.621651
30.415943
20.466903
10.315869
17.213455
25.097982
23.836401
21.367614
22.451611
21.427965
21.921125
16.488849
17.154156
17.275696
14.652319
15.478064
18.312159
12.139000
16.863992
24.262181
17.327470
13.209199
18.392035
22.886269
27.596670
17.868450
21.885814
25.254262
19.801350
20.601223
19.998258
14.082024
18.914605
12.233743
11.571626
17.719734
28.366853
17.580638
12.079247
15.285801
19.403372
19.947010
27.364755
19.546103
23.182217
