377.532465
712.434432
704.084757
414.052931
205.446221
1186.254653
304.850441
477.468234
240.859038
906.551719
714.657905
381.275022
360.376909
260.076216
541.845620
757.119122
667.429762
583.708360
650.693734
562.772668
813.974335
429.522846
430.506272
615.310900
367.470646
695.382094
576.689048
597.276281
533.855646
980.751446
523.389828
779.175248
301.730992
304.670657
86.678960
488.132076
777.450979
545.222156
433.196901
866.521497
606.869409
291.165207
924.661745
220.608752
335.459282
709.610142
550.137668
549.484498
306.090019
625.870811
809.281859
702.311656
567.375801
681.076553
463.178524
490.718558
487.916931
795.364310
1062.525759
410.187416
663.030298
757.527340
373.133539
1091.804416
1006.392423
659.451879
437.349458
1005.382267
413.005800
297.285372
817.873986
542.782387
802.873735
426.679675
524.020369
498.833288
846.564321
672.482927
419.415993
801.357872
551.192108
399.417937
1069.749437
674.833142
993.103754
342.391541
993.274274
1061.505348
692.219438
576.677539
729.739113
344.312261
586.027442
243.119832
589.879624
320.265985
894.894737
1000.794894
491.989729
498.580609
490.566764
1105.221748
415.810492
646.169658
548.689915
687.521806
265.400885
371.880348
610.425078
1174.664508
326.642519
712.148349
457.195746
306.531189
361.811096
441.802718
550.113240
320.322621
