14.414769
14.374357
40.866661
10.193071
9.710947
30.088930
7.197647
6.195840
34.752230
39.133604
19.955734
24.147111
31.568005
24.281282
7.795258
6.913692
9.425184
18.264783
12.529075
20.028708
15.735110
16.033089
24.734469
27.470298
9.583863
22.906520
12.732490
17.824016
23.174707
31.233378
15.142230
18.462468
7.551983
16.268580
13.398634
6.847253
11.607554
18.044826
21.590656
26.096799
19.796597
17.663899
34.571468
19.551195
14.567216
12.660429
32.728616
9.057951
37.712785
68.727024
20.437215
18.248284
6.971318
8.765321
9.782140
12.323641
17.704537
30.809572
5.373849
11.665028
8.521399
17.163013
11.295033
17.183377
14.436936
10.691100
18.288028
5.351026
3.537613
17.595956
7.118104
5.698179
7.520023
8.948013
13.048463
11.317163
21.133435
21.043159
24.440641
14.137594
9.762783
59.823204
45.907489
20.106483
14.641240
19.299447
23.763828
4.897269
5.430775
13.450740
37.544008
32.235765
48.947528
15.955319
8.952711
18.339398
12.276028
10.392721
5.350426
16.803801
23.821543
8.965176
5.410679
5.720914
16.720222
24.514303
13.301854
10.968230
19.255139
9.863194
19.942579
17.429811
11.812767
12.263041
4.023863
49.506465
9.823834
7.818918
16.065826
19.963501
52.569306
9.221357
8.814508
27.016401
21.670052
10.079928
67.516528
27.064084
30.288443
14.108000
39.582919
14.884020
7.753177
8.783873
25.487360
21.525326
17.657644
27.932965
13.658343
7.465142
32.445360
14.746237
23.706179
12.127101
40.949612
25.682234
14.262666
23.732302
12.424356
6.565638
14.983841
10.014045
13.046944
20.565611
27.955266
15.662463
39.984910
14.774985
52.272934
8.807151
25.598872
7.360479
6.179277
27.261394
15.967024
16.208156
7.998410
20.448375
34.031298
6.757091
7.413289
28.033487
6.725965
7.945697
5.480547
22.787831
18.610041
12.700995
20.524975
15.666891
19.952458
9.620150
12.395385
9.785708
16.819184
15.818860
8.918832
19.956040
13.537996
10.523415
12.136903
13.889298
11.870095
18.780688
14.353668
10.255098
9.736359
13.295914
15.940124
25.448693
12.203035
12.419902
23.611969
5.552840
10.568916
7.737034
10.183506
27.881398
10.912963
13.004777
21.056103
50.128703
12.577673
20.573787
16.004852
38.837022
23.650587
20.526206
25.205943
34.900115
12.331054
11.263343
9.210963
4.329292
6.929413
18.983328
22.935322
16.868846
5.657341
6.904745
12.597548
10.053520
13.601748
6.790342
9.958594
5.525472
5.195529
33.755219
9.799430
13.644676
10.053904
26.541366
13.442070
37.006774
18.609892
7.548373
10.655432
12.643274
13.353143
26.723868
9.392253
9.578460
9.991914
57.764749
14.655237
10.853333
9.317720
8.420675
7.595551
14.554205
7.496605
21.485579
20.948901
9.608139
7.489321
5.571792
14.819859
10.136268
10.965404
15.522872
28.907820
13.144891
10.017301
18.422583
27.466080
21.756625
44.458151
21.809278
9.986095
16.821983
17.558714
45.413820
17.006802
16.809940
13.243576
18.211726
21.543332
16.464664
50.785703
22.872862
5.679906
11.677810
3.005228
3.893276
11.583983
23.744827
43.825881
18.033131
5.970861
12.588881
27.537850
8.405375
10.385082
24.194632
23.272336
31.577895
47.315347
32.469871
12.500027
9.252609
19.982785
11.292341
16.747450
6.706307
22.124993
11.880662
10.963640
12.279879
23.817146
8.234251
33.096349
9.232682
24.121965
9.999549
22.662818
12.705131
6.186388
41.392756
25.808180
34.514665
7.012904
4.714433
16.084882
21.236039
28.011072
24.328146
15.870377
12.515275
10.917164
18.846271
14.141110
28.945191
11.324809
15.299070
23.201937
15.570605
16.584253
6.682831
12.130359
19.649080
18.316168
19.238126
14.591277
8.541248
21.225496
5.639051
12.256059
9.185044
10.800667
4.075702
5.414626
9.406074
13.464594
8.878566
34.630308
10.662644
12.265723
5.618184
12.197240
12.333284
11.048729
14.339993
6.341390
11.949401
14.347702
4.375669
10.783631
22.435913
6.657425
19.943884
8.842497
37.981507
12.624088
21.471370
11.521870
15.300690
18.089099
24.340682
21.567218
6.694603
8.106423
9.520377
13.711895
14.765013
15.882445
22.254026
10.402779
9.354616
8.084918
40.049489
15.983824
11.797182
11.435367
9.633011
26.458005
8.411702
24.044880
38.076938
10.306559
15.066713
6.166988
13.596917
18.095829
40.517397
20.999847
11.712652
37.174847
10.749723
13.193813
36.818102
25.057312
30.388376
7.189668
7.521342
10.307411
11.323791
6.998596
12.293974
4.423876
28.633144
15.691935
11.083964
10.891489
6.130750
46.340218
61.039838
12.142410
37.475659
20.950679
14.685642
11.434213
11.743540
20.981521
15.760850
8.026696
10.669847
19.857809
17.606051
15.762399
24.952648
9.734130
7.183998
17.744055
14.384945
7.872225
18.822461
31.789720
15.470137
8.834528
31.763449
16.464434
8.380501
5.969828
6.085362
9.222800
10.468087
14.622062
13.477695
13.856017
15.827168
29.457720
5.351572
5.658289
9.614582
11.616980
6.382304
30.520978
13.309522
6.882541
19.136044
17.673109
21.632971
32.452984
46.748732
15.220777
10.078080
17.503366
18.396073
5.315780
4.824009
18.055735
17.003250
7.877840
23.727658
17.168015
5.563145
6.768349
10.898086
7.398754
4.602895
24.712202
19.933058
18.219890
23.348935
9.677451
8.287170
12.773888
10.825508
7.917187
10.411691
12.555903
17.553402
12.966690
31.512339
18.918467
17.126956
25.087424
22.369036
56.692729
15.931782
8.628314
11.916183
11.708327
16.804424
13.276152
9.373702
11.500981
13.214464
17.466091
18.747732
13.259524
15.107730
11.927575
15.034262
25.375293
10.519799
18.822656
5.521451
5.400222
18.340084
14.008205
12.893643
32.708076
18.942758
16.292546
10.840043
14.153585
18.119510
10.051660
19.002050
17.284190
7.927760
9.653371
9.150201
11.928164
18.912146
20.025487
8.753210
24.529391
32.655246
9.579285
12.967316
5.625964
12.209150
13.559349
7.745481
18.814208
16.622287
10.359746
7.680344
29.726176
38.592925
4.044777
9.221141
9.615940
15.245354
19.735078
11.258343
8.077937
13.902741
42.535953
12.849411
24.225108
6.121505
21.465060
59.379240
8.907050
19.681851
27.818992
32.870797
28.027071
13.028662
12.748625
18.654614
19.001855
18.333322
19.949054
7.073393
14.424244
7.865905
10.315419
8.337862
43.040371
16.820677
29.644250
10.848706
20.363341
12.570033
17.534443
13.710484
37.861695
14.148705
42.951109
17.245578
15.387217
7.654227
5.193259
19.422203
8.152759
13.289244
17.887765
16.245295
23.052614
14.966792
8.331161
31.122549
13.598364
10.991175
17.892078
22.676008
21.105939
30.892941
13.821821
6.979465
25.129294
11.532634
17.743754
7.814490
31.053426
22.701990
36.944083
19.026987
14.201175
9.612553
21.352315
11.045208
35.092917
26.153425
8.867097
23.290381
27.411397
16.719920
27.779347
5.155752
16.554488
19.208936
16.644276
8.375958
6.941096
6.604231
10.370840
24.916492
45.669950
28.354532
18.474198
13.529049
8.700777
7.102796
19.602044
12.833656
16.266550
9.317404
18.387524
8.869877
12.230768
34.311715
27.820380
25.429007
15.642762
15.212264
18.672320
23.140836
16.866061
18.461975
10.805428
8.326833
19.258360
12.494779
24.266376
29.988774
10.265420
38.839756
23.851370
20.114945
44.059700
13.171317
32.211858
12.334239
16.328158
24.798299
18.748740
7.978850
11.187985
5.544953
15.012864
13.026837
4.997065
18.061306
10.555890
28.065240
13.018663
13.874610
4.226831
6.214600
12.861939
16.195453
15.403218
21.144849
18.134345
12.651225
25.593707
21.317664
19.944985
20.659016
5.795719
16.795489
42.510418
20.072243
10.364257
13.558715
15.416498
40.152146
41.919585
49.446447
24.174659
14.769358
26.963744
19.368083
8.265326
5.614233
14.399346
42.565558
9.906297
10.915104
26.729196
12.439908
19.976052
6.779341
15.227225
5.953725
5.685258
15.851109
29.553776
16.966265
3.551077
17.593654
16.776187
13.522160
9.179415
15.525760
7.590764
10.573988
11.864751
6.094221
11.073522
10.616429
14.304633
8.531078
11.588504
8.972033
32.469224
11.904055
9.415488
9.964201
18.781927
13.277295
10.960461
17.972743
62.200784
8.587635
7.768716
11.880696
38.929881
22.468412
21.502890
11.042602
7.558138
9.559698
3.582517
20.144813
17.376532
44.059594
20.664270
26.459038
25.451456
14.154092
10.657139
9.336625
5.231368
23.058916
16.405656
39.135441
6.487069
18.634023
28.154083
47.832819
30.572280
16.463452
37.268132
19.445503
10.741833
13.380129
58.159381
22.309283
20.190446
16.173405
31.219302
14.414426
9.913170
17.647138
47.462321
10.911147
9.628717
38.727964
23.043181
25.702817
10.695460
5.183364
12.158332
18.949431
17.780238
7.155001
14.685102
6.129342
17.228887
11.311149
12.376170
22.069017
31.618169
17.266590
14.891874
16.617420
5.117010
6.722274
17.572826
33.400446
13.878398
80.630323
11.633024
10.638588
14.947103
29.875136
8.614081
21.906794
29.036877
46.622609
27.480984
40.941502
12.172231
10.956110
14.154769
7.323318
26.541367
28.339813
22.581239
11.251109
22.940030
13.834978
17.991230
23.982248
10.722550
17.853838
13.995643
18.407093
20.973525
25.035340
13.434146
24.475482
19.254527
18.455835
6.930242
33.445891
15.330113
7.237522
16.936234
17.284892
6.489462
13.713111
37.627452
24.020985
16.910321
15.600740
8.795755
13.664322
15.816227
18.797491
10.125999
6.670827
16.483685
24.047037
15.937587
10.555515
9.335238
17.049244
23.451452
23.205463
13.391828
19.705347
6.537744
10.641045
6.863588
13.751587
31.364714
11.069241
23.088560
20.099252
9.570945
11.970436
30.241006
40.340539
5.825242
17.974946
7.453960
7.970464
28.812915
7.014991
14.896066
9.635491
12.406008
11.514064
12.349875
21.030206
27.809992
18.400897
8.557397
16.321538
52.113964
21.621547
23.159222
17.671396
12.828372
10.732561
14.604055
26.219180
9.542572
14.445259
18.046022
6.789292
18.976015
30.869148
12.422853
7.760175
5.441597
15.194278
20.612989
2.937202
5.140516
20.850727
11.862925
21.218197
11.906404
16.971006
14.082353
12.516658
14.550474
43.128617
10.790396
14.400691
15.308983
7.723689
5.756749
19.959624
24.263846
13.587178
21.002461
25.664529
28.981267
16.540542
24.606148
10.890406
13.494963
13.640903
17.674664
4.570039
5.735042
30.939154
8.973699
17.041104
21.074133
21.656399
30.591518
25.000453
16.310626
16.046757
13.588484
5.755042
5.858587
36.158008
17.850715
34.226905
21.528471
25.024591
14.835393
42.889372
16.765463
35.876655
12.466034
19.125956
7.235371
10.736748
17.793585
43.924635
17.052407
15.889550
8.052866
27.396476
15.180326
18.193901
21.240011
47.591657
13.503890
44.391251
10.999642
5.215584
44.482261
14.516608
46.761510
4.453287
5.837597
7.113565
70.781492
20.038660
22.680479
9.426902
40.901577
21.695210
17.744795
17.321791
27.652119
48.595320
18.486745
6.522340
9.076703
26.595465
30.463010
20.194892
7.228183
14.009784
6.883350
9.358190
6.643248
21.000438
14.224122
18.830720
16.807171
22.569227
27.623697
8.981455
16.417052
29.292235
7.878409
12.951443
8.336979
5.023194
22.067665
18.680473
13.123360
27.823719
15.380848
10.260166
16.594415
9.889455
38.967163
42.114127
35.999120
10.281455
12.551903
22.213251
26.421562
31.245769
6.483855
19.845188
7.500672
5.213871
18.461267
17.921970
15.728736
24.615480
5.764873
21.074765
20.372205
9.564353
8.002471
32.114123
35.410963
13.441554
36.283754
12.218432
32.163521
11.821445
26.855737
26.072147
30.543862
7.558743
8.273193
24.811120
13.202007
12.065371
30.659725
9.695523
33.102369
10.523021
19.656919
28.718303
50.949768
13.924220
13.203560
11.382829
20.200834
10.646353
22.085668
36.391486
10.229172
36.430943
24.350330
31.569566
10.237669
12.875624
18.373662
8.667614
14.916437
22.286546
49.651947
8.511958
23.413377
14.317096
38.475660
16.213071
9.485493
8.693447
15.222418
42.909936
25.837875
6.958888
14.274622
31.961134
16.063308
18.225284
14.274335
7.372985
25.089149
10.139811
17.094440
5.320152
19.073410
15.419588
23.274517
8.076397
15.971372
17.973523
26.612551
9.869282
16.332269
25.056556
10.118498
23.461808
25.011904
19.360676
5.328477
6.981744
19.536541
21.849151
14.312193
48.814239
34.715929
12.577387
11.103873
37.295060
48.799520
9.032289
35.176441
18.346546
23.986141
6.006211
12.183966
5.953444
8.273967
15.774327
48.306928
11.652079
35.088668
19.045820
24.035631
6.905230
5.403761
46.815606
11.033084
8.269396
15.919445
11.524939
20.932483
19.966060
28.932566
22.891014
42.105241
8.146330
9.162889
2.855575
6.404848
34.995353
18.387229
11.225995
14.288933
9.266942
22.774770
33.868475
22.294730
18.663530
6.850155
6.427287
16.411769
14.974049
11.969305
10.264326
20.396287
21.626877
18.640924
11.303607
14.021998
20.583588
22.587570
29.430741
32.029452
11.893460
29.305995
26.149845
5.627592
17.592575
29.449733
33.277612
16.561473
39.875432
11.067777
8.123470
5.695879
6.515313
11.094109
23.279991
26.531900
48.908306
6.105227
25.130940
13.642434
24.767980
18.503045
17.842866
12.023479
11.743310
16.637580
7.436945
14.804851
24.241700
8.956778
10.313352
14.231096
19.052379
10.734565
16.210994
12.602492
41.613719
16.298228
16.351187
5.523544
9.728086
35.643703
10.899939
25.689816
7.202486
11.141335
6.889760
36.578168
27.783662
30.063387
15.978902
13.830051
18.654546
17.775989
34.573757
10.853597
5.424123
14.721169
16.781311
16.943330
22.887162
22.905622
45.300851
6.261487
6.170051
11.527704
19.272097
6.279812
15.313226
21.044412
10.416674
25.080400
9.976009
12.802426
9.741275
17.671407
18.878928
20.764693
11.362970
22.036862
38.160867
16.753952
12.598940
10.852661
19.449757
30.435417
18.658261
14.195537
19.778587
11.379575
9.127217
13.333824
7.680500
8.347807
4.202602
5.863455
5.428924
28.685793
14.288123
10.171241
19.728886
10.694371
6.726866
6.323935
20.437189
17.413929
5.086952
3.926756
18.767687
24.649416
45.106639
3.297997
17.360704
33.316162
31.143541
21.685147
7.588872
8.944091
23.602732
11.961612
29.188750
39.223415
34.195662
8.776174
14.395832
27.212272
4.616436
16.498312
9.350839
9.030071
9.273568
8.057907
9.764650
13.992470
12.584535
6.480293
11.201369
20.733723
37.597006
12.021690
10.621575
13.539590
18.682902
27.762349
8.142637
3.023991
20.647256
28.509251
12.715195
12.944726
8.521617
9.165630
5.754908
6.794071
9.728305
22.360738
16.398654
10.100151
8.978402
21.126553
18.945061
7.964911
25.964901
14.726929
14.836609
9.873822
8.278052
12.519501
5.432137
21.767097
13.864558
9.784435
13.388786
18.309564
14.267837
9.821856
38.231666
13.985381
38.289347
18.146629
19.872925
6.155720
7.254578
15.498235
11.107000
57.412687
10.288422
22.397054
11.752899
40.680504
42.165067
20.736199
27.123261
14.614424
24.962339
10.448110
16.631794
23.186148
18.947855
13.350977
9.513089
11.662065
45.126981
29.784189
11.605294
35.643473
7.091861
29.322602
10.058996
4.274504
23.876989
15.341962
8.239067
9.315223
9.887146
13.422611
21.134877
36.046341
28.916627
23.588830
24.390422
5.450629
13.236766
36.778901
31.403775
18.072978
12.279764
26.126723
32.483540
10.341413
21.785728
8.962411
12.382083
8.786469
18.615411
14.797098
17.922754
20.072239
21.732579
10.688272
7.630250
19.101200
6.729548
41.588362
16.905749
17.971604
5.831338
6.923657
28.290327
41.080078
8.627083
26.577621
6.924790
7.738707
13.387409
7.552883
5.567067
20.574838
40.100932
6.093235
23.110785
30.876142
12.295565
8.720011
8.053683
7.327470
12.499685
5.255930
5.388142
4.977740
17.429606
12.837569
21.881229
13.125332
24.167827
22.092165
8.250697
19.199265
10.022891
20.119596
33.692627
15.649882
15.690297
10.237080
20.221882
11.150722
25.549085
8.272185
17.612600
11.575136
18.182965
15.832312
12.702189
10.503850
10.918843
32.216471
30.072463
25.428131
17.922623
22.806448
27.785979
64.692354
18.742841
24.329750
41.231326
21.101883
9.499460
9.314285
5.882187
40.598030
22.674555
33.756214
6.918964
17.393872
10.078544
26.259258
16.968165
14.080394
6.424889
7.151785
20.574212
18.632994
26.431728
7.621178
14.575332
7.907404
6.297590
9.531363
13.453645
23.899028
18.332795
9.818697
13.950307
8.155717
35.671973
16.199419
6.359424
8.316818
11.946630
15.606631
10.469437
13.942658
18.024463
8.409382
14.703207
15.000984
4.445518
14.012587
20.124941
24.219654
20.376045
10.717796
5.162559
20.140909
19.194793
15.658818
10.071278
5.277403
22.623051
7.169248
11.434973
8.988050
25.888161
11.311886
12.950186
17.567067
18.396238
4.558131
16.922785
7.429172
10.470708
7.613143
12.730429
3.646107
10.422102
12.950175
15.396655
33.786512
9.036785
11.130653
66.547122
10.996180
13.287736
11.743527
20.427514
25.157794
22.381345
16.809596
9.322311
15.278974
15.640842
22.982320
36.962985
14.854311
24.519888
43.125955
20.826300
35.729908
4.898010
8.748795
8.447834
16.688457
14.094315
13.897497
11.214607
19.329928
7.902246
16.743236
13.525544
41.174338
13.427125
22.161127
21.986837
8.430954
8.458012
22.670759
11.480808
72.707618
26.844736
26.031778
28.870573
15.359916
10.389345
16.960644
21.157065
19.507860
40.510050
25.260857
18.653044
14.284281
15.210286
13.818885
8.901558
35.667803
10.532776
3.417685
6.163574
20.297666
9.290234
10.789058
17.212888
33.944052
15.142199
23.489854
10.164830
27.071335
24.074128
9.806077
16.146399
16.522940
41.926783
10.892948
7.006551
25.268763
9.884042
8.486531
6.123682
12.650784
16.827549
8.112282
38.988381
11.654109
10.980824
8.146671
13.972040
11.610231
19.634446
15.824113
12.294129
27.572307
12.547553
29.921843
40.681123
14.789516
41.479063
18.358650
12.088937
9.465508
30.086605
40.387735
9.840671
11.108894
19.518740
27.196842
14.294538
49.081561
7.349056
11.142363
21.195395
32.217747
5.071735
12.420437
10.216456
10.125067
30.543023
13.285257
8.919549
10.736140
7.464439
36.239298
18.970733
14.335678
15.792349
33.684395
10.174409
17.325652
15.655301
13.728764
11.372433
10.547098
26.501824
14.786517
25.277590
15.655657
7.451453
29.613394
15.282375
6.934276
25.009118
13.404581
9.054814
9.279087
32.831505
15.040393
9.774944
33.274515
14.293222
12.541265
30.734371
12.572201
38.697699
9.587057
6.118626
17.351910
32.355454
56.323938
14.999910
19.327929
6.807942
11.147327
19.369346
9.987234
23.932762
25.078740
17.111108
15.174839
13.660611
5.081699
25.280376
4.736824
36.714225
9.228868
9.589968
21.051902
11.121493
24.498496
10.799661
22.070538
14.345417
17.134996
10.763507
6.611746
12.234546
19.501533
15.240146
9.484736
4.912137
14.748403
6.643643
19.856174
26.344645
20.071204
14.672701
13.463645
5.737718
20.217534
7.203064
6.195327
12.829220
25.723037
20.108105
16.292605
25.725882
19.221434
10.241509
29.218749
26.817567
6.950774
10.866498
15.546345
15.001539
12.598538
13.816654
12.795471
12.531301
33.615181
9.041843
6.942070
21.503478
17.405363
4.304582
29.156229
23.318437
6.190627
24.244004
7.509725
17.433495
25.084622
26.094275
14.500705
4.637748
14.462307
9.120510
14.501196
12.479386
23.668790
15.756212
36.109059
7.578749
10.494852
12.690941
9.603266
20.010554
14.444585
19.152375
24.148725
13.784670
12.870932
15.381058
36.213896
17.099295
7.949561
26.264672
19.768876
31.230212
13.602092
7.515485
7.290874
9.564099
20.431921
10.335828
6.365403
26.486496
32.724111
28.810295
32.090117
39.209307
11.343868
22.611184
7.941956
18.721667
12.581906
28.908575
12.953800
9.580307
23.760220
19.407421
11.590589
4.586685
5.006650
21.339087
17.124885
9.627575
18.039922
26.823790
9.748320
20.097634
4.662200
19.671708
16.095689
18.135752
10.273390
10.419652
14.918059
31.410228
18.290507
12.219621
14.643041
5.850804
8.278854
5.786252
27.108053
8.339794
12.748196
18.726310
16.401775
14.393641
7.183818
6.767584
9.200029
9.682832
22.205502
14.836192
13.788543
13.248423
15.396904
18.367028
42.994293
40.689910
15.236536
8.810742
15.920072
32.299437
17.974656
7.903483
27.687223
14.377933
17.990084
16.289847
12.634056
17.397795
18.111631
7.498373
14.495322
26.113200
26.776349
19.712820
17.621722
8.465287
8.915674
14.312181
20.901634
11.161174
110.724673
11.318996
19.385561
6.090702
6.303773
13.135310
7.083310
12.221430
12.283084
18.455984
20.828032
19.918557
14.935856
26.649386
11.094591
12.005557
36.939268
49.752701
20.250346
13.523980
16.844819
10.557089
11.127660
22.612121
14.579477
16.596129
18.904398
25.130917
5.277204
6.126758
31.245927
4.314793
9.130160
15.920330
19.474228
18.078557
20.524116
13.270220
14.577871
6.587625
7.477953
30.317792
7.936566
5.804550
5.644541
25.697608
12.874137
7.309442
21.173554
37.870541
9.729757
11.311867
8.474620
6.795928
53.169231
15.214346
7.480165
4.588311
19.526599
11.250800
3.261785
15.295572
16.117887
13.910828
14.352973
6.800565
7.309330
27.196964
9.445648
6.976543
9.280476
6.155109
24.064817
13.508639
4.739748
11.137731
8.244077
13.240280
5.800069
4.790132
16.642365
8.271284
14.427252
6.749749
6.211306
8.068299
10.608076
3.594825
4.343078
18.339720
4.391769
6.063877
20.180474
11.549295
7.641048
14.217642
11.291400
19.696030
7.169138
13.231937
41.400454
7.007524
60.607928
32.618197
25.221708
48.724704
20.077338
20.094583
31.849180
12.740167
15.214825
13.541428
10.513280
13.421029
12.995834
11.481700
48.565407
35.548938
12.122977
11.216732
40.357758
18.165176
7.814453
16.297243
8.311533
17.369902
7.794719
32.918134
21.718870
19.978769
11.100695
25.269890
24.397961
8.811249
8.275600
21.387875
11.225153
4.368082
5.061391
35.024292
22.114583
13.600999
9.482442
12.835494
35.631787
21.186516
10.340328
22.256977
20.796959
12.377917
13.691312
6.694243
13.774648
23.243724
9.484874
32.508695
3.395284
14.785326
5.712125
12.678512
37.044518
12.224269
28.871290
25.173775
16.757857
15.479563
11.867716
52.189566
11.514370
7.385283
8.423983
7.956899
13.137845
58.550697
8.943490
19.092979
18.421291
11.894556
10.646345
11.408289
79.695136
14.343897
25.289427
14.613131
14.474378
7.380274
13.714607
23.374801
8.466540
6.379992
14.459354
5.565567
8.593713
9.168842
47.432635
10.456512
13.328897
12.110007
8.808403
3.526406
8.258986
17.569832
13.318875
18.359110
15.956642
5.031960
10.142738
25.093832
5.721063
16.758162
26.163754
11.343018
11.065957
27.041432
25.462831
13.075019
7.837380
12.095403
10.072594
21.497528
22.703285
4.751173
5.844471
39.183862
16.484622
11.942389
4.182573
4.292859
21.667545
24.065198
17.406238
23.617706
20.586069
30.563969
14.973590
23.206141
10.264465
8.621174
15.468585
12.848967
23.309870
38.792671
19.578411
17.425874
30.360630
5.763012
14.038227
31.569932
15.764999
8.425417
51.209223
8.848631
10.897807
13.116796
49.914720
16.935954
31.132396
21.008453
41.291643
9.021808
17.450057
6.540831
11.059112
70.590565
14.609669
15.935878
17.513239
18.357218
33.774067
32.413925
7.768322
48.872291
6.472000
12.053944
22.005128
23.576171
13.809652
17.935871
20.753146
6.116674
13.436384
20.063798
10.764905
20.010003
9.386005
16.453742
25.656920
5.106053
11.778087
34.006146
14.284838
9.754870
12.693912
14.939560
7.621488
17.561038
13.155152
8.062805
8.905335
39.214060
27.524413
8.721616
12.034564
31.723337
19.514463
25.437085
12.267324
21.327068
50.586347
9.741442
17.662824
27.839500
14.750559
11.250531
10.179325
23.191729
19.594887
9.185057
9.521777
45.418826
51.749856
15.669124
31.603904
9.895303
24.893325
18.251828
16.269833
5.977125
20.436121
14.918003
23.062878
29.312109
16.365895
15.485932
9.862434
6.350070
14.290422
17.998737
22.346050
2.913472
12.012326
6.110178
9.001688
18.968682
38.540906
16.281804
13.977839
7.157635
22.821453
14.149250
20.924403
12.969132
23.945427
11.605851
16.299234
8.257354
8.446315
4.003564
18.534353
9.870390
15.867555
19.955529
18.239432
32.263007
12.604342
21.156910
11.738459
11.745109
11.097205
20.878590
14.940200
28.683325
8.216783
15.205483
19.926557
32.267350
13.525498
22.067463
14.552177
22.962929
23.375149
14.620008
13.861322
17.962642
14.871319
8.842437
56.227422
44.469476
15.522637
39.380473
21.579948
10.009205
10.155803
10.702586
19.230486
9.510139
46.047800
36.971119
27.660546
6.439442
6.596849
7.160418
12.452132
35.079787
29.061443
7.205389
29.502182
30.635420
13.717252
20.618295
6.112100
6.794449
17.231476
23.046772
15.649298
19.283666
23.065503
26.719768
17.882961
8.519218
8.289401
23.518414
15.163515
20.524210
18.714187
12.491246
22.071067
24.030386
18.110032
24.237196
23.550936
26.933838
20.179171
44.946383
23.577788
13.008864
9.004656
57.907895
9.277798
5.205326
23.574060
49.836469
8.055191
13.493274
20.727096
25.716468
58.670363
7.812642
20.304953
19.742292
38.999190
19.409262
3.353765
10.071849
25.263585
12.510289
11.818378
8.807394
15.107758
16.210757
12.400010
5.906160
17.834061
19.037410
8.059769
8.166418
8.839429
40.516409
35.423120
4.163390
8.207318
11.379683
26.427741
6.817293
4.772868
21.214365
4.284164
28.084573
17.382340
11.762905
18.436805
28.556166
10.555432
4.358371
14.706861
29.482966
7.326169
11.636450
13.893069
12.247685
12.570235
21.752028
9.058114
23.497671
26.855395
6.536217
30.314812
16.047589
14.842122
52.344368
11.303165
6.686293
5.805077
6.649481
10.468279
11.622101
10.180205
12.261789
9.300572
15.581644
36.569148
14.692172
19.034931
88.319984
6.387789
8.424670
12.450496
8.670291
15.037465
9.969602
45.515010
11.388563
26.445413
11.721582
33.175617
10.309112
7.330410
13.740048
6.411821
14.084408
7.727936
6.590480
9.086106
11.829190
16.574787
28.895005
13.865290
21.224082
36.866158
13.575791
7.040598
21.831367
21.136362
10.689624
37.858147
9.811083
21.576064
12.856993
12.644466
14.596124
16.784307
7.547635
62.280796
17.049473
5.875902
12.687995
25.278795
26.856361
5.550143
19.371896
23.113671
18.957381
21.915528
6.934882
9.362302
26.182108
8.359691
16.599474
10.926815
17.853589
10.302806
22.708613
28.199522
24.380481
14.691096
15.091368
11.961685
17.185262
11.079791
32.424910
10.993017
22.630776
14.874798
14.385028
28.912367
11.197753
17.956004
29.422827
11.368331
8.093198
12.942743
19.823253
7.438513
11.175600
25.991649
45.037422
53.866853
11.281689
14.088707
6.622058
12.371755
18.761605
16.650560
17.995867
8.908211
18.974068
10.555494
14.366267
33.169734
12.627397
23.547392
7.366445
23.231880
12.629702
11.686863
16.052090
9.622999
4.114675
30.805267
10.988551
11.208975
13.352188
19.776820
10.885796
35.403355
6.262420
21.343189
21.620252
5.359053
17.459605
33.869628
17.537657
28.907507
31.137574
16.803989
38.089841
10.483490
29.484264
7.510582
25.450687
20.341501
24.150110
21.325666
16.659124
15.443300
21.781803
9.359640
22.326814
10.678895
30.972746
22.820900
17.792128
37.951271
16.460900
19.368076
9.707914
7.411457
11.382996
5.620501
19.038969
19.366348
24.453768
19.732586
8.321380
21.847449
26.757703
24.114648
25.542747
28.984113
74.566580
18.926624
21.439691
13.465701
78.528330
44.256312
25.230142
8.249974
11.340820
7.019035
12.577503
21.432759
11.252806
14.390388
4.429938
16.056058
21.131888
7.835436
11.418216
21.153362
10.930570
12.978519
11.814315
19.687673
15.252835
15.596559
9.954280
17.558482
12.985056
12.189635
10.484477
14.270752
14.610068
18.691006
20.738499
14.402677
13.575274
42.367553
9.002067
24.051158
41.874795
17.967260
10.337295
26.521092
53.766637
12.481573
32.050463
5.721204
9.644664
11.204125
22.890660
35.782161
23.252146
17.207916
18.835933
18.197400
19.836181
4.582709
31.917707
18.889587
23.276909
12.579146
19.744496
9.583038
13.077901
29.769884
8.137332
10.471128
19.877959
14.178038
15.444543
5.364301
10.889655
23.776178
9.190475
23.448885
54.437728
9.871121
14.579605
10.787970
11.930266
30.582386
13.311961
44.181345
12.298516
11.090509
17.991317
22.770379
7.965744
22.428080
18.930694
18.412294
7.198597
4.884901
11.258764
26.507204
13.955817
24.568022
8.674548
8.406473
8.247531
7.380928
15.286524
28.586616
11.516895
16.642736
10.911501
8.087914
11.337124
21.435747
13.022537
11.875176
17.582047
6.885459
12.056971
19.929795
16.417489
16.966405
23.285281
15.189058
31.846862
16.901992
11.964860
17.136403
22.799105
14.192584
11.676791
17.365782
14.802038
19.672545
17.748355
14.263754
18.706748
21.935418
14.902217
21.543845
16.091895
16.929043
25.175346
9.533782
11.689449
9.410112
8.298945
12.474358
19.685152
10.534900
12.639236
8.395228
5.989848
9.482582
41.764405
10.356238
5.413489
9.816884
16.033923
17.460227
10.397573
12.585951
21.661304
10.415387
16.595169
5.029538
8.340715
6.288603
4.932193
5.390651
12.275427
9.545690
11.659558
8.901059
6.538494
18.121427
9.452425
4.835766
6.754958
7.686936
6.532514
37.185542
8.736197
12.396627
3.374913
5.793419
3.160134
16.921453
36.373431
19.139750
13.400757
13.058366
5.610376
23.063291
13.392918
23.238753
11.403031
4.939805
20.021365
11.517896
7.287600
5.612387
11.735643
13.108834
14.020756
9.441540
12.592927
12.017289
9.613672
15.755942
54.121219
12.088512
42.069297
15.035572
12.371448
9.240824
31.372098
25.258742
10.533559
16.867224
26.902547
11.663482
45.520110
10.266177
9.755598
12.791190
15.821669
14.907906
11.213610
16.750360
17.985237
10.945668
21.042308
34.150213
14.302393
8.150917
53.203197
7.831477
10.308349
25.810897
23.062844
12.414987
9.509382
9.840265
11.145354
21.365714
6.222229
14.106658
7.392529
10.327191
12.907386
8.242793
13.600504
13.171571
27.311329
8.693297
13.864683
19.555785
14.598322
17.486092
57.226109
43.879488
19.031560
36.501908
19.202747
27.760246
8.969003
33.974783
11.209233
21.696460
10.383976
20.668386
9.428019
9.551372
11.161335
11.770319
6.526645
24.817491
10.032242
6.661191
32.154630
9.040507
8.291030
25.611543
23.333983
8.382443
38.093975
9.773886
13.248626
16.563024
11.137166
16.241397
12.481259
18.033515
9.963920
15.620596
29.323666
20.631961
18.627823
4.719515
14.357334
31.142565
12.555491
16.879567
6.245761
20.847200
5.409382
11.625821
14.749178
8.002013
11.126455
8.821393
17.029356
16.983709
12.484404
10.544861
3.534595
3.074412
4.921326
5.170224
9.479326
30.521909
26.188117
19.941725
18.674294
20.430318
19.274262
30.494825
17.411348
15.738383
20.251720
14.797059
8.973787
34.369411
19.186374
16.246146
13.802685
24.986206
36.168497
15.926847
14.234601
19.919201
5.157138
21.577128
18.232288
24.397350
19.967233
15.016536
6.318119
14.374088
18.190682
9.688752
10.753739
25.413314
16.883046
34.036821
13.013534
11.453436
9.225300
12.184143
11.168288
16.849636
21.123007
11.022239
5.913095
18.992742
25.514062
18.340669
13.307602
25.068391
47.225830
15.488286
16.806197
13.257061
13.322363
59.623335
6.157131
4.780351
23.907472
23.316996
18.096159
24.217213
15.675470
17.100603
32.973344
19.463486
12.925067
29.364230
17.671848
27.686024
7.544856
12.481575
21.240288
26.819246
12.394500
14.571295
15.554092
12.448671
17.066668
19.497607
49.402053
19.486980
18.843727
10.452606
9.554244
19.623803
25.446919
9.611918
11.527834
7.592653
20.303989
12.895407
7.399691
17.102450
22.993574
37.127256
42.216142
8.296720
44.354836
15.277275
11.005787
16.558857
12.329762
10.302253
7.829658
16.537952
8.027073
21.504499
28.556933
12.480870
10.643544
10.877116
20.084993
5.931252
7.617193
29.509299
16.883925
30.633092
15.066288
7.292204
23.131495
42.582982
8.226680
16.144734
15.231301
8.458451
29.845282
5.043214
16.663692
8.816385
12.934312
30.468679
5.681395
14.273832
14.738227
18.521212
16.677742
15.712414
20.194781
7.655489
5.787527
9.662827
21.019987
4.367007
2.198685
15.486594
28.100460
8.640933
70.945218
21.745609
56.521043
41.105928
23.467908
11.550445
36.878898
14.392494
32.906794
14.759623
19.579241
19.372703
20.461736
33.524019
22.851058
8.262372
66.875231
3.231828
8.405621
13.256420
21.838823
18.197663
11.973354
19.053529
16.324593
29.106849
21.434115
19.468655
12.611953
14.508421
12.087353
16.291666
4.826984
28.255419
54.947737
24.106324
29.218216
17.889986
9.723267
7.536769
17.411838
16.009123
7.784343
11.194809
37.131361
14.314728
29.868255
23.649127
27.655406
39.755041
10.281709
8.395833
7.483214
18.552768
10.927542
10.793267
7.829547
7.935415
14.021634
32.818886
7.728324
6.546602
22.484242
12.897022
50.996628
12.373455
26.249441
22.436666
5.618798
9.781358
24.116024
10.581571
7.762045
4.973156
15.145231
6.310478
13.674540
23.653228
24.739574
17.116130
22.414784
8.243313
28.787627
15.362681
8.767848
15.460077
8.106676
17.895930
67.507277
12.661416
38.872681
8.080087
24.223776
8.314705
26.067770
16.537208
13.257935
70.834274
9.248523
11.119347
11.510991
14.430880
14.607249
11.841084
40.885421
17.952259
19.659072
7.263310
10.612796
15.233240
21.590222
7.755922
38.049796
10.779466
20.440362
27.156980
14.696775
14.059848
14.025059
27.648739
6.897940
32.219564
24.494371
8.385270
25.100265
32.488086
5.904194
20.427071
4.816320
9.846911
9.668121
8.348909
27.014050
12.609118
23.765434
30.546367
5.303047
18.363082
12.286140
57.982704
11.200109
10.845639
4.806554
42.669590
29.692709
10.171866
16.515408
34.110754
14.802000
15.945176
16.014739
18.379805
11.756944
33.194774
31.433818
14.789788
11.372742
10.993523
23.192411
9.666955
15.644366
24.752546
10.645914
34.634400
22.786090
16.001200
10.991353
19.850017
18.498272
13.573537
8.517060
17.599620
21.389238
20.651278
12.858620
15.332187
10.169936
17.153242
5.618000
10.300373
16.640173
20.422738
23.576869
21.379812
7.954979
20.659425
21.446004
13.068483
12.073618
12.868899
10.083089
56.882109
10.398705
18.315632
19.119273
39.241371
12.185399
10.719137
10.543973
16.002372
6.924040
15.719686
6.001434
17.246596
10.925462
22.915498
33.833435
18.665128
14.307254
20.822918
17.019874
6.549842
7.024224
9.299562
31.890120
21.979714
14.442409
17.392258
6.384059
7.936836
15.880924
8.151695
13.456545
16.171393
16.923525
26.928259
25.850617
32.229231
15.946993
12.396034
9.957120
5.733610
10.028204
11.628669
6.072047
17.175738
7.683970
14.220299
8.724299
6.590005
9.364424
27.821491
12.744635
8.033045
9.748922
11.039599
30.858936
5.794618
18.270609
17.088604
13.540026
12.974109
31.371101
16.619868
17.979771
8.372260
20.117702
19.182706
6.358412
42.767025
16.232588
11.638372
13.827919
4.215947
27.537422
4.212949
3.372306
13.457534
12.030067
13.156344
9.323603
18.429670
24.152877
8.970987
6.704355
13.353423
22.673497
44.263708
17.376090
19.442073
14.904600
11.569232
6.355670
13.593079
9.539945
13.992814
9.910611
11.783977
9.826650
15.021135
49.275399
14.635055
37.850498
41.803294
15.446908
25.102654
12.621512
8.531928
20.025201
30.195054
24.431327
10.139946
22.262995
8.783472
12.277825
11.126081
9.892407
9.484805
11.890798
17.458723
39.853874
21.822831
16.066477
16.526419
60.440648
13.694830
4.514278
11.386033
13.901543
19.102970
16.300929
15.463194
29.352426
9.481065
24.546001
5.506247
4.648003
16.406772
8.998763
7.734803
38.046132
11.753536
11.549564
24.918440
26.802517
14.539306
17.779896
8.429428
14.175471
23.734382
17.027261
9.636591
26.242100
10.510288
8.023832
25.526094
11.153567
25.542503
8.365742
9.868545
27.975974
8.482822
11.171164
21.383757
8.965854
11.590005
4.681110
21.647579
20.305036
10.940980
4.827938
8.816036
13.588165
14.758409
25.477412
15.766159
16.184700
23.925780
10.416630
30.067455
29.262085
13.834883
62.760012
36.339290
9.382456
16.220453
8.859506
18.571813
8.840519
11.522339
13.089747
18.779723
19.132184
32.624200
13.690526
26.460621
23.746490
14.105417
15.868317
14.924107
9.684792
10.068921
15.062417
13.104887
9.155060
24.043474
44.776125
18.899559
21.818479
19.578720
27.145877
9.326824
15.584498
18.656375
40.844815
27.682837
7.627638
8.207604
12.039479
12.236418
14.445013
27.133237
7.588061
17.652722
22.873040
12.565012
16.366396
11.459326
10.532977
11.035546
28.561469
43.198864
6.224905
30.852465
7.375940
10.906843
25.575501
19.441560
15.775626
12.895979
3.978265
10.176943
38.328840
22.369968
14.189290
8.166613
26.723804
20.100950
22.554144
10.821871
25.326211
6.711491
20.103600
12.535444
18.335687
6.128264
18.790509
8.767791
43.861667
15.378742
27.799870
27.913140
10.300609
4.190321
5.111603
13.615204
13.931273
23.837062
13.193870
9.261620
10.481993
5.973109
15.697846
5.893050
26.882472
29.066495
25.988500
45.047773
25.257837
19.108794
26.571557
16.632020
4.984766
5.257507
19.119556
12.353421
9.984987
12.893360
24.806979
19.091247
18.928303
13.254610
9.015776
3.753501
31.009250
10.195605
7.169664
12.428457
23.030175
31.979340
12.615848
17.973645
30.184044
12.792389
7.777843
25.591472
26.649591
9.483542
20.854451
11.526726
19.623677
24.265835
35.246450
34.142802
15.594283
31.652685
29.822225
21.885569
4.705796
9.757443
10.831302
8.011473
29.346719
18.173562
4.660796
10.634149
13.349974
20.208693
4.220811
11.840825
31.222538
30.650978
20.786986
12.882593
19.437686
7.765685
15.155410
14.774823
17.667232
7.796400
9.507905
31.098318
27.980659
7.786358
9.564983
15.731462
7.706409
15.524035
16.849768
23.214277
10.235999
22.867846
12.270268
20.587412
8.578797
4.869996
17.204405
20.314123
20.140001
32.939243
24.226233
13.182911
20.935345
26.563279
29.068298
19.865008
24.807493
12.976073
12.935865
9.312501
14.255416
25.736030
16.835064
10.226687
19.544343
10.431695
15.037991
25.014588
26.087865
22.180051
22.690534
19.898356
9.091477
5.247700
6.386213
4.758352
17.099818
7.457623
11.933496
15.853549
10.629307
4.165691
7.172927
17.993742
6.768707
12.712589
17.901457
10.865252
12.848106
20.451989
5.848702
13.336231
20.219846
8.798596
11.363900
16.670948
5.912290
4.107523
37.006702
28.091643
10.544625
6.238670
14.711503
18.643590
11.701362
5.042855
8.085969
52.855784
13.030015
11.231647
10.640464
15.371148
13.954898
23.705394
20.431910
15.836214
6.792277
26.206459
14.080572
15.932359
7.589418
15.421873
14.247820
19.267362
12.226438
11.333848
10.514362
12.041760
10.627831
11.683467
16.719384
18.139651
23.648696
27.921031
5.906972
12.773867
37.516425
24.602078
46.177028
34.496297
27.209729
13.283464
7.053202
38.329578
31.849738
15.663206
10.932601
5.463665
9.411749
22.563370
14.405600
28.096311
11.734674
14.315437
28.444823
12.076118
10.370372
7.424019
19.595273
17.877551
18.682520
14.160530
4.229974
11.636394
12.320755
7.448806
25.928839
10.558284
5.761111
24.805673
4.227773
14.174480
16.527390
11.255187
19.467372
8.558100
10.852139
18.057201
19.722220
21.870455
8.702228
9.909523
11.233236
14.134507
12.399391
27.672708
12.695054
13.509662
3.312559
8.934463
48.551296
25.497643
16.744803
11.644254
22.418277
23.254199
8.422440
17.374820
32.257935
20.196101
17.776394
19.795402
7.767620
30.936855
8.592322
34.713876
17.997117
15.860986
15.706513
22.370410
20.345235
16.543754
13.227388
6.513345
20.413394
12.232320
5.896004
6.887026
13.885507
22.334304
12.220913
7.922656
7.455043
32.798291
6.650269
5.487822
20.623146
18.766469
26.021131
12.287874
18.288650
20.725857
15.886978
20.896267
41.582359
10.017760
11.190560
14.520383
7.848725
21.571506
20.440818
9.156751
7.222830
17.758606
24.926347
13.814674
9.097197
7.452746
6.231055
5.312355
43.122397
11.638682
10.654902
10.814991
20.091250
10.088499
36.777165
18.484133
12.451277
11.760989
41.734430
14.264508
7.730252
17.822716
12.638412
5.890679
18.867370
27.659172
17.863489
11.227682
28.629723
12.454897
17.054013
8.621370
8.577628
5.918656
16.562285
14.668731
15.031131
18.670343
25.197916
26.227932
32.076734
21.570357
90.394164
7.902454
10.731789
14.098038
26.496879
32.518430
27.707763
19.661655
10.946390
20.845006
8.056727
6.354161
8.540993
12.196724
29.605510
30.359607
25.734875
24.602492
23.333554
36.376034
12.879482
10.215681
21.917601
6.044958
8.359970
22.455075
8.222946
9.596107
20.793294
10.300159
10.491175
9.545425
22.109112
11.481298
21.108559
17.965289
33.340642
7.856457
35.739791
10.035228
10.229800
6.875731
13.379174
10.034408
12.415438
12.572431
12.349626
8.368546
7.646727
46.936028
8.124339
17.266623
20.416830
28.112264
25.503698
13.523719
6.219128
13.981455
29.422943
17.007491
10.400196
15.501349
11.300447
11.146694
10.941205
16.339514
13.557510
20.759013
12.879843
32.578291
30.959584
11.730108
8.870817
28.063519
11.841060
7.261587
14.532976
20.661954
28.234188
14.460089
45.979828
7.440478
6.391369
5.738241
10.204463
27.899907
12.647163
21.705164
4.904721
22.106292
10.898669
18.037697
4.540211
12.723760
8.943990
16.604925
12.838891
13.067479
8.696027
36.460368
22.678143
14.167068
19.161706
