80.757207
74.332815
93.030629
97.459765
104.960316
102.341328
82.025247
109.301945
104.682707
92.180417
111.466557
93.387657
82.532150
80.553068
126.606555
73.716971
206.352316
79.596311
117.811135
88.956487
202.525213
89.212432
108.927245
53.992411
80.237852
113.523532
117.482112
104.257770
137.564134
91.436933
87.830869
70.932832
87.260484
224.581132
46.536729
118.588091
65.922445
72.902855
103.840994
140.380448
35.964053
81.632245
98.718538
160.512392
67.546616
177.907476
113.875399
130.352040
78.886249
105.051790
72.838794
79.324446
163.840148
83.300313
191.800872
102.124541
115.339828
101.509892
66.851344
111.056411
149.229899
82.152619
135.037514
126.023494
100.771068
114.382157
160.136845
208.348504
122.041243
150.106010
71.655730
98.763601
78.744037
154.856970
126.819249
152.425089
71.882347
93.975847
109.304128
62.119779
63.007696
64.090645
120.674316
101.834762
131.125709
57.785665
181.452994
89.888575
91.061614
106.126639
95.958931
83.173191
118.107534
93.792051
102.959026
113.376985
84.472157
164.765608
177.525356
114.765892
120.309474
20.353392
39.512372
126.223698
84.737671
85.563160
109.009413
115.500307
96.014644
107.973988
86.528748
90.654459
95.692991
87.600508
73.660610
83.885443
144.179430
99.558766
101.779149
43.206978
146.710331
104.093944
85.029502
99.828430
105.095482
106.434188
135.892940
102.598807
73.022005
111.885015
106.859960
58.189481
115.471190
107.235254
123.149704
71.682614
96.778836
106.339979
63.421942
217.507545
86.940678
145.064740
62.899520
147.465694
80.766038
58.348604
132.522948
53.007142
110.199346
64.222882
199.743754
70.998074
109.677144
219.293203
116.861314
113.141066
69.374991
104.829897
34.346836
126.953456
117.607233
82.321651
76.161487
102.739989
102.577115
65.866665
71.675035
99.668215
112.809797
56.238576
59.185944
156.805024
96.266428
77.877382
52.719561
71.433537
135.237486
143.839074
165.143432
135.975046
173.489437
85.590346
60.518948
95.767401
93.209428
79.891488
123.367746
139.224395
78.061503
182.228818
81.202529
58.500557
76.880887
71.589477
101.106069
118.197292
115.300520
137.871671
81.656938
62.858586
87.775521
59.106963
139.210482
72.461024
45.299407
90.053674
191.997190
111.774204
68.747147
46.387849
80.471014
102.705039
35.560029
54.882415
151.595036
148.082089
87.110170
86.919477
63.494966
58.882719
160.397185
93.007358
98.323599
77.503430
98.711970
125.629057
116.650114
122.769678
71.148647
72.481613
154.046691
45.506232
94.936634
77.171062
74.037745
86.146612
128.970453
123.355792
145.105196
234.581838
47.715626
50.573548
74.842721
110.925471
70.836975
99.073426
170.043237
127.917732
119.683687
104.830795
92.796249
109.387548
156.859753
123.152402
173.349700
48.798417
89.754883
104.472897
112.763598
72.210368
155.318439
131.341935
67.309805
128.122245
92.066391
79.757657
55.934397
84.919202
137.924937
73.646783
123.079394
161.864070
119.904017
38.676872
91.243307
90.683231
103.810853
78.780401
99.742583
104.658191
70.290698
67.556043
61.641133
135.900484
63.888004
67.510498
96.317922
165.903463
77.727296
100.226551
149.770016
77.138287
141.013100
66.638694
82.397596
81.497786
129.527242
102.961254
135.575682
110.629927
57.270737
125.674389
167.650848
171.518507
98.092707
93.205566
117.896979
68.142827
80.209285
57.094764
94.785683
106.049529
159.260990
73.761092
106.729831
156.829264
109.490673
62.778477
157.112258
151.810271
83.269325
78.021085
54.861844
125.527069
147.865942
63.813961
107.494723
70.457972
91.219180
55.859165
154.061166
149.331584
89.910654
135.588694
125.506245
27.502589
142.748356
65.529134
75.757025
112.580276
81.389939
61.522112
74.620098
100.654209
88.699819
179.547745
107.993157
95.118272
194.028262
97.516947
91.535185
122.883834
46.677388
123.999776
211.854203
108.881307
97.010089
107.672347
121.204148
179.517850
99.465770
55.126096
79.612892
118.798292
82.317844
74.543951
81.123012
120.273430
87.789045
61.531148
119.063493
103.570871
57.903905
113.647261
133.619476
104.600951
131.018882
60.677239
55.167442
144.009144
123.038513
47.033553
86.250564
113.411475
58.776804
106.396114
44.204568
189.496089
124.834814
55.964598
23.852859
123.787729
115.695966
114.640356
115.226999
98.919933
58.698664
127.054301
41.729423
73.014179
184.320559
127.944582
126.286412
83.603867
106.570161
76.976279
73.213914
77.565730
108.115890
97.415714
117.931490
61.164946
101.767066
98.831129
145.435492
162.159384
112.086119
75.861474
88.327139
123.709342
117.240616
152.437694
175.266443
49.999872
97.064033
125.931913
73.925621
99.114011
140.135224
98.080515
85.752319
254.485334
88.179820
170.793594
72.438922
62.751354
60.514113
94.716555
73.900066
143.513845
91.554783
49.281939
106.207729
103.683141
101.549724
86.465088
50.314890
75.476506
84.904798
137.948789
155.610660
48.360035
85.850850
67.144776
90.899058
70.594778
42.111501
97.108798
100.916719
103.422870
91.492723
93.762849
117.154114
85.236474
163.835368
112.177598
128.235223
92.451059
148.495695
63.717462
70.944725
89.192386
79.028599
93.499613
186.468839
134.042741
143.890595
156.593495
50.323124
196.728271
150.457824
113.067792
75.921476
37.979038
59.868929
69.716515
141.346910
98.365730
54.138097
47.644910
41.388580
120.686403
73.344031
68.191638
164.316942
84.679193
112.718627
117.513449
63.921788
64.984865
103.303132
148.251146
100.524421
76.465867
56.215209
104.612985
66.055453
179.554090
42.338848
80.038682
110.517050
107.954639
71.202405
37.514311
67.589235
64.648468
88.647395
175.231426
88.899484
105.889232
93.601101
83.930309
75.749116
159.875018
64.653922
70.973616
83.031850
167.936768
145.071531
70.832713
118.003337
76.876893
96.174744
99.927441
48.698051
141.063725
81.117771
113.055332
117.588587
91.008767
63.208681
72.186564
104.839110
141.851494
64.675746
154.816596
66.356123
76.071814
83.229303
45.612691
87.142751
134.742831
55.081493
86.668503
88.647473
113.625329
155.467082
105.861514
70.899314
162.957861
89.537664
96.738116
98.040793
93.531809
73.009849
67.411293
142.462518
84.305246
87.414838
86.637776
111.963007
134.623514
73.506094
68.210325
110.223777
107.725888
79.306800
122.454244
58.476236
73.654029
110.933042
40.687663
73.336369
180.901852
102.086875
61.002090
33.979052
132.495325
152.576002
92.765629
32.720681
153.983151
58.580576
135.218601
38.026463
113.135653
78.181464
100.532286
143.488039
139.287628
102.396397
90.221141
137.595879
136.553847
124.047250
173.480681
48.895970
85.713054
137.859394
108.660250
112.211812
59.671135
74.712009
93.341220
149.909760
83.466920
94.088278
82.692043
80.434035
105.339883
103.417645
73.279120
49.060782
77.888403
82.834519
181.550118
103.884053
100.659315
101.368234
103.302322
178.350033
60.983265
103.859667
158.049304
162.194710
126.106566
83.021514
102.758226
63.911512
29.616777
51.542942
158.585976
100.925230
109.923184
111.940443
114.264418
78.947229
100.757754
154.698723
78.787482
52.047371
137.578431
40.406210
109.101442
76.394523
64.897563
77.165599
93.147546
121.488433
106.796369
104.548752
98.153285
57.243448
99.049278
93.641391
76.176259
79.953620
174.230737
147.521070
138.492475
110.069720
74.336594
86.188264
83.622015
58.817916
157.705263
93.181175
96.762703
85.557321
110.491847
80.267242
80.804004
102.018664
182.234873
127.250808
96.463525
105.208890
71.237903
188.123893
68.804654
109.696807
79.247201
91.532621
142.737528
178.135625
95.169237
77.233653
68.785243
126.077967
