14.559395
7.102829
7.194915
7.112387
5.867457
8.748838
8.070766
7.702131
23.858346
8.695846
7.575075
5.418932
19.606239
6.214901
14.688487
7.434986
3.912143
4.289991
16.523380
24.874676
26.660635
23.265543
21.658330
12.691249
10.521180
4.767627
8.928368
18.714076
11.896563
9.882522
10.724369
18.846998
15.397908
7.874507
13.757015
12.340609
4.911691
12.922069
9.764871
20.710938
19.408570
7.062655
12.880108
23.488984
43.368516
35.523243
8.376460
18.879264
13.276851
23.346907
8.553797
5.194280
9.292680
5.779439
6.498956
4.889888
10.715647
12.395846
5.965838
7.276482
15.989446
18.437942
21.951128
40.846034
11.571322
6.572467
13.687267
6.737758
17.200902
5.932677
10.003716
10.687057
21.628599
4.787076
12.574910
15.123412
17.361857
18.113900
31.600345
8.555824
11.373096
4.108827
7.627311
13.796757
19.873968
20.658056
15.764454
11.048875
7.208337
5.842219
24.456947
9.925128
6.142688
12.766105
3.688225
15.450892
16.952923
14.839238
14.318231
7.613744
4.621560
9.429743
9.774436
6.870759
6.572885
10.496971
10.605614
6.760909
13.166499
12.496864
8.050199
7.691991
16.335738
26.071788
6.543700
28.386749
3.993850
6.511581
9.119056
21.132230
4.468880
7.289145
9.182054
7.653602
26.243377
19.027819
9.635362
5.889415
7.988566
3.157266
4.084176
6.055815
3.365138
6.306436
3.154412
10.968182
10.017859
9.502283
11.006634
14.095592
12.029448
10.974983
21.925457
25.773053
18.950857
19.103146
17.062439
19.371105
16.866895
10.471605
15.064296
11.309569
15.004046
22.106548
12.900640
7.332093
5.471314
12.935976
19.087789
27.335169
15.300863
5.982427
5.647574
5.733566
15.938476
9.160429
17.687531
16.757800
7.444930
10.259161
15.355171
14.605841
26.454166
7.323369
26.506544
24.170803
10.472358
5.345565
6.501613
24.461467
13.713858
6.218296
12.913477
9.648497
8.006138
5.271141
8.090486
11.162130
5.298867
6.064533
5.573982
7.056891
10.577384
12.303125
14.180424
15.415528
8.932259
17.448404
12.314941
6.418414
6.263753
4.814082
10.976896
7.961445
7.527497
5.495235
9.175286
9.379738
9.478378
8.958436
6.023264
16.676213
10.785665
24.351398
7.779463
16.586932
6.729912
4.405879
27.606781
3.873651
4.318192
26.588530
14.348781
25.181486
10.551486
27.410247
7.312336
5.344737
4.554203
10.567463
14.672103
12.401134
7.812262
7.028604
14.005046
6.576807
6.699265
19.494489
14.920770
24.971374
28.950220
4.079224
6.374531
19.833214
6.755942
12.249410
7.623106
6.535005
17.759859
9.997578
20.189379
21.411896
7.657352
5.563803
6.623126
3.970497
13.345800
15.905764
25.525223
24.536075
13.726767
10.949587
3.891125
10.010261
12.172323
16.004570
10.392836
4.885656
14.471902
11.074424
13.348932
18.124126
13.709064
31.014784
12.639965
11.498513
10.367434
19.340100
5.101056
16.240002
7.219198
18.443902
3.698226
3.425892
7.002862
10.332952
9.240869
8.142721
5.132805
8.133242
6.574037
24.220225
10.344620
10.960725
8.757039
9.487214
10.148248
7.473832
9.904615
13.437105
13.835222
16.684547
4.250447
6.678337
7.971923
5.584847
5.816685
12.883547
10.351085
28.923891
8.891185
4.975924
5.096353
5.329602
43.418866
11.908904
8.021794
6.106838
4.399536
7.616827
25.907333
24.661786
8.091639
11.869439
11.642007
10.774121
8.456771
16.154574
15.297483
14.596358
14.460758
9.618547
6.662097
6.323592
10.652043
41.454060
11.866532
30.728816
8.638456
7.258466
10.129067
7.624492
4.343759
7.400257
9.583589
6.286933
11.343697
6.662935
19.133619
37.601789
6.788613
17.303859
6.156561
4.345851
9.320077
7.142427
15.537860
8.693936
7.624811
2.994454
4.855125
5.113688
9.441636
25.619576
7.264511
7.724363
9.110732
6.127486
10.281343
42.039349
25.016658
4.848613
10.390760
13.844996
19.197467
14.111777
4.328953
22.076818
14.060309
7.826258
4.530578
6.381775
16.979634
15.531808
12.194747
14.066136
12.566743
11.657958
5.082456
5.402782
41.208911
8.435157
5.678552
4.717432
13.605697
39.703120
7.866006
10.833523
7.621174
7.628401
12.343064
10.947614
19.754299
7.944956
5.301200
8.815244
14.229120
9.258412
29.592841
3.794549
6.614151
13.174528
10.367666
4.494240
7.405496
4.397162
4.332019
5.609864
5.674011
12.655390
7.964192
13.927402
26.658564
8.062800
31.427722
14.327359
16.395574
15.047633
11.417446
20.252730
26.231922
2.964410
11.747535
6.315924
9.176224
11.684749
8.693675
19.292011
19.200914
25.919549
12.823479
11.219077
4.691372
5.954858
19.991130
9.878666
8.105441
8.016021
6.064723
4.850282
11.135095
13.930982
14.979581
13.918509
10.194146
15.689294
24.608783
5.716058
14.103355
10.746427
17.028259
5.821922
7.568623
23.990559
7.437817
11.895572
7.065318
7.702761
36.583350
24.348978
7.032277
8.484580
14.875797
16.334318
5.253289
12.354488
10.409770
13.426569
24.463409
17.929120
6.304264
30.656873
8.467690
5.641137
16.829125
8.987792
10.530260
5.123181
9.849862
7.203670
21.953415
10.430323
15.976972
8.532806
19.631897
8.587931
4.743442
5.093039
10.281178
11.964022
31.937260
21.457119
6.925420
15.163275
17.616916
7.027914
5.692957
9.997195
10.485502
11.425215
25.225294
11.337889
5.325066
9.828110
18.391030
7.660551
12.428247
19.770168
2.573061
12.532369
7.105899
14.502246
9.841592
9.993423
17.615274
24.129790
4.325428
4.562147
13.841799
12.869646
5.998708
17.547598
8.641835
8.696847
10.066362
26.152097
3.488797
22.934927
11.520953
12.226714
3.342298
7.507137
15.199393
5.881118
6.029781
6.762764
5.939581
3.638428
25.930573
10.340956
11.807904
11.209699
8.110481
7.491499
12.944893
4.057514
6.999707
12.210096
8.112545
4.822734
11.204424
11.179840
18.938581
7.633551
4.690906
10.022714
9.776117
12.269312
10.343000
15.398266
11.620457
18.108722
15.749996
20.991546
8.411816
11.309494
21.786025
16.462388
10.146875
9.291221
11.360697
11.815725
16.619633
5.623677
8.462935
8.419426
5.580456
10.519169
14.552773
10.174352
4.651743
5.249562
12.289675
15.023501
7.695448
17.311229
42.739976
19.988390
13.459049
9.369383
7.993382
9.002619
16.619591
20.907196
16.898290
32.069698
9.139725
9.764055
11.461009
16.655491
23.149988
22.499985
4.474921
8.114210
2.761754
4.029264
14.565852
5.491257
14.950533
19.335656
20.004368
21.001550
15.288246
6.718671
21.560545
5.146410
6.862554
7.648792
12.265792
12.565743
28.638099
3.959024
11.750867
16.866455
5.627085
4.312664
12.902975
5.299469
10.184915
10.853729
10.870791
11.217622
9.431264
11.461657
11.372786
10.490684
13.943791
11.939199
11.190876
11.731228
3.800757
5.541783
11.308561
4.719508
4.460091
5.143317
19.451705
11.839502
11.095840
10.361484
12.589643
14.307226
18.213361
28.897551
9.620543
19.816976
8.878959
12.045835
26.723080
30.308742
7.295120
23.001157
6.392378
35.691895
18.858198
12.434231
12.522732
10.180880
14.014616
15.388554
27.098060
18.396071
20.755588
12.186535
6.108639
13.237416
24.171362
12.243276
9.014487
6.281545
12.198727
8.924252
12.689539
9.551587
12.947287
11.565392
8.956510
22.799438
9.936085
15.360774
4.302383
8.117863
12.188579
11.608281
14.379147
11.187774
16.953012
24.145120
16.315476
8.589755
14.569158
13.445218
20.755595
20.680634
12.331720
12.889407
4.322892
7.888316
10.917597
30.206426
9.484612
10.549984
29.152738
20.340931
8.198681
5.678290
12.714842
4.111486
20.459241
14.210185
5.244050
9.167003
6.203207
11.362956
7.286702
8.450138
3.506307
11.053383
16.299631
19.566103
28.773665
43.332592
21.816922
6.570334
11.394332
5.693594
5.121025
13.547918
8.545043
3.153088
5.837173
4.146015
13.536164
14.025066
12.223681
9.268632
13.671018
14.706497
9.197828
7.277909
3.799428
22.417267
13.267851
10.587149
8.141466
8.870075
16.788231
3.567585
8.418451
10.464927
11.169673
11.647885
7.440224
19.417332
6.724012
32.579889
10.233065
16.527923
8.809455
15.912277
22.686126
8.083274
5.783159
31.484796
12.610108
23.471742
22.662162
10.371758
14.541671
15.647547
5.185631
15.546190
9.766772
6.402294
20.764937
14.497504
4.881208
22.066414
18.643958
29.497740
12.429673
14.801813
8.824961
15.311762
13.763390
8.328759
10.749524
6.069814
6.792539
11.393095
16.415216
16.536778
5.714697
16.803150
8.465363
14.164375
7.673535
25.484626
6.898809
7.447006
5.982416
19.624685
7.946844
10.815915
13.302854
15.965417
9.666531
23.245539
10.257857
9.271146
14.535154
18.748148
10.758688
16.967401
13.208620
18.876129
23.136225
19.018803
9.960123
12.141177
12.921992
6.812039
16.085001
7.724406
9.940871
8.442585
5.995504
7.305382
10.762730
8.868566
13.778327
8.618154
5.450431
9.683464
10.599177
8.871752
9.956478
6.393007
11.749763
12.965812
15.699710
9.107883
13.992154
15.492555
12.504687
19.942218
5.975416
5.184278
5.990999
6.765543
28.426610
8.822643
13.650222
14.984826
18.958654
13.900397
5.041029
15.512117
9.907638
21.750412
14.775163
16.996253
11.243769
17.809634
40.736520
9.351318
18.987983
24.899719
22.086801
11.215946
13.996587
18.416136
19.605178
10.082662
7.732892
6.979154
9.870734
9.043861
32.272776
8.897215
7.200925
14.688121
6.234773
10.908213
8.206156
4.547587
4.306233
40.510344
14.519858
25.185457
9.599268
17.692693
11.369225
14.818218
4.165932
7.053958
12.633888
25.272565
41.872319
6.047793
28.776013
37.938775
9.086426
15.481411
9.360669
19.403155
12.018747
15.271565
10.813043
13.305477
11.507947
19.203245
11.435734
4.063397
12.639576
2.511575
11.184041
3.795942
7.072870
17.939260
9.881873
17.411620
6.186391
4.841776
4.934356
8.941849
6.629893
19.187971
15.970407
5.710925
4.839160
9.870711
17.967999
8.538241
6.524098
7.942031
5.294191
9.020434
12.554813
5.004763
7.313777
6.785760
5.769281
4.506656
5.411906
12.275676
12.717941
4.570921
10.019925
4.854385
9.050788
9.140534
6.285002
12.842351
11.512827
11.706381
12.676783
5.536106
5.167938
31.655179
18.280079
9.186297
10.422793
6.693344
11.124964
5.992600
9.278405
9.982818
10.140628
19.547174
11.796935
19.694754
20.242582
11.134772
17.171977
8.019323
4.390306
6.605026
9.290420
4.340073
8.360403
10.767543
10.708407
9.923766
9.897232
2.249489
4.163295
6.206331
12.918805
5.638996
7.477540
7.631967
3.652360
9.993287
5.707218
3.227583
22.573953
9.326250
12.838349
8.636105
10.039019
21.484519
11.646522
8.629461
7.813051
6.206279
8.406942
14.927533
15.922197
6.403058
22.293188
33.306180
4.700046
8.407581
7.855167
18.052830
8.908722
10.547967
18.722727
15.007997
20.568100
9.626604
15.944293
8.797795
9.597200
13.591425
12.504786
16.191388
17.332566
10.036418
12.834404
10.773912
27.767160
9.413682
27.451893
10.547732
10.269171
14.892208
10.450715
21.424804
16.218410
14.525202
9.314241
12.720179
3.305456
3.441874
22.628284
13.022608
10.913824
8.020868
7.892767
11.605077
27.806960
22.835818
5.438743
6.760986
8.803392
20.837242
7.847377
8.563392
16.768810
11.934411
13.600055
5.853244
9.199279
18.889528
12.534067
2.423945
7.264657
5.370868
4.539518
5.768121
10.813565
9.100684
4.837243
4.326852
21.947781
10.890852
21.366394
12.263859
16.603960
9.998463
6.986047
9.974283
18.811934
13.111129
15.901851
9.408992
23.218185
11.741794
20.255969
9.928729
6.544072
11.916713
8.382163
17.109767
5.105978
6.883591
9.561128
37.651348
12.483719
15.751216
10.697362
11.354342
9.717778
13.408892
4.705144
5.957037
9.236433
17.461937
15.787052
14.034220
18.150523
21.609943
15.678312
5.761645
4.233105
20.027715
4.523569
4.285494
6.483086
13.436042
10.557346
10.677436
13.665654
14.331219
10.839883
11.018327
29.018254
7.902560
8.228378
9.724643
16.932795
14.497556
7.730992
7.837000
8.772979
8.580836
5.320680
5.033978
4.089699
10.952058
8.342137
7.715684
10.708610
29.315490
18.968639
15.212904
21.962254
15.002479
8.459137
12.001270
17.662977
12.244749
6.056337
7.404896
36.527196
7.693119
8.877851
12.133305
13.226483
13.337471
6.793432
10.926691
22.200546
17.606184
12.751407
6.414606
5.111198
14.063454
7.258147
11.917231
10.825262
4.280705
3.069853
10.334318
16.840429
51.609317
23.843684
7.721912
16.550563
11.160334
7.790828
10.834956
6.083284
12.528294
7.768195
9.498456
7.153057
9.403446
6.058484
8.196921
6.643614
7.516479
7.799763
7.264739
10.652054
4.464298
8.954090
6.471495
11.011538
17.397136
15.477107
8.257043
18.429442
5.180065
21.748267
3.392707
7.296743
5.470425
7.822290
10.535784
4.472525
12.351083
8.935241
9.694275
12.935032
9.951430
11.515756
9.336311
7.545797
16.496347
12.139230
8.102057
16.635446
22.823921
25.973705
7.618790
17.019198
28.255376
11.435418
9.210630
6.478032
4.544315
13.482597
11.217750
14.586004
29.231706
13.978836
12.959470
11.549196
23.488240
10.614035
7.110377
12.773596
17.114963
9.051508
3.087245
6.398616
9.942549
11.221963
34.416477
3.539145
3.374084
21.532799
10.957401
9.228638
11.747470
7.176399
17.719941
8.544462
11.321637
5.565546
5.419527
9.215870
11.289428
13.179482
31.885869
5.991063
15.744845
3.731675
7.017144
14.460873
8.855256
20.206025
7.118149
6.104223
5.344784
3.652790
3.489739
18.557435
5.649402
14.628484
11.588547
18.676336
17.134132
17.997931
6.305243
24.771608
9.027364
9.510018
15.642987
7.031556
21.162359
4.787251
4.039681
14.944638
8.426294
7.145664
15.714949
52.869074
4.156487
16.715069
8.773101
8.966974
2.401974
19.765477
9.163562
17.049061
5.161533
9.486085
22.655522
9.336429
6.041812
4.839531
23.527903
5.346352
21.002663
10.734244
16.545346
5.046690
41.592636
17.180459
19.001027
12.771112
24.747175
15.990156
6.983432
20.095783
13.256726
8.059245
5.025546
19.463436
10.378356
4.007601
11.668157
12.262650
5.393226
6.521024
8.491157
12.042029
11.160371
6.785792
15.502058
5.600935
4.012516
4.508273
6.991418
6.399289
7.082922
9.588196
5.930964
11.074348
13.029824
7.027630
12.657165
8.119051
3.979513
14.601760
6.589086
30.016951
20.719048
14.493365
23.690758
4.296406
6.250638
18.953815
12.247755
13.300943
8.139056
8.083929
15.198629
16.963875
8.635918
4.078029
5.112694
20.395371
15.866233
7.038133
15.756882
5.943855
7.269846
13.544915
13.559964
18.919567
9.474261
15.158753
5.772651
2.765172
14.511442
19.446443
8.871135
9.050554
9.034677
13.678880
16.512779
9.876172
19.437319
15.658217
16.737477
6.908069
28.083835
19.336717
17.526024
17.552095
6.276583
14.187192
27.260318
19.260413
9.339924
16.115278
3.902963
11.517194
28.495287
14.749726
6.644901
11.237197
18.073807
11.119941
16.225145
12.438445
8.690009
5.631810
7.430378
13.466951
13.219896
9.280418
9.670058
14.250982
15.608908
20.157524
10.658355
7.022600
17.112448
8.493359
7.414057
4.926124
15.239000
13.477796
5.715289
3.143824
5.357145
6.538319
8.040501
15.331731
26.349748
61.205825
6.105413
6.003650
4.152182
17.294935
12.271982
7.954418
10.826603
21.542493
6.207345
10.556936
14.203455
7.913084
8.716116
27.284822
12.209227
3.654652
10.847956
16.369494
14.367116
8.347447
8.280347
14.221440
16.339394
5.986356
7.418406
16.899095
9.499639
6.722848
3.995478
11.600490
7.881878
18.580994
12.248297
7.907190
22.092582
6.038906
16.004984
15.732155
17.070166
4.237129
9.173313
12.812445
28.467818
17.543497
13.011786
10.511489
9.644404
10.075597
15.873540
10.939861
5.640737
4.232399
6.653387
6.409766
5.193829
5.750656
8.678704
16.120002
10.581057
13.699872
6.748731
17.434048
19.209796
12.210505
9.405824
11.971268
7.684963
8.893310
26.034761
8.819220
5.583233
7.965730
8.683409
10.152972
11.638454
6.103385
6.767979
6.843196
22.005016
7.305430
21.481205
15.953344
14.696051
11.373350
9.045944
21.487271
13.751015
6.887202
8.658159
11.219686
11.737191
15.091633
14.315301
37.946052
26.294789
19.929644
7.457557
6.845124
10.780369
21.495274
11.214123
16.683088
11.866392
10.419004
12.006814
8.598530
17.129645
15.242590
3.360006
6.725513
7.456688
4.104238
9.478447
10.915863
9.909198
13.255570
4.364968
7.866304
10.855002
5.636530
6.297452
10.695198
11.144691
7.904785
14.526135
14.368637
5.805989
6.500122
10.993620
15.552078
6.738344
16.331634
3.842668
4.908673
14.115972
8.707974
8.731248
12.506179
7.475266
21.592751
11.656533
10.645027
14.516276
6.967936
6.477778
8.093110
14.832563
12.793982
9.774776
7.127745
10.298474
8.225152
22.427583
16.936374
7.487344
14.120095
6.720673
6.864524
11.153635
11.549772
5.440338
9.615021
18.693504
8.820397
8.688863
12.926484
32.667500
14.197974
23.283760
28.919049
24.939736
3.854452
9.359975
9.348021
13.444442
14.612933
11.630485
13.942983
18.290879
11.008693
15.157935
16.181954
16.311110
18.494132
6.258465
15.328221
20.720678
9.097852
33.673889
5.338680
7.143164
11.448615
15.174227
8.437382
14.441341
16.233946
14.116789
8.681395
23.182192
16.369257
12.864644
17.686567
14.377406
11.061226
11.169910
8.573620
6.988636
10.013636
7.821493
11.917730
15.218599
10.704839
6.467365
12.635062
13.018139
3.586399
8.868577
7.683811
8.320781
9.455266
11.005977
5.218241
7.933010
7.714155
5.503856
7.658925
7.485124
10.548005
10.803820
8.447467
4.502364
3.301126
4.769955
9.833342
23.832144
4.697009
15.695852
3.763729
2.967126
17.934235
19.659396
4.632137
8.993606
12.706516
7.625245
3.447835
8.641140
11.464150
34.128430
5.377592
3.185185
13.729254
16.573279
22.270655
7.039640
10.578802
16.536846
16.551854
4.672757
4.597579
5.351539
6.822223
2.423855
6.260882
8.253414
10.743160
8.292807
10.919999
7.148567
15.942283
16.309616
38.361814
25.252594
13.986622
4.360493
37.433535
15.205674
7.352657
8.274664
6.128623
4.770164
8.380247
7.214981
15.951846
4.769736
3.034177
11.335699
16.503379
13.277062
16.431749
14.745285
4.413590
7.274349
23.203885
6.137252
3.551873
14.475257
25.150078
20.411680
13.524843
7.548869
13.324735
13.463213
6.886329
5.995361
7.050233
11.955331
6.059838
6.906417
18.464000
5.535417
8.066409
11.675260
12.889309
7.548791
12.326875
7.237325
7.985033
11.172291
10.331451
3.230924
24.174179
18.275487
8.215921
8.999320
15.072017
5.442730
20.152625
3.589127
5.293502
18.231683
5.424509
6.112670
26.725185
10.856908
2.758936
3.065210
6.991856
7.537238
32.316290
10.932253
5.961005
16.318668
16.040292
4.432038
10.848380
6.132396
17.028428
4.953731
18.697302
14.136753
12.820801
10.137932
4.283913
9.179274
24.797460
14.424778
9.361235
8.022830
10.398019
9.608715
11.876842
21.948271
3.185191
6.452801
4.443243
9.516412
13.777428
33.884549
11.684437
12.651948
7.834745
6.940439
6.916600
4.020611
6.827126
8.893329
6.700480
3.977374
7.135864
13.435084
9.660089
5.575194
6.129416
11.851752
32.401988
25.958305
17.161296
5.629609
8.576788
10.547472
20.265826
19.857443
11.325552
12.692925
8.231839
8.812349
9.774059
3.925774
11.242698
5.221065
6.413386
13.417578
25.694393
8.815437
8.454894
4.369615
19.413589
40.862173
9.840513
14.564542
6.201423
9.313818
7.612342
7.979185
18.782310
22.033052
7.572109
11.640566
9.396887
10.319152
12.944550
10.857782
5.599082
11.925076
8.255147
9.980297
11.239972
27.192099
11.251820
16.234809
7.012514
14.559683
13.631751
12.191840
12.610393
5.128524
6.508743
9.308419
9.991648
3.593674
18.311121
9.980570
11.695799
9.664914
16.786847
10.238135
4.442637
34.622042
14.031720
6.208143
8.375153
15.949220
13.213726
26.300273
31.789134
3.537222
8.947061
17.539337
8.081816
8.103460
24.953485
6.158868
6.766460
8.153876
12.652717
18.895714
6.938844
17.314095
17.103944
15.148063
7.352408
6.582012
4.887215
14.949672
12.907873
13.419876
9.452677
9.312539
4.828633
8.752239
7.646439
6.606025
10.967045
4.754148
11.465962
5.293602
9.800562
6.959800
11.643536
4.470252
3.999495
4.661442
12.253451
8.132298
10.563703
9.762442
8.103645
5.593928
8.489906
13.509416
10.023421
12.867810
19.903850
12.635107
5.356210
6.012299
16.183486
8.211516
10.174394
9.268435
12.118480
6.716576
23.030021
18.619282
12.383239
5.943056
8.080156
18.248847
12.227321
5.435163
7.792769
17.302778
17.198981
11.769843
18.524635
13.622696
10.155748
18.675013
4.950622
25.117961
10.231020
10.829342
12.993880
11.977256
8.260022
12.950627
7.895937
20.935054
6.948704
7.728350
9.172813
26.862836
23.705032
23.307394
7.149236
12.590051
27.512229
8.909973
15.290142
10.343852
20.821842
15.177950
21.585790
10.091682
14.265578
17.650284
5.696635
13.305695
18.669566
13.711915
13.003582
10.557910
16.998447
14.820664
16.962339
9.846493
10.896456
7.029839
15.129758
4.895772
5.634332
9.181231
12.086470
16.190324
10.882171
6.293352
12.100640
8.678574
8.196126
17.953655
13.464224
9.302788
5.395914
7.106976
11.699387
5.705714
7.995324
16.196497
16.055024
11.953286
6.280506
6.372824
19.076724
14.393368
12.724937
15.467874
16.458452
21.389768
12.646124
16.556350
9.242628
11.517809
17.540674
13.507861
12.233721
16.194408
23.642387
8.760778
15.422221
4.394251
19.958478
8.745601
7.038845
11.902082
12.092557
19.042326
3.647432
7.495559
12.838775
23.900113
17.071944
14.603302
17.088349
10.832546
7.880369
10.898106
12.097345
5.573608
14.044711
9.474431
7.262273
12.144571
23.162079
9.800499
12.482267
19.017037
13.150788
10.819464
17.856238
21.768879
9.975756
10.317646
14.215556
17.861031
23.403081
16.130771
7.391533
9.238627
6.215626
16.087165
5.764642
11.395187
21.553936
8.100540
8.421399
25.452280
11.491014
20.591217
14.885047
6.880705
10.299451
12.097704
12.507158
8.332032
3.982281
13.567341
7.515580
10.461166
29.077936
25.877398
6.014724
5.824285
13.400215
22.105069
14.215219
12.143085
9.481993
18.282341
5.942968
19.158391
9.729615
15.023438
9.970038
14.883575
11.194876
19.689506
8.928595
11.393303
4.042091
8.530848
7.499240
11.748151
6.427182
7.573423
9.910860
8.815224
12.319347
4.701061
5.629269
8.443119
22.468354
13.138769
6.339422
6.111416
5.400544
3.838625
3.539204
8.206696
9.934597
12.521014
10.663357
7.940457
12.962884
25.480933
6.948672
5.940504
4.355265
17.394978
11.008568
19.997047
9.897835
9.920427
16.463636
11.287402
5.492966
14.815467
21.512323
24.209262
16.627820
9.052648
6.324013
5.859264
5.692709
7.341546
12.997222
8.364395
18.580121
23.475180
6.230915
5.464375
5.464718
7.928259
11.313590
12.524011
11.463630
7.728239
14.934291
8.496341
7.901737
6.227200
12.865133
9.108797
8.541119
12.538953
19.755392
11.441099
13.189500
12.095991
4.590752
11.926841
19.443453
15.037259
21.909680
28.879294
10.796378
20.364424
10.578365
8.245429
7.241681
9.229617
22.869496
16.674926
15.806950
13.319117
37.999904
22.939941
10.118310
6.067967
21.665451
17.939008
14.277630
13.595389
10.840785
9.510496
8.272214
16.307495
12.123127
10.282793
14.871474
3.092100
4.937328
17.381893
4.029167
10.864321
17.710013
17.803188
8.771359
15.465899
6.084905
8.445918
8.601023
4.685510
12.626968
10.634175
3.793417
9.929754
13.705148
6.800528
27.213575
22.973978
8.196013
16.537719
17.324791
8.424955
12.802494
8.289752
31.987314
12.268479
13.698381
9.014101
7.289990
9.259884
13.340670
19.223740
13.857749
5.549561
10.370170
4.842414
15.564570
4.019411
10.200447
4.957228
9.863059
21.223382
13.287571
9.294523
8.089152
8.198591
7.042070
15.807693
31.956890
30.221279
9.882557
23.827732
22.798977
3.937373
3.516080
8.748408
9.528524
11.078714
21.879517
6.164671
33.679998
3.707655
7.833201
13.844940
13.233257
11.239985
10.055769
19.957104
20.786123
18.052726
8.203035
13.453674
2.953401
4.527497
7.662544
8.600577
12.399181
13.813846
7.586972
5.231685
7.935340
9.717045
13.892522
9.452296
19.895090
8.153768
6.495030
8.774953
12.234374
20.955031
4.995449
10.430354
7.218682
19.945272
11.718786
9.826656
10.812429
11.430757
4.698523
11.233993
11.078246
6.732478
6.184706
8.909100
14.247141
11.028301
16.292763
2.952870
4.912760
21.259987
13.284723
4.295610
8.633877
12.520875
4.643022
17.890197
18.984756
13.924945
10.172465
8.908736
19.437245
8.233562
16.640912
17.959020
11.214626
4.109003
4.579792
4.148937
7.770731
12.314108
7.663201
10.715684
9.256614
12.113169
11.695689
15.012335
8.290025
18.682644
12.724847
8.326539
19.070729
13.652978
2.719213
11.683101
6.745196
3.692477
11.608217
22.511950
18.738008
4.666110
9.512636
11.969032
8.278858
4.791358
3.545961
10.491145
12.697917
33.282483
3.791032
7.413728
12.951875
8.698955
11.393371
22.469322
10.330754
6.781650
17.304273
9.951295
14.781078
11.917032
6.658742
11.908522
16.425951
4.882505
18.232932
19.978916
8.539183
9.649330
11.489136
13.423352
18.539503
6.989907
10.191134
10.888601
10.522623
18.269143
19.233610
21.014434
9.579622
12.783094
11.924201
13.105276
19.291555
17.989712
7.243944
13.284062
13.332631
8.220458
21.028151
8.103807
8.761065
10.020584
25.767669
5.014661
8.985507
5.052526
10.003440
14.432611
15.541976
15.770671
20.454720
18.639421
23.712181
5.703049
12.421316
12.290153
20.808261
11.486976
23.767232
12.010247
6.546270
8.128023
11.590663
12.187500
11.769336
25.004655
12.205084
14.282659
8.276166
7.578972
21.802961
10.176997
31.291681
9.991039
8.828143
12.195002
23.479410
23.133646
14.472398
5.714180
5.167297
22.036797
7.389154
7.423061
7.474377
15.705776
10.475261
16.480239
14.036090
6.402048
5.492567
7.531612
7.599812
9.745813
4.535787
6.160978
7.770064
9.512717
10.829222
19.743548
10.248631
4.025350
9.324356
26.216637
5.243432
11.864903
12.451374
6.389328
8.546191
22.911466
13.631573
5.842142
4.093880
5.860456
1.932531
21.115588
10.623979
4.575848
4.494494
5.892038
6.890174
12.726780
25.540828
8.632462
21.319214
11.861290
7.188428
21.012976
12.400185
17.047929
5.341472
8.060605
9.488611
20.831112
19.912518
7.652821
6.224704
10.987802
7.999369
16.686795
18.333746
9.636833
3.971348
13.471373
5.555204
7.594592
12.938928
5.286207
14.652463
9.253433
38.736682
4.901800
8.504066
22.703607
13.592624
5.892546
16.232778
13.592950
15.194960
5.451009
19.140353
16.923516
7.401888
22.617112
15.741181
9.381550
12.681805
10.670325
7.516120
11.786419
8.422756
9.256379
4.119225
4.041467
2.050113
4.807171
8.423945
5.265737
4.383717
16.383224
9.604604
13.731760
11.671302
3.007224
5.349795
13.230209
10.265027
8.681371
9.953890
14.443448
9.235183
8.371681
18.461515
5.688021
12.457458
10.188044
16.046210
8.771612
10.621280
19.022166
3.962556
6.328827
18.468428
18.734500
14.126361
10.905571
3.577745
3.729730
9.660011
9.685819
26.366754
19.885414
12.508562
11.198058
17.143120
8.323248
3.555036
17.013364
14.981666
8.736673
13.104553
4.427852
8.771503
9.108394
5.428729
4.921392
8.722314
14.058624
6.974592
16.961502
14.141986
6.154027
13.372035
11.949985
16.076871
18.290032
11.512379
9.473812
6.095126
7.877388
15.582468
4.416290
6.829932
5.284262
23.009185
10.141566
8.602264
22.459284
5.692611
11.546753
6.195705
13.119602
19.666061
7.751990
8.531483
7.033478
12.711118
16.578432
16.055497
10.400210
10.097622
7.296863
5.594625
19.035458
17.800025
14.649829
16.974025
12.321719
6.121600
17.973748
14.025670
21.068379
6.019758
11.629858
12.366908
11.284628
13.266984
13.388087
21.804780
6.280655
4.733727
15.525934
7.288113
6.838338
13.849476
21.079541
12.180644
16.782573
30.836271
19.022138
3.812960
2.934602
9.819653
14.325857
16.019278
18.612661
12.415963
16.906973
10.770847
9.851098
10.535903
18.956166
6.688405
3.093853
4.383489
13.873670
13.998479
9.788453
7.054568
21.627161
21.191350
15.432559
5.866861
6.938472
8.324602
9.995969
7.051875
7.414102
15.932382
11.624008
10.873756
17.538623
16.705827
8.014074
8.275078
8.602603
6.608643
5.461812
20.654542
11.163631
13.633699
6.366506
10.088631
10.088881
18.663920
19.959311
14.045757
9.998357
12.732693
9.358857
16.879157
21.966473
11.129665
18.398825
12.974947
7.014817
15.805436
4.889449
4.621073
23.854790
12.958563
16.482188
16.197465
10.099650
5.622126
8.821253
6.217248
9.930638
15.938770
4.925344
7.177333
8.479391
23.847828
5.875807
3.226530
3.100534
7.456474
8.143681
3.853950
17.375436
11.444933
13.950630
8.481414
12.043310
8.115491
6.446667
6.110908
17.564685
10.870436
10.667421
21.290625
12.379255
7.871538
18.027373
16.515223
10.907081
10.748002
4.165549
17.456623
13.929010
11.892982
10.696447
6.562919
13.468924
15.416451
22.178577
4.504931
34.520129
10.214519
4.141594
2.482606
16.772281
6.836599
27.161383
20.131708
13.261689
17.119413
13.968028
7.734141
8.587245
7.622549
6.653138
7.945417
4.846466
5.677379
11.139557
16.824698
10.955067
7.668794
9.106107
13.871345
9.031016
23.832848
22.243185
9.504471
8.759674
7.530736
3.104356
6.503553
13.941706
7.083455
9.571212
20.318684
6.996628
11.515663
27.243584
11.413246
9.896144
15.905787
12.071234
7.909341
22.380266
18.120599
11.026202
7.737519
34.114292
5.537517
5.661738
11.891225
10.044829
30.743848
10.706454
20.265840
15.354547
9.551541
10.662554
9.175372
7.072066
11.704588
4.588007
4.919758
16.889334
46.012313
11.448360
5.677582
17.674815
7.037732
12.696867
9.909265
7.099036
5.219897
5.870761
15.538336
12.412254
14.976185
18.373866
16.475732
20.739272
16.695163
5.811597
14.716246
3.407917
8.980870
4.048032
8.166600
7.621224
13.174398
7.102506
29.631378
18.532390
6.195185
3.701750
11.241129
23.465173
10.228222
3.395598
3.743381
13.143998
5.702597
12.387937
6.146819
7.169532
10.565787
13.571873
4.921099
11.630913
26.253879
5.541809
21.563601
26.423673
18.061542
23.607715
6.100954
7.573645
13.426885
9.997167
5.549609
17.176772
13.054774
6.158155
7.311175
4.152307
2.619786
8.155147
16.571911
18.406176
12.691958
15.681254
17.520276
22.459345
20.531415
6.249220
5.735625
8.989963
21.234918
16.959736
5.809938
13.053258
10.659277
21.401077
3.006747
7.462731
16.331005
6.678436
5.503688
20.963057
16.099689
9.401895
5.923684
4.393501
3.239402
14.374223
26.734721
17.392431
16.546134
7.347506
12.516882
17.869534
5.034670
9.009441
7.327088
6.055811
7.204857
7.651533
12.152935
9.306978
8.437006
7.342362
4.539580
8.435044
9.473991
10.688900
20.141584
4.691526
26.850408
7.799809
8.532937
32.069079
14.032529
9.006725
10.896820
14.039598
5.257652
3.863809
25.639110
7.941830
8.291756
14.736434
10.724980
15.407781
19.548884
10.878733
16.901179
6.553284
4.629126
11.115802
19.707939
11.720526
4.532422
17.767510
12.008545
11.044920
6.348185
8.994114
7.794089
26.683927
23.734410
5.995180
5.384610
6.670778
10.344672
3.478085
9.618069
9.120052
13.740599
5.692217
3.669171
13.917766
7.737196
11.236092
4.755605
20.243810
7.921262
22.395790
7.210424
19.190672
18.761072
9.106594
5.547613
2.746846
5.843199
10.714555
11.295837
9.964197
18.115683
21.418912
9.438419
10.917584
6.479861
8.299513
14.549349
9.600109
7.067138
16.743180
4.577300
3.764149
13.754471
12.957934
10.164675
10.682792
7.803656
8.144777
16.777462
10.781629
18.010253
22.307666
5.649883
4.896021
11.077792
5.679630
15.590791
7.398177
8.605049
31.422294
10.078704
6.817122
12.892895
11.270461
18.139640
16.077120
6.286074
6.926824
14.061281
3.904708
7.925990
26.694171
15.652558
5.942625
12.222610
9.861358
12.484721
9.967873
5.308919
5.064147
7.964988
13.600343
20.085589
15.518778
7.358269
15.371991
9.014646
9.214937
5.922662
27.719424
9.904977
5.475221
26.313265
24.320597
17.996208
9.832017
9.534433
19.008738
18.278062
12.540053
22.753960
5.513010
6.367569
4.006961
5.260891
5.903536
5.303086
7.794152
3.184410
5.010259
12.332058
13.373927
13.296181
25.911295
5.851940
10.651939
13.834542
13.535777
26.973531
9.516853
9.779920
20.807189
11.320858
24.255625
10.755238
7.766260
35.682321
6.744241
7.330030
5.560367
31.197109
17.147715
13.797170
7.465789
27.074518
6.954284
7.253161
11.739754
6.848021
6.589387
8.079703
8.308072
11.292505
10.125137
6.400243
13.457781
7.365994
8.542687
7.702969
13.938043
14.141059
12.144960
8.407118
8.405591
23.308309
15.345659
15.447600
12.765651
16.269088
5.466558
15.343285
8.819233
7.170794
14.554340
12.121232
21.330199
12.020620
14.730098
7.023842
5.379487
4.043236
3.873768
16.693392
33.491964
12.282809
8.293753
10.390956
6.966460
4.266943
10.000393
6.772605
33.252315
6.203660
17.304465
7.372021
8.547099
8.288753
11.733126
9.763480
3.203656
4.161146
24.232570
9.477711
13.398816
12.032055
18.328353
4.959100
9.628386
20.640740
24.664660
10.662786
8.437121
9.354563
9.848358
5.232084
16.502116
11.870436
9.293053
33.620152
6.900223
7.723563
18.047677
5.097507
17.426410
6.230113
4.145085
12.645508
10.134131
5.108201
7.576150
5.549030
11.374286
9.041428
12.253570
19.409185
7.474458
16.431972
7.205840
17.811263
4.464336
9.218758
2.901623
6.020678
7.150585
14.559240
15.728414
15.278712
24.780468
12.845871
11.395968
6.806000
8.170438
20.560425
11.365716
13.134457
4.658162
20.624841
10.865426
10.881813
7.454701
13.266321
7.620546
10.414698
9.797347
19.759880
11.912646
3.314189
21.876031
4.318880
14.733078
8.293911
29.715487
9.487996
10.853581
8.484297
7.081877
5.297787
5.475111
4.434571
9.110391
8.913573
8.062979
9.805575
25.949840
10.191403
10.255053
20.169481
9.747378
17.973760
6.315023
10.844512
13.776039
14.615208
17.636802
8.584424
10.351450
6.151436
4.168087
15.426895
13.589382
4.977610
2.945651
17.411280
8.587516
7.757951
4.000046
6.087713
12.099351
10.586573
22.190185
20.086882
9.286141
17.093415
15.941489
14.138661
11.480276
8.728673
10.455992
4.048610
6.992101
5.322931
10.120081
9.301118
6.303660
15.044178
6.171906
10.208716
4.363531
8.243770
5.675738
5.668371
10.680373
7.876447
8.950174
6.330536
7.464659
12.351670
14.323452
5.727499
7.147719
3.166584
5.923378
11.370095
19.411810
19.180058
9.784126
8.371737
7.407058
7.237966
5.777147
4.743388
12.675824
4.959149
8.609194
7.204146
7.833204
12.580232
6.101215
6.017322
10.206447
14.712867
18.711196
10.694352
18.060794
5.113539
5.202302
7.159840
4.381330
9.003013
6.742850
8.284048
23.253139
10.752235
12.367211
8.880406
9.859278
8.803062
4.237423
18.797869
7.889948
5.897999
14.349304
8.513700
14.131962
7.861097
10.030332
19.332244
12.043065
16.752254
25.188360
15.510081
6.118655
15.336702
14.834475
26.063166
14.388896
14.964533
8.347551
12.818258
10.602376
6.542308
5.492055
19.592234
12.017513
8.839357
6.191728
7.512054
4.431138
7.362635
17.497882
11.033889
5.368438
8.355416
13.784525
16.098389
5.302328
8.619845
22.822732
12.166791
11.455889
10.321831
4.005911
11.114061
30.294541
11.055048
21.102850
16.567248
10.808066
12.539523
14.770230
18.502529
32.961076
13.948307
12.188552
13.050734
13.337113
17.911818
17.325980
11.453823
9.933941
11.644439
16.817402
13.967261
3.896427
9.960431
6.524331
13.856001
6.266570
10.214903
24.536459
12.234474
24.276190
20.339678
13.503165
33.775476
7.498708
17.926443
6.467932
9.966339
16.843344
8.979910
15.068378
6.223878
13.291659
14.765836
9.153626
15.771486
10.549295
22.020895
19.820752
34.506875
4.280758
7.393624
10.744214
5.084156
8.599499
6.661618
6.437093
22.842456
10.758812
7.621129
10.364562
21.608819
7.804508
11.537054
18.488809
11.775376
11.259770
10.237304
13.779105
5.074204
23.153481
15.690493
13.026957
15.226165
9.344560
15.771798
7.958892
23.060760
23.954173
11.294306
7.647600
20.743949
7.168579
10.303284
11.885719
13.261364
9.662583
19.026785
10.133257
7.752235
17.494249
40.432282
12.292264
4.342338
17.551919
8.077247
7.311589
19.281620
24.702381
9.268376
13.022389
12.194126
5.000183
7.128179
24.242570
21.284944
19.847043
9.103760
12.993256
15.062755
6.073879
2.599950
6.170387
13.674023
6.488703
23.079238
8.589511
10.572333
5.025700
14.358040
9.541774
4.757978
10.753974
14.692091
5.759667
6.152451
18.175024
5.145759
9.460513
9.995134
5.137357
7.506172
11.066463
4.410864
2.641732
7.963726
4.618875
9.639486
16.824153
20.744580
8.270614
4.944181
7.531793
4.366091
4.605780
6.938476
15.679914
18.460723
8.344829
5.786258
6.602185
5.499005
5.249349
10.341246
13.236624
6.719822
9.672541
12.631193
4.427058
8.244729
10.409329
22.824022
6.618552
8.536280
7.036759
7.944835
6.307377
11.508066
17.092968
16.863276
4.566873
14.767019
28.382884
17.586713
14.690158
25.395733
13.055224
6.546774
7.314637
22.378449
7.155155
12.076350
6.119061
3.950807
14.100166
17.033370
14.349893
9.921153
5.061393
12.425095
14.561147
12.171158
32.135535
19.908010
8.859270
11.523918
31.841504
7.202640
6.181887
7.840701
9.920016
13.518934
4.920384
3.189335
27.511474
12.246654
11.113530
5.188759
7.960218
8.173642
22.616635
15.743103
18.140958
20.281832
34.766156
8.127774
7.985988
16.305666
13.200763
24.627213
4.901981
7.647543
7.745341
9.358255
9.255433
9.996855
13.340505
12.163340
6.963635
6.579124
11.686062
26.916015
19.371468
8.058114
18.218956
6.804452
7.963836
20.276187
12.863885
11.314510
12.013665
14.730026
9.227706
15.426739
6.651876
9.597689
11.877538
3.498198
8.716241
3.108808
4.563170
4.807482
29.813138
8.667900
8.459963
3.683355
4.398737
7.678474
7.905126
13.437956
9.690062
9.145322
16.402232
11.705856
3.548040
25.019050
15.169339
9.403732
19.479521
10.752147
8.283608
3.047562
4.254818
8.283436
5.923560
8.399648
7.319256
37.165976
22.396758
12.145235
20.737352
6.794369
5.594500
15.845657
7.201411
11.063935
4.780954
2.535427
26.072340
9.565152
6.486145
7.045849
11.831740
17.873798
8.738243
9.774469
4.770628
10.091833
6.518145
7.450258
6.954101
14.862793
14.290195
9.270761
10.523772
25.785777
18.890682
10.566037
5.297589
39.648973
11.204270
6.868774
10.865640
4.743656
6.380745
15.810136
28.266206
7.839022
8.845258
11.448397
6.377008
10.495968
5.322741
6.615317
7.608146
7.480828
10.268504
22.340891
13.434786
12.211908
12.445046
12.337761
23.572967
23.727411
8.034470
5.309023
15.270319
38.205061
9.518003
17.132062
12.240117
8.927876
20.839935
3.463050
11.333057
14.775860
11.228359
18.390574
14.408105
13.353127
14.185154
24.261789
12.869587
5.342183
34.568792
23.301589
14.690805
6.413795
8.781031
6.872808
15.868555
11.597473
12.473531
6.969926
29.587260
27.560235
6.139066
8.607826
16.344824
17.285929
6.895159
5.927963
14.355120
7.619781
4.945060
8.432303
16.729485
23.156723
5.413537
8.443597
14.413110
13.248353
3.437226
7.692095
16.249030
18.877379
3.152658
5.627814
4.742980
15.928072
8.474578
10.719138
9.484875
11.624910
5.609580
10.417604
41.539453
4.622844
8.551897
9.357167
12.199639
15.606740
7.923280
10.215332
14.365795
9.290496
13.867105
11.296288
10.223209
19.394836
3.741779
6.018631
12.454488
7.202375
11.095105
18.180302
9.723170
7.004339
8.357953
18.106818
7.917301
17.977727
23.148467
7.032907
4.841446
6.564188
19.129305
19.674938
6.764900
13.560750
11.496423
5.953112
8.789332
7.642644
4.789984
4.103097
5.179720
6.030999
14.756801
11.698131
11.774670
24.195784
5.279056
5.618097
18.309232
4.542542
6.601281
5.108212
8.828330
25.703624
10.623614
7.196231
15.183732
8.490306
19.936566
16.398018
13.965342
6.899917
17.733493
3.430351
7.589202
33.942098
11.046650
15.160574
13.510784
13.906816
14.851863
14.372193
8.574066
7.448587
7.393395
9.250389
13.691365
3.770692
13.142778
4.318770
8.057811
7.458005
15.176575
8.149426
4.439041
3.870512
8.335872
7.211979
3.823602
19.384842
6.832540
10.601943
12.803549
9.825195
17.322360
13.230344
10.927712
11.396457
9.304679
17.575427
3.828778
6.319315
9.105048
5.352749
12.753362
11.055472
4.621943
10.096235
7.122313
10.015799
23.604057
32.597687
8.647253
8.028375
14.331152
20.754667
10.396978
6.991610
8.199682
7.532396
22.471208
39.622623
8.433957
11.804041
9.500393
8.967612
18.092557
11.334865
9.467831
9.732699
11.194321
5.108544
5.273008
11.481463
15.483933
13.996766
17.733524
14.907929
12.884649
19.901108
17.831395
11.476840
14.082151
28.437594
14.300812
15.949601
12.175091
3.295456
14.489359
13.494718
12.531602
4.700776
12.208604
16.962871
14.887443
7.621226
18.132490
25.002326
12.427466
9.237227
12.387419
6.646006
6.732746
24.420412
12.330877
12.489980
5.624761
12.580430
10.984214
7.298758
22.079489
11.501264
11.453281
6.927279
13.243492
4.875492
8.256604
8.466142
16.263788
24.657994
8.658939
5.729166
8.432458
5.746765
9.644020
6.067336
6.127853
22.856699
37.579884
20.194591
8.164071
9.291389
5.136280
6.530671
10.176385
9.595416
5.812466
20.894926
10.630357
3.892986
17.346169
19.822973
27.808010
3.281764
13.772306
9.197955
13.924005
7.266287
19.803625
9.009216
8.938998
17.607283
14.102838
22.634833
13.174377
19.385741
15.313867
29.344010
16.977934
15.591238
9.738606
5.582635
14.246091
8.394286
15.641233
5.933124
12.973738
8.351603
3.974367
14.816687
12.396739
12.743055
8.641782
6.492341
18.713069
14.821803
8.261014
4.377778
7.425898
5.816771
20.343508
37.862428
14.162397
6.001022
8.569256
8.552745
8.519958
21.319897
6.776166
5.128937
9.563289
10.963892
9.464701
4.226827
5.342266
15.811352
7.130769
15.712725
6.989387
17.246610
17.421658
9.743667
15.843412
33.805501
3.992673
4.832738
8.297711
8.343533
7.857706
8.265644
5.613580
15.216037
5.830440
10.433298
22.469584
18.042833
4.409995
7.091999
6.665603
10.941724
6.098644
6.984488
11.074433
10.235146
13.275031
9.932332
8.248783
11.149440
15.568786
10.011136
3.072568
9.248114
14.382690
30.350066
10.199179
9.442290
11.158751
4.087413
3.525336
29.323180
5.541449
7.980860
6.155757
11.353052
8.615897
4.263300
5.659285
24.769052
10.193043
19.447210
7.926252
15.309586
22.631194
10.890766
6.405645
4.924579
10.399266
6.105620
7.231698
23.193730
23.033398
9.826289
16.086261
5.339759
6.721948
27.234507
11.572310
23.542903
8.536552
5.987547
18.847687
26.909703
7.752625
16.010930
12.177676
13.173284
5.770389
15.550620
28.051357
2.471981
3.330124
8.362250
18.846345
16.562816
15.012390
13.629179
5.138665
15.011366
13.920625
5.353148
42.442991
10.081301
25.843145
9.374248
20.933878
18.802131
8.819937
11.695945
27.879295
3.996242
14.507336
16.726724
13.512591
6.355379
10.335747
22.929177
12.912719
11.381141
16.717375
17.208745
7.047652
4.188712
6.726824
7.655294
11.144412
9.459315
20.887377
11.327545
13.230043
7.808403
11.718844
9.762691
6.646837
22.001421
16.510154
24.399113
11.568581
6.701989
10.159848
8.611315
6.056579
3.358131
20.496847
13.936958
9.625920
9.073689
6.779718
13.226350
10.997366
6.053473
6.299485
4.541348
5.304628
16.417867
5.399736
7.618662
14.061839
6.020286
8.770223
19.444004
29.269241
14.643562
11.761803
7.658630
12.636982
12.769040
7.756918
13.518595
10.677928
30.360580
9.622036
7.987341
5.372964
4.508764
4.590295
3.160265
4.896318
23.223355
22.191192
3.834890
9.748679
12.522158
16.315892
5.718740
12.652446
15.890896
9.325854
6.091661
5.766122
15.391862
9.298411
14.655268
23.571189
8.285434
15.566838
11.633379
17.441663
3.979195
4.724675
13.097963
18.446070
28.261667
7.655871
4.497810
19.526703
3.537372
15.816344
11.775753
12.695670
12.205100
7.222479
9.391556
8.401659
3.020158
6.976393
32.933702
8.765822
14.674030
11.581271
10.777536
10.609608
7.626709
5.942200
9.945542
16.695359
11.015235
5.789932
12.571795
9.948072
9.491933
9.406479
5.004593
7.361425
6.608440
5.634100
20.906076
27.908892
2.726317
9.071359
22.716483
12.357092
14.856207
13.207604
5.730682
17.070298
11.467272
3.192255
7.364596
9.055037
19.398176
5.886907
15.945084
40.216289
6.800185
10.484533
5.545216
5.132054
32.541926
18.138000
10.091553
24.231960
6.142114
10.375331
13.114601
18.716538
21.292037
5.213761
6.561517
3.689308
9.482589
8.235347
7.093251
2.782614
14.744765
5.051049
8.179955
12.809583
19.015077
7.758148
10.794613
22.250201
26.930645
22.680633
7.990110
6.171040
7.749461
9.787237
11.206531
10.570952
4.561402
8.977081
12.089720
7.754235
4.567920
10.997480
21.778553
10.429882
13.086264
6.311620
5.087704
19.453343
7.948083
7.135082
32.695947
9.914224
8.716016
9.403619
29.403043
15.513875
14.381333
9.099278
19.002887
7.268024
21.762559
6.444057
8.378170
6.514505
6.120925
13.975545
21.107420
10.842144
6.124467
4.956909
14.477026
9.018956
9.651241
34.667850
14.263936
5.746740
4.779853
6.648942
6.799664
7.284578
9.141158
9.505379
4.567557
7.046032
10.864880
4.915874
13.009435
28.368242
11.044043
24.443136
5.043354
7.532697
10.376442
36.870721
14.056433
7.533970
4.652285
13.666681
10.865913
13.920829
11.297951
9.341164
11.431554
4.311852
14.314372
14.592130
11.865548
8.461595
10.739407
15.386303
9.317685
10.571428
17.746863
26.443080
6.685423
13.240263
9.525315
22.569180
13.271445
7.237039
7.015878
8.879614
20.189610
14.103007
15.418271
20.510073
17.058739
15.057521
11.525446
11.062758
25.467402
11.360022
10.842647
11.518687
9.394103
16.268242
12.383884
5.788800
8.146190
8.625137
8.270617
4.205233
11.003180
9.993655
21.342809
9.409860
13.215245
12.262865
8.675994
22.993475
6.828544
4.554540
12.060755
14.800354
24.880744
10.156495
2.366031
8.848258
10.849103
17.544024
13.509312
13.289060
11.396566
10.988409
4.834999
16.732211
10.464632
5.752468
10.062970
14.207007
9.735797
7.249814
12.734701
2.541475
6.327226
9.609411
14.300689
11.291101
6.520327
12.801021
8.491487
22.447638
25.927478
23.232444
10.317470
23.675023
14.508260
6.584600
6.114233
12.487041
17.869589
18.294303
10.392516
19.998517
23.340859
14.873947
5.885893
16.267018
5.132138
5.791624
11.622944
14.544311
13.253375
26.175847
12.002142
6.487445
22.519670
6.152116
5.577465
9.076483
11.615526
15.350277
11.633812
6.299926
17.460185
7.150047
9.597866
12.548035
19.621459
13.802112
10.904113
4.065678
23.507295
8.805013
15.345862
6.829528
10.449922
4.749387
7.024990
6.805677
9.760980
13.487098
8.998983
4.496963
6.958251
13.446264
14.550010
10.075875
9.152604
7.855751
12.545224
19.517234
8.670612
8.136335
5.751231
10.007258
28.755253
8.501443
11.080230
4.294110
12.930679
21.161585
6.861290
5.479843
5.147400
8.130467
5.547220
7.360925
7.017240
8.891538
28.641446
10.105934
8.116837
6.883121
27.632283
13.011145
19.466132
5.326282
3.938623
17.150407
6.529213
6.330974
6.160620
33.151831
13.197114
13.547521
32.055922
23.008932
10.267166
5.777860
9.950509
6.494792
5.934971
21.138557
6.803046
17.162438
14.457688
17.509639
6.650981
21.294712
7.676724
10.101540
7.602634
14.887623
17.445298
3.599063
7.278221
12.035987
15.241290
13.477703
6.210672
9.570588
6.131529
5.721693
33.873740
9.776517
7.694072
18.628042
9.583586
11.109478
10.586494
13.795893
6.710827
5.696854
31.025097
34.510341
8.069962
5.737731
15.551026
19.374275
9.606114
7.250845
13.040642
19.161857
6.169861
6.520142
11.470723
7.585607
17.709939
5.442000
25.085004
6.025494
13.858803
10.695773
26.738400
24.031347
27.914454
33.121843
16.122210
10.823206
9.695593
6.848457
29.454095
19.743596
4.483082
21.464244
14.653726
11.575299
19.812581
6.970838
8.693678
15.877703
6.784627
27.154688
16.835688
10.543580
5.803776
6.871019
8.778587
23.952828
6.698705
7.142936
8.167523
8.070167
26.251157
12.158031
16.554168
21.273103
4.513241
6.923775
7.155520
7.812366
5.954083
6.432129
8.622736
7.671311
6.972692
21.431993
11.241525
23.399368
11.838964
5.833054
12.348956
7.768069
16.449568
35.566191
12.102719
15.287180
8.811692
12.244396
13.522501
7.065456
11.081076
10.614434
10.360452
4.345563
8.242654
18.946388
11.996417
20.931928
14.259609
14.040058
11.306793
5.712962
7.196227
6.475038
4.666841
11.923757
14.553540
13.877253
6.876471
13.958883
13.350340
8.033748
5.601127
9.232816
10.388959
7.924596
6.599138
8.990568
8.933279
13.269733
10.618294
17.028823
31.604308
7.436379
3.135139
25.958742
6.462309
9.215966
3.418736
4.105933
20.250376
5.578740
10.908158
8.016658
7.078580
8.194169
8.831036
7.211997
24.723129
20.496794
22.049072
6.021397
29.911007
12.510425
6.653299
19.972570
15.403350
10.067932
15.021535
15.874984
14.509115
6.957094
6.335991
7.829178
12.643533
16.461398
14.074919
8.719935
9.572073
16.041327
6.577158
8.694010
9.896707
10.495559
3.296884
15.371610
25.613985
13.631957
14.593065
12.391376
10.107639
6.590337
22.657380
9.748148
8.420306
8.233513
6.907882
14.941555
9.275015
11.703711
5.852448
13.208649
13.808953
6.106044
7.085684
7.566818
15.361113
17.105367
7.519496
11.668876
13.796563
8.303109
9.793570
6.275833
9.749624
5.750541
6.477838
27.788829
13.353691
13.182434
10.502025
9.801019
21.823073
8.409417
10.337440
7.352678
8.912318
13.755932
10.621052
8.627951
12.278215
13.630553
12.798583
17.541001
9.731878
14.120349
6.537931
3.827258
5.761871
12.151920
7.668984
9.119038
37.353990
17.549696
13.438332
10.850337
12.676826
6.462205
6.208058
26.418811
10.662311
11.677545
11.905766
14.576489
7.098090
4.407860
4.770333
5.973597
19.221398
5.852742
5.504197
6.957933
7.373368
13.520578
3.647908
13.575046
7.270037
11.563674
9.649633
11.202030
13.798568
16.850407
11.273657
8.704858
17.258302
18.768826
11.166758
12.067470
8.048372
9.303789
14.701719
6.569959
11.193513
15.053729
4.504937
6.125815
3.829483
10.503096
5.928979
14.003091
3.785784
9.710680
22.376050
20.458389
30.045686
13.511433
12.719152
16.571001
10.952095
13.888395
6.576854
9.971913
8.807432
8.943117
7.045950
6.763467
7.000822
18.840318
10.843615
5.899960
3.721070
6.142251
14.951502
11.749922
16.675632
9.297488
6.573610
10.371145
10.718885
5.671736
14.100050
14.594455
7.349229
14.614905
10.283991
13.892896
4.469651
4.810885
11.443230
25.067190
18.506251
29.111405
24.782781
5.922369
6.501318
14.551604
9.095304
8.691304
30.338073
12.101730
10.658474
2.605179
7.702746
4.423987
7.101747
6.086680
6.304233
30.058686
4.083344
5.599118
9.217302
9.770082
17.167131
8.904557
4.089009
16.470408
13.580301
5.122443
9.830205
7.256579
8.836445
5.261728
8.166517
17.977249
8.683839
10.999899
4.189544
8.163304
21.897105
15.268530
9.439912
6.076993
7.530659
10.152879
8.072617
19.428616
31.759877
8.184097
14.519007
10.686171
13.129799
16.647835
12.409983
7.428670
12.338046
26.528155
8.722485
9.394176
8.000488
17.155594
14.786927
12.665067
10.489331
12.760126
20.193718
13.822256
13.875375
6.244263
15.418841
8.225123
26.332458
26.932132
13.132917
15.478654
8.535790
16.162521
14.645722
15.487075
21.208763
20.860563
15.687467
10.623284
6.089077
16.205102
26.731794
17.026393
9.943870
8.774236
13.171378
5.947900
2.562484
14.788954
20.577321
3.546937
18.117910
13.048110
4.889695
5.092227
17.316178
6.158187
9.083409
7.765258
5.348390
10.159135
41.166053
11.373868
22.295567
16.855274
4.469404
6.127521
11.633865
5.851525
16.247658
6.463643
14.670174
9.084322
34.856677
14.995887
7.601011
3.677818
15.944983
22.219163
18.679872
9.554423
26.595590
12.839300
8.913550
5.409992
11.114840
4.601695
6.339939
8.550380
10.861014
15.128080
12.392612
7.388069
13.622377
9.783739
12.760323
55.422516
10.417972
11.686440
8.692672
10.920670
9.074548
19.409739
19.141347
10.540517
12.138372
10.686729
6.972412
23.542282
7.587570
7.687828
13.194620
6.123219
10.212869
24.209449
10.192085
9.817072
5.474543
8.579526
8.116709
3.882589
5.418227
17.410796
7.822907
35.374468
29.479413
15.013506
6.172377
5.008961
13.952919
16.433123
18.817020
18.741508
13.741811
11.488881
14.604605
24.651045
17.896123
11.602691
15.302584
13.913194
7.373070
3.948094
5.029025
5.739736
22.440038
5.182046
5.102131
16.749055
13.454155
10.740802
30.063258
11.957640
12.476756
8.459488
7.482706
6.991909
10.923420
4.693194
7.545013
6.055595
8.889610
10.991337
9.752982
19.075752
14.489836
13.513109
6.440636
29.291201
8.666215
10.736979
32.233435
12.031538
10.930874
4.191383
7.499669
16.058403
20.656268
12.327315
10.567351
5.213545
14.018004
14.321720
28.110466
7.120214
9.581909
11.228082
12.285195
20.019228
9.894775
9.254784
6.311811
14.750219
17.445478
8.688906
15.559757
5.865411
4.365217
9.976626
26.633567
13.734716
7.282706
6.451717
11.505814
5.601739
5.944513
8.469143
11.353032
13.537421
5.163257
7.457601
14.607476
6.386015
17.219266
10.798506
31.167837
32.464590
10.421771
3.149328
10.345065
14.223197
16.927278
6.188244
7.562232
11.608708
6.422626
31.304498
11.992952
5.554399
8.065991
12.811884
3.450633
11.311548
23.784637
20.957640
10.484681
6.030346
12.406205
4.997593
9.191328
2.920756
14.518333
13.850271
25.636070
9.528840
10.943351
9.735916
24.785452
20.607732
3.732572
12.338662
14.304629
9.295312
15.569351
18.768778
17.303664
17.376017
9.238749
12.044160
5.430488
21.777568
8.770798
4.946380
6.845178
5.391523
14.888671
14.497391
7.878498
11.367391
18.582385
12.787784
7.603206
9.676765
19.515729
9.968836
18.821746
27.799816
12.468479
8.340139
14.525519
16.116896
8.192313
11.163107
14.563474
15.334627
12.397605
5.409440
6.532903
6.526833
5.457533
8.803424
21.839622
26.755549
9.761465
13.765545
16.028829
19.772579
11.587377
3.499051
10.521171
15.666065
6.184948
11.278348
11.567959
7.407660
16.121629
22.792873
6.403577
6.576527
5.354897
13.006659
6.138006
5.471450
24.345110
17.318789
6.385976
6.132656
12.402808
19.394133
23.492751
3.196024
33.137978
17.804172
41.197308
4.322720
9.314758
7.492044
13.726317
18.079535
17.822467
21.877466
20.986000
23.886997
7.792661
7.260294
9.861892
22.240479
12.706700
9.559752
11.233945
8.784056
17.988767
5.600436
21.199468
10.075732
18.651255
22.217687
24.981961
6.044389
10.978750
7.985931
6.707245
13.045115
10.706625
7.469149
10.073866
10.496797
13.589123
10.346999
10.752110
6.887431
6.484473
7.918100
3.409502
11.201461
8.595486
7.628902
28.790188
15.080716
15.269819
11.902167
17.205587
14.270447
11.336567
8.266128
5.406649
16.225883
10.610616
7.829454
9.010757
4.972461
5.742463
11.782863
15.199767
17.095144
7.455546
12.277344
5.938803
26.016544
13.506497
9.015557
6.589659
7.574798
3.457927
6.140948
4.844283
6.523405
6.496149
20.769577
5.965165
7.454019
11.406525
17.809559
7.367361
14.044649
22.463412
14.259434
9.079105
4.940527
28.572276
15.724296
10.355627
13.211828
6.282544
6.448295
9.269520
9.032049
22.237731
17.152173
14.128608
8.848199
16.973351
6.760607
6.044255
27.118637
9.139561
27.030014
4.136621
4.793055
7.625166
6.920001
12.424061
6.737289
4.103017
8.772348
11.647724
8.920660
29.845359
10.627062
6.454999
8.005922
15.817454
13.551572
13.765397
9.340669
10.116505
9.297620
6.235329
6.990074
5.774290
7.186422
28.429799
11.402950
5.538279
6.319771
19.276381
7.394600
8.397003
10.165144
5.808623
12.570582
11.995877
8.443948
17.245309
9.577300
7.101255
14.510386
23.223988
11.027248
11.904055
23.047584
5.946410
17.104429
11.498685
6.999948
27.154090
14.095788
7.895437
5.349615
5.629631
4.063154
6.280988
3.999882
3.081294
17.725637
13.048460
24.771425
25.183456
20.799826
14.981102
18.482527
6.351990
11.818089
4.303203
13.687006
15.089264
5.384700
4.436954
12.247861
10.716695
3.605815
13.672445
6.298870
10.869725
18.196497
26.453793
21.022490
26.382864
17.298297
14.546159
13.259007
7.305243
13.576325
13.026388
11.099927
4.008052
11.298319
21.804046
22.803377
13.180341
3.982417
5.436489
21.213198
4.463592
6.312474
14.310972
14.806360
19.858230
6.858872
5.598173
6.661194
4.714656
3.194107
13.640236
7.697860
6.841587
8.134726
16.513746
10.148565
13.374550
10.961651
3.397713
23.932846
7.937232
7.394141
9.045205
6.821049
18.338961
15.137026
8.266378
10.723085
12.261589
5.180062
12.724468
15.788877
9.304836
16.626232
6.568305
13.150092
6.065241
6.985552
10.711023
10.967491
9.812664
5.011301
12.067075
21.903933
7.006895
13.136466
11.044344
9.359911
13.850718
7.951140
10.001525
5.190941
12.441744
7.576472
8.990655
11.166715
14.391587
8.105707
5.694845
32.662118
11.231963
9.024022
8.361758
11.179109
10.961524
8.956233
4.030731
7.358149
9.906652
18.043221
10.339279
9.209618
14.740143
3.886299
12.283471
7.848349
5.827598
11.173800
6.264138
12.932572
9.610763
18.448061
7.838744
9.119481
16.803759
14.667340
5.244816
14.046185
4.807942
7.494483
16.430570
12.612980
25.629896
10.666828
15.433412
23.119728
5.095077
8.179508
16.605360
11.613358
12.560721
12.804354
8.028867
11.160009
5.212924
3.536576
8.811057
5.615334
11.296213
13.539169
21.405402
10.472827
9.520886
11.126800
5.204243
4.354890
9.831694
6.290769
4.354057
3.367958
7.612774
11.873315
17.669597
8.520459
4.943876
13.088007
14.963586
4.495819
3.105499
4.155430
4.925307
23.961347
20.212797
17.237454
11.353038
22.174814
25.506728
20.307730
10.589808
6.335053
20.566055
4.184181
3.842836
10.297260
14.393130
9.644304
6.024948
11.696648
10.732191
7.593699
9.969324
15.208265
11.633457
5.982273
8.706190
5.372054
7.395341
12.312997
4.587889
4.338486
26.853296
8.671539
11.351196
18.272192
16.432301
10.039775
5.486701
8.347601
19.720724
9.424214
13.276636
10.605719
3.970398
9.072737
26.096188
26.144054
5.310754
5.577580
12.429082
23.144026
36.347207
12.699280
8.169927
8.142337
6.835241
7.808588
9.810301
4.802657
14.593694
5.769690
12.717799
5.602945
15.292437
16.120749
9.418547
15.485485
8.812775
5.057751
4.459421
9.923284
10.377788
8.671280
7.017246
6.213535
16.191566
27.206224
8.780641
8.334152
36.604875
8.072518
11.901709
11.328108
14.066788
9.084551
7.029722
15.185103
8.363250
5.553729
16.031011
4.718118
3.548204
11.087550
6.223613
5.168706
28.982838
26.309093
21.080067
26.878500
5.447274
6.810248
17.734115
16.029448
27.051485
14.579638
10.079357
24.436398
14.269511
12.427704
9.686103
6.821523
14.090397
4.463454
6.138642
6.106634
4.445895
8.354141
17.118682
9.195484
18.700222
23.910391
10.807697
7.494716
7.719811
20.485134
14.488014
24.437300
5.084695
5.856623
7.348134
5.656513
4.883356
4.446687
13.213469
12.570577
19.249433
4.310825
3.391310
4.039767
3.704595
7.568290
4.719539
9.659743
20.357515
12.843257
8.145272
4.783897
6.638070
13.335990
7.198725
10.105497
14.256718
19.618155
6.338937
6.449623
9.386339
8.579394
5.412549
6.984631
5.837701
10.738105
9.669020
5.067017
10.865917
16.670933
14.169656
12.932585
6.723447
18.743139
9.886978
14.667282
5.686802
6.224149
8.405173
10.282963
4.642851
26.300858
8.394849
22.465719
18.806713
9.649464
13.507813
5.800618
20.479580
4.123170
9.520032
9.343580
17.215487
5.454811
8.341897
28.992480
19.000255
7.664804
13.759816
18.679057
18.966124
8.174169
14.601056
10.826713
7.951073
17.128217
19.753372
6.384218
5.809950
7.103642
17.100605
5.920808
7.773999
4.616910
4.682404
11.540158
10.583257
8.000719
4.950197
20.201417
7.804547
12.654226
11.149931
8.574195
7.265504
6.767746
7.827310
2.837446
21.904529
23.737709
9.901245
7.830916
12.009057
7.019860
5.980862
22.215543
15.373628
13.920709
4.257330
3.350290
8.348026
10.963618
10.589720
11.668657
4.646546
8.359409
2.914770
6.584136
3.662509
2.944563
10.165848
5.901498
11.703949
7.927247
13.313848
15.080558
9.197127
14.896798
11.490865
25.144593
17.763734
11.441131
18.567786
30.443063
16.627530
20.261195
4.622600
3.790958
4.160546
3.941346
