27.048162
24.066567
45.134872
25.064752
18.527037
22.477297
29.118184
26.243404
31.343634
25.521582
18.867475
30.177169
33.340734
28.078699
21.300174
15.326350
32.683083
29.660488
32.533174
32.084071
29.475404
16.444534
19.391618
21.883027
32.233001
38.888572
32.167093
21.340091
24.471654
42.838933
20.282459
31.811106
18.274979
31.499793
17.588632
24.693402
25.248839
17.055569
24.386489
30.058135
36.236607
20.760662
17.907951
25.080760
17.279793
20.399376
31.933258
40.770543
21.857641
19.751062
20.670998
20.911428
19.836506
47.898733
28.856513
33.983983
23.390131
20.359239
25.321022
30.117958
35.895583
23.072241
24.828198
34.328185
22.343949
25.580564
22.592698
27.694839
27.707298
18.197354
40.772546
21.287659
17.104121
12.630451
26.110661
35.007192
13.653446
36.077630
29.825862
29.192930
27.717494
34.805547
17.328298
36.239736
32.106016
22.611272
22.954533
26.044606
33.392145
43.330953
15.617018
29.773122
21.842271
24.362302
38.220264
18.570827
18.884177
34.030173
39.075109
30.549068
12.817982
19.900321
31.858158
56.891615
43.799182
33.637837
14.641343
21.079673
43.694159
33.002221
27.237453
31.152064
26.260784
25.213394
31.078818
17.516039
20.768620
25.115567
28.229737
51.869417
19.538899
23.066032
22.826905
21.104504
35.753355
17.022847
24.566054
19.515206
13.857972
21.300690
22.827554
37.272634
43.130303
25.202368
21.536859
27.799125
21.943994
32.909161
14.043378
16.860199
29.990158
20.131513
23.153238
28.547742
13.002459
34.958970
33.214665
23.784940
33.086629
21.813688
23.154010
16.134486
21.538324
23.870963
49.828195
29.505310
21.621445
23.280896
29.421805
40.571846
18.903608
22.993008
39.005714
31.181153
21.488988
28.954845
27.109247
27.067571
33.919834
33.348813
34.780184
31.187155
22.550560
21.982876
41.479587
27.320878
22.921909
32.335501
22.598384
30.041229
38.139626
36.705504
34.670817
20.286325
34.796814
24.237199
40.441573
26.729527
24.584227
16.292386
28.320868
36.646289
24.217471
27.851223
22.946462
25.587210
14.108013
30.131207
30.137230
21.555792
20.909540
18.681615
34.042581
36.579736
26.744414
27.294663
21.042969
12.680699
21.806236
21.453242
32.218592
30.326771
21.976338
34.591467
20.070430
22.683866
30.993486
13.738445
22.640255
21.596300
28.213084
45.651125
21.698855
15.853966
16.815285
31.470158
22.983905
7.669138
12.392616
35.616323
19.221429
28.719624
26.867972
16.390808
15.127376
34.617728
25.169861
23.567392
27.399961
14.484940
29.088419
35.701025
13.256331
31.936934
23.826516
40.992198
29.159867
34.165556
22.370456
13.482237
27.339992
20.551651
20.509134
38.660095
31.775636
25.684565
16.371681
43.680422
21.708979
26.012723
30.224318
22.994357
34.470207
30.359920
22.180726
20.110605
19.736550
26.208935
17.276561
31.315451
11.732077
22.847964
36.051247
17.781249
31.960607
46.286178
50.796618
16.356384
30.787252
41.304292
37.719245
45.124887
28.946894
31.180325
16.578330
25.989427
15.762236
31.924425
25.227157
26.724919
30.137332
42.339641
22.041134
27.738665
29.674608
37.186680
17.146087
23.357057
38.837541
34.285372
19.011220
32.356155
31.170269
45.539697
25.865071
29.647521
21.155323
26.796047
30.913095
21.083552
31.336248
32.029778
39.044969
34.526266
13.559927
24.494729
26.397443
20.555629
23.892657
29.935806
33.852675
29.270533
28.365166
26.385118
24.738701
26.049036
32.075827
25.505243
26.606909
27.644944
28.801197
20.489212
35.703891
26.885179
18.445358
13.189215
36.716116
31.780645
16.383284
23.160249
31.247491
19.268102
15.467087
38.328651
23.755778
12.887131
25.475948
22.976959
22.202353
35.162825
28.632571
26.620720
28.245582
15.238275
15.380518
27.493160
22.381592
29.322805
29.111220
20.271760
19.174706
27.263029
21.973446
40.794846
30.593961
23.193829
22.551504
20.382872
23.755937
18.664098
17.457302
25.133651
28.264436
27.084470
36.350635
25.232592
51.886036
37.883415
18.350281
50.185859
19.539597
33.965243
25.457243
28.124006
22.267008
26.110494
19.215458
30.765468
38.192262
37.020976
22.734721
36.096850
48.091520
25.012886
29.065914
29.138388
20.510852
29.681296
26.283457
41.219526
54.888753
25.838708
24.791057
23.206144
33.779825
27.910091
25.870903
15.416502
18.220302
23.052621
20.712953
19.659313
22.333462
41.099171
33.955917
24.219175
33.352934
36.037596
29.270454
46.505380
21.013380
26.606549
28.041761
22.540274
17.854834
20.418478
26.244255
33.486364
23.963635
24.291620
22.232878
33.427956
34.194964
36.906595
41.729026
34.011641
30.258452
27.990528
27.361373
20.820604
37.228173
31.642332
29.812365
17.057442
28.566567
42.992020
44.232101
22.051656
26.135774
27.831343
21.534526
30.464819
25.543126
36.570919
18.435379
26.218703
29.455130
19.828010
30.268680
17.062213
21.037938
31.525686
25.380949
39.028317
31.195288
44.156089
27.229203
36.894144
48.732358
17.379175
24.834491
22.129879
13.943680
31.795416
16.905327
27.048516
28.806068
12.650865
36.186444
30.515313
30.649303
26.486613
25.524532
22.131559
37.108180
23.124694
21.443984
33.755634
23.831945
24.724798
31.568664
27.709977
29.455631
50.100742
31.173602
26.471234
22.904165
35.700810
19.411403
22.385587
17.589781
19.636736
10.258302
31.567406
24.454005
34.127269
20.433167
26.505902
19.199311
28.006639
27.404699
25.595158
20.330475
28.607755
18.399290
22.271060
37.138437
25.027756
19.360491
36.367724
24.972712
37.272008
29.886024
35.449486
47.855467
24.491798
27.610647
18.603043
32.711059
16.993691
31.209378
37.465275
18.938902
39.224573
16.349307
28.131058
23.741601
28.216899
28.051259
18.425123
17.906597
46.669006
43.222223
17.052810
24.530210
20.892473
26.845409
34.761764
25.465218
31.928279
33.551058
26.180619
30.756662
22.529807
20.445725
35.490930
26.466448
17.763680
28.467512
16.885885
20.014032
25.845629
57.157964
28.402036
27.768387
11.671794
44.670848
30.150002
27.223506
26.817206
25.520503
32.470409
43.001025
30.782438
31.714929
32.689294
31.544863
32.463152
20.490718
28.209852
34.126621
30.507651
49.391535
14.364649
25.366186
42.593046
33.397114
48.538838
24.390514
42.001414
19.246009
17.101540
33.239671
26.892908
30.250959
32.583425
21.055748
36.301224
35.610643
19.077665
46.761370
23.675401
26.764119
30.177225
27.074675
23.080300
17.678886
25.629591
39.480282
20.896549
22.201908
29.423746
24.997640
26.627120
30.302757
33.733376
32.992021
38.776960
23.421595
24.002681
25.660300
15.846417
34.158977
22.891668
19.329635
20.271818
28.149009
11.879890
24.001978
25.470626
23.067905
19.704162
30.643187
18.197781
25.827934
27.475780
23.559401
21.503768
30.701850
46.489243
30.501104
26.180654
14.534455
31.111206
27.255387
28.581177
31.251597
26.219165
31.303571
25.318005
28.631007
31.607244
24.597153
33.452949
26.325234
30.084306
20.276522
38.891237
32.656696
58.497079
26.526117
44.737690
19.597730
13.485358
19.708793
22.285208
35.968959
20.768383
12.742831
36.800924
24.209443
37.607543
29.283797
19.277372
32.194644
23.515346
26.295153
39.848468
24.691577
31.116404
26.548890
38.372125
22.344160
38.792574
21.581553
22.879652
22.503566
44.592533
18.747738
29.799893
21.463337
28.961568
34.085530
22.159472
29.845766
25.237876
17.517923
34.588561
24.530296
20.774217
42.132649
21.398817
14.413950
23.276163
29.672513
41.489049
27.194047
40.159648
27.799688
32.015624
14.798074
26.911720
18.336305
31.920649
32.309624
35.965415
32.504905
18.070510
36.350533
18.580684
15.252324
15.838682
20.613429
27.730910
25.429856
23.198052
32.809880
34.680986
28.171340
30.331088
30.661669
15.906695
25.543931
18.640346
27.795371
28.870037
22.061598
21.726396
19.525594
30.288221
22.456201
28.844867
40.530792
47.812830
36.208053
26.962780
37.934509
33.617457
18.589406
31.985493
14.680086
35.017662
46.735437
23.434910
36.660544
28.952853
30.485523
23.952360
20.473001
17.414496
35.699917
24.215435
49.019434
24.578535
44.180203
20.083755
15.351286
27.028506
35.317123
37.614131
19.677716
46.636768
26.188563
14.313391
35.866352
21.922504
29.480214
17.351053
20.459303
22.914803
26.775840
32.039743
42.505293
22.301895
31.012507
33.728955
29.455422
21.904310
23.118160
18.992149
20.590138
30.222051
21.007797
25.419759
12.444427
26.469615
27.762626
24.973883
26.154255
21.673235
27.051035
27.674627
20.201581
44.593888
34.443132
42.302233
21.340440
27.026543
56.586202
33.524485
44.629569
29.964833
21.065317
22.662906
28.184252
28.268437
16.276234
17.847822
26.672315
34.829502
18.078791
38.118187
33.992282
33.210782
28.633889
33.060373
31.377436
26.980756
16.460009
20.038824
31.005858
19.493876
22.156099
41.061078
16.231611
33.804009
31.600872
18.014086
29.968487
14.877126
23.442296
26.465929
27.826272
24.961229
35.669514
38.108781
30.780228
34.743229
12.491865
33.611748
28.411971
22.125283
17.548823
20.411607
42.942601
45.544289
20.380188
26.761183
49.071562
21.615632
36.913801
28.203368
11.502552
27.132769
26.405236
16.808123
20.853839
13.046497
38.666885
18.726345
33.968458
31.982424
27.433746
33.343556
33.679714
29.095925
23.516652
17.638304
27.357294
48.864627
25.539236
19.955252
20.484071
42.216784
31.513198
27.662553
27.492479
30.678746
25.899255
11.840539
23.174656
21.582715
18.848421
27.579495
36.228272
41.672693
27.442970
39.239984
28.294283
23.589735
21.722547
20.592988
25.192714
46.619651
25.594078
39.313887
22.936820
17.667463
18.526657
25.072861
27.355968
35.523477
26.447828
30.935849
20.686282
24.062722
20.629122
48.104094
21.193107
55.009864
29.072000
21.179386
34.162107
17.877254
24.013796
21.603695
31.495046
10.862473
39.086648
28.330317
46.884433
22.795530
41.607285
18.080289
22.793254
22.841884
27.814497
28.634153
25.142024
30.956275
26.123507
19.084785
53.363267
28.666406
35.462726
30.945576
20.742624
20.417132
30.855782
16.793729
27.445625
26.232022
16.914841
28.259517
45.475918
20.178650
20.533508
25.025579
40.949328
28.863339
35.730568
47.242862
23.294945
20.932398
26.692154
27.493889
23.067775
30.849662
18.899944
21.901712
24.980629
30.618969
20.046010
36.144066
25.148803
24.849128
20.189231
22.591090
40.960753
27.303325
19.543430
25.932463
30.648163
16.292302
27.653327
25.161153
34.174848
43.230982
27.307773
25.005462
23.429803
25.713345
26.247498
18.598149
24.457404
16.091824
16.579137
19.254754
28.979318
27.990947
37.208806
18.716877
27.473528
18.045834
33.981376
18.469028
27.437215
36.682800
46.458171
36.421587
17.936158
42.035540
35.483920
53.171665
20.661897
37.317160
24.269364
36.708566
29.164543
19.295815
26.213219
25.773600
58.285313
26.591096
25.462130
40.201247
22.754809
21.045126
18.896626
14.192320
28.870369
47.172923
24.924527
48.882117
17.364398
30.548790
16.410231
33.313406
21.003331
20.998788
25.941467
25.128573
22.294852
21.798513
31.072374
33.327236
19.066221
21.048194
25.362338
32.208491
25.009106
23.066944
46.023721
57.032249
25.425396
16.564889
30.408075
41.625824
30.829558
41.218295
28.955388
30.653840
20.013892
21.086997
19.812668
33.201825
13.803997
28.127921
27.742652
34.644882
18.842573
36.567620
25.784248
34.412008
37.227075
26.657148
37.998670
34.609388
17.648197
30.254910
27.704504
24.921725
29.830845
31.156938
36.529034
35.860611
30.008773
30.221568
14.995731
25.079400
37.108177
37.176262
25.072425
28.094023
39.484311
17.874110
36.190253
28.774675
18.320661
25.411436
16.361332
21.577037
26.865210
21.486103
34.230271
54.907949
23.829517
22.938183
25.522518
20.190678
38.237971
20.898754
20.972418
33.425999
15.709527
26.555276
50.401199
14.618748
17.119997
25.560401
19.498082
13.871261
39.229484
21.774297
48.780410
12.064681
17.152608
19.988347
24.867663
29.046674
23.942010
33.984743
17.127593
23.986967
37.264962
51.822724
17.052065
45.402421
22.387724
23.409255
30.708714
25.990458
24.351165
25.402224
37.246467
32.769027
23.534109
40.105043
18.739323
23.220961
32.193362
25.189595
44.471814
28.874830
36.951640
14.843945
15.887351
25.768174
33.607810
30.999966
49.906066
20.690732
31.974970
23.278309
19.755126
26.288159
27.548887
23.758028
25.541884
20.491862
19.892281
21.717869
20.768691
28.321851
19.150121
43.782255
45.417509
20.688874
29.820520
25.901634
37.595308
18.591999
40.025177
16.680100
25.906444
32.973143
41.546712
17.602856
27.380638
22.785264
22.420202
28.143676
32.658918
12.700762
23.811743
23.569126
26.981737
15.243340
30.165805
27.365673
15.380685
22.300010
27.234575
24.300458
22.172923
29.082568
42.006587
29.615707
22.464450
27.091332
58.820590
33.225825
18.858059
17.358547
56.557666
29.250339
27.066938
18.771043
36.047511
18.965041
25.641033
19.508063
19.868621
51.859714
30.374417
49.240469
19.288669
23.536146
35.240429
27.831554
23.879223
27.992853
28.014402
27.884112
37.121971
18.209285
23.359139
41.187718
17.440377
40.291931
25.651008
26.148451
18.119705
32.690986
44.492712
13.771686
22.147389
23.690147
20.207269
21.364915
23.931362
48.158900
23.788437
14.701646
33.992477
22.534361
35.552113
20.025650
56.606426
27.750976
18.914831
33.081208
43.164356
20.256790
22.137498
21.536746
44.034159
25.532452
26.349370
16.360553
36.162695
25.120044
41.823291
30.077291
36.467315
17.134458
26.173932
24.459917
19.626955
22.475755
39.934703
57.835339
20.688502
23.107514
36.423402
35.857814
30.442229
26.201048
20.976709
35.012570
23.404282
36.263635
16.966812
43.493711
29.930197
30.069899
26.599316
19.476501
35.403645
36.454976
37.433768
25.074871
33.144198
23.441337
23.259151
25.901239
21.316978
37.634030
29.403942
31.199251
31.655713
32.846394
50.695530
15.889984
31.412346
26.099664
37.249131
42.827448
23.446456
20.251365
14.399513
15.673999
25.382551
35.430701
15.175414
18.686192
28.823022
23.077862
22.002347
41.225404
14.491684
19.207356
26.856540
22.591278
18.561273
24.857719
16.639722
22.925096
22.040195
16.675363
19.429109
20.753380
33.092234
39.044450
19.627381
33.739490
17.563547
33.941689
30.679292
43.392340
34.300845
26.034049
13.532022
42.716207
25.023870
17.754291
13.244601
27.100790
21.488856
31.979228
20.772104
19.378236
21.688089
20.210358
18.242029
23.094692
21.947026
28.147345
21.721003
37.420943
25.897546
16.691436
16.058068
22.772814
23.096852
15.720934
31.789847
46.921494
30.635805
25.136466
60.085212
25.179023
27.681284
41.916971
26.865087
32.125569
25.690967
26.503084
27.198881
27.224190
24.612930
19.443502
49.724065
19.673039
34.642107
24.569192
14.309305
28.807433
27.025767
26.697433
24.004296
22.434411
16.972224
17.580992
20.309322
27.041653
18.205725
18.567479
22.033818
23.003757
29.802733
21.557938
36.839073
17.207593
17.874807
16.305892
30.344504
27.136470
22.454333
26.971853
13.506115
27.108828
29.420844
18.440700
13.269976
11.670641
26.523134
21.043405
47.954500
18.650414
42.260103
30.930398
22.453897
41.713658
48.625346
27.014427
22.576556
30.773582
24.296398
44.002645
22.450252
22.760512
36.714811
31.954592
18.300869
22.494187
20.729923
15.590650
22.432211
27.869365
36.723828
32.641576
33.648718
22.373600
18.004308
35.719904
28.274341
18.309550
18.797124
21.686054
19.072084
22.957293
24.489956
35.046706
31.334711
41.922504
30.700783
37.766077
41.122983
27.942938
36.702075
17.297671
23.731067
20.900194
25.595598
28.219288
25.768677
26.768474
30.561112
19.608992
33.371185
27.236708
34.291439
18.119470
25.360088
27.365108
32.087453
38.115459
20.490894
40.190139
64.833497
23.549249
36.570186
14.874439
14.996768
29.752079
26.986738
24.633547
18.130708
26.806792
19.013672
23.099796
32.690658
47.111272
41.854434
19.967300
28.217453
25.257685
24.387523
24.097244
17.555880
13.677403
32.173215
26.339932
27.786289
31.942753
23.113334
27.236334
39.178266
20.794954
35.376221
23.451279
23.961741
31.037579
24.436142
26.158098
21.306666
24.855224
15.090841
29.657152
44.742779
12.089924
27.695529
52.061494
22.272220
30.028805
31.472871
25.249297
31.325836
29.330490
23.327421
35.897944
39.202931
22.952272
42.873469
19.271044
22.927985
25.277818
28.840602
11.192564
38.262459
20.564726
18.789927
17.520140
18.064684
24.925153
33.610285
17.969749
38.943067
20.797676
13.944653
25.915888
18.463937
24.500669
15.445368
24.173626
30.593308
21.703533
23.993516
55.793309
39.430172
22.241943
26.974096
50.642757
37.959790
19.856578
37.587140
29.549730
37.189963
33.155677
40.472350
23.380971
25.875725
26.286133
23.954229
25.568087
29.287395
22.758248
21.885553
19.049784
57.783347
19.071371
29.343082
22.272892
29.345711
32.108348
21.878333
41.971283
31.774717
31.273911
26.718406
23.285526
22.145050
48.782656
20.283891
15.470973
27.859346
22.302053
32.688193
13.837534
20.123552
26.687490
17.054821
17.864032
22.350082
19.609622
11.894848
30.561614
22.090083
21.280773
33.723377
27.247655
26.075796
31.327047
19.888908
32.406938
25.708163
27.323444
18.085116
17.126252
25.234218
30.825952
13.528032
22.070360
18.363397
25.170918
27.397082
42.109651
24.699908
22.595408
41.568439
27.694376
27.157747
30.237056
20.389148
22.365311
31.532402
29.794670
31.808078
24.466571
20.977675
20.693355
20.151330
28.688358
24.822627
20.979978
21.268515
30.411756
18.224019
26.620115
22.829282
25.986970
36.861741
25.070745
21.867214
24.865359
35.542504
26.748286
35.969919
18.315649
24.249332
19.806910
28.177078
22.454204
20.178567
16.214991
27.079208
32.557477
15.656575
19.693269
40.738010
21.748506
25.475388
22.842112
27.038433
24.853944
19.574621
30.350305
28.320339
30.779990
15.852753
31.779447
24.807462
22.970056
31.925206
35.406349
23.924938
33.447508
23.778245
14.795103
23.075591
19.002810
20.864323
13.694384
19.247298
15.144881
28.557514
17.698097
32.022172
19.261080
20.191578
20.373113
29.023513
32.312371
46.756809
23.049307
22.631057
24.211501
22.534171
24.439428
33.203743
27.540378
32.374210
39.972449
41.046065
29.585586
45.043753
24.065903
26.444782
21.111701
18.160075
58.682774
23.373117
18.204573
25.859097
29.890609
22.819738
29.813225
52.613866
28.377153
45.450318
29.892218
32.055487
23.739655
49.498589
55.564412
32.122738
54.551457
23.326476
16.494215
20.712609
40.347055
17.806907
31.992866
28.836284
22.610516
40.475164
39.644344
18.360477
33.347799
19.090925
14.733106
18.200898
28.604163
39.693737
34.541044
16.767025
13.337171
22.496217
29.899211
29.926834
32.460953
42.350936
34.888713
43.625368
21.286857
16.887871
39.038761
26.593044
43.251076
23.458383
27.108311
22.724425
22.057206
19.865766
22.179880
19.658918
20.563867
24.520374
33.252155
26.995671
24.726615
34.421612
23.307743
24.073094
18.154287
21.535647
22.186301
34.227444
25.034503
35.281450
23.946421
29.487865
33.482077
22.944576
27.002514
36.672362
28.309168
15.108150
31.917003
20.137616
23.064176
10.390140
25.986483
33.622980
21.984357
28.522630
31.209674
24.311853
19.545891
28.714856
22.377973
49.187733
15.450642
38.747782
36.107546
36.231602
22.878098
11.789870
19.835040
23.985416
20.032025
27.716744
20.020718
29.556583
30.942803
25.109775
23.397581
23.848390
19.599287
33.385618
35.349194
30.438698
25.621357
26.126581
47.204587
28.674051
17.223770
34.861897
19.992746
25.143386
27.815565
29.610692
28.082885
32.137866
33.730279
10.633387
19.520766
9.885477
29.712555
17.677198
27.874896
26.409028
28.170501
22.951175
16.737601
35.117231
19.822210
34.493148
35.784531
26.935511
12.747908
34.863274
33.190853
20.888465
24.331735
40.091153
28.673502
26.754227
32.231599
18.208204
24.305494
20.880593
31.379258
41.590172
27.522926
30.111151
27.342717
15.385892
28.290533
17.673445
47.383071
23.993398
20.757984
36.497527
30.510170
13.729535
39.035651
17.203092
40.711430
25.841138
24.912752
21.196511
24.594717
19.580346
25.615616
43.485264
12.615931
20.140406
20.888876
29.163700
22.491886
32.585333
26.207185
38.719134
44.882087
24.245316
27.954218
23.112094
27.491673
18.905570
22.578884
29.254529
29.740949
30.095710
36.832514
29.127218
28.124137
18.549013
27.379570
29.873922
40.238487
34.928279
21.546159
39.211105
19.548338
23.458622
21.155316
23.774971
23.726832
37.463856
21.152377
28.918985
26.916248
21.122732
27.351772
18.191680
28.069923
24.581592
42.232916
36.731211
28.158328
39.768407
15.891261
26.007923
30.641563
51.951880
38.359955
51.037064
37.747915
15.281931
23.346859
32.027891
33.430538
29.094967
33.881538
34.468550
23.154945
36.047241
39.668358
22.323088
18.797006
13.677425
21.656830
13.475959
30.399065
51.571438
19.073512
24.068118
31.622206
21.467809
18.786648
18.245938
16.157924
28.373087
32.979096
39.858441
17.027613
19.503858
17.024324
21.564546
41.645348
37.007101
29.484643
42.124364
60.013555
39.800704
31.463266
23.851740
31.620028
17.381149
22.123895
17.270068
52.451016
30.456761
41.173838
25.621402
18.846097
23.013104
29.804862
17.605999
22.029604
20.358625
36.348046
30.193702
32.141868
24.122986
27.573336
15.129552
29.657466
26.030826
24.292910
27.079102
24.183571
49.086713
19.601960
21.956214
18.466632
25.103820
45.413057
10.612039
16.304561
29.715601
17.053986
39.342543
45.713213
25.395496
38.011076
32.524620
35.568638
19.804785
35.560747
39.219378
27.238949
32.560100
19.901916
21.315969
29.584567
34.057745
22.053157
39.515599
49.966425
18.055148
24.473438
24.309478
20.201227
25.402856
28.970852
41.815351
14.067948
19.619766
48.015406
24.152880
37.058844
29.709727
23.849643
33.141551
21.212544
24.436586
35.675688
26.378653
26.353460
26.454332
28.947194
23.809346
39.647198
35.634387
33.722384
34.886259
22.664817
14.329761
30.870855
16.470319
27.979875
21.126477
24.704080
21.033976
17.382263
22.814300
25.196481
23.160967
28.656222
28.902169
20.708885
36.794178
20.229410
20.360408
28.455629
21.755069
28.937857
17.895477
30.172682
44.741144
31.157517
12.961334
31.425210
22.434522
19.572204
26.427418
16.645009
17.657129
22.706858
18.868870
31.243106
21.578767
16.911172
38.239546
40.164570
14.689277
15.009389
31.146201
42.092537
35.528550
32.222501
18.858090
39.559334
16.894162
37.041095
21.131605
17.363374
16.879001
20.413670
26.028874
23.505244
22.533381
29.562083
29.057356
26.229966
31.104027
16.833340
25.868689
39.440938
26.174586
17.288257
29.957992
19.978406
20.533963
29.459181
20.707088
29.848389
24.311586
15.305976
19.591440
21.078605
27.270747
26.561445
37.806320
23.029836
21.987337
30.392403
17.567875
37.605837
30.086018
47.822991
35.965420
24.822838
26.328344
24.674097
30.913939
16.767564
30.046347
49.458630
22.174737
13.244130
44.578069
34.666599
26.316623
27.159298
38.222322
61.190047
24.560848
38.708701
24.721318
22.284260
19.985121
23.102766
23.647532
30.768280
46.697403
22.652214
26.798170
20.597615
17.135988
27.887493
28.309927
45.311299
17.355975
24.057644
35.080932
18.748381
37.330453
24.546979
27.492643
22.078099
10.420370
27.266228
27.186329
25.830646
46.189024
35.005557
35.220265
39.548688
18.381173
13.897689
34.680325
33.666934
31.560190
30.311932
57.073656
26.692001
20.346372
33.058188
22.949479
40.939719
28.243832
32.070156
25.952122
26.558303
29.976797
28.470428
22.625518
14.946830
17.070831
42.007540
22.344793
33.608752
28.281345
17.748779
21.055736
24.639087
28.092432
31.632049
31.844449
38.619326
20.684256
13.062932
34.207856
16.607401
16.788824
27.234730
34.932097
34.386031
20.120074
28.627984
28.293050
35.387121
63.069315
34.530594
31.833363
29.183313
16.404413
27.989377
26.469341
37.503219
21.717545
27.538079
28.939261
22.907843
24.428838
22.588126
26.134191
19.499500
42.487052
20.622087
17.215915
27.100003
28.467406
23.365904
30.010118
15.495152
25.261315
28.717132
34.461918
17.459588
27.678020
21.340411
13.527853
24.159374
32.108735
22.232352
16.189700
19.719978
53.911996
24.089293
38.385230
16.483319
27.357187
27.658587
24.030726
25.190029
11.767496
20.486627
22.610884
24.751523
18.652830
49.803504
24.769952
33.606516
20.970484
27.313009
28.777040
12.733856
24.280139
20.371420
35.895256
17.727540
28.563039
24.186238
47.303573
32.492092
38.450494
28.738072
24.480571
28.665184
36.758158
30.045111
33.628562
22.196818
28.708569
25.052225
17.262436
23.420327
24.172637
37.880602
29.675183
30.573287
17.037674
26.904431
33.007256
19.117665
22.921926
35.150747
24.377467
33.595573
23.068572
18.044836
24.211184
35.190016
40.722828
21.467686
25.967092
24.355892
26.029604
22.439675
17.110821
24.009227
32.566407
19.895559
17.659282
13.557338
23.807360
25.075365
25.992699
38.203535
30.274492
20.568075
22.625635
17.520070
37.305571
37.298958
21.313699
13.858094
26.510353
28.673537
24.597634
15.791896
17.378218
20.846053
43.171563
27.513602
33.637081
30.876075
40.416993
17.190639
26.362977
21.951153
27.473914
34.752127
24.367368
17.675437
17.923013
27.919059
15.201677
22.582785
19.507182
26.612176
19.266967
51.744585
32.952221
27.780750
20.111448
16.783731
23.009032
37.390229
39.306271
20.900075
21.053320
24.636819
21.759820
33.785666
38.566809
24.933431
43.741318
20.432274
37.298459
33.276327
32.387095
26.884943
28.530561
16.903172
37.491274
53.854466
16.414345
23.256059
16.373281
22.733574
13.349031
20.561713
34.861679
27.322689
23.630270
19.355079
21.768211
23.109711
38.169846
19.649318
13.278624
14.313576
27.071323
25.859335
11.875054
50.150160
48.884404
24.046988
26.549398
23.582966
21.839036
13.273351
21.034720
21.184371
25.488273
27.152792
16.109586
16.743127
16.565179
19.969949
21.084555
44.989625
32.693466
20.362579
22.634841
19.796111
29.774305
28.015029
19.268450
25.939685
25.642686
22.801516
30.813402
24.488708
27.688700
25.775887
21.271907
32.575248
21.685625
34.441091
18.652808
40.932125
27.218742
28.132600
33.396227
20.095963
21.805424
17.955705
22.568523
18.354935
27.881980
33.027543
24.994213
25.923250
16.439001
25.163440
26.709014
25.290712
31.897881
32.661039
31.571198
24.189366
32.034299
29.792686
36.958394
36.219196
14.348880
29.644358
32.145874
26.000922
42.431636
26.846091
33.220378
30.856798
38.462163
18.716537
36.685680
20.803132
30.094971
27.238051
42.480683
30.374627
58.354102
22.806429
17.489424
29.177328
31.769018
33.530122
32.558058
31.255667
27.957872
32.925416
28.362380
18.581823
25.761780
32.895694
33.146628
21.675312
20.514271
29.898622
18.498379
22.687413
29.875524
23.006084
40.948754
20.221978
18.777548
22.124235
45.726002
25.288034
24.436358
44.948691
23.680750
33.153527
32.534465
19.999863
24.158269
27.970730
22.449690
32.961848
15.678540
31.415352
34.542873
49.946836
17.075093
25.959727
28.244524
17.448171
45.360239
24.284058
26.591880
30.786715
20.144418
31.390001
20.696873
17.780437
34.919782
23.954879
28.683626
27.007682
23.011571
36.049785
53.201142
44.787906
21.101077
15.363135
31.850278
19.493690
30.428257
27.611175
34.197134
17.138438
28.194405
26.107011
22.461326
32.702691
22.417884
21.025503
32.451367
35.588567
33.644141
17.484736
33.986832
42.295147
27.485938
23.677148
28.301630
26.236917
31.460694
21.776732
32.571564
17.102106
22.547420
24.466343
40.519555
22.015055
25.615071
15.882866
