r g(r)
0.25975000858306885 0.0
0.27924999594688416 0.0
0.29874998331069946 0.0
0.31825000047683716 0.0
0.33775001764297485 0.0
0.3572499752044678 0.0
0.37674999237060547 0.0
0.39625000953674316 0.0
0.41575002670288086 0.0
0.4352499842643738 0.0
0.4547500014305115 0.0
0.47425001859664917 0.0
0.4937499761581421 0.0
0.5132499933242798 0.0
0.5327500104904175 0.0
0.5522500276565552 0.0
0.5717500448226929 0.0
0.5912500023841858 0.0
0.6107499599456787 0.0
0.6302499771118164 0.0
0.6497499942779541 0.0
0.6692500114440918 0.0
0.6887500286102295 0.0
0.7082500457763672 0.0
0.7277500033378601 0.0
0.7472500205039978 0.0
0.7667499780654907 0.0
0.7862499952316284 0.0
0.8057500123977661 0.0
0.8252500295639038 0.0
0.8447500467300415 0.0
0.8642500042915344 0.0
0.8837500214576721 0.0
0.903249979019165 0.0
0.9227499961853027 0.011394385248422623
0.9422500133514404 0.04371063783764839
0.9617500305175781 0.09440144151449203
0.9812500476837158 0.13099229335784912
1.000749945640564 0.29062506556510925
1.0202499628067017 0.5219587683677673
1.0397499799728394 0.4756423830986023
1.059249997138977 0.5534087419509888
1.0787500143051147 0.7753612995147705
1.0982500314712524 0.7722045183181763
1.1177500486373901 0.8464503884315491
1.1372500658035278 0.7951660752296448
1.1567500829696655 0.8555957674980164
1.1762499809265137 0.6661800742149353
1.1957499980926514 0.6717686653137207
1.215250015258789 0.6832318305969238
1.2347500324249268 0.5663664937019348
1.2542500495910645 0.5427256226539612
1.2737500667572021 0.5142761468887329
1.2932500839233398 0.5104904770851135
1.312749981880188 0.4560241401195526
1.3322499990463257 0.4755709171295166
1.3517500162124634 0.5044273138046265
1.371250033378601 0.4901826083660126
1.3907500505447388 0.45646896958351135
1.4102500677108765 0.45856791734695435
1.4297499656677246 0.607519268989563
1.4492499828338623 0.512749433517456
1.46875 0.41377243399620056
1.4882500171661377 0.5563141107559204
1.5077500343322754 0.6359114050865173
1.527250051498413 0.5490632653236389
1.5467500686645508 0.5434172749519348
1.5662500858306885 0.6763120293617249
1.5857499837875366 0.6289092302322388
1.6052500009536743 0.700319230556488
1.624750018119812 0.5365992188453674
1.6442500352859497 0.6926141381263733
1.6637500524520874 0.6659603714942932
1.683250069618225 0.8184069991111755
1.7027499675750732 0.8533213138580322
1.722249984741211 0.932226836681366
1.7417500019073486 0.844311535358429
1.7612500190734863 0.8945324420928955
1.780750036239624 0.9270564913749695
1.8002500534057617 0.9789349436759949
1.8197500705718994 0.9522058963775635
1.839250087738037 1.0583237409591675
1.8587499856948853 0.8733512163162231
1.878250002861023 1.0725796222686768
1.8977500200271606 1.0156278610229492
1.9172500371932983 1.0874537229537964
1.936750054359436 1.0242811441421509
1.9562500715255737 1.1155128479003906
1.9757499694824219 1.150778889656067
1.9952499866485596 1.1040101051330566
2.0147500038146973 1.1425138711929321
2.034250020980835 1.0386308431625366
2.0537500381469727 1.0696351528167725
2.0732500553131104 1.0879548788070679
2.092750072479248 1.1276099681854248
2.1122498512268066 1.056861400604248
2.1317501068115234 0.9842379689216614
2.151249885559082 0.9727656841278076
2.170750141143799 1.0047824382781982
2.1902499198913574 0.956635057926178
2.209750175476074 0.913996160030365
2.229249954223633 0.9039294719696045
2.2487502098083496 0.9439619779586792
2.268249988555908 0.8165461421012878
2.287750244140625 0.936150848865509
2.3072500228881836 0.8256216049194336
2.3267500400543213 0.8405254483222961
2.346250057220459 0.886525571346283
2.3657498359680176 0.8927773237228394
2.3852500915527344 0.8799424171447754
2.404749870300293 0.8422421813011169
2.4242501258850098 0.9393550157546997
2.4437499046325684 1.0056558847427368
2.463250160217285 0.9706097841262817
2.4827499389648438 0.9680156707763672
2.5022501945495605 0.9235424995422363
2.521749973297119 0.9795031547546387
2.541250228881836 0.9975714683532715
2.5607500076293945 1.093412160873413
2.5802502632141113 0.9647342562675476
2.59975004196167 1.0838305950164795
2.6192498207092285 1.059259057044983
2.6387500762939453 1.058982491493225
2.658249855041504 1.050368309020996
2.6777501106262207 1.0080702304840088
2.6972498893737793 1.0882325172424316
2.716750144958496 1.0082496404647827
2.7362499237060547 1.025032639503479
2.7557501792907715 0.9875836372375488
2.77524995803833 1.080824613571167
2.794750213623047 1.0248041152954102
2.8142499923706055 0.993503749370575
2.8337502479553223 0.9593374133110046
2.853250026702881 0.998704731464386
2.8727502822875977 1.054558277130127
2.8922500610351562 0.9870406985282898
2.911749839782715 0.9933121800422668
2.9312500953674316 1.0219188928604126
2.9507498741149902 0.9961990118026733
2.970250129699707 1.0106598138809204
2.9897499084472656 1.0061936378479004
3.0092501640319824 0.9760562777519226
3.028749942779541 0.9772789478302002
3.048250198364258 0.9888367056846619
3.0677499771118164 1.0000066757202148
3.087250232696533 0.9741878509521484
3.106750011444092 1.0152721405029297
3.1262502670288086 1.0135620832443237
3.145750045776367 0.9520229697227478
3.165250062942505 0.9500176310539246
3.1847500801086426 0.977623462677002
3.204249858856201 0.9742752909660339
3.223750114440918 0.947576642036438
3.2432498931884766 0.9546751976013184
3.2627501487731934 0.941472589969635
3.282249927520752 0.9537302851676941
3.3017501831054688 0.9754272103309631
3.3212499618530273 1.0378938913345337
3.340750217437744 0.9710404872894287
3.3602499961853027 0.9426224231719971
3.3797502517700195 0.9750927686691284
3.399250030517578 0.9857755899429321
3.418750286102295 0.9820215702056885
3.4382500648498535 0.9865325093269348
3.457749843597412 0.9859657287597656
3.477250099182129 0.985374391078949
3.4967498779296875 1.0275766849517822
3.5162501335144043 1.027198076248169
3.535749912261963 0.9452743530273438
3.5552501678466797 1.030112862586975
3.5747499465942383 1.006763219833374
3.594250202178955 1.0379257202148438
3.6137499809265137 0.9636014699935913
3.6332502365112305 0.9826862215995789
3.652750015258789 1.0027623176574707
3.672250270843506 0.9849486351013184
3.6917500495910645 0.9895166158676147
3.711250066757202 0.9967740178108215
3.73075008392334 0.9891531467437744
3.7502498626708984 1.0340818166732788
3.7697501182556152 1.0165832042694092
3.789249897003174 0.9953376650810242
3.8087501525878906 0.9858412742614746
3.828249931335449 1.0784363746643066
3.847750186920166 0.9725079536437988
3.8672499656677246 1.022413969039917
3.8867502212524414 0.9569424390792847
3.90625 1.0103671550750732
3.925750255584717 0.9720253944396973
3.9452500343322754 1.0035756826400757
3.964750289916992 0.9961987137794495
3.984250068664551 1.0445481538772583
4.003749847412109 0.9877674579620361
4.023250102996826 1.014801025390625
4.042749881744385 0.9830782413482666
4.062250137329102 0.9953846335411072
4.08174991607666 1.0039626359939575
4.101250171661377 1.0054020881652832
4.1207499504089355 1.009061336517334
4.140250205993652 1.0114507675170898
4.159749984741211 0.9509513974189758
4.179250240325928 0.986565113067627
4.198750019073486 0.9961321949958801
4.218250274658203 0.9950972199440002
4.237750053405762 0.9767858982086182
4.2572503089904785 1.024082899093628
4.276750087738037 0.9861207604408264
4.296250343322754 0.9514178037643433
4.3157501220703125 1.01839017868042
4.335249900817871 0.9813482761383057
4.354750156402588 0.999199390411377
4.374250411987305 1.0171656608581543
4.393750190734863 1.010697364807129
4.413249969482422 1.0242080688476562
4.4327497482299805 1.0107433795928955
4.452250003814697 1.0312999486923218
4.471750259399414 1.0043483972549438
4.491250038146973 1.0134633779525757
4.510749816894531 0.9932563304901123
4.530250072479248 1.0358054637908936
4.549750328063965 0.9973956942558289
4.569250106811523 1.0033223628997803
4.588749885559082 1.0127665996551514
4.608250141143799 1.0170257091522217
4.627750396728516 1.003011703491211
4.647250175476074 0.9914961457252502
4.666749954223633 0.9889872670173645
4.68625020980835 0.9949376583099365
4.705749988555908 1.0357893705368042
4.725250244140625 0.9707398414611816
4.744750022888184 1.008919596672058
4.764249801635742 0.9784202575683594
4.783750057220459 1.050187349319458
4.803250312805176 0.9937217831611633
4.822750091552734 1.019920825958252
4.842249870300293 1.0377750396728516
4.86175012588501 0.9995241761207581
4.881250381469727 0.9870465397834778
4.900750160217285 1.0123687982559204
4.920249938964844 1.0151453018188477
4.9397501945495605 1.0226821899414062
4.959249973297119 0.9775729775428772
4.978750228881836 0.9875177145004272
4.9982500076293945 0.9957801103591919
5.017749786376953 1.0192461013793945
5.03725004196167 1.0167412757873535
5.056750297546387 1.01154625415802
5.076250076293945 0.9703049659729004
5.095749855041504 1.000232219696045
5.115250110626221 0.9989480972290039
5.1347503662109375 1.014899492263794
5.154250144958496 1.0058057308197021
5.173749923706055 0.9384045600891113
5.1932501792907715 1.0112630128860474
5.212750434875488 0.9858289957046509
5.232250213623047 0.974613606929779
5.2517499923706055 1.0061020851135254
5.271249771118164 0.9431133270263672
5.290750026702881 0.9999828338623047
5.310250282287598 0.9988133907318115
5.329750061035156 1.0093106031417847
5.349249839782715 0.9676955342292786
5.368750095367432 0.9926680326461792
5.388250350952148 0.9988561272621155
5.407750129699707 0.9810672998428345
5.427249908447266 0.9868505001068115
5.446750164031982 1.0255995988845825
5.466250419616699 1.027043342590332
5.485750198364258 0.9572402834892273
5.505249977111816 1.0192703008651733
5.524750232696533 1.0140175819396973
5.544250011444092 1.027725338935852
5.563750267028809 0.9694235920906067
5.583250045776367 0.990703284740448
5.602749824523926 1.0023330450057983
5.622250080108643 0.9880599975585938
5.641750335693359 0.9940043091773987
5.661250114440918 0.9993183016777039
5.680749893188477 0.9882275462150574
5.700250148773193 0.9943481683731079
5.71975040435791 1.023125410079956
5.739250183105469 1.0132770538330078
5.758749961853027 1.0034816265106201
5.778250217437744 1.0054575204849243
5.797749996185303 0.9894643425941467
5.8172502517700195 1.0100663900375366
5.836750030517578 0.9876821637153625
5.856249809265137 0.9895737171173096
5.8757500648498535 1.024912714958191
5.89525032043457 1.0083575248718262
5.914750099182129 1.0167101621627808
5.9342498779296875 1.0069924592971802
5.953750133514404 1.0179524421691895
5.973250389099121 1.0352141857147217
5.99275016784668 1.019059181213379
6.012249946594238 1.0153789520263672
6.031750202178955 1.0120638608932495
6.051250457763672 0.9739881157875061
6.0707502365112305 0.9946234226226807
6.090250015258789 1.0039533376693726
6.109749794006348 1.0219660997390747
6.1292500495910645 1.0054227113723755
6.148750305175781 1.0039101839065552
6.16825008392334 1.0208048820495605
6.187749862670898 0.9798893928527832
6.207250118255615 0.9898827075958252
6.226750373840332 1.0207043886184692
6.246250152587891 1.013377070426941
6.265749931335449 1.0105016231536865
6.285250186920166 1.0072237253189087
6.304750442504883 1.0070801973342896
6.324250221252441 0.9863448143005371
6.34375 0.9894459247589111
6.363249778747559 0.9939211010932922
6.382750034332275 1.0050228834152222
6.402250289916992 1.005523920059204
6.421750068664551 1.0133121013641357
6.441249847412109 1.0015714168548584
6.460750102996826 0.990656852722168
6.480250358581543 1.0202809572219849
6.499750137329102 0.9980945587158203
6.51924991607666 0.9980515837669373
6.538750171661377 1.014599323272705
6.558250427246094 0.9959247708320618
6.577750205993652 0.9891558289527893
6.597249984741211 0.9908664226531982
6.616750240325928 0.9992406964302063
6.636250019073486 0.9911783933639526
6.655750274658203 0.9984833002090454
6.675250053405762 0.9959630370140076
6.69474983215332 1.0026991367340088
6.714250087738037 1.0067977905273438
6.733750343322754 1.0093048810958862
6.7532501220703125 0.9901064038276672
6.772749900817871 1.0184401273727417
6.792250156402588 0.9953793287277222
6.811750411987305 0.9990702271461487
6.831250190734863 1.0058825016021729
6.850749969482422 0.9991133809089661
6.870250225067139 1.0123708248138428
6.8897504806518555 0.9949797987937927
6.909250259399414 0.9893910884857178
6.928750038146973 0.989895761013031
6.948249816894531 0.9969838261604309
6.967750072479248 0.9994283318519592
6.987250328063965 0.9823065400123596
7.006750106811523 1.0098613500595093
7.026249885559082 0.9787102937698364
7.045750141143799 0.994624674320221
7.065250396728516 1.0054422616958618
7.084750175476074 0.9918166399002075
7.104249954223633 0.9769433736801147
7.12375020980835 0.9825083613395691
7.143250465393066 0.9782953858375549
7.162750244140625 0.9985035061836243
7.182250022888184 1.0017633438110352
7.201749801635742 0.9942446351051331
7.221250057220459 0.9898436665534973
7.240750312805176 1.0043065547943115
7.260250091552734 0.9985513687133789
7.279749870300293 1.0093151330947876
7.29925012588501 1.0066804885864258
7.318750381469727 0.9913358092308044
7.338250160217285 0.9978132843971252
7.357749938964844 1.004154920578003
7.3772501945495605 1.0179460048675537
7.396750450134277 1.0171796083450317
7.416250228881836 0.9945759773254395
7.4357500076293945 1.015661358833313
7.455250263214111 1.027138352394104
7.47475004196167 0.997986912727356
7.494250297546387 0.9856948256492615
7.513750076293945 1.0094937086105347
7.533249855041504 1.0027120113372803
7.552750110626221 1.0038424730300903
7.5722503662109375 0.9981566071510315
7.591750144958496 0.9758899211883545
7.611249923706055 0.9964873790740967
7.6307501792907715 0.9792616963386536
7.650250434875488 1.0145436525344849
7.669750213623047 0.9762715101242065
7.6892499923706055 0.9988611936569214
7.708750247955322 0.9874603748321533
7.728250026702881 0.99256432056427
7.747750282287598 0.9796329736709595
7.767250061035156 0.9988686442375183
7.786749839782715 1.0083224773406982
7.806250095367432 0.9982295036315918
7.825750350952148 0.971446692943573
7.845250129699707 0.9817796945571899
7.864749908447266 0.9938348531723022
7.884250164031982 1.000662088394165
7.903750419616699 1.0093657970428467
7.923250198364258 1.0053528547286987
7.942749977111816 0.9814984202384949
7.962250232696533 0.9976675510406494
7.98175048828125 0.9926300644874573
8.001250267028809 0.998450517654419
8.020750045776367 1.0200870037078857
8.040250778198242 0.9761584997177124
8.059749603271484 1.0157991647720337
8.07925033569336 0.997486412525177
8.098750114440918 0.9985429644584656
8.118249893188477 1.005598545074463
8.137750625610352 0.9978678822517395
8.157249450683594 1.0011624097824097
8.176750183105469 0.983404815196991
8.196250915527344 1.0085288286209106
8.215749740600586 0.9972901344299316
8.235250473022461 0.9993855357170105
8.254751205444336 0.995857298374176
8.274250030517578 1.0025053024291992
8.293750762939453 0.9862402677536011
8.313249588012695 0.9715016484260559
8.33275032043457 1.0035719871520996
8.352250099182129 1.0105266571044922
8.371749877929688 1.0079396963119507
8.391250610351562 1.0017493963241577
8.410749435424805 0.997947633266449
8.43025016784668 0.9897251129150391
8.449750900268555 0.9958800673484802
8.469249725341797 1.005520224571228
8.488750457763672 1.0024243593215942
8.50825023651123 0.9949867725372314
8.527750015258789 1.0158394575119019
8.547250747680664 1.0206409692764282
8.566749572753906 1.0048924684524536
8.586250305175781 0.9971688985824585
8.60575008392334 1.0156742334365845
8.625249862670898 0.9957269430160522
8.644750595092773 0.9964578151702881
8.664249420166016 1.0097925662994385
8.68375015258789 0.9890129566192627
8.703250885009766 1.0035836696624756
8.722749710083008 0.9931177496910095
8.742250442504883 0.9756085276603699
8.761750221252441 0.9938552379608154
8.78125 1.0103853940963745
8.800750732421875 0.9774583578109741
8.820249557495117 0.9772742390632629
8.839750289916992 1.0036238431930542
8.85925006866455 1.0078076124191284
8.87874984741211 1.0236304998397827
8.898250579833984 1.0075112581253052
8.917749404907227 1.0048308372497559
8.937250137329102 1.005469799041748
8.956750869750977 0.9893150925636292
8.976249694824219 0.990068256855011
8.995750427246094 1.0065340995788574
9.015250205993652 1.0137072801589966
9.034749984741211 1.0076096057891846
9.054250717163086 0.9936760067939758
9.073749542236328 1.0100425481796265
9.093250274658203 1.0053064823150635
9.112751007080078 1.0316740274429321
9.13224983215332 1.0121614933013916
9.151750564575195 0.9901002645492554
9.171249389648438 1.0032150745391846
9.190750122070312 0.9881188869476318
9.210250854492188 1.008450984954834
9.22974967956543 0.9939518570899963
9.249250411987305 1.0080170631408691
9.268750190734863 0.9901928901672363
9.288249969482422 1.0094778537750244
9.307750701904297 0.9895681142807007
9.327249526977539 1.014100193977356
9.346750259399414 1.0088136196136475
9.366250991821289 1.0017987489700317
9.385749816894531 0.9922609329223633
9.405250549316406 1.0144413709640503
9.424749374389648 1.0100524425506592
9.444250106811523 0.9778796434402466
9.463750839233398 1.0052002668380737
9.48324966430664 1.0225530862808228
9.502750396728516 0.9977179765701294
9.522250175476074 1.0040826797485352
9.541749954223633 0.991400420665741
9.561250686645508 0.9967954754829407
9.58074951171875 0.9916822910308838
9.600250244140625 1.0114203691482544
9.6197509765625 0.9953035712242126
9.639249801635742 0.9933685660362244
9.658750534057617 1.0020573139190674
9.67824935913086 1.0036102533340454
9.697750091552734 1.0285123586654663
9.71725082397461 0.9834564924240112
9.736749649047852 0.9959829449653625
9.756250381469727 1.002621054649353
9.775750160217285 1.011250376701355
9.795249938964844 0.9966627359390259
9.814750671386719 1.0008593797683716
9.834249496459961 1.0073411464691162
9.853750228881836 1.0031147003173828
9.873250961303711 0.9985880255699158
9.892749786376953 1.011028528213501
9.912250518798828 0.9948992133140564
9.931750297546387 1.0026576519012451
9.951250076293945 1.0076966285705566
9.97075080871582 1.0068855285644531
9.990249633789062 0.9925470948219299
