frame conversion largest_molecule average_molecule weight_average_molecule
0 0.0000000000000000 30.0000000000000000 4.2171634457910256 4.5585242718446599
1 0.0146085817228955 30.0000000000000000 4.2796835527190531 4.8275728155339808
2 0.0279724860792663 55.0000000000000000 4.3385227119557888 5.1671766990291266
3 0.0402882410743531 87.0000000000000000 4.3941979522184305 5.5070291262135926
4 0.0521454307238782 87.0000000000000000 4.4491671850162415 5.8877980582524270
5 0.0645266950540452 91.0000000000000000 4.5080532212885158 6.2977708737864075
6 0.0769734687192925 107.0000000000000000 4.5688431511710430 6.9333902912621364
7 0.0893547330494596 111.0000000000000000 4.6309618013092582 7.5118135922330094
8 0.1012119226989846 111.0000000000000000 4.6920553935860054 7.9421048543689317
9 0.1118244349819849 142.0000000000000000 4.7481191916211829 8.6145398058252436
10 0.1226989846053063 142.0000000000000000 4.8069743130227005 9.3619728155339814
11 0.1345561742548313 155.0000000000000000 4.8728332450230871 10.1261514563106800
12 0.1464788732394366 155.0000000000000000 4.9409010668508708 11.1726446601941749
13 0.1572224041925974 227.0000000000000000 5.0038865137971236 12.5666640776699037
14 0.1683589911562398 237.0000000000000000 5.0708940527766835 13.6457786407766992
15 0.1791025221094006 249.0000000000000000 5.1372595962014209 14.9820427184466016
16 0.1907631837536849 258.0000000000000000 5.2112847081680567 16.1820427184466027
17 0.2020962987225680 258.0000000000000000 5.2853037766830866 17.3908970873786402
18 0.2131673763511300 258.0000000000000000 5.3596703022229626 19.1893281553398047
19 0.2238453979692106 259.0000000000000000 5.4334064821066850 21.4650873786407779
20 0.2340648542417295 290.0000000000000000 5.5059014710913443 23.4971495145631053
21 0.2440222731739273 392.0000000000000000 5.5784228769497402 26.5497631067961173
22 0.2548968227972486 406.0000000000000000 5.6598382275364871 28.2713941747572832
23 0.2640681297084835 410.0000000000000000 5.7303720847427453 29.9692893203883486
24 0.2748116606616443 463.0000000000000000 5.8152664859981931 34.6003728155339800
25 0.2844415329184409 481.0000000000000000 5.8935274192071772 37.5447766990291285
26 0.2944644611857190 515.0000000000000000 5.9772516248839365 40.5433320388349543
27 0.3043563707828366 515.0000000000000000 6.0622469159054528 42.9145009708737888
28 0.3121519816573862 593.0000000000000000 6.1309523809523814 45.4761165048543674
29 0.3209957418932198 601.0000000000000000 6.2108055957549446 49.5707495145631043
30 0.3312807075008189 1043.0000000000000000 6.3063283699059562 65.5438757281553421
31 0.3400589584015722 1535.0000000000000000 6.3902124280325587 91.1960388349514517
32 0.3470029479200786 1614.0000000000000000 6.4581661316211880 97.4457631067961216
33 0.3561087454962332 1724.0000000000000000 6.5494963882388850 108.4823766990291318
34 0.3648214870619063 2081.0000000000000000 6.6393358085808583 141.5244893203883407
35 0.3728136259416967 2452.0000000000000000 6.7239398370587002 176.0499417475728023
36 0.3809367834916476 2540.0000000000000000 6.8121693121693125 196.2085436893203791
37 0.3886013756960367 2941.0000000000000000 6.8975677702775098 237.9376310679611777
38 0.3954798558794628 2963.0000000000000000 6.9760511486779366 241.9731417475728108
39 0.4033409760890927 3115.0000000000000000 7.0679622310057093 259.4347650485436816
40 0.4112676056338028 3219.0000000000000000 7.1631245131857124 313.5702524271844709
41 0.4187356698329512 3307.0000000000000000 7.2551560915135802 333.5590990291262301
42 0.4268588273829020 3400.0000000000000000 7.3579837695736652 378.2948504854368821
43 0.4331477235506059 4390.0000000000000000 7.4396163180399864 515.1609320388349715
44 0.4410743530953161 4738.0000000000000000 7.5451242381622130 585.5395262135922394
45 0.4483458892892237 5058.0000000000000000 7.6445790286189288 822.5906485436893263
46 0.4553553881428103 5195.0000000000000000 7.7429636757276885 857.1164427184465922
47 0.4630854896822797 10280.0000000000000000 7.8544411908247929 1716.1969242718446367
48 0.4700294792007861 11302.0000000000000000 7.9573547589616807 2056.0693281553399174
49 0.4774975433999345 11933.0000000000000000 8.0710882647943833 2290.0131883495146212
50 0.4845725515886014 13282.0000000000000000 8.1818759532282659 2795.9198601941748166
51 0.4914510317720275 14339.0000000000000000 8.2925415432178280 3239.8453281553397574
52 0.4979364559449722 14475.0000000000000000 8.3996607515657615 3302.5702679611649728
53 0.5051424828037996 15937.0000000000000000 8.5219751125231671 3987.3023533980581306
54 0.5133311496888306 16746.0000000000000000 8.6653654596850185 4398.1788737864080758
55 0.5207337045528988 18332.0000000000000000 8.7992072170585018 5253.4413514563102581
56 0.5268260727153620 19584.0000000000000000 8.9125017305828607 5983.8848155339801451
57 0.5331804782181461 19949.0000000000000000 9.0338198147628397 6208.5088155339808509
58 0.5392728463806092 20414.0000000000000000 9.1532774065121565 6500.1670368932036581
59 0.5460858172289551 21413.0000000000000000 9.2906624332515513 7147.3168621359227473
60 0.5527677694071406 21795.0000000000000000 9.4294712172257213 7404.2632854368930566
61 0.5587946282345234 22630.0000000000000000 9.5582776540460284 7979.0827961165050510
62 0.5642974123812643 23029.0000000000000000 9.6789956397534205 8263.2659106796108972
63 0.5695381591876842 23540.0000000000000000 9.7968345761680116 8632.5898718446605926
64 0.5749754339993449 23798.0000000000000000 9.9221639950678178 8822.9430524271847389
65 0.5815263675073697 24305.0000000000000000 10.0774890419536636 9201.7278291262136918
66 0.5867671143137897 25044.0000000000000000 10.2052948636651877 9768.0646990291261318
67 0.5925319358008516 25777.0000000000000000 10.3496784565916400 10345.9818407766997552
68 0.5980347199475925 26191.0000000000000000 10.4913624511082144 10681.0200077669906022
69 0.6030789387487717 26527.0000000000000000 10.6246905429938927 10957.6592000000000553
70 0.6077301015394694 26817.0000000000000000 10.7506680026720112 11198.0285359223307751
71 0.6114641336390436 27134.0000000000000000 10.8539875231832745 11463.6684271844660543
72 0.6163773337700622 27463.0000000000000000 10.9929986338797807 11742.7614291262143524
73 0.6195872911889945 27608.0000000000000000 11.0857585672464261 11866.9483961165042274
74 0.6231247952833279 27748.0000000000000000 11.1898140100816956 11987.7727223300971673
75 0.6271863740583034 27988.0000000000000000 11.3117202600597437 12197.1255145631075720
76 0.6313134621683590 29050.0000000000000000 11.4383439943141436 13130.8137786407769454
77 0.6351130036030135 29657.0000000000000000 11.5574506283662473 13682.9509436893204111
78 0.6393711103832296 30352.0000000000000000 11.6939146230699365 14327.8358834951450262
79 0.6437602358336063 30647.0000000000000000 11.8379919087899967 14607.6641087378648081
80 0.6481493612839829 31597.0000000000000000 11.9856637497672693 15524.1451961165057583
81 0.6522764493940386 31756.0000000000000000 12.1279201205727212 15680.9222368932041718
82 0.6567310841794956 32113.0000000000000000 12.2853053435114496 16035.4393941747566714
83 0.6607926629544710 32669.0000000000000000 12.4324063344920823 16598.2971184466005070
84 0.6647887323943662 33463.0000000000000000 12.5806136408051596 17410.2180815533974965
85 0.6684572551588601 33680.0000000000000000 12.7198182177435282 17636.6814291262126062
86 0.6723878152636751 33985.0000000000000000 12.8724255148970208 17957.2763495145627530
87 0.6758598100229283 34306.0000000000000000 13.0103071948261917 18297.6221669902915892
88 0.6805109728136259 35396.0000000000000000 13.1997129382817313 19469.9335300970888056
89 0.6845725515886014 35711.0000000000000000 13.3696780893042568 19817.9926213592225395
90 0.6890926957091386 36216.0000000000000000 13.5640539401601341 20382.2311611650475243
91 0.6924991811333115 36828.0000000000000000 13.7143161482743920 21075.7278291262118728
92 0.6957746478873239 36990.0000000000000000 13.8619724375538329 21261.5536621359206038
93 0.6987225679659351 37258.0000000000000000 13.9976081756903667 21570.7255766990274424
94 0.7025876187356699 37566.0000000000000000 14.1795154185022021 21928.5850873786403099
95 0.7060596134949231 38094.0000000000000000 14.3470024515266328 22549.0418174757287488
96 0.7094005895840158 38451.0000000000000000 14.5119477006311985 22973.4539961165064597
97 0.7125450376678677 38747.0000000000000000 14.6706927985414772 23328.4141825242732011
98 0.7157549950867999 39040.0000000000000000 14.8363678266881767 23682.4499106796101842
99 0.7191614805109728 39635.0000000000000000 15.0163284348028920 24408.7223766990282456
100 0.7221749099246643 39830.0000000000000000 15.1792030181560946 24649.4779495145630790
101 0.7252538486734360 40166.0000000000000000 15.3493085360038144 25066.8101436893193750
102 0.7279397314117262 40302.0000000000000000 15.5008427642667943 25236.8597592233018077
103 0.7310841794955781 40537.0000000000000000 15.6820950060901332 25531.9527300970876240
104 0.7335735342286276 40736.0000000000000000 15.8286206048684530 25783.2089320388331544
105 0.7367834916475597 41362.0000000000000000 16.0216525634644107 26580.9726291262122686
106 0.7398624303963315 41569.0000000000000000 16.2112817929992445 26847.6444427184469532
107 0.7431378971503440 41854.0000000000000000 16.4180056108135695 27216.9398524271855422
108 0.7463478545692761 42163.0000000000000000 16.6257747933884303 27620.1367456310690613
109 0.7489027186374059 42452.0000000000000000 16.7949386903208975 27999.9009087378653931
110 0.7517196200458566 42735.0000000000000000 16.9854881266490771 28374.3395262135927624
111 0.7546675401244677 42978.0000000000000000 17.1895861148197611 28697.8502368932022364
112 0.7568948575171962 43307.0000000000000000 17.3470762597682580 29138.6652116504847072
113 0.7593187029151655 43575.0000000000000000 17.5217746325530754 29500.2776699029127485
114 0.7616770389780544 43842.0000000000000000 17.6951621770203396 29862.6220582524256315
115 0.7631837536849001 43905.0000000000000000 17.8077455048409412 29948.5093126213578216
116 0.7646904683917458 44034.0000000000000000 17.9217706013363021 30124.7043572815528023
117 0.7671798231247953 44484.0000000000000000 18.1133933595948236 30743.2838679611668340
118 0.7694071405175238 44712.0000000000000000 18.2883522727272734 31059.2042097087396542
119 0.7715689485751720 44909.0000000000000000 18.4614281617436191 31333.4278058252421033
120 0.7732066819521782 45011.0000000000000000 18.5947429231657999 31475.9222524271826842
121 0.7752374713396659 45211.0000000000000000 18.7627513844360259 31756.1849009708748781
122 0.7768752047166722 45303.0000000000000000 18.9004697592483843 31885.5468893203869811
123 0.7780543727481166 45375.0000000000000000 19.0008854781582066 31986.9614757281560742
124 0.7804127088110056 45570.0000000000000000 19.2049522673031028 32262.4181902912605437
125 0.7820504421880118 45637.0000000000000000 19.3492636008415992 32357.3745864077682199
126 0.7840812315754995 45799.0000000000000000 19.5312500000000000 32587.4520077669913007
127 0.7853259089420243 45881.0000000000000000 19.6444919133353686 32704.2287067961151479
128 0.7869636423190305 46035.0000000000000000 19.7955104551045515 32924.2825786407775013
129 0.7888634130363577 46386.0000000000000000 19.9736270555383193 33427.6587029126239941
130 0.7902391090730430 46480.0000000000000000 20.1046221111805110 33563.2586718446618761
131 0.7917458237798887 46773.0000000000000000 20.2500786410821014 33987.2217009708765545
132 0.7929249918113331 46890.0000000000000000 20.3653906991458413 34157.4170873786424636
133 0.7939076318375369 46952.0000000000000000 20.4624920534011459 34247.7950601941774949
134 0.7952178185391419 47050.0000000000000000 20.5934101087651946 34390.8929708737850888
135 0.7960039305601048 47138.0000000000000000 20.6727681438664099 34519.6272932038846193
136 0.7969210612512283 47165.0000000000000000 20.7661290322580641 34559.1876194174765260
137 0.7977071732721913 47233.0000000000000000 20.8468264248704678 34658.8874097087391419
138 0.7992793973141172 47304.0000000000000000 21.0101174934725847 34763.1599689320355537
139 0.8011136586963642 47456.0000000000000000 21.2038866930171288 34986.8942446601940901
140 0.8026203734032099 47571.0000000000000000 21.3657484234981752 35156.6387728155314107
141 0.8045856534556174 47650.0000000000000000 21.5806235333556806 35273.5297398058246472
142 0.8064854241729447 47907.0000000000000000 21.7924847664184149 35654.9474019417466479
143 0.8079921388797904 48069.0000000000000000 21.9634936881610372 35896.4151145631039981
144 0.8094333442515559 48246.0000000000000000 22.1295977999312470 36161.1934291262150509
145 0.8106125122830004 48310.0000000000000000 22.2673815288827406 36257.1916271844675066
146 0.8117261709793646 48406.0000000000000000 22.3990953375086974 36401.4092893203851418
147 0.8131018670160498 48505.0000000000000000 22.5639677532422027 36550.4365203883498907
148 0.8143465443825745 48603.0000000000000000 22.7152434721242074 36698.2623223300979589
149 0.8157877497543400 48954.0000000000000000 22.8929587482219077 37229.8635029126235167
150 0.8173599737962660 49106.0000000000000000 23.0900286944045909 37461.3776932038817904
151 0.8188666885031117 49219.0000000000000000 23.2820976491862552 37633.9552776699056267
152 0.8202423845397969 49312.0000000000000000 23.4602769679300280 37776.2897242718463531
153 0.8210940058958401 49395.0000000000000000 23.5719516660563890 37903.5331883495164220
154 0.8229282672780871 49650.0000000000000000 23.8161302256751775 38295.7767611650488107
155 0.8241074353095316 49769.0000000000000000 23.9757914338919917 38479.5408932038844796
156 0.8252210940058958 49842.0000000000000000 24.1285607196401806 38592.5096233009680873
157 0.8268588273829021 50047.0000000000000000 24.3567915247824445 38910.5527145631058374
158 0.8274484113986244 50100.0000000000000000 24.4400151860288517 38992.9913009708761820
159 0.8286275794300688 50194.0000000000000000 24.6081804281345562 39139.4581592233007541
160 0.8294792007861120 50232.0000000000000000 24.7310795236265832 39198.7669281553389737
161 0.8305928594824763 50384.0000000000000000 24.8936581593194113 39436.2868038834931212
162 0.8317065181788404 50473.0000000000000000 25.0583884780070072 39575.7311223301003338
163 0.8328856862102849 50637.0000000000000000 25.2352018816150512 39833.2147106796110165
164 0.8345234195872911 50754.0000000000000000 25.4849564528899428 40017.4791300970900920
165 0.8358336062888961 50935.0000000000000000 25.6883479648842794 40303.3337320388382068
166 0.8365542089747789 50979.0000000000000000 25.8016032064128247 40372.9890019417507574
167 0.8374058303308222 51123.0000000000000000 25.9367445608380329 40601.3108349514586735
168 0.8381264330167049 51168.0000000000000000 26.0522055847834899 40672.8164194174751174
169 0.8393056010481493 51395.0000000000000000 26.2433754586220971 41034.1530873786396114
170 0.8400917130691123 51454.0000000000000000 26.3723883654240083 41128.4144000000014785
171 0.8408778250900754 51565.0000000000000000 26.5026759983532330 41305.9759067961131223
172 0.8419914837864396 51627.0000000000000000 26.6894693200663333 41405.3612271844685893
173 0.8426465771372420 51663.0000000000000000 26.8005828476269770 41463.1221902912657242
174 0.8438912545037668 51768.0000000000000000 27.0142677297524116 41631.8114330097087077
175 0.8446773665247298 51864.0000000000000000 27.1509911429776452 41786.3256077669939259
176 0.8456600065509335 51935.0000000000000000 27.3238539898132444 41900.8017864077701233
177 0.8467081559122175 52033.0000000000000000 27.5106837606837615 42059.0592776699049864
178 0.8474942679331805 52136.0000000000000000 27.6524914089347078 42225.6927533980560838
179 0.8484769079593842 52217.0000000000000000 27.8318201469952449 42356.9875106796098407
180 0.8495250573206682 52300.0000000000000000 28.0256856769699603 42491.7365902912642923
181 0.8502456600065509 52352.0000000000000000 28.1605424321959745 42576.2678524271832430
182 0.8512938093678349 52421.0000000000000000 28.3590308370044042 42688.5652660194173222
183 0.8522109400589584 52522.0000000000000000 28.5350177304964525 42853.1927766990265809
184 0.8531280707500819 52667.0000000000000000 28.7132024977698492 43090.0789902912656544
185 0.8539796921061251 52743.0000000000000000 28.8806639748766258 43214.5139728155336343
186 0.8544382574516869 52787.0000000000000000 28.9716471647164724 43286.6393320388378925
187 0.8553553881428103 52891.0000000000000000 29.1553442028985508 43457.3467184465989703
188 0.8561415001637733 52941.0000000000000000 29.3146630236794188 43539.5444660194189055
189 0.8566000655093351 52972.0000000000000000 29.4084056646870700 43590.5445747572812252
190 0.8571241401899771 53003.0000000000000000 29.5162769371847773 43641.5779883495124523
191 0.8581067802161808 53070.0000000000000000 29.7206832871652828 43751.9735456310663722
192 0.8589584015722240 53121.0000000000000000 29.9001393404551798 43836.0964194174739532
193 0.8595479855879463 53162.0000000000000000 30.0256529850746254 43903.7866097087389790
194 0.8602685882738290 53244.0000000000000000 30.1804969526488520 44039.3052427184447879
195 0.8611202096298722 53356.0000000000000000 30.3655660377358494 44224.7432233009676565
196 0.8617097936455945 53522.0000000000000000 30.4950260540028424 44500.1999378640757641
197 0.8622338683262365 53548.0000000000000000 30.6110318592486941 44543.4422213592260960
198 0.8627579430068785 53609.0000000000000000 30.7279236276849659 44644.9712932038819417
199 0.8632165083524402 53638.0000000000000000 30.8309386973180075 44693.3017941747602890
200 0.8640026203734033 53704.0000000000000000 31.0091522157996131 44803.4402640776679618
201 0.8649852603996070 53760.0000000000000000 31.2348374575448808 44896.9266796116498881
202 0.8655093350802490 53782.0000000000000000 31.3565513882123739 44933.6805126213585027
203 0.8662954471012119 53828.0000000000000000 31.5409113179813829 45010.5728776699033915
204 0.8668195217818540 53967.0000000000000000 31.6650270536153471 45243.1411728155362653
205 0.8672780871274156 54013.0000000000000000 31.7744323790720635 45320.2936077669874066
206 0.8674746151326564 54023.0000000000000000 31.8215521502718737 45337.0753398058222956
207 0.8681297084834589 54085.0000000000000000 31.9796323894684562 45441.1865009708708385
208 0.8685227644939404 54123.0000000000000000 32.0752366716492290 45505.0544621359222219
209 0.8690468391745824 54182.0000000000000000 32.2036018009004508 45604.3081165048570256
210 0.8693743858499836 54214.0000000000000000 32.2843530591775334 45658.1859572815519641
211 0.8698329511955454 54257.0000000000000000 32.3980875691997952 45730.6351067961149965
212 0.8702915165411071 54320.0000000000000000 32.5126262626262630 45836.8771572815530817
213 0.8708155912217491 54355.0000000000000000 32.6445233265720063 45895.9598135922351503
214 0.8713396659023911 54413.0000000000000000 32.7774949083503060 45993.9422912621375872
215 0.8716017032427121 54436.0000000000000000 32.8443877551020407 46032.8297475728177233
216 0.8718637405830331 54457.0000000000000000 32.9115541922290404 46068.3501203883497510
217 0.8722567965935146 54495.0000000000000000 33.0128205128205110 46132.6571650485420832
218 0.8726498526039961 54548.0000000000000000 33.1147119341563752 46222.4212660194170894
219 0.8728463806092368 54577.0000000000000000 33.1658938691396159 46271.5719611650492880
220 0.8734359646249591 54609.0000000000000000 33.3203933747412009 46325.8460427184472792
221 0.8736980019652800 54644.0000000000000000 33.3895228215767617 46385.2373281553373090
222 0.8740255486406813 54678.0000000000000000 33.4763390535621426 46442.9700504854336032
223 0.8744841139862430 54705.0000000000000000 33.5986430062630461 46488.8459029126242967
224 0.8746806419914838 54733.0000000000000000 33.6513329848405647 46536.4381359223334584
225 0.8748771699967245 54762.0000000000000000 33.7041884816753949 46585.7588970873766812
226 0.8751392073370455 54785.0000000000000000 33.7749213011542508 46624.8953941747604404
227 0.8755977726826073 54806.0000000000000000 33.8994207477619796 46660.6458252427182742
228 0.8757943006878480 54830.0000000000000000 33.9530590717299603 46701.5158834951434983
229 0.8762528660334098 54894.0000000000000000 34.0788777130756984 46810.5869514563091798
230 0.8766459220438912 54981.0000000000000000 34.1874668082846540 46959.0267805825278629
231 0.8767769407140518 54991.0000000000000000 34.2238171185539599 46976.1090330097067636
232 0.8771699967245332 55017.0000000000000000 34.3333333333333357 47020.5376776699049515
233 0.8776285620700950 55072.0000000000000000 34.4619914346895087 47114.5844349514591158
234 0.8779561087454962 55093.0000000000000000 34.5544820182501340 47150.5202796116500394
235 0.8785456927612185 55128.0000000000000000 34.7222222222222214 47210.4459961165048298
236 0.8788732394366198 55140.0000000000000000 34.8161168199026534 47231.0013048543696641
237 0.8790697674418605 55153.0000000000000000 34.8726977248104006 47253.2731805825242191
238 0.8794628234523419 55179.0000000000000000 34.9864130434782581 47297.8326834951440105
239 0.8796593514575827 55188.0000000000000000 35.0435492651061509 47313.2622446601963020
240 0.8801179168031444 55224.0000000000000000 35.1775956284153040 47375.0035417475737631
241 0.8805109728136259 55251.0000000000000000 35.2933114035087740 47421.3364038834915846
242 0.8807730101539469 55272.0000000000000000 35.3708791208791240 47457.3884116504850681
243 0.8812315754995087 55305.0000000000000000 35.5074462217319393 47514.0701980582525721
244 0.8817556501801507 55338.0000000000000000 35.6648199445983352 47570.7859417475701775
245 0.8821487061906321 55372.0000000000000000 35.7837687604224541 47629.2543844660176546
246 0.8826072715361939 55413.0000000000000000 35.9235491071428541 47699.8069281553398469
247 0.8830658368817557 55424.0000000000000000 36.0644257703081266 47718.7479766990290955
248 0.8832623648869964 55450.0000000000000000 36.1251402918069573 47763.5204504854336847
249 0.8836554208974778 55467.0000000000000000 36.2471846846846830 47792.8159223300972371
250 0.8840484769079594 55511.0000000000000000 36.3700564971751419 47868.6603650485412800
251 0.8847690795938421 55565.0000000000000000 36.5974985787379197 47961.8325281553406967
252 0.8851621356043237 55600.0000000000000000 36.7227609811751279 48022.2681009708758211
253 0.8857517196200458 55669.0000000000000000 36.9122706422018325 48141.5056621359253768
254 0.8862102849656076 55712.0000000000000000 37.0610247553252705 48215.8982990291260649
255 0.8867343596462496 55739.0000000000000000 37.2325043377674945 48262.6417242718453053
256 0.8869963969865706 55766.0000000000000000 37.3188405797101481 48309.4037592232998577
257 0.8872584343268916 55780.0000000000000000 37.4055781522370694 48333.6619029126231908
258 0.8877169996724533 55803.0000000000000000 37.5583430571761951 48373.5271922330066445
259 0.8880445463478546 55828.0000000000000000 37.6682270333528351 48416.8767533980571898
260 0.8882410743530953 55838.0000000000000000 37.7344665885111397 48434.2223999999987427
261 0.8884376023583360 55852.0000000000000000 37.8009395184967687 48458.5112388349516550
262 0.8886341303635769 55869.0000000000000000 37.8676470588235290 48488.0125048543704906
263 0.8890271863740583 55883.0000000000000000 38.0017709563164132 48512.3170330097054830
264 0.8892892237143794 55910.0000000000000000 38.0917159763313578 48559.2025941747560864
265 0.8900098264002620 55957.0000000000000000 38.3412745681953524 48640.8875339805817930
266 0.8902063544055028 55961.0000000000000000 38.4099045346062056 48647.8837281553423963
267 0.8907304290861447 56003.0000000000000000 38.5941247002398100 48720.9276737864056486
268 0.8909924664264658 56020.0000000000000000 38.6868990384615401 48750.5091883495115326
269 0.8915165411071078 56042.0000000000000000 38.8737922705314034 48788.8066951456276001
270 0.8919095971175892 56069.0000000000000000 39.0151515151515156 48835.8256932038857485
271 0.8921061251228301 56098.0000000000000000 39.0862173649058917 48886.3493126213579671
272 0.8921716344579103 56098.0000000000000000 39.1099635479951431 48886.3504310679636546
273 0.8924991811333115 56127.0000000000000000 39.2291285801340663 48936.9025398058220162
274 0.8928267278087128 56144.0000000000000000 39.3490220048899744 48966.5499184466025326
275 0.8930887651490338 56156.0000000000000000 39.4454656862745097 48987.4828893203884945
276 0.8934818211595152 56177.0000000000000000 39.5910209102091031 49024.1263067961190245
277 0.8936128398296758 56183.0000000000000000 39.6397783251231530 49034.5983844660222530
278 0.8939403865050770 56255.0000000000000000 39.7621988882025974 49160.3258252427185653
279 0.8943989518506387 56286.0000000000000000 39.9348635235731990 49214.5181669902885915
280 0.8947264985260399 56304.0000000000000000 40.0591163658991931 49245.9984932038860279
281 0.8949230265312808 56318.0000000000000000 40.1340399002493768 49270.4899883495163522
282 0.8951195545365215 56331.0000000000000000 40.2092442223610220 49293.2376388349512126
283 0.8955781198820832 56380.0000000000000000 40.3858218318695137 49379.0236737864106544
284 0.8957746478873240 56388.0000000000000000 40.4619736015084825 49393.0371883495172369
285 0.8962987225679659 56409.0000000000000000 40.6664560960202124 49429.8367844660169794
286 0.8964297412381265 56417.0000000000000000 40.7179000632511077 49443.8573825242710882
287 0.8966262692433672 56429.0000000000000000 40.7953105196451205 49464.8919145631080028
288 0.8968227972486079 56443.0000000000000000 40.8730158730158735 49489.4378097087392234
289 0.8970848345889290 56468.0000000000000000 40.9770846594525793 49533.2841165048521361
290 0.8972813625941697 56474.0000000000000000 41.0554846938775526 49543.8129553398030112
291 0.8978054372748117 56506.0000000000000000 41.2660256410256423 49599.9718058252401534
292 0.8981984932852931 56543.0000000000000000 41.4253539253539245 49664.9413126213621581
293 0.8983950212905339 56557.0000000000000000 41.5054803352675705 49689.5367922330115107
294 0.8985260399606944 56592.0000000000000000 41.5590703679793450 49751.0395184466033243
295 0.8987880773010154 56626.0000000000000000 41.6666666666666643 49810.8246834951423807
296 0.8990501146413364 56638.0000000000000000 41.7748215444516546 49831.9378485436900519
297 0.8993121519816574 56659.0000000000000000 41.8835393623942736 49868.9003650485465187
298 0.8997707173272191 56717.0000000000000000 42.0751633986928084 49971.0327766990303644
299 0.8999017359973797 56722.0000000000000000 42.1302356020942383 49979.8434330097079510
300 0.9004258106780216 56744.0000000000000000 42.3519736842105274 50018.6212815533945104
301 0.9009498853586636 56779.0000000000000000 42.5760582010582027 50080.3392155339824967
302 0.9011464133639043 56801.0000000000000000 42.6607024519549398 50119.1503067961166380
303 0.9015394693743859 56837.0000000000000000 42.8310046573519614 50182.6944466019413085
304 0.9018670160497871 56867.0000000000000000 42.9739652870494027 50235.6789592233035364
305 0.9019325253848673 56869.0000000000000000 43.0026720106880447 50239.2124427184462547
306 0.9021290533901081 56882.0000000000000000 43.0890227576974567 50262.1826330097101163
307 0.9021945627251884 56887.0000000000000000 43.1178834561286024 50271.0186718446566374
308 0.9023910907304291 56894.0000000000000000 43.2046979865771803 50283.3907728155318182
309 0.9026531280707500 56925.0000000000000000 43.3209959623149388 50338.1942834951478289
310 0.9027841467409106 56934.0000000000000000 43.3793800539083563 50354.1117980582494056
311 0.9031116934163118 56982.0000000000000000 43.5260311020960131 50439.0384621359189623
312 0.9035047494267933 57015.0000000000000000 43.7033265444670747 50497.4717980582499877
313 0.9037667867671143 57032.0000000000000000 43.8223281143635148 50527.5879300970846089
314 0.9038322961021945 57034.0000000000000000 43.8521798365122635 50531.1316660194206634
315 0.9040288241074353 57091.0000000000000000 43.9419795221842975 50632.1403184466034872
316 0.9042253521126761 57101.0000000000000000 44.0321477428180543 50649.8783223300997633
317 0.9042908614477563 57103.0000000000000000 44.0622861054072530 50653.4263456310654874
318 0.9044873894529970 57111.0000000000000000 44.1529492455418406 50667.6196815533985500
319 0.9045528987880773 57120.0000000000000000 44.1832532601235428 50683.5885825242730789
320 0.9047494267933180 57137.0000000000000000 44.2744154057771695 50713.7595495145651512
321 0.9049459547985588 57166.0000000000000000 44.3659545141281839 50765.2426097087372909
322 0.9051424828037995 57176.0000000000000000 44.4578729281767977 50783.0043184466048842
323 0.9052735014739600 57181.0000000000000000 44.5193637621023512 50791.8871456310662325
324 0.9055355388142811 57204.0000000000000000 44.6428571428571459 50832.7525126213586191
325 0.9056665574844416 57212.0000000000000000 44.7048611111111143 50846.9707029126220732
326 0.9058630854896823 57226.0000000000000000 44.7981906750173948 50871.8571339805857860
327 0.9060596134949230 57241.0000000000000000 44.8919107391910757 50898.5278601941754459
328 0.9063871601703243 57269.0000000000000000 45.0489853044086743 50948.3314796116537764
329 0.9065836881755650 57286.0000000000000000 45.1437587657784007 50978.5811417475706548
330 0.9067147068457255 57290.0000000000000000 45.2071629213483135 50985.7029747572814813
331 0.9069112348509663 57303.0000000000000000 45.3026038001407443 51008.8432000000029802
332 0.9071077628562070 57311.0000000000000000 45.3984485190409046 51023.0861203883468988
333 0.9072387815263675 57351.0000000000000000 45.4625706214689274 51094.3162252427209751
334 0.9073698001965280 57360.0000000000000000 45.5268741159830270 51110.3528543689317303
335 0.9075008188666885 57369.0000000000000000 45.5913597733711029 51126.3919999999998254
336 0.9075008188666885 57369.0000000000000000 45.5913597733711029 51126.3919999999998254
337 0.9078283655420898 57404.0000000000000000 45.7533759772565745 51188.7847300970897777
338 0.9079593842122502 57408.0000000000000000 45.8185053380782890 51195.9190524271834875
339 0.9082869308876514 57427.0000000000000000 45.9821428571428541 51229.8114019417480449
340 0.9084834588928923 57449.0000000000000000 46.0808876163206875 51269.0672310679583461
341 0.9086799868981330 57462.0000000000000000 46.1800573888091819 51292.2712388349536923
342 0.9088765149033737 57469.0000000000000000 46.2796549245147375 51304.7687611650471808
343 0.9091385522436948 57492.0000000000000000 46.4131218457101653 51345.8393320388349821
344 0.9095316082541762 57517.0000000000000000 46.6147719044170898 51390.5012970873794984
345 0.9097281362594170 57530.0000000000000000 46.7162554426705370 51413.7332038834938430
346 0.9099901735997380 57561.0000000000000000 46.8522561863173195 51469.1505553398092161
347 0.9102522109400589 57585.0000000000000000 46.9890510948905131 51512.0763495145656634
348 0.9104487389452997 57594.0000000000000000 47.0921726408193138 51528.1795262135929079
349 0.9106452669505405 57607.0000000000000000 47.1957478005865099 51551.4420349514548434
350 0.9109728136259417 57644.0000000000000000 47.3693892568064783 51617.6774368932019570
351 0.9113003603013430 57657.0000000000000000 47.5443131462333852 51640.9613825242704479
352 0.9116279069767442 57673.0000000000000000 47.7205337286879185 51669.6313631067969254
353 0.9118244349819850 57684.0000000000000000 47.8268945022288250 51689.3421514563087840
354 0.9122174909924664 57716.0000000000000000 48.0410447761194064 51746.7020893203880405
355 0.9125450376678677 57789.0000000000000000 48.2209737827715372 51877.6586718446633313
356 0.9127415656731084 57809.0000000000000000 48.3295795795795797 51913.5700970873804181
357 0.9130036030134294 57840.0000000000000000 48.4751506024096415 51969.2557514563086443
358 0.9132656403537505 57862.0000000000000000 48.6216012084592180 52008.7944854368906817
359 0.9135276776940714 57888.0000000000000000 48.7689393939393909 52055.5389980582549470
360 0.9135931870291516 57888.0000000000000000 48.8059135708870357 52055.5396194174754783
361 0.9137242056993121 57894.0000000000000000 48.8800303720577034 52066.3306407767013297
362 0.9137897150343924 57898.0000000000000000 48.9171732522796319 52073.5252349514557864
363 0.9138552243694726 57903.0000000000000000 48.9543726235741445 52082.5190990291230264
364 0.9139207337045528 57908.0000000000000000 48.9916286149162872 52091.5137398058286635
365 0.9140517523747134 57913.0000000000000000 49.0663109756097526 52100.5094058252434479
366 0.9140517523747134 57913.0000000000000000 49.0663109756097526 52100.5094058252434479
367 0.9142482803799541 57924.0000000000000000 49.1787624140565285 52120.3022135922365123
368 0.9143137897150344 57929.0000000000000000 49.2163608562691124 52129.3001165048553958
369 0.9143137897150344 57929.0000000000000000 49.2163608562691124 52129.3001165048553958
370 0.9146413363904357 57965.0000000000000000 49.4052187260168836 52194.1044349514559144
371 0.9147068457255159 57970.0000000000000000 49.4431643625191981 52203.1087067961198045
372 0.9149033737307566 57983.0000000000000000 49.5573518090839116 52226.5235728155312245
373 0.9150343924009171 57996.0000000000000000 49.6337702390131099 52249.9430679611614323
374 0.9150999017359974 57996.0000000000000000 49.6720679012345698 52249.9436893203892396
375 0.9151654110710776 58001.0000000000000000 49.7104247104247108 52258.9527766990286182
376 0.9152964297412381 58003.0000000000000000 49.7873163186388226 52262.5578407767025055
377 0.9152964297412381 58003.0000000000000000 49.7873163186388226 52262.5578407767025055
378 0.9152964297412381 58003.0000000000000000 49.7873163186388226 52262.5578407767025055
379 0.9154929577464789 58011.0000000000000000 49.9031007751937992 52276.9747417475737166
380 0.9156894857517196 58024.0000000000000000 50.0194250194250216 52300.4061669902948779
381 0.9157549950867999 58029.0000000000000000 50.0583203732503890 52309.4196038834925275
382 0.9158205044218801 58029.0000000000000000 50.0972762645914429 52309.4210019417441799
383 0.9160825417622012 58039.0000000000000000 50.2537080405932883 52327.4505475728146848
384 0.9162790697674419 58049.0000000000000000 50.3716744913928025 52345.4856543689311366
385 0.9164100884376024 58057.0000000000000000 50.4506269592476499 52359.9138640776727698
386 0.9164755977726826 58080.0000000000000000 50.4901960784313744 52401.3992543689309969
387 0.9164755977726826 58080.0000000000000000 50.4901960784313744 52401.3992543689309969
388 0.9164755977726826 58080.0000000000000000 50.4901960784313744 52401.3992543689309969
389 0.9164755977726826 58080.0000000000000000 50.4901960784313744 52401.3992543689309969
390 0.9166721257779233 58095.0000000000000000 50.6092767295597454 52428.4679611650499282
391 0.9167376351130037 58099.0000000000000000 50.6490952006294251 52435.6875339805847034
392 0.9168031444480839 58099.0000000000000000 50.6889763779527556 52435.6889320388363558
393 0.9168031444480839 58099.0000000000000000 50.6889763779527556 52435.6889320388363558
394 0.9168686537831641 58101.0000000000000000 50.7289204097714759 52439.2989669902890455
395 0.9169996724533246 58176.0000000000000000 50.8089976322020505 52574.6897242718478083
396 0.9169996724533246 58176.0000000000000000 50.8089976322020505 52574.6897242718478083
397 0.9170651817884048 58181.0000000000000000 50.8491311216429693 52583.7267728155347868
398 0.9171306911234851 58185.0000000000000000 50.8893280632411091 52590.9570330097121769
399 0.9173272191287258 58197.0000000000000000 51.0103011093502374 52612.6507961165043525
400 0.9177202751392073 58213.0000000000000000 51.2539808917197419 52641.5845436893214355
401 0.9177857844742876 58217.0000000000000000 51.2948207171314721 52648.8187805825218675
402 0.9178512938093678 58219.0000000000000000 51.3357256778309434 52652.4361475728146615
403 0.9181788404847691 58246.0000000000000000 51.5412329863891117 52701.2810718446635292
404 0.9183753684900098 58255.0000000000000000 51.6653290529695042 52717.5685747572788387
405 0.9185718964952506 58265.0000000000000000 51.7900241351568766 52735.6682097087395960
406 0.9188339338355715 58283.0000000000000000 51.9572235673930578 52768.2551145631077816
407 0.9189649525057321 58294.0000000000000000 52.0412287793047668 52788.1737475728150457
408 0.9193580085162135 58318.0000000000000000 52.2948822095857011 52831.6464932038870757
409 0.9195545365214544 58345.0000000000000000 52.4226384364820817 52880.5717281553370412
410 0.9196855551916148 58353.0000000000000000 52.5081566068515500 52895.0735067961140885
411 0.9198820831968556 58365.0000000000000000 52.6369582992641014 52916.8297786407783860
412 0.9199475925319358 58370.0000000000000000 52.6800327332242233 52925.8961864077646169
413 0.9200131018670160 58379.0000000000000000 52.7231777231777201 52942.2171184465987608
414 0.9202096298722569 58420.0000000000000000 52.8530377668308731 53016.5919223300952581
415 0.9202751392073371 58425.0000000000000000 52.8964667214461812 53025.6668737864092691
416 0.9204061578774976 58435.0000000000000000 52.9835390946502045 53043.8205669902890804
417 0.9204061578774976 58435.0000000000000000 52.9835390946502045 53043.8205669902890804
418 0.9204716672125778 58457.0000000000000000 53.0271828665568350 53083.7606058252422372
419 0.9204716672125778 58457.0000000000000000 53.0271828665568350 53083.7606058252422372
420 0.9205371765476580 58461.0000000000000000 53.0708985985160737 53091.0251650485442951
421 0.9205371765476580 58461.0000000000000000 53.0708985985160737 53091.0251650485442951
422 0.9206026858827383 58463.0000000000000000 53.1146864686468660 53094.6576932038806262
423 0.9206681952178185 58472.0000000000000000 53.1585466556564796 53111.0046291262115119
424 0.9208647232230592 58489.0000000000000000 53.2905629139072872 53141.8896621359235724
425 0.9210612512283001 58502.0000000000000000 53.4232365145228201 53165.5179961165049463
426 0.9213887979037013 58519.0000000000000000 53.6458333333333357 53196.4240932038810570
427 0.9213887979037013 58519.0000000000000000 53.6458333333333357 53196.4240932038810570
428 0.9217163445791026 58541.0000000000000000 53.8702928870292865 53236.4283184466039529
429 0.9218473632492630 58546.0000000000000000 53.9606035205364662 53245.5223145631098305
430 0.9218473632492630 58546.0000000000000000 53.9606035205364662 53245.5223145631098305
431 0.9219783819194235 58560.0000000000000000 54.0512174643156982 53270.9883805825229501
432 0.9221094005895840 58562.0000000000000000 54.1421362489486953 53274.6296077669903752
433 0.9221749099246642 58566.0000000000000000 54.1877104377104359 53281.9072155339817982
434 0.9223714379299051 58574.0000000000000000 54.3248945147679336 53296.4648543689327198
435 0.9226989846053063 58601.0000000000000000 54.5550847457627128 53345.6071300970870652
436 0.9230265312807076 58625.0000000000000000 54.7872340425531945 53389.3092815533964313
437 0.9230920406157878 58630.0000000000000000 54.8339011925042570 53398.4160776699063717
438 0.9232230592859483 58634.0000000000000000 54.9274744027303754 53405.7027572815568419
439 0.9233540779561088 58639.0000000000000000 55.0213675213675231 53414.8137475728144636
440 0.9233540779561088 58639.0000000000000000 55.0213675213675231 53414.8137475728144636
441 0.9236161152964297 58648.0000000000000000 55.2101200686106353 53431.2120699029110256
442 0.9237471339665903 58652.0000000000000000 55.3049828178694156 53438.5014834951434750
443 0.9238781526367508 58661.0000000000000000 55.4001721170395882 53454.9018873786408221
444 0.9239436619718310 58692.0000000000000000 55.4478897502153316 53511.3986951456317911
445 0.9240746806419915 58701.0000000000000000 55.5435720448662664 53527.8102834951423574
446 0.9241401899770717 58701.0000000000000000 55.5915371329879093 53527.8109048543701647
447 0.9242056993121520 58705.0000000000000000 55.6395851339671594 53535.1057864077665727
448 0.9242712086472322 58705.0000000000000000 55.6877162629757763 53535.1071844660182251
449 0.9244677366524729 58714.0000000000000000 55.8326105810928013 53551.5251417475737981
450 0.9245987553226335 58723.0000000000000000 55.9296264118158106 53567.9428815533974557
451 0.9246642646577137 58728.0000000000000000 55.9782608695652186 53577.0649009708722588
452 0.9247952833278742 58733.0000000000000000 56.0757839721254356 53586.1879456310707610
453 0.9248607926629545 58738.0000000000000000 56.1246730601569297 53595.3115184466005303
454 0.9249263019980347 58743.0000000000000000 56.1736474694589845 53604.4358679611614207
455 0.9251883393383558 58759.0000000000000000 56.3704028021015731 53633.6391611650469713
456 0.9252538486734360 58764.0000000000000000 56.4198071866783550 53642.7667728155356599
457 0.9253848673435965 58771.0000000000000000 56.5188762071992983 53655.5468271844656556
458 0.9254503766786767 58771.0000000000000000 56.5685413005272437 53655.5482252427173080
459 0.9255158860137570 58777.0000000000000000 56.6182937554969214 53666.5035961165049230
460 0.9256469046839174 58781.0000000000000000 56.7180616740088084 53673.8090407767012948
461 0.9256469046839174 58781.0000000000000000 56.7180616740088084 53673.8090407767012948
462 0.9259089420242385 58821.0000000000000000 56.9186560565870892 53746.8752310679628863
463 0.9261054700294792 58835.0000000000000000 57.0700354609929050 53772.4610019417450530
464 0.9261054700294792 58835.0000000000000000 57.0700354609929050 53772.4610019417450530
465 0.9261709793645595 58835.0000000000000000 57.1206743566992046 53772.4616233009728603
466 0.9263019980347199 58839.0000000000000000 57.2222222222222214 53779.7748349514586153
467 0.9264330167048804 58839.0000000000000000 57.3241317898486216 53779.7765747572848340
468 0.9265640353750410 58858.0000000000000000 57.4264049955396985 53814.5105864077704609
469 0.9266950540452015 58884.0000000000000000 57.5290437890974076 53862.0593864077673061
470 0.9267605633802817 58889.0000000000000000 57.5805008944543815 53871.2064155339830904
471 0.9269570913855224 58908.0000000000000000 57.7354260089686093 53905.9716504854368395
472 0.9270226007206027 58912.0000000000000000 57.7872531418312363 53913.2922563106767484
473 0.9271536193907631 58921.0000000000000000 57.8911870503597115 53929.7653592233036761
474 0.9273501473960040 58932.0000000000000000 58.0477908025247942 53949.9026485436916118
475 0.9273501473960040 58932.0000000000000000 58.0477908025247942 53949.9026485436916118
476 0.9275466754012447 58941.0000000000000000 58.2052441229656452 53966.3819029126243549
477 0.9276121847363249 58946.0000000000000000 58.2579185520362017 53975.5377864077672712
478 0.9276776940714052 58959.0000000000000000 58.3106884057971016 53999.3451029126226786
479 0.9276776940714052 58959.0000000000000000 58.3106884057971016 53999.3451029126226786
480 0.9277432034064854 58968.0000000000000000 58.3635539437896611 54015.8307262135931524
481 0.9278742220766459 58977.0000000000000000 58.4695731153496823 54032.3194873786414973
482 0.9278742220766459 58977.0000000000000000 58.4695731153496823 54032.3194873786414973
483 0.9279397314117261 58981.0000000000000000 58.5227272727272734 54039.6486679611625732
484 0.9280707500818867 58995.0000000000000000 58.6293260473588376 54065.3036582524291589
485 0.9280707500818867 58995.0000000000000000 58.6293260473588376 54065.3036582524291589
486 0.9282672780871274 59004.0000000000000000 58.7899543378995446 54081.8015844660185394
487 0.9283982967572879 59026.0000000000000000 58.8975297346752029 54122.1331728155346354
488 0.9283982967572879 59026.0000000000000000 58.8975297346752029 54122.1331728155346354
489 0.9283982967572879 59026.0000000000000000 58.8975297346752029 54122.1331728155346354
490 0.9285293154274484 59039.0000000000000000 59.0054995417048573 54145.9741980582548422
491 0.9285948247625286 59039.0000000000000000 59.0596330275229349 54145.9759378640810610
492 0.9286603340976090 59044.0000000000000000 59.1138659320477515 54155.1470446601961157
493 0.9286603340976090 59044.0000000000000000 59.1138659320477515 54155.1470446601961157
494 0.9287258434326892 59048.0000000000000000 59.1681985294117680 54162.4845514563130564
495 0.9287258434326892 59048.0000000000000000 59.1681985294117680 54162.4845514563130564
496 0.9287258434326892 59048.0000000000000000 59.1681985294117680 54162.4845514563130564
497 0.9287258434326892 59048.0000000000000000 59.1681985294117680 54162.4845514563130564
498 0.9287258434326892 59048.0000000000000000 59.1681985294117680 54162.4845514563130564
499 0.9287913527677694 59052.0000000000000000 59.2226310947562098 54169.8225553398078773
500 0.9288568621028497 59057.0000000000000000 59.2771639042357279 54178.9956815533951158
501 0.9288568621028497 59057.0000000000000000 59.2771639042357279 54178.9956815533951158
502 0.9289878807730102 59067.0000000000000000 59.3865313653136511 54197.3442640776702319
503 0.9289878807730102 59067.0000000000000000 59.3865313653136511 54197.3442640776702319
504 0.9290533901080904 59072.0000000000000000 59.4413665743305657 54206.5197203883508337
505 0.9290533901080904 59072.0000000000000000 59.4413665743305657 54206.5197203883508337
506 0.9290533901080904 59072.0000000000000000 59.4413665743305657 54206.5197203883508337
507 0.9291188994431706 59076.0000000000000000 59.4963031423290190 54213.8607067961129360
508 0.9291844087782509 59076.0000000000000000 59.5513413506012981 54213.8609553398055141
509 0.9292499181133311 59080.0000000000000000 59.6064814814814810 54221.2024388349527726
510 0.9293809367834917 59084.0000000000000000 59.7170686456400759 54228.5496699029099545
511 0.9293809367834917 59084.0000000000000000 59.7170686456400759 54228.5496699029099545
512 0.9295774647887324 59095.0000000000000000 59.8837209302325562 54248.7426640776684508
513 0.9295774647887324 59095.0000000000000000 59.8837209302325562 54248.7426640776684508
514 0.9295774647887324 59095.0000000000000000 59.8837209302325562 54248.7426640776684508
515 0.9296429741238127 59095.0000000000000000 59.9394785847299829 54248.7432854368962580
516 0.9297084834588929 59099.0000000000000000 59.9953401677539588 54256.0871300970902666
517 0.9297084834588929 59099.0000000000000000 59.9953401677539588 54256.0871300970902666
518 0.9299705207992139 59123.0000000000000000 60.2198316183348936 54300.1592388349527027
519 0.9300360301342941 59127.0000000000000000 60.2762172284644180 54307.5065631067991490
520 0.9300360301342941 59127.0000000000000000 60.2762172284644180 54307.5065631067991490
521 0.9300360301342941 59127.0000000000000000 60.2762172284644180 54307.5065631067991490
522 0.9300360301342941 59127.0000000000000000 60.2762172284644180 54307.5065631067991490
523 0.9300360301342941 59127.0000000000000000 60.2762172284644180 54307.5065631067991490
524 0.9301015394693743 59145.0000000000000000 60.3327085285848170 54340.5717592232977040
525 0.9301015394693743 59145.0000000000000000 60.3327085285848170 54340.5717592232977040
526 0.9302980674746152 59191.0000000000000000 60.5028195488721821 54425.1012815533977118
527 0.9302980674746152 59191.0000000000000000 60.5028195488721821 54425.1012815533977118
528 0.9303635768096954 59196.0000000000000000 60.5597365945437431 54434.2960000000020955
529 0.9303635768096954 59196.0000000000000000 60.5597365945437431 54434.2960000000020955
530 0.9304945954798559 59215.0000000000000000 60.6738925541941541 54469.2407456310684211
531 0.9306911234850966 59233.0000000000000000 60.8459357277882802 54502.3582912621350260
532 0.9306911234850966 59233.0000000000000000 60.8459357277882802 54502.3582912621350260
533 0.9307566328201768 59244.0000000000000000 60.9035004730368996 54522.6010252427149680
534 0.9308221421552572 59246.0000000000000000 60.9611742424242422 54526.2822058252422721
535 0.9308876514903374 59250.0000000000000000 61.0189573459715646 54533.6448155339821824
536 0.9309531608254176 59250.0000000000000000 61.0768500948766615 54533.6454368932027137
537 0.9310841794955781 59260.0000000000000000 61.1929657794676771 54552.0539495145640103
538 0.9311496888306584 59265.0000000000000000 61.2511893434823946 54561.2593864077643957
539 0.9312807075008188 59279.0000000000000000 61.3679694947569132 54587.0381825242729974
540 0.9313462168358991 59288.0000000000000000 61.4265267175572518 54603.6132815534001566
541 0.9314117261709793 59293.0000000000000000 61.4851957975167167 54612.8230679611660889
542 0.9314117261709793 59293.0000000000000000 61.4851957975167167 54612.8230679611660889
543 0.9314772355060597 59297.0000000000000000 61.5439770554493322 54620.1915184466051869
544 0.9315427448411399 59297.0000000000000000 61.6028708133971321 54620.1999067961151013
545 0.9316082541762201 59306.0000000000000000 61.6618773946360150 54636.7800388349496643
546 0.9316082541762201 59306.0000000000000000 61.6618773946360150 54636.7800388349496643
547 0.9316082541762201 59306.0000000000000000 61.6618773946360150 54636.7800388349496643
548 0.9316082541762201 59306.0000000000000000 61.6618773946360150 54636.7800388349496643
549 0.9316737635113004 59310.0000000000000000 61.7209971236816841 54644.1501048543723300
550 0.9316737635113004 59310.0000000000000000 61.7209971236816841 54644.1501048543723300
551 0.9316737635113004 59310.0000000000000000 61.7209971236816841 54644.1501048543723300
552 0.9317392728463806 59310.0000000000000000 61.7802303262955874 54644.1593941747560166
553 0.9318047821814609 59310.0000000000000000 61.8395773294908722 54644.1602640776691260
554 0.9318047821814609 59310.0000000000000000 61.8395773294908722 54644.1602640776691260
555 0.9318047821814609 59310.0000000000000000 61.8395773294908722 54644.1602640776691260
556 0.9318702915165411 59314.0000000000000000 61.8990384615384599 54651.5308271844623960
557 0.9319358008516213 59319.0000000000000000 61.9586140519730506 54660.7446524271872477
558 0.9320668195217818 59341.0000000000000000 62.0781099324975898 54701.2911378640783369
559 0.9321323288568621 59346.0000000000000000 62.1380308880308903 54710.5091572815508698
560 0.9322633475270226 59356.0000000000000000 62.2582205029013522 54728.9474951456286362
561 0.9322633475270226 59356.0000000000000000 62.2582205029013522 54728.9474951456286362
562 0.9323943661971831 59360.0000000000000000 62.3788759689922472 54736.3243961165062501
563 0.9325253848673436 59364.0000000000000000 62.5000000000000000 54743.7021048543683719
564 0.9325253848673436 59364.0000000000000000 62.5000000000000000 54743.7021048543683719
565 0.9327219128725843 59379.0000000000000000 62.6825705939629998 54771.3688077669867198
566 0.9328529315427448 59390.0000000000000000 62.8048780487804876 54791.6623689320404083
567 0.9329839502129054 59405.0000000000000000 62.9276637341153489 54819.3409398058283841
568 0.9330494595479856 59411.0000000000000000 62.9892367906066539 54830.4144932038834668
569 0.9330494595479856 59411.0000000000000000 62.9892367906066539 54830.4144932038834668
570 0.9331149688830659 59416.0000000000000000 63.0509304603330065 54839.6433864077698672
571 0.9331804782181461 59421.0000000000000000 63.1127450980392126 54848.8730563106801128
572 0.9331804782181461 59421.0000000000000000 63.1127450980392126 54848.8730563106801128
573 0.9332459875532263 59425.0000000000000000 63.1746810598626070 54856.2574135922332061
574 0.9333114968883066 59431.0000000000000000 63.2367387033398813 54867.3346951456333045
575 0.9333114968883066 59431.0000000000000000 63.2367387033398813 54867.3346951456333045
576 0.9333770062233868 59431.0000000000000000 63.2989183874139627 54867.3387339805849479
577 0.9333770062233868 59431.0000000000000000 63.2989183874139627 54867.3387339805849479
578 0.9335735342286275 59441.0000000000000000 63.4861932938855986 54885.8052504854349536
579 0.9336390435637079 59446.0000000000000000 63.5488647581441271 54895.0388038834935287
580 0.9336390435637079 59446.0000000000000000 63.5488647581441271 54895.0388038834935287
581 0.9337045528987881 59450.0000000000000000 63.6116600790513829 54902.4262679611638305
582 0.9337045528987881 59450.0000000000000000 63.6116600790513829 54902.4262679611638305
583 0.9337045528987881 59450.0000000000000000 63.6116600790513829 54902.4262679611638305
584 0.9338355715689486 59482.0000000000000000 63.7376237623762378 54961.5363883495156188
585 0.9339010809040288 59486.0000000000000000 63.8007928642220037 54968.9283262135941186
586 0.9339010809040288 59486.0000000000000000 63.8007928642220037 54968.9283262135941186
587 0.9339665902391091 59504.0000000000000000 63.8640873015873041 55002.1942834951478289
588 0.9339665902391091 59504.0000000000000000 63.8640873015873041 55002.1942834951478289
589 0.9340320995741893 59547.0000000000000000 63.9275074478649472 55081.6870058252461604
590 0.9340320995741893 59547.0000000000000000 63.9275074478649472 55081.6870058252461604
591 0.9340976089092695 59587.0000000000000000 63.9910536779324062 55155.6871611650494742
592 0.9341631182443498 59591.0000000000000000 64.0547263681592085 55163.0921475728173391
593 0.9343596462495906 59603.0000000000000000 64.2465069860279385 55185.3100893203882151
594 0.9343596462495906 59603.0000000000000000 64.2465069860279385 55185.3100893203882151
595 0.9343596462495906 59603.0000000000000000 64.2465069860279385 55185.3100893203882151
596 0.9343596462495906 59603.0000000000000000 64.2465069860279385 55185.3100893203882151
597 0.9344251555846708 59603.0000000000000000 64.3106893106893125 55185.3107106796087464
598 0.9344906649197511 59603.0000000000000000 64.3750000000000000 55185.3113320388365537
599 0.9344906649197511 59603.0000000000000000 64.3750000000000000 55185.3113320388365537
600 0.9345561742548313 59607.0000000000000000 64.4394394394394396 55192.7183067961159395
601 0.9345561742548313 59607.0000000000000000 64.4394394394394396 55192.7183067961159395
602 0.9346871929249918 59614.0000000000000000 64.5687061183550668 55205.6816932038855157
603 0.9346871929249918 59614.0000000000000000 64.5687061183550668 55205.6816932038855157
604 0.9347527022600720 59618.0000000000000000 64.6335341365461886 55213.0900349514558911
605 0.9348837209302325 59627.0000000000000000 64.7635814889335961 55229.7605436893209117
606 0.9349492302653128 59629.0000000000000000 64.8288016112789478 55233.4655223300942453
607 0.9349492302653128 59629.0000000000000000 64.8288016112789478 55233.4655223300942453
608 0.9350147396003931 59633.0000000000000000 64.8941532258064484 55240.8757281553407665
609 0.9350147396003931 59633.0000000000000000 64.8941532258064484 55240.8757281553407665
610 0.9351457582705536 59655.0000000000000000 65.0252525252525260 55281.6368310679608840
611 0.9352767769407141 59668.0000000000000000 65.1568825910931224 55305.7316194174782140
612 0.9353422862757943 59672.0000000000000000 65.2228976697061853 55313.1466718446608866
613 0.9354077956108745 59686.0000000000000000 65.2890466531440126 55339.1010951456337352
614 0.9354733049459548 59691.0000000000000000 65.3553299492385804 55348.3727067961153807
615 0.9355388142810350 59700.0000000000000000 65.4217479674796749 55365.0630058252427261
616 0.9356698329511955 59713.0000000000000000 65.5549898167006120 55389.1759689320388134
617 0.9356698329511955 59713.0000000000000000 65.5549898167006120 55389.1759689320388134
618 0.9357353422862758 59717.0000000000000000 65.6218144750254879 55396.5966135922353715
619 0.9357353422862758 59717.0000000000000000 65.6218144750254879 55396.5966135922353715
620 0.9358008516213561 59719.0000000000000000 65.6887755102040813 55400.3071844660225906
621 0.9358008516213561 59719.0000000000000000 65.6887755102040813 55400.3071844660225906
622 0.9358663609564363 59724.0000000000000000 65.7558733401429976 55409.5839223300936283
623 0.9358663609564363 59724.0000000000000000 65.7558733401429976 55409.5839223300936283
624 0.9359318702915166 59726.0000000000000000 65.8231083844580809 55413.2949281553374021
625 0.9359973796265968 59731.0000000000000000 65.8904810644831116 55422.5727533980607404
626 0.9359973796265968 59731.0000000000000000 65.8904810644831116 55422.5727533980607404
627 0.9359973796265968 59731.0000000000000000 65.8904810644831116 55422.5727533980607404
628 0.9359973796265968 59731.0000000000000000 65.8904810644831116 55422.5727533980607404
629 0.9359973796265968 59731.0000000000000000 65.8904810644831116 55422.5727533980607404
630 0.9360628889616770 59735.0000000000000000 65.9579918032786878 55429.9956349514541216
631 0.9361283982967573 59740.0000000000000000 66.0256410256410220 55439.2748582524291123
632 0.9361939076318375 59758.0000000000000000 66.0934291581108795 55472.6828582524249214
633 0.9361939076318375 59758.0000000000000000 66.0934291581108795 55472.6828582524249214
634 0.9362594169669178 59758.0000000000000000 66.1613566289825314 55472.6849708737863693
635 0.9363249263019980 59764.0000000000000000 66.2294238683127503 55483.8243262135947589
636 0.9363249263019980 59764.0000000000000000 66.2294238683127503 55483.8243262135947589
637 0.9363249263019980 59764.0000000000000000 66.2294238683127503 55483.8243262135947589
638 0.9363904356370782 59766.0000000000000000 66.2976313079299757 55487.5378174757279339
639 0.9363904356370782 59766.0000000000000000 66.2976313079299757 55487.5378174757279339
640 0.9363904356370782 59766.0000000000000000 66.2976313079299757 55487.5378174757279339
641 0.9363904356370782 59766.0000000000000000 66.2976313079299757 55487.5378174757279339
642 0.9363904356370782 59766.0000000000000000 66.2976313079299757 55487.5378174757279339
643 0.9366524729773993 59794.0000000000000000 66.5718717683557344 55539.5373203883500537
644 0.9366524729773993 59794.0000000000000000 66.5718717683557344 55539.5373203883500537
645 0.9367834916475598 59810.0000000000000000 66.7098445595854912 55569.2610330097086262
646 0.9367834916475598 59810.0000000000000000 66.7098445595854912 55569.2610330097086262
647 0.9367834916475598 59810.0000000000000000 66.7098445595854912 55569.2610330097086262
648 0.9369145103177203 59812.0000000000000000 66.8483904465212930 55572.9780038834942388
649 0.9369145103177203 59812.0000000000000000 66.8483904465212930 55572.9780038834942388
650 0.9369800196528005 59821.0000000000000000 66.9178794178794192 55589.7021359223290347
651 0.9369800196528005 59821.0000000000000000 66.9178794178794192 55589.7021359223290347
652 0.9369800196528005 59821.0000000000000000 66.9178794178794192 55589.7021359223290347
653 0.9370455289878807 59826.0000000000000000 66.9875130072840790 55598.9947184466000181
654 0.9370455289878807 59826.0000000000000000 66.9875130072840790 55598.9947184466000181
655 0.9371110383229611 59826.0000000000000000 67.0572916666666714 55598.9995339805827825
656 0.9372420569931216 59832.0000000000000000 67.1972860125260922 55610.1518135922306101
657 0.9373075663282018 59837.0000000000000000 67.2675026123302047 55619.4461048543671495
658 0.9373730756632820 59842.0000000000000000 67.3378661087866135 55628.7411728155348101
659 0.9373730756632820 59842.0000000000000000 67.3378661087866135 55628.7411728155348101
660 0.9374385849983623 59846.0000000000000000 67.4083769633507899 55636.1778485436880146
661 0.9375040943334425 59850.0000000000000000 67.4790356394129986 55643.6150213592263754
662 0.9375696036685227 59855.0000000000000000 67.5498426023085017 55652.9121087378662196
663 0.9375696036685227 59855.0000000000000000 67.5498426023085017 55652.9121087378662196
664 0.9375696036685227 59855.0000000000000000 67.5498426023085017 55652.9121087378662196
665 0.9375696036685227 59855.0000000000000000 67.5498426023085017 55652.9121087378662196
666 0.9375696036685227 59855.0000000000000000 67.5498426023085017 55652.9121087378662196
667 0.9375696036685227 59855.0000000000000000 67.5498426023085017 55652.9121087378662196
668 0.9375696036685227 59855.0000000000000000 67.5498426023085017 55652.9121087378662196
669 0.9375696036685227 59855.0000000000000000 67.5498426023085017 55652.9121087378662196
670 0.9376351130036030 59860.0000000000000000 67.6207983193277329 55662.2099728155371849
671 0.9377661316737635 59876.0000000000000000 67.7631578947368354 55691.9673320388319553
672 0.9378316410088438 59881.0000000000000000 67.8345626975764020 55701.2684582524307189
673 0.9378971503439240 59885.0000000000000000 67.9061181434599206 55708.7099805825273506
674 0.9378971503439240 59885.0000000000000000 67.9061181434599206 55708.7099805825273506
675 0.9378971503439240 59885.0000000000000000 67.9061181434599206 55708.7099805825273506
676 0.9378971503439240 59885.0000000000000000 67.9061181434599206 55708.7099805825273506
677 0.9380281690140845 59896.0000000000000000 68.0496828752642671 55729.1760932038814644
678 0.9381591876842450 59909.0000000000000000 68.1938559322033910 55753.3673475728137419
679 0.9382246970193252 59911.0000000000000000 68.2661717921527043 55757.0898485436919145
680 0.9382902063544055 59917.0000000000000000 68.3386411889596559 55768.2577242718471098
681 0.9383557156894857 59917.0000000000000000 68.4112646121147776 55768.2583456310676411
682 0.9384212250245660 59937.0000000000000000 68.4840425531914860 55805.4883262135917903
683 0.9385522436947265 59955.0000000000000000 68.6300639658848581 55839.0085126213598414
684 0.9386832623648870 59971.0000000000000000 68.7767094017093967 55868.8128776699013542
685 0.9386832623648870 59971.0000000000000000 68.7767094017093967 55868.8128776699013542
686 0.9386832623648870 59971.0000000000000000 68.7767094017093967 55868.8128776699013542
687 0.9388142810350475 60011.0000000000000000 68.9239828693790173 55943.3444194174735458
688 0.9388142810350475 60011.0000000000000000 68.9239828693790173 55943.3444194174735458
689 0.9388797903701277 60013.0000000000000000 68.9978563772775999 55947.0732582524287864
690 0.9390108090402882 60022.0000000000000000 69.1460794844253428 55963.8542135922325542
691 0.9391418277104487 60032.0000000000000000 69.2949407965554371 55982.5026019417491625
692 0.9392073370455289 60036.0000000000000000 69.3696120689655231 55989.9628893203916959
693 0.9392073370455289 60036.0000000000000000 69.3696120689655231 55989.9628893203916959
694 0.9392073370455289 60036.0000000000000000 69.3696120689655231 55989.9628893203916959
695 0.9392728463806093 60038.0000000000000000 69.4444444444444429 55993.6932815533946268
696 0.9393383557156895 60043.0000000000000000 69.5194384449244041 56003.0195728155304096
697 0.9393383557156895 60043.0000000000000000 69.5194384449244041 56003.0195728155304096
698 0.9395348837209302 60061.0000000000000000 69.7453954496208013 56036.5996582524239784
699 0.9396659023910907 60086.0000000000000000 69.8968512486427755 56083.2515883495143498
700 0.9397314117261710 60088.0000000000000000 69.9728260869565162 56086.9850873786417651
701 0.9397314117261710 60088.0000000000000000 69.9728260869565162 56086.9850873786417651
702 0.9397314117261710 60088.0000000000000000 69.9728260869565162 56086.9850873786417651
703 0.9397969210612512 60092.0000000000000000 70.0489662676822604 56094.4523339805818978
704 0.9397969210612512 60092.0000000000000000 70.0489662676822604 56094.4523339805818978
705 0.9398624303963314 60094.0000000000000000 70.1252723311546902 56098.1862058252445422
706 0.9398624303963314 60094.0000000000000000 70.1252723311546902 56098.1862058252445422
707 0.9399279397314118 60096.0000000000000000 70.2017448200654286 56101.9202019417498377
708 0.9399279397314118 60096.0000000000000000 70.2017448200654286 56101.9202019417498377
709 0.9399279397314118 60096.0000000000000000 70.2017448200654286 56101.9202019417498377
710 0.9399279397314118 60096.0000000000000000 70.2017448200654286 56101.9202019417498377
711 0.9399934490664920 60100.0000000000000000 70.2783842794759863 56109.3884427184457309
712 0.9400589584015723 60109.0000000000000000 70.3551912568306079 56126.1931029126208159
713 0.9401244677366525 60111.0000000000000000 70.4321663019693602 56129.9280310679605464
714 0.9402554864068130 60118.0000000000000000 70.5866228070175481 56143.0010252427164232
715 0.9403209957418932 60123.0000000000000000 70.6641053787047184 56152.3397436893210397
716 0.9403865050769735 60127.0000000000000000 70.7417582417582480 56159.8113398058267194
717 0.9404520144120537 60129.0000000000000000 70.8195819581958261 56163.5473864077648614
718 0.9404520144120537 60129.0000000000000000 70.8195819581958261 56163.5473864077648614
719 0.9405830330822142 60133.0000000000000000 70.9757442116868731 56171.0203495145615307
720 0.9407140517523747 60137.0000000000000000 71.1325966850828735 56178.4937475728147547
721 0.9407795610874550 60146.0000000000000000 71.2112831858407134 56195.3087533980578883
722 0.9408450704225352 60148.0000000000000000 71.2901439645625743 56199.0459805825230433
723 0.9409105797576155 60152.0000000000000000 71.3691796008869233 56206.5206834951459314
724 0.9409105797576155 60152.0000000000000000 71.3691796008869233 56206.5206834951459314
725 0.9409105797576155 60152.0000000000000000 71.3691796008869233 56206.5206834951459314
726 0.9409760890926957 60154.0000000000000000 71.4483906770255288 56210.2582834951463155
727 0.9409760890926957 60154.0000000000000000 71.4483906770255288 56210.2582834951463155
728 0.9409760890926957 60154.0000000000000000 71.4483906770255288 56210.2582834951463155
729 0.9409760890926957 60154.0000000000000000 71.4483906770255288 56210.2582834951463155
730 0.9409760890926957 60154.0000000000000000 71.4483906770255288 56210.2582834951463155
731 0.9409760890926957 60154.0000000000000000 71.4483906770255288 56210.2582834951463155
732 0.9409760890926957 60154.0000000000000000 71.4483906770255288 56210.2582834951463155
733 0.9409760890926957 60154.0000000000000000 71.4483906770255288 56210.2582834951463155
734 0.9410415984277759 60159.0000000000000000 71.5277777777777715 56219.6025941747575416
735 0.9411071077628562 60161.0000000000000000 71.6073414905450534 56223.3406291262144805
736 0.9412381264330167 60168.0000000000000000 71.7670011148271954 56236.4244970873769489
737 0.9412381264330167 60168.0000000000000000 71.7670011148271954 56236.4244970873769489
738 0.9413036357680969 60177.0000000000000000 71.8470982142857082 56253.2481708737832378
739 0.9414346544382575 60181.0000000000000000 72.0078299776286315 56260.7274097087356495
740 0.9415001637733377 60186.0000000000000000 72.0884658454647251 56270.0759145631091087
741 0.9415001637733377 60186.0000000000000000 72.0884658454647251 56270.0759145631091087
742 0.9415001637733377 60186.0000000000000000 72.0884658454647251 56270.0759145631091087
743 0.9416311824434982 60205.0000000000000000 72.2502805836139146 56305.6042407767017721
744 0.9416311824434982 60205.0000000000000000 72.2502805836139146 56305.6042407767017721
745 0.9417622011136587 60230.0000000000000000 72.4128233970753712 56352.3685126213604235
746 0.9417622011136587 60230.0000000000000000 72.4128233970753712 56352.3685126213604235
747 0.9418277104487389 60235.0000000000000000 72.4943693693693660 56361.7246291262126761
748 0.9418277104487389 60235.0000000000000000 72.4943693693693660 56361.7246291262126761
749 0.9420242384539796 60239.0000000000000000 72.7401129943502838 56369.2130019417454605
750 0.9421552571241402 60245.0000000000000000 72.9048697621743997 56380.4422679611670901
751 0.9422207664592205 60256.0000000000000000 72.9875283446712046 56401.0308504854401690
752 0.9422862757943007 60261.0000000000000000 73.0703745743473263 56410.3910058252440649
753 0.9423517851293809 60265.0000000000000000 73.1534090909090935 56417.8797514563120785
754 0.9423517851293809 60265.0000000000000000 73.1534090909090935 56417.8797514563120785
755 0.9423517851293809 60265.0000000000000000 73.1534090909090935 56417.8797514563120785
756 0.9424172944644612 60276.0000000000000000 73.2366325369738291 56438.4751689320401056
757 0.9424172944644612 60276.0000000000000000 73.2366325369738291 56438.4751689320401056
758 0.9424172944644612 60276.0000000000000000 73.2366325369738291 56438.4751689320401056
759 0.9424172944644612 60276.0000000000000000 73.2366325369738291 56438.4751689320401056
760 0.9424828037995414 60280.0000000000000000 73.3200455580865622 56445.9657786407769891
761 0.9424828037995414 60280.0000000000000000 73.3200455580865622 56445.9657786407769891
762 0.9424828037995414 60280.0000000000000000 73.3200455580865622 56445.9657786407769891
763 0.9426138224697019 60334.0000000000000000 73.4874429223744272 56547.1033320388378343
764 0.9426138224697019 60334.0000000000000000 73.4874429223744272 56547.1033320388378343
765 0.9426138224697019 60334.0000000000000000 73.4874429223744272 56547.1033320388378343
766 0.9427448411398625 60343.0000000000000000 73.6556064073226509 56563.9740427184442524
767 0.9427448411398625 60343.0000000000000000 73.6556064073226509 56563.9740427184442524
768 0.9427448411398625 60343.0000000000000000 73.6556064073226509 56563.9740427184442524
769 0.9427448411398625 60343.0000000000000000 73.6556064073226509 56563.9740427184442524
770 0.9427448411398625 60343.0000000000000000 73.6556064073226509 56563.9740427184442524
771 0.9428103504749427 60348.0000000000000000 73.7399770904925589 56573.3477126213620068
772 0.9428758598100230 60353.0000000000000000 73.8245412844036650 56582.7221592233036063
773 0.9428758598100230 60353.0000000000000000 73.8245412844036650 56582.7221592233036063
774 0.9428758598100230 60353.0000000000000000 73.8245412844036650 56582.7221592233036063
775 0.9429413691451032 60353.0000000000000000 73.9092996555683186 56582.7224077669889084
776 0.9431378971503439 60353.0000000000000000 74.1647465437788043 56582.7247689320356585
777 0.9431378971503439 60353.0000000000000000 74.1647465437788043 56582.7247689320356585
778 0.9433344251555846 60378.0000000000000000 74.4219653179190743 56629.6072233009690535
779 0.9433344251555846 60378.0000000000000000 74.4219653179190743 56629.6072233009690535
780 0.9433999344906649 60382.0000000000000000 74.5081018518518476 56637.1105087378673488
781 0.9433999344906649 60382.0000000000000000 74.5081018518518476 56637.1105087378673488
782 0.9433999344906649 60382.0000000000000000 74.5081018518518476 56637.1105087378673488
783 0.9435309531608255 60388.0000000000000000 74.6809744779582303 56648.3664310679596383
784 0.9435309531608255 60388.0000000000000000 74.6809744779582303 56648.3664310679596383
785 0.9436619718309859 60392.0000000000000000 74.8546511627907023 56655.8743766990301083
786 0.9436619718309859 60392.0000000000000000 74.8546511627907023 56655.8743766990301083
787 0.9437274811660662 60401.0000000000000000 74.9417927823050007 56672.7606834951438941
788 0.9437274811660662 60401.0000000000000000 74.9417927823050007 56672.7606834951438941
789 0.9437274811660662 60401.0000000000000000 74.9417927823050007 56672.7606834951438941
790 0.9437274811660662 60401.0000000000000000 74.9417927823050007 56672.7606834951438941
791 0.9437274811660662 60401.0000000000000000 74.9417927823050007 56672.7606834951438941
792 0.9437929905011464 60401.0000000000000000 75.0291375291375289 56672.7620815533955465
793 0.9437929905011464 60401.0000000000000000 75.0291375291375289 56672.7620815533955465
794 0.9439240091713069 60403.0000000000000000 75.2044392523364422 56676.5165514563122997
795 0.9439240091713069 60403.0000000000000000 75.2044392523364422 56676.5165514563122997
796 0.9439240091713069 60403.0000000000000000 75.2044392523364422 56676.5165514563122997
797 0.9440550278414674 60413.0000000000000000 75.3805620608899289 56695.2833087378676282
798 0.9440550278414674 60413.0000000000000000 75.3805620608899289 56695.2833087378676282
799 0.9440550278414674 60413.0000000000000000 75.3805620608899289 56695.2833087378676282
800 0.9440550278414674 60413.0000000000000000 75.3805620608899289 56695.2833087378676282
801 0.9440550278414674 60413.0000000000000000 75.3805620608899289 56695.2833087378676282
802 0.9441860465116279 60422.0000000000000000 75.5575117370892002 56712.1761087378617958
803 0.9441860465116279 60422.0000000000000000 75.5575117370892002 56712.1761087378617958
804 0.9441860465116279 60422.0000000000000000 75.5575117370892002 56712.1761087378617958
805 0.9441860465116279 60422.0000000000000000 75.5575117370892002 56712.1761087378617958
806 0.9442515558467082 60422.0000000000000000 75.6462984723854248 56712.1767300970896031
807 0.9442515558467082 60422.0000000000000000 75.6462984723854248 56712.1767300970896031
808 0.9442515558467082 60422.0000000000000000 75.6462984723854248 56712.1767300970896031
809 0.9442515558467082 60422.0000000000000000 75.6462984723854248 56712.1767300970896031
810 0.9443170651817884 60444.0000000000000000 75.7352941176470580 56753.4748737864065333
811 0.9443825745168687 60444.0000000000000000 75.8244994110718551 56753.4754330097057391
812 0.9443825745168687 60444.0000000000000000 75.8244994110718551 56753.4754330097057391
813 0.9443825745168687 60444.0000000000000000 75.8244994110718551 56753.4754330097057391
814 0.9443825745168687 60444.0000000000000000 75.8244994110718551 56753.4754330097057391
815 0.9444480838519489 60459.0000000000000000 75.9139150943396288 56781.6435106796125183
816 0.9445135931870291 60461.0000000000000000 76.0035419126328264 56785.4001864077654318
817 0.9445135931870291 60461.0000000000000000 76.0035419126328264 56785.4001864077654318
818 0.9446446118571896 60466.0000000000000000 76.1834319526627155 56794.8148349514594884
819 0.9446446118571896 60466.0000000000000000 76.1834319526627155 56794.8148349514594884
820 0.9446446118571896 60466.0000000000000000 76.1834319526627155 56794.8148349514594884
821 0.9446446118571896 60466.0000000000000000 76.1834319526627155 56794.8148349514594884
822 0.9447101211922699 60470.0000000000000000 76.2736966824644611 56802.3290563106784248
823 0.9447101211922699 60470.0000000000000000 76.2736966824644611 56802.3290563106784248
824 0.9447101211922699 60470.0000000000000000 76.2736966824644611 56802.3290563106784248
825 0.9447101211922699 60470.0000000000000000 76.2736966824644611 56802.3290563106784248
826 0.9447101211922699 60470.0000000000000000 76.2736966824644611 56802.3290563106784248
827 0.9447101211922699 60470.0000000000000000 76.2736966824644611 56802.3290563106784248
828 0.9447756305273501 60474.0000000000000000 76.3641755634638173 56809.8437747572825174
829 0.9448411398624303 60479.0000000000000000 76.4548693586698391 56819.2377941747545265
830 0.9448411398624303 60479.0000000000000000 76.4548693586698391 56819.2377941747545265
831 0.9448411398624303 60479.0000000000000000 76.4548693586698391 56819.2377941747545265
832 0.9448411398624303 60479.0000000000000000 76.4548693586698391 56819.2377941747545265
833 0.9448411398624303 60479.0000000000000000 76.4548693586698391 56819.2377941747545265
834 0.9449066491975107 60484.0000000000000000 76.5457788347205650 56828.6325902912649326
835 0.9449066491975107 60484.0000000000000000 76.5457788347205650 56828.6325902912649326
836 0.9449066491975107 60484.0000000000000000 76.5457788347205650 56828.6325902912649326
837 0.9449066491975107 60484.0000000000000000 76.5457788347205650 56828.6325902912649326
838 0.9449721585325909 60495.0000000000000000 76.6369047619047592 56849.3028504854373750
839 0.9450376678676712 60499.0000000000000000 76.7282479141835552 56856.8206757281586761
840 0.9451031772027514 60501.0000000000000000 76.8198090692124111 56860.5798368932009907
841 0.9451031772027514 60501.0000000000000000 76.8198090692124111 56860.5798368932009907
842 0.9451031772027514 60501.0000000000000000 76.8198090692124111 56860.5798368932009907
843 0.9451031772027514 60501.0000000000000000 76.8198090692124111 56860.5798368932009907
844 0.9451031772027514 60501.0000000000000000 76.8198090692124111 56860.5798368932009907
845 0.9452341958729119 60515.0000000000000000 77.0035885167464045 56886.8960776699022972
846 0.9452997052079921 60520.0000000000000000 77.0958083832335319 56896.2964660194193129
847 0.9453652145430724 60524.0000000000000000 77.1882494004796200 56903.8173980582505465
848 0.9453652145430724 60524.0000000000000000 77.1882494004796200 56903.8173980582505465
849 0.9453652145430724 60524.0000000000000000 77.1882494004796200 56903.8173980582505465
850 0.9453652145430724 60524.0000000000000000 77.1882494004796200 56903.8173980582505465
851 0.9454307238781526 60557.0000000000000000 77.2809123649459764 56965.8691883495121147
852 0.9454307238781526 60557.0000000000000000 77.2809123649459764 56965.8691883495121147
853 0.9454307238781526 60557.0000000000000000 77.2809123649459764 56965.8691883495121147
854 0.9454307238781526 60557.0000000000000000 77.2809123649459764 56965.8691883495121147
855 0.9454307238781526 60557.0000000000000000 77.2809123649459764 56965.8691883495121147
856 0.9454962332132328 60566.0000000000000000 77.3737980769230802 56982.8016310679595335
857 0.9454962332132328 60566.0000000000000000 77.3737980769230802 56982.8016310679595335
858 0.9454962332132328 60566.0000000000000000 77.3737980769230802 56982.8016310679595335
859 0.9454962332132328 60566.0000000000000000 77.3737980769230802 56982.8016310679595335
860 0.9455617425483132 60571.0000000000000000 77.4669073405535471 56992.2099417475692462
861 0.9455617425483132 60571.0000000000000000 77.4669073405535471 56992.2099417475692462
862 0.9455617425483132 60571.0000000000000000 77.4669073405535471 56992.2099417475692462
863 0.9455617425483132 60571.0000000000000000 77.4669073405535471 56992.2099417475692462
864 0.9455617425483132 60571.0000000000000000 77.4669073405535471 56992.2099417475692462
865 0.9455617425483132 60571.0000000000000000 77.4669073405535471 56992.2099417475692462
866 0.9455617425483132 60571.0000000000000000 77.4669073405535471 56992.2099417475692462
867 0.9456272518833934 60576.0000000000000000 77.5602409638554207 57001.6190291262100800
868 0.9456927612184737 60581.0000000000000000 77.6537997587454782 57011.0288932038820349
869 0.9457582705535539 60586.0000000000000000 77.7475845410628068 57020.4395339805851108
870 0.9458892892237144 60591.0000000000000000 77.9358353510895938 57029.8511999999973341
871 0.9458892892237144 60591.0000000000000000 77.9358353510895938 57029.8511999999973341
872 0.9459547985587946 60595.0000000000000000 78.0303030303030312 57037.3809553398023127
873 0.9459547985587946 60595.0000000000000000 78.0303030303030312 57037.3809553398023127
874 0.9459547985587946 60595.0000000000000000 78.0303030303030312 57037.3809553398023127
875 0.9459547985587946 60595.0000000000000000 78.0303030303030312 57037.3809553398023127
876 0.9460203078938749 60600.0000000000000000 78.1250000000000000 57046.7937708737881621
877 0.9460203078938749 60600.0000000000000000 78.1250000000000000 57046.7937708737881621
878 0.9460203078938749 60600.0000000000000000 78.1250000000000000 57046.7937708737881621
879 0.9460203078938749 60600.0000000000000000 78.1250000000000000 57046.7937708737881621
880 0.9461513265640353 60614.0000000000000000 78.3150851581508505 57073.1532271844625939
881 0.9462168358991156 60618.0000000000000000 78.4104750304506695 57080.6858407766994787
882 0.9462168358991156 60618.0000000000000000 78.4104750304506695 57080.6858407766994787
883 0.9462823452341959 60618.0000000000000000 78.5060975609756042 57080.6860893203847809
884 0.9462823452341959 60618.0000000000000000 78.5060975609756042 57080.6860893203847809
885 0.9463478545692762 60632.0000000000000000 78.6019536019535963 57107.0519766990255448
886 0.9463478545692762 60632.0000000000000000 78.6019536019535963 57107.0519766990255448
887 0.9464788732394366 60634.0000000000000000 78.7943696450428348 57110.8196504854349769
888 0.9465443825745169 60640.0000000000000000 78.8909313725490193 57122.1222990291280439
889 0.9466098919095971 60640.0000000000000000 78.9877300613496942 57122.1232310679624788
890 0.9466098919095971 60640.0000000000000000 78.9877300613496942 57122.1232310679624788
891 0.9466098919095971 60640.0000000000000000 78.9877300613496942 57122.1232310679624788
892 0.9467409105797576 60657.0000000000000000 79.1820418204182062 57154.1521864077658392
893 0.9467409105797576 60657.0000000000000000 79.1820418204182062 57154.1521864077658392
894 0.9467409105797576 60657.0000000000000000 79.1820418204182062 57154.1521864077658392
895 0.9467409105797576 60657.0000000000000000 79.1820418204182062 57154.1521864077658392
896 0.9467409105797576 60657.0000000000000000 79.1820418204182062 57154.1521864077658392
897 0.9468064199148378 60659.0000000000000000 79.2795566502463060 57157.9211650485449354
898 0.9468719292499181 60664.0000000000000000 79.3773119605425421 57167.3439223300956655
899 0.9468719292499181 60664.0000000000000000 79.3773119605425421 57167.3439223300956655
900 0.9468719292499181 60664.0000000000000000 79.3773119605425421 57167.3439223300956655
901 0.9468719292499181 60664.0000000000000000 79.3773119605425421 57167.3439223300956655
902 0.9469374385849983 60680.0000000000000000 79.4753086419753032 57197.4992310679590446
903 0.9470684572551589 60712.0000000000000000 79.6720297029702920 57257.8306019417505013
904 0.9470684572551589 60712.0000000000000000 79.6720297029702920 57257.8306019417505013
905 0.9471339665902391 60718.0000000000000000 79.7707558859975165 57269.1477902912592981
906 0.9471994759253194 60718.0000000000000000 79.8697270471463980 57269.1505864077698789
907 0.9471994759253194 60718.0000000000000000 79.8697270471463980 57269.1505864077698789
908 0.9471994759253194 60718.0000000000000000 79.8697270471463980 57269.1505864077698789
909 0.9471994759253194 60718.0000000000000000 79.8697270471463980 57269.1505864077698789
910 0.9471994759253194 60718.0000000000000000 79.8697270471463980 57269.1505864077698789
911 0.9471994759253194 60718.0000000000000000 79.8697270471463980 57269.1505864077698789
912 0.9471994759253194 60718.0000000000000000 79.8697270471463980 57269.1505864077698789
913 0.9471994759253194 60718.0000000000000000 79.8697270471463980 57269.1505864077698789
914 0.9471994759253194 60718.0000000000000000 79.8697270471463980 57269.1505864077698789
915 0.9471994759253194 60718.0000000000000000 79.8697270471463980 57269.1505864077698789
916 0.9471994759253194 60718.0000000000000000 79.8697270471463980 57269.1505864077698789
917 0.9472649852603996 60718.0000000000000000 79.9689440993788878 57269.1536621359191486
918 0.9473304945954799 60723.0000000000000000 80.0684079601990106 57278.5855844660181901
919 0.9473304945954799 60723.0000000000000000 80.0684079601990106 57278.5855844660181901
920 0.9473304945954799 60723.0000000000000000 80.0684079601990106 57278.5855844660181901
921 0.9473304945954799 60723.0000000000000000 80.0684079601990106 57278.5855844660181901
922 0.9473304945954799 60723.0000000000000000 80.0684079601990106 57278.5855844660181901
923 0.9473304945954799 60723.0000000000000000 80.0684079601990106 57278.5855844660181901
924 0.9473304945954799 60723.0000000000000000 80.0684079601990106 57278.5855844660181901
925 0.9473304945954799 60723.0000000000000000 80.0684079601990106 57278.5855844660181901
926 0.9474615132656403 60733.0000000000000000 80.2680798004987537 57297.4517592233023606
927 0.9475925319358008 60743.0000000000000000 80.4687500000000000 57316.3210407766964636
928 0.9475925319358008 60743.0000000000000000 80.4687500000000000 57316.3210407766964636
929 0.9476580412708810 60747.0000000000000000 80.5694618272841012 57323.8696854368899949
930 0.9477235506059614 60752.0000000000000000 80.6704260651629141 57333.3061126213578973
931 0.9478545692761219 60758.0000000000000000 80.8731155778894504 57344.6310058252420276
932 0.9479200786112021 60763.0000000000000000 80.9748427672955984 57354.0691417475754861
933 0.9479200786112021 60763.0000000000000000 80.9748427672955984 57354.0691417475754861
934 0.9479855879462823 60767.0000000000000000 81.0768261964735473 57361.6202718446584186
935 0.9479855879462823 60767.0000000000000000 81.0768261964735473 57361.6202718446584186
936 0.9479855879462823 60767.0000000000000000 81.0768261964735473 57361.6202718446584186
937 0.9479855879462823 60767.0000000000000000 81.0768261964735473 57361.6202718446584186
938 0.9480510972813626 60772.0000000000000000 81.1790668348045443 57371.0598058252435294
939 0.9480510972813626 60772.0000000000000000 81.1790668348045443 57371.0598058252435294
940 0.9480510972813626 60772.0000000000000000 81.1790668348045443 57371.0598058252435294
941 0.9480510972813626 60772.0000000000000000 81.1790668348045443 57371.0598058252435294
942 0.9480510972813626 60772.0000000000000000 81.1790668348045443 57371.0598058252435294
943 0.9480510972813626 60772.0000000000000000 81.1790668348045443 57371.0598058252435294
944 0.9480510972813626 60772.0000000000000000 81.1790668348045443 57371.0598058252435294
945 0.9480510972813626 60772.0000000000000000 81.1790668348045443 57371.0598058252435294
946 0.9480510972813626 60772.0000000000000000 81.1790668348045443 57371.0598058252435294
947 0.9480510972813626 60772.0000000000000000 81.1790668348045443 57371.0598058252435294
948 0.9480510972813626 60772.0000000000000000 81.1790668348045443 57371.0598058252435294
949 0.9480510972813626 60772.0000000000000000 81.1790668348045443 57371.0598058252435294
950 0.9480510972813626 60772.0000000000000000 81.1790668348045443 57371.0598058252435294
951 0.9481166066164428 60781.0000000000000000 81.2815656565656610 57388.0523650485411054
952 0.9481166066164428 60781.0000000000000000 81.2815656565656610 57388.0523650485411054
953 0.9481166066164428 60781.0000000000000000 81.2815656565656610 57388.0523650485411054
954 0.9481166066164428 60781.0000000000000000 81.2815656565656610 57388.0523650485411054
955 0.9481166066164428 60781.0000000000000000 81.2815656565656610 57388.0523650485411054
956 0.9481821159515231 60787.0000000000000000 81.3843236409608153 57399.3824155339825666
957 0.9481821159515231 60787.0000000000000000 81.3843236409608153 57399.3824155339825666
958 0.9483131346216835 60795.0000000000000000 81.5906210392902409 57414.4911378640754265
959 0.9483786439567639 60799.0000000000000000 81.6941624365482255 57422.0462446601959527
960 0.9483786439567639 60799.0000000000000000 81.6941624365482255 57422.0462446601959527
961 0.9483786439567639 60799.0000000000000000 81.6941624365482255 57422.0462446601959527
962 0.9483786439567639 60799.0000000000000000 81.6941624365482255 57422.0462446601959527
963 0.9483786439567639 60799.0000000000000000 81.6941624365482255 57422.0462446601959527
964 0.9483786439567639 60799.0000000000000000 81.6941624365482255 57422.0462446601959527
965 0.9483786439567639 60799.0000000000000000 81.6941624365482255 57422.0462446601959527
966 0.9483786439567639 60799.0000000000000000 81.6941624365482255 57422.0462446601959527
967 0.9483786439567639 60799.0000000000000000 81.6941624365482255 57422.0462446601959527
968 0.9483786439567639 60799.0000000000000000 81.6941624365482255 57422.0462446601959527
969 0.9483786439567639 60799.0000000000000000 81.6941624365482255 57422.0462446601959527
970 0.9484441532918441 60799.0000000000000000 81.7979669631512110 57422.0468038834951585
971 0.9484441532918441 60799.0000000000000000 81.7979669631512110 57422.0468038834951585
972 0.9484441532918441 60799.0000000000000000 81.7979669631512110 57422.0468038834951585
973 0.9484441532918441 60799.0000000000000000 81.7979669631512110 57422.0468038834951585
974 0.9484441532918441 60799.0000000000000000 81.7979669631512110 57422.0468038834951585
