120.571906
84.262509
120.391991
84.950668
46.258853
40.216254
83.510297
97.507594
71.897040
110.867024
35.431947
60.046746
29.088388
84.617139
56.844719
100.482404
88.485471
76.960500
68.958296
113.631581
57.774042
46.957239
50.276884
54.284155
60.769846
29.756857
63.970210
41.303047
47.642146
74.212727
48.461326
150.193644
89.382739
62.711348
77.927930
84.793128
43.731754
136.340044
135.047600
112.864016
61.172240
58.784717
73.172171
103.987394
67.274847
76.198086
42.960040
33.499883
49.419593
71.422577
37.733509
86.992801
89.148174
104.438588
61.473535
65.110077
79.464512
100.883521
71.302057
46.111285
82.643583
60.739718
54.994921
60.293700
93.962566
82.667533
71.091055
75.304489
51.323656
104.099596
67.333017
48.998708
97.790279
53.753655
36.337885
68.397046
52.920403
34.698337
55.268695
90.653422
81.259048
68.123921
76.050405
39.492316
36.146011
38.113571
39.535883
98.697785
41.116774
68.665331
54.069979
131.197160
53.190102
61.025173
59.790944
62.777298
67.818767
73.258667
66.140593
49.623196
60.374182
56.005054
44.469735
26.828500
50.094501
55.508980
160.075524
69.266980
113.766307
46.617693
98.586306
73.347690
40.224973
39.432327
81.295999
104.128963
68.712469
74.644697
93.495689
62.063654
61.345230
55.340171
75.739106
57.008092
92.614881
42.814179
33.153175
54.379625
93.347862
54.110146
77.079709
37.387086
18.290618
25.058267
76.847211
73.123927
87.908365
123.298111
92.655184
77.819900
96.079582
64.136286
93.175382
80.392211
108.979222
131.491909
38.088705
80.480861
48.521741
50.186953
52.007089
56.530949
56.486740
43.709235
37.459782
64.747984
48.287431
55.143593
67.906449
104.531500
79.268894
107.257257
61.494538
54.984414
27.449214
59.438192
35.427476
147.841749
56.839170
52.886788
77.272025
54.712870
70.376587
95.384157
34.873931
89.621770
45.300031
53.945739
35.105427
131.961067
40.015454
82.372525
55.235281
61.162015
35.511012
44.125741
65.361185
87.454530
26.064725
56.436856
25.772871
59.948074
65.819483
100.297863
56.294432
41.301176
69.906419
39.924809
44.460654
39.526385
51.488457
57.820730
58.005732
99.598572
32.244917
46.303917
96.100893
56.254908
65.687835
68.098536
45.568784
31.948047
128.466636
63.072982
65.029559
55.543186
56.099563
56.373722
69.714131
70.290964
56.492683
91.204406
74.648116
65.665844
80.581291
51.813251
67.357265
102.553519
47.895889
67.730659
55.407001
83.282390
84.439380
22.411518
121.724076
75.401159
24.190773
98.545615
164.128375
69.041599
53.316864
82.290311
94.995980
27.247248
19.294705
48.726685
179.650427
46.017313
30.546107
49.085723
65.464673
75.255682
96.377040
115.625439
67.827000
57.684691
31.727495
23.420120
25.497114
20.415874
37.599123
98.764734
57.064040
47.046061
49.829248
59.306847
64.647246
53.052369
34.284609
39.999169
71.354122
68.633536
46.637499
38.401741
111.408392
62.114152
72.572751
77.040982
76.444872
39.574996
59.270485
88.849909
70.067990
92.795800
93.943243
73.926470
104.473473
45.923374
77.640234
73.234698
65.261721
107.696415
98.194592
52.478370
46.109336
65.291465
84.860035
68.868258
52.416423
66.117858
77.269374
90.056317
77.025884
130.275475
97.086518
42.594613
56.707291
30.759015
116.941390
68.308378
84.078793
142.411471
42.707227
92.561755
185.730290
95.314146
68.295774
81.544251
39.244453
54.190535
103.431926
51.090131
83.437809
86.493151
40.656173
37.272746
88.334601
44.457142
71.020570
58.025892
72.661166
84.523520
58.948503
98.632522
40.309360
62.670152
68.317369
67.638092
43.781865
50.215002
73.995200
146.683022
57.955918
127.164121
67.216448
36.620612
27.385794
89.436270
46.594862
91.553114
56.032816
102.320659
30.740808
27.465749
111.031744
35.633830
23.691380
65.472772
67.725293
52.008866
87.393754
87.997761
25.640473
67.665430
66.963278
191.005851
78.131846
81.368769
76.896095
85.275887
60.812405
52.496417
59.736597
135.125843
89.852403
55.601037
41.738724
147.425054
42.409241
40.532418
42.092497
50.470562
112.310999
64.628090
74.563720
61.490063
51.975688
71.933745
80.450979
75.366270
50.130525
139.676782
75.840679
83.889038
31.123408
114.794428
28.265302
55.562711
46.783964
81.138898
51.969530
69.500616
61.729146
45.154513
71.377694
68.830515
59.632674
62.997260
196.847050
58.204503
70.258944
46.529498
47.091769
154.600505
38.711474
44.260555
169.027767
45.046087
62.830264
65.913092
150.405441
59.494870
65.235683
98.094103
112.363050
55.026906
30.552942
36.561009
47.481996
75.641737
88.536410
87.268943
95.994585
36.060538
41.163743
50.469362
128.554277
151.469801
70.052244
32.816429
73.835545
27.105985
34.040399
72.450577
84.653174
63.096721
47.066532
80.322572
57.166035
76.721088
64.336901
60.956399
74.567566
46.916817
76.183841
26.438454
65.364885
43.418787
38.673235
28.518421
66.239500
27.281584
59.935083
50.871972
53.261560
63.788669
57.340679
50.345514
96.865750
64.860863
32.297536
33.062315
48.597852
122.700968
71.852115
141.277014
75.661875
51.686652
45.932345
81.711360
50.238804
133.782296
67.887958
82.299411
54.684474
127.657318
68.220699
70.453379
47.429596
45.284136
97.935060
58.322543
63.367291
139.397954
50.139841
131.358022
55.714742
145.299906
52.677820
58.909163
89.043474
88.880700
57.234719
30.299009
87.808845
33.084752
29.730933
72.641313
34.989754
112.116138
139.389585
42.514683
112.840553
67.557923
65.821480
68.180396
26.176925
50.005859
41.798515
60.210183
55.032462
37.477889
67.147569
98.564005
64.544235
63.815914
30.600138
82.817565
38.027346
75.291189
76.705785
49.097272
38.288887
39.658579
93.948475
120.660988
98.632608
120.291619
59.740351
41.574194
27.193134
127.910513
72.320806
33.670643
61.679987
36.004777
65.899699
84.424305
71.598269
56.608946
68.536348
134.045471
161.716034
96.148071
31.220054
30.765250
66.640442
66.851817
51.427113
48.955741
60.880005
82.415230
91.818304
50.641536
32.010244
56.638492
42.373965
36.744180
54.451791
43.126117
32.440582
31.333466
37.749610
70.919235
67.766303
78.076049
236.907280
40.656317
43.649646
79.473990
59.695613
67.566560
60.600475
57.721827
71.119720
30.657308
69.752311
51.290086
86.565374
142.511711
27.350947
103.439872
61.643876
99.521039
142.883149
53.288300
89.645928
63.944856
76.527590
79.229788
112.545915
63.270072
95.407877
48.323283
86.860633
56.577665
103.011363
77.428410
98.154781
65.992039
86.175842
47.078532
91.946443
66.212739
78.473018
120.655878
72.389837
59.789438
51.518203
53.652890
112.284333
31.782675
57.045307
66.480269
42.936799
98.104404
73.966460
73.719490
88.168736
36.245699
19.057908
86.460231
45.778463
47.075024
75.129775
77.954769
39.215990
42.039625
34.413431
34.640151
54.232428
71.885862
67.982556
46.299987
38.085851
71.567963
56.280250
91.920334
73.354000
60.414127
49.406224
62.576011
102.229458
75.593159
27.242593
37.989389
71.326535
62.907499
68.102049
49.154224
40.242927
71.375731
77.530763
108.647471
166.381959
77.325483
90.595415
23.608268
32.030724
51.899432
75.455495
151.322981
52.571700
61.016725
46.663335
117.761023
42.964305
63.237171
79.348705
70.264833
53.489532
70.883351
96.380999
17.296019
39.421613
21.673796
71.881065
59.135581
48.533667
23.063517
44.247753
53.838705
115.007255
61.658720
87.669279
31.694756
52.642109
87.216899
62.159117
24.832811
59.462443
35.252490
44.622969
64.796967
106.492271
24.257910
43.926619
113.516374
91.624203
53.083256
51.029267
58.572182
67.070040
47.121604
50.936283
54.424152
29.199697
35.286797
71.632041
85.959876
117.902375
72.301850
76.035019
78.135911
43.065225
50.509996
81.647711
72.256910
82.768602
65.665755
28.301643
120.927350
62.331178
34.971277
79.766588
41.634370
30.895642
91.151786
32.688794
53.510542
135.267663
22.287701
31.556898
70.569562
37.136854
91.755574
53.323484
59.923712
37.605486
38.462062
64.275881
40.665658
34.597674
34.652966
78.443959
78.294525
96.604400
55.657571
38.302135
42.969678
78.994044
119.609412
53.044351
39.078139
83.515348
39.843685
50.948241
65.857631
52.835099
88.869370
62.625868
68.730665
46.524990
62.879425
76.324249
30.122440
35.375908
185.710090
67.547146
36.717144
140.858221
91.487144
76.034462
77.801021
54.420801
68.239147
161.840371
183.025405
110.212321
123.333391
73.660264
56.871677
65.655959
78.443007
51.743966
59.373183
63.179353
61.227547
73.758796
77.405501
52.947149
96.881649
145.315609
79.129939
71.322532
58.713009
46.172606
47.216942
101.604261
70.830433
32.665308
116.357829
80.308352
85.696360
73.187587
65.080324
72.575154
92.959376
86.540481
69.118412
25.027200
31.232299
59.814272
83.218471
63.498619
51.743184
130.456509
44.727144
78.135881
120.342269
53.056388
118.500563
42.779918
54.233822
90.566908
70.487198
24.200208
66.831859
104.362621
93.741916
32.797608
123.178459
67.324856
48.995945
44.417506
73.950543
73.184934
61.194586
49.867717
56.381115
33.297839
59.176409
66.478567
36.664258
91.038950
68.179804
95.752267
49.813227
88.660938
72.266659
101.257598
45.951891
92.089410
68.463003
44.094104
70.014181
44.766561
68.023037
28.688927
22.914572
87.515602
77.978929
60.275391
60.668344
151.363189
75.022717
68.754229
103.966917
64.750978
52.883342
98.679719
34.073829
44.898163
124.015191
80.485176
80.576093
48.336464
150.927695
67.703325
56.030717
100.750717
49.928979
63.387912
90.980440
58.681214
46.898171
71.395748
92.568597
31.067052
61.283283
48.711783
64.461188
50.150625
35.332204
118.240873
60.432196
50.626227
33.637658
103.880851
32.907580
174.787643
96.624634
102.805834
59.142460
42.506683
77.569296
52.880375
71.629773
34.607320
48.415344
108.780978
46.188753
80.127997
52.203699
24.354808
114.208183
82.779153
62.988194
124.510149
40.229991
62.859935
79.459632
61.860324
30.343136
106.454867
23.468861
66.568752
29.611753
207.865356
87.561271
54.104174
89.380845
34.881816
49.963365
76.875705
38.017126
66.324919
53.536372
66.366018
90.608010
73.675359
39.698851
50.258542
50.189886
39.716034
29.403503
42.797391
163.948430
134.637163
88.364244
41.656839
28.620646
49.470178
45.970673
86.609431
104.681931
116.095550
41.696787
62.650879
64.729925
36.655652
51.006882
33.005554
108.597777
72.613171
43.981561
51.858410
72.944365
41.097909
121.855837
39.187556
125.965290
125.961598
44.732176
66.655936
97.076165
69.419348
38.747064
71.852267
61.556401
45.886226
54.858404
22.239620
37.473367
56.179580
42.393426
44.810872
37.068539
69.414139
43.390919
72.177617
54.408394
52.219672
141.791896
56.343127
65.813795
61.679803
56.946822
50.313088
55.162876
69.711450
172.941213
35.356398
57.964971
63.762395
43.246328
69.145259
42.250163
68.004089
93.260906
42.758313
55.186921
58.689955
54.934729
67.638424
50.891429
44.316107
54.100097
80.254133
