frame conversion
0 0.0000000000000000
1 0.0119214980599449
2 0.0231681943429118
3 0.0348085249957825
4 0.0459427543159197
5 0.0574143845245459
6 0.0674801776978013
7 0.0781083056852050
8 0.0882865658212900
9 0.0987459933644492
10 0.1096552887589271
11 0.1192149805994489
12 0.1284935050328966
13 0.1374908620592701
14 0.1476128887139403
15 0.1572850475172918
16 0.1665073384693246
17 0.1756171624585278
18 0.1854017882247090
19 0.1948490131024012
20 0.2033402687960412
21 0.2122813923409998
22 0.2209975819602992
23 0.2299387055052578
24 0.2393296969015352
25 0.2465275825226340
26 0.2558623404374965
27 0.2659843670921667
28 0.2741944553787325
29 0.2816172749254907
30 0.2899398301748861
31 0.2975313501658888
32 0.3063600067480178
33 0.3151324298487319
34 0.3227801833211494
35 0.3297531350165889
36 0.3375695889332508
37 0.3452735758870832
38 0.3525276949895968
39 0.3597255806106956
40 0.3659674970477422
41 0.3732778496316707
42 0.3808693696226733
43 0.3885733565765057
44 0.3965022774559973
45 0.4037563965585109
46 0.4106168812911207
47 0.4182084012821234
48 0.4249564190519035
49 0.4310858685261205
50 0.4369341505932632
51 0.4447506045099252
52 0.4519484901310240
53 0.4577967721981668
54 0.4647697238936063
55 0.4707304729235787
56 0.4773097902491143
57 0.4836079401675758
58 0.4892875217904740
59 0.4956419051903503
60 0.5018838216273970
61 0.5081257380644436
62 0.5137490862059270
63 0.5190350334589214
64 0.5237024124163527
65 0.5300567958162290
66 0.5357363774391273
67 0.5416408929876849
68 0.5465332058707755
69 0.5510318843839622
70 0.5553618624529044
71 0.5601417083731653
72 0.5651464882190856
73 0.5697576336951020
74 0.5749873474666817
75 0.5783613563515717
76 0.5831412022718326
77 0.5875836473036046
78 0.5930382950008435
79 0.5971433391441264
80 0.6011921498059944
81 0.6050160265422032
82 0.6086712028341674
83 0.6131136478659394
84 0.6162064893437553
85 0.6200303660799640
86 0.6235730754090986
87 0.6270033177754035
88 0.6309396614744419
89 0.6339200359894281
90 0.6374627453185626
91 0.6410054546476972
92 0.6438733621998538
93 0.6470786706404994
94 0.6503402125625597
95 0.6536579879660350
96 0.6569757633695102
97 0.6601248383287409
98 0.6627115784738233
99 0.6655232525445650
100 0.6682786931338919
101 0.6712028341674633
102 0.6741832086824495
103 0.6767699488275319
104 0.6794691559354440
105 0.6828993983017488
106 0.6856548388910757
107 0.6881853455547433
108 0.6906596187369960
109 0.6931338919192487
110 0.6950458302873531
111 0.6969015351740426
112 0.6990384074678063
113 0.7007816453916662
114 0.7031996850925041
115 0.7058426587190013
116 0.7074171961986166
117 0.7092729010853062
118 0.7115222403418996
119 0.7130405443401001
120 0.7147837822639600
121 0.7173705224090423
122 0.7195073947028060
123 0.7220941348478884
124 0.7244559410673115
125 0.7264803463982455
126 0.7279986503964461
127 0.7296294213574762
128 0.7315975932069955
129 0.7334532980936850
130 0.7348029016476411
131 0.7363774391272564
132 0.7377270426812124
133 0.7391328797165833
134 0.7405949502333690
135 0.7423381881572289
136 0.7442501265253332
137 0.7452623291908002
138 0.7465556992633414
139 0.7478490693358826
140 0.7487488050385199
141 0.7504358094809650
142 0.7515604791092616
143 0.7525164482933139
144 0.7541472192543440
145 0.7552156554012259
146 0.7563403250295225
147 0.7577461620648934
148 0.7589832986560198
149 0.7602766687285610
150 0.7612888713940280
151 0.7628071753922285
152 0.7635382106506213
153 0.7647753472417478
154 0.7657875499072148
155 0.7669122195355115
156 0.7682055896080526
157 0.7696676601248383
158 0.7705673958274757
159 0.7716920654557724
160 0.7729854355283136
161 0.7739414047123657
162 0.7752347747849070
163 0.7759658100432998
164 0.7770342461901817
165 0.7782151492998931
166 0.7793398189281898
167 0.7801833211494124
168 0.7811955238148793
169 0.7823201934431760
170 0.7832199291458134
171 0.7840634313670359
172 0.7849631670696733
173 0.7855255018838216
174 0.7862003036607996
175 0.7871562728448518
176 0.7883934094359781
177 0.7891244446943710
178 0.7899117134341788
179 0.7908114491368161
180 0.7914862509137941
181 0.7923297531350166
182 0.7933419558004836
183 0.7943541584659506
184 0.7954225946128325
185 0.7961536298712253
186 0.7971658325366924
187 0.7980655682393297
188 0.7988528369791373
189 0.7997525726817747
190 0.8002586740145082
191 0.8007085418658270
192 0.8013271101613901
193 0.8018332114941236
194 0.8025080132711017
195 0.8027891806781758
196 0.8033515154923241
197 0.8040263172693022
198 0.8048135860091098
199 0.8056008547489175
200 0.8059944891188213
201 0.8067817578586290
202 0.8072316257099477
203 0.8081313614125850
204 0.8083562953382444
205 0.8090310971152224
206 0.8098745993364449
207 0.8102682337063487
208 0.8109992689647416
209 0.8116178372603048
210 0.8122364055558680
211 0.8127425068886015
212 0.8130799077770905
213 0.8135297756284091
214 0.8139234099983130
215 0.8142608108868020
216 0.8146544452567058
217 0.8152167800708542
218 0.8156104144407580
219 0.8164539166619805
220 0.8168475510318843
221 0.8172411854017883
222 0.8180846876230108
223 0.8185907889557442
224 0.8188157228814036
225 0.8193780576955519
226 0.8197154585840409
227 0.8205027273238487
228 0.8211212956194118
229 0.8217960973963898
230 0.8222459652477084
231 0.8228083000618568
232 0.8230894674689310
233 0.8239329696901535
234 0.8242703705786425
235 0.8250576393184502
236 0.8257886745768430
237 0.8261260754653320
238 0.8263510093909914
239 0.8266321767980656
240 0.8273632120564585
241 0.8276443794635326
242 0.8279255468706067
243 0.8283191812405106
244 0.8288815160546590
245 0.8293876173873924
246 0.8297250182758814
247 0.8299499522015408
248 0.8301748861272001
249 0.8307372209413485
250 0.8311870887926671
251 0.8313557892369117
252 0.8316931901254007
253 0.8318618905696452
254 0.8320868244953045
255 0.8323117584209638
256 0.8328178597536974
257 0.8330427936793567
258 0.8332114941236012
259 0.8332677276050160
260 0.8335488950120902
261 0.8339987628634089
262 0.8343923972333127
263 0.8348422650846314
264 0.8351796659731204
265 0.8352921329359501
266 0.8355170668616094
267 0.8358544677500984
268 0.8362481021200022
269 0.8364168025642468
270 0.8369791373783951
271 0.8374852387111286
272 0.8379351065624473
273 0.8381600404881067
274 0.8386099083394253
275 0.8388910757464995
276 0.8392847101164033
277 0.8393409435978182
278 0.8394534105606478
279 0.8398470449305516
280 0.8404093797447000
281 0.8408592475960187
282 0.8411966484845077
283 0.8414215824101671
284 0.8417589832986561
285 0.8419839172243153
286 0.8423213181128044
287 0.8426024855198785
288 0.8428274194455379
289 0.8430523533711972
290 0.8432772872968566
291 0.8434459877411010
292 0.8435022212225158
293 0.8437833886295900
294 0.8444019569251532
295 0.8445706573693977
296 0.8450767587021313
297 0.8453016926277905
298 0.8454703930720351
299 0.8456953269976945
300 0.8459764944047686
301 0.8462014283304279
302 0.8464263622560873
303 0.8464825957375021
304 0.8468762301074060
305 0.8468762301074060
306 0.8471011640330652
307 0.8473260979587246
308 0.8476634988472136
309 0.8478321992914581
310 0.8481133666985323
311 0.8482820671427768
312 0.8483945341056065
313 0.8486194680312659
314 0.8490131024011697
315 0.8491818028454141
316 0.8493505032896587
317 0.8495192037339032
318 0.8496879041781477
319 0.8498003711409773
320 0.8500253050666366
321 0.8501377720294664
322 0.8503064724737108
323 0.8504751729179554
324 0.8507001068436146
325 0.8510375077321037
326 0.8512624416577630
327 0.8513749086205927
328 0.8514311421020075
329 0.8516560760276669
330 0.8518247764719113
331 0.8521621773604003
332 0.8523308778046449
333 0.8526682786931339
334 0.8528932126187933
335 0.8533993139515268
336 0.8537367148400158
337 0.8539054152842602
338 0.8541865826913344
339 0.8542990496541641
340 0.8545802170612382
341 0.8547489175054828
342 0.8550300849125569
343 0.8551987853568015
344 0.8553674858010459
345 0.8555924197267053
346 0.8558735871337795
347 0.8560985210594388
348 0.8561547545408537
349 0.8564359219479278
350 0.8567170893550020
351 0.8568295563178316
352 0.8568295563178316
353 0.8569982567620762
354 0.8571669572063206
355 0.8572794241691503
356 0.8575605915762244
357 0.8576730585390542
358 0.8577292920204690
359 0.8579542259461284
360 0.8580666929089580
361 0.8582916268346173
362 0.8585165607602767
363 0.8587414946859360
364 0.8589101951301805
365 0.8593038295000843
366 0.8594162964629141
367 0.8595287634257437
368 0.8595287634257437
369 0.8596974638699882
370 0.8599223977956475
371 0.8599786312770623
372 0.8602597986841365
373 0.8603722656469662
374 0.8605971995726256
375 0.8608221334982848
376 0.8609908339425294
377 0.8611595343867738
378 0.8612157678681888
379 0.8613844683124332
380 0.8614969352752629
381 0.8616656357195074
382 0.8617218692009222
383 0.8617781026823370
384 0.8618905696451667
385 0.8619468031265816
386 0.8620030366079964
387 0.8623404374964854
388 0.8624529044593151
389 0.8626216049035595
390 0.8628465388292189
391 0.8630152392734635
392 0.8630714727548783
393 0.8631277062362931
394 0.8632964066805376
395 0.8633526401619525
396 0.8634088736433673
397 0.8634651071247821
398 0.8638587414946859
399 0.8639712084575156
400 0.8640274419389304
401 0.8641399089017601
402 0.8644210763088342
403 0.8645897767530788
404 0.8647022437159084
405 0.8648147106787382
406 0.8649834111229826
407 0.8651521115672272
408 0.8653770454928864
409 0.8654895124557161
410 0.8654895124557161
411 0.8656582128999606
412 0.8658269133442051
413 0.8659393803070348
414 0.8661643142326941
415 0.8661643142326941
416 0.8662767811955238
417 0.8663330146769387
418 0.8665017151211831
419 0.8665017151211831
420 0.8665579486025979
421 0.8665579486025979
422 0.8666704155654277
423 0.8666704155654277
424 0.8669515829725019
425 0.8671202834167463
426 0.8672889838609908
427 0.8673452173424057
428 0.8674014508238205
429 0.8676263847494798
430 0.8677388517123095
431 0.8679075521565540
432 0.8680762526007986
433 0.8681887195636282
434 0.8683574200078726
435 0.8683574200078726
436 0.8685261204521172
437 0.8685261204521172
438 0.8686385874149468
439 0.8687510543777766
440 0.8689197548220210
441 0.8690322217848507
442 0.8690884552662655
443 0.8692009222290952
444 0.8693133891919249
445 0.8694820896361694
446 0.8694820896361694
447 0.8697632570432435
448 0.8700444244503177
449 0.8700444244503177
450 0.8702131248945623
451 0.8702131248945623
452 0.8702693583759771
453 0.8703255918573919
454 0.8705505257830513
455 0.8706067592644661
456 0.8708316931901254
457 0.8708879266715402
458 0.8710566271157847
459 0.8712253275600292
460 0.8713377945228589
461 0.8715627284485182
462 0.8716189619299330
463 0.8717314288927628
464 0.8720125962998370
465 0.8720125962998370
466 0.8720688297812518
467 0.8721812967440814
468 0.8722375302254962
469 0.8723499971883260
470 0.8723499971883260
471 0.8724062306697408
472 0.8726311645954001
473 0.8727436315582298
474 0.8727998650396446
475 0.8729685654838891
476 0.8730810324467188
477 0.8730810324467188
478 0.8731934994095485
479 0.8733621998537929
480 0.8735309002980375
481 0.8736996007422819
482 0.8738683011865265
483 0.8741494685936007
484 0.8743181690378451
485 0.8743744025192600
486 0.8743744025192600
487 0.8744306360006748
488 0.8744868694820896
489 0.8747118034077490
490 0.8747680368891638
491 0.8747680368891638
492 0.8748805038519935
493 0.8751054377776528
494 0.8753303717033122
495 0.8753303717033122
496 0.8754428386661418
497 0.8754990721475566
498 0.8754990721475566
499 0.8755553056289714
500 0.8756677725918012
501 0.8756677725918012
502 0.8758364730360456
503 0.8759489399988754
504 0.8760051734802902
505 0.8760614069617050
506 0.8761738739245347
507 0.8761738739245347
508 0.8762863408873643
509 0.8763988078501940
510 0.8765112748130237
511 0.8765112748130237
512 0.8765112748130237
513 0.8765675082944385
514 0.8765675082944385
515 0.8766237417758533
516 0.8767362087386830
517 0.8768486757015127
518 0.8770173761457571
519 0.8770173761457571
520 0.8770736096271721
521 0.8770736096271721
522 0.8770736096271721
523 0.8771860765900017
524 0.8772423100714165
525 0.8772985435528313
526 0.8773547770342461
527 0.8774110105156611
528 0.8774110105156611
529 0.8774672439970759
530 0.8775234774784907
531 0.8776359444413203
532 0.8776921779227352
533 0.8776921779227352
534 0.8779171118483945
535 0.8781982792554687
536 0.8783107462182984
537 0.8784794466625429
538 0.8784794466625429
539 0.8787606140696170
540 0.8788730810324468
541 0.8789293145138616
542 0.8789855479952764
543 0.8790417814766912
544 0.8790980149581060
545 0.8791542484395208
546 0.8791542484395208
547 0.8792104819209358
548 0.8794354158465950
549 0.8794354158465950
550 0.8794354158465950
551 0.8794916493280099
552 0.8795478828094248
553 0.8796603497722544
554 0.8797728167350841
555 0.8798290502164989
556 0.8798852836979137
557 0.8799415171793286
558 0.8799977506607434
559 0.8801664511049879
560 0.8801664511049879
561 0.8801664511049879
562 0.8801664511049879
563 0.8802789180678176
564 0.8803351515492324
565 0.8803913850306473
566 0.8804476185120621
567 0.8804476185120621
568 0.8805600854748917
569 0.8805600854748917
570 0.8805600854748917
571 0.8806163189563065
572 0.8806163189563065
573 0.8806163189563065
574 0.8806163189563065
575 0.8806725524377215
576 0.8806725524377215
577 0.8806725524377215
578 0.8808412528819659
579 0.8808412528819659
580 0.8808412528819659
581 0.8808412528819659
582 0.8808974863633807
583 0.8809537198447956
584 0.8809537198447956
585 0.8810661868076253
586 0.8812348872518697
587 0.8812911207332846
588 0.8812911207332846
589 0.8813473542146995
590 0.8813473542146995
591 0.8813473542146995
592 0.8813473542146995
593 0.8814035876961143
594 0.8814598211775291
595 0.8814598211775291
596 0.8815160546589439
597 0.8816285216217736
598 0.8817409885846033
599 0.8818534555474330
600 0.8818534555474330
601 0.8818534555474330
602 0.8818534555474330
603 0.8818534555474330
604 0.8819096890288478
605 0.8819096890288478
606 0.8819659225102626
607 0.8820221559916774
608 0.8821908564359220
609 0.8823033233987516
610 0.8823595568801664
611 0.8823595568801664
612 0.8824720238429962
613 0.8825844908058258
614 0.8826407242872406
615 0.8827531912500703
616 0.8829218916943148
617 0.8829218916943148
618 0.8829781251757296
619 0.8829781251757296
620 0.8830343586571444
621 0.8830905921385593
622 0.8830905921385593
623 0.8830905921385593
624 0.8831468256199742
625 0.8832030591013890
626 0.8833155260642186
627 0.8833717595456335
628 0.8833717595456335
629 0.8834279930270483
630 0.8834842265084631
631 0.8835966934712928
632 0.8836529269527077
633 0.8837091604341225
634 0.8837091604341225
635 0.8838216273969521
636 0.8838216273969521
637 0.8839340943597818
638 0.8839903278411967
639 0.8840465613226115
640 0.8841027948040263
641 0.8841027948040263
642 0.8841027948040263
643 0.8841590282854411
644 0.8841590282854411
645 0.8841590282854411
646 0.8841590282854411
647 0.8843277287296857
648 0.8843839622111005
649 0.8843839622111005
650 0.8843839622111005
651 0.8843839622111005
652 0.8843839622111005
653 0.8843839622111005
654 0.8843839622111005
655 0.8844401956925153
656 0.8844401956925153
657 0.8844401956925153
658 0.8844401956925153
659 0.8844964291739301
660 0.8844964291739301
661 0.8845526626553450
662 0.8845526626553450
663 0.8845526626553450
664 0.8846088961367599
665 0.8846651296181747
666 0.8847213630995895
667 0.8847775965810043
668 0.8848338300624191
669 0.8848338300624191
670 0.8848900635438340
671 0.8850025305066637
672 0.8850587639880785
673 0.8851149974694933
674 0.8851712309509082
675 0.8851712309509082
676 0.8851712309509082
677 0.8852274644323230
678 0.8852836979137378
679 0.8852836979137378
680 0.8852836979137378
681 0.8853961648765675
682 0.8855086318393972
683 0.8856210988022268
684 0.8857335657650565
685 0.8857897992464714
686 0.8858460327278862
687 0.8859022662093010
688 0.8860147331721306
689 0.8860709666535456
690 0.8861272001349604
691 0.8861272001349604
692 0.8862396670977900
693 0.8862396670977900
694 0.8862396670977900
695 0.8862959005792048
696 0.8862959005792048
697 0.8863521340606197
698 0.8863521340606197
699 0.8863521340606197
700 0.8864646010234494
701 0.8865770679862790
702 0.8866333014676938
703 0.8867457684305236
704 0.8868020019119384
705 0.8868020019119384
706 0.8868020019119384
707 0.8868020019119384
708 0.8868020019119384
709 0.8868020019119384
710 0.8868582353933532
711 0.8869144688747680
712 0.8869707023561829
713 0.8870831693190125
714 0.8870831693190125
715 0.8870831693190125
716 0.8870831693190125
717 0.8871956362818422
718 0.8871956362818422
719 0.8872518697632571
720 0.8872518697632571
721 0.8873081032446719
722 0.8873643367260867
723 0.8873643367260867
724 0.8873643367260867
725 0.8874205702075015
726 0.8874768036889163
727 0.8874768036889163
728 0.8874768036889163
729 0.8875892706517461
730 0.8875892706517461
731 0.8875892706517461
732 0.8876455041331609
733 0.8876455041331609
734 0.8876455041331609
735 0.8877579710959905
736 0.8877579710959905
737 0.8878142045774053
738 0.8878704380588203
739 0.8878704380588203
740 0.8878704380588203
741 0.8878704380588203
742 0.8878704380588203
743 0.8878704380588203
744 0.8878704380588203
745 0.8879266715402351
746 0.8879266715402351
747 0.8879829050216499
748 0.8880953719844795
749 0.8882078389473093
750 0.8883765393915537
751 0.8884890063543834
752 0.8886014733172131
753 0.8886014733172131
754 0.8887139402800427
755 0.8887139402800427
756 0.8887139402800427
757 0.8887139402800427
758 0.8887701737614576
759 0.8888264072428724
760 0.8888264072428724
761 0.8888264072428724
762 0.8890513411685318
763 0.8890513411685318
764 0.8891638081313614
765 0.8892200416127762
766 0.8892200416127762
767 0.8892762750941910
768 0.8893887420570208
769 0.8895012090198504
770 0.8896136759826800
771 0.8896699094640950
772 0.8896699094640950
773 0.8897261429455098
774 0.8897823764269246
775 0.8898386099083394
776 0.8898948433897542
777 0.8899510768711691
778 0.8900635438339988
779 0.8900635438339988
780 0.8901197773154136
781 0.8902322442782432
782 0.8903447112410730
783 0.8904009447224878
784 0.8905134116853174
785 0.8905134116853174
786 0.8905696451667323
787 0.8905696451667323
788 0.8905696451667323
789 0.8905696451667323
790 0.8905696451667323
791 0.8905696451667323
792 0.8906258786481471
793 0.8906821121295619
794 0.8907383456109768
795 0.8907945790923916
796 0.8909070460552213
797 0.8909070460552213
798 0.8909632795366361
799 0.8909632795366361
800 0.8910757464994657
801 0.8910757464994657
802 0.8910757464994657
803 0.8910757464994657
804 0.8910757464994657
805 0.8911319799808806
806 0.8911319799808806
807 0.8912444469437103
808 0.8912444469437103
809 0.8913006804251251
810 0.8913006804251251
811 0.8913569139065399
812 0.8914131473879547
813 0.8914693808693697
814 0.8914693808693697
815 0.8915818478321993
816 0.8915818478321993
817 0.8915818478321993
818 0.8915818478321993
819 0.8915818478321993
820 0.8915818478321993
821 0.8915818478321993
822 0.8915818478321993
