frame conversion
0 0.0000000000000000
1 0.0113215763117788
2 0.0228608752449379
3 0.0340735902460266
4 0.0438711082081428
5 0.0558458523840627
6 0.0662965382103201
7 0.0770193773133029
8 0.0874156324842151
9 0.0967232745482256
10 0.1069562377531025
11 0.1164816024384934
12 0.1260613977792293
13 0.1367298062268670
14 0.1462007402569127
15 0.1561615501850642
16 0.1652514696276943
17 0.1736337905508382
18 0.1834313085129545
19 0.1931199651643806
20 0.2023731765730459
21 0.2117352492924015
22 0.2197365556281298
23 0.2296429349009362
24 0.2385695623775310
25 0.2473873285434357
26 0.2552797735684738
27 0.2636620944916177
28 0.2728064445895929
29 0.2810799042020466
30 0.2897888090572611
31 0.2984432832571304
32 0.3060091443500980
33 0.3138471587197910
34 0.3220661876768997
35 0.3294687568038319
36 0.3372523405181798
37 0.3438928804702809
38 0.3513498802525583
39 0.3602765077291530
40 0.3676246462007403
41 0.3744829087742216
42 0.3820487698671892
43 0.3898323535815371
44 0.3958741563248421
45 0.4030045721750490
46 0.4090463749183540
47 0.4153603309383845
48 0.4217831482691052
49 0.4283692575658611
50 0.4346287829305465
51 0.4413781841933377
52 0.4480187241454387
53 0.4549858480296103
54 0.4596668843892880
55 0.4653276725451774
56 0.4708251687350316
57 0.4765403875462660
58 0.4832897888090573
59 0.4891138689309819
60 0.4945569344654910
61 0.4994556934465491
62 0.5048443283257130
63 0.5100152405834967
64 0.5157304593947312
65 0.5211735249292402
66 0.5259634225996082
67 0.5304267363379055
68 0.5351622033529284
69 0.5388634879163945
70 0.5425103418245155
71 0.5474091008055737
72 0.5517635532331809
73 0.5559002830394077
74 0.5603091661223601
75 0.5637927280644459
76 0.5668408447637709
77 0.5716851730894840
78 0.5757674722403657
79 0.5791966035271064
80 0.5828978880905726
81 0.5867624646200740
82 0.5910624863923362
83 0.5951447855432179
84 0.5984650555192684
85 0.6021119094273895
86 0.6057587633355106
87 0.6094600478989767
88 0.6134334857391683
89 0.6171892009579796
90 0.6214892227302417
91 0.6251360766383627
92 0.6282930546483779
93 0.6312867406923579
94 0.6348247332897888
95 0.6370019595035924
96 0.6398323535815371
97 0.6433159155236229
98 0.6465817548443283
99 0.6502830394077944
100 0.6529501415197039
101 0.6546374918354017
102 0.6567058567385151
103 0.6588830829523188
104 0.6616590463749183
105 0.6645438711082081
106 0.6676464184628783
107 0.6698780753320270
108 0.6724907467885913
109 0.6755932941432615
110 0.6785325495318963
111 0.6809819290224254
112 0.6832135858915741
113 0.6853908121053778
114 0.6876224689745265
115 0.6897452645329850
116 0.6919769214021336
117 0.6939364249945570
118 0.6955149139995646
119 0.6978010015240583
120 0.6997605051164816
121 0.7018833006749401
122 0.7037339429566732
123 0.7061833224472023
124 0.7080339647289353
125 0.7099390376660135
126 0.7115175266710211
127 0.7127694317439582
128 0.7147289353363815
129 0.7163618549967342
130 0.7177226213803615
131 0.7190289571086436
132 0.7203352928369258
133 0.7222947964293490
134 0.7243631613324625
135 0.7259960809928152
136 0.7271935554104071
137 0.7283365991726540
138 0.7302416721097322
139 0.7319290224254300
140 0.7337252340518180
141 0.7348682778140648
142 0.7359568909209667
143 0.7375353799259743
144 0.7391138689309820
145 0.7399303287611583
146 0.7413455258001306
147 0.7423797082516873
148 0.7434138907032440
149 0.7449379490529066
150 0.7465164380579142
151 0.7474417591987808
152 0.7482582190289571
153 0.7492379708251687
154 0.7502721532767255
155 0.7512519050729370
156 0.7526671021119095
157 0.7534291312867407
158 0.7544633137382974
159 0.7554430655345090
160 0.7560962333986502
161 0.7570759851948617
162 0.7578380143696930
163 0.7589810581319399
164 0.7597975179621163
165 0.7606139777922927
166 0.7613215763117788
167 0.7626279120400610
168 0.7632266492488570
169 0.7639886784236882
170 0.7646418462878293
171 0.7655671674286958
172 0.7667102111909427
173 0.7677443936424995
174 0.7684519921619857
175 0.7692684519921620
176 0.7704114957544089
177 0.7708469409971697
178 0.7716634008273460
179 0.7724254300021772
180 0.7730241672109732
181 0.7736773350751143
182 0.7742216416285652
183 0.7748748094927063
184 0.7759089919442630
185 0.7767798824297845
186 0.7775419116046157
187 0.7780317875027215
188 0.7787938166775528
189 0.7796102765077292
190 0.7807533202699760
191 0.7816242107554975
192 0.7827672545177444
193 0.7834748530372305
194 0.7841280209013717
195 0.7851077726975833
196 0.7857065099063792
197 0.7861419551491400
198 0.7872305682560418
199 0.7881014587415632
200 0.7885369039843240
201 0.7891900718484650
202 0.7898432397126062
203 0.7907141301981276
204 0.7912040060962334
205 0.7916394513389942
206 0.7922926192031352
207 0.7928913564119312
208 0.7939799695188330
209 0.7943609841062487
210 0.7951230132810799
211 0.7956673198345308
212 0.7961571957326367
213 0.7966470716307424
214 0.7975179621162639
215 0.7981711299804050
216 0.7988787284998912
217 0.7995318963640322
218 0.8004027868495537
219 0.8011648160243849
220 0.8019268451992162
221 0.8025255824080122
222 0.8031243196168082
223 0.8036141955149140
224 0.8042129327237100
225 0.8044850860004354
226 0.8048661005878511
227 0.8051382538645765
228 0.8055192684519922
229 0.8060635750054430
230 0.8063901589375136
231 0.8067711735249292
232 0.8069888961463096
233 0.8073154800783802
234 0.8078597866318310
235 0.8083496625299369
236 0.8087851077726976
237 0.8091661223601132
238 0.8094927062921837
239 0.8097648595689092
240 0.8102547354670150
241 0.8106901807097757
242 0.8111800566078815
243 0.8116155018506422
244 0.8121053777487481
245 0.8123775310254735
246 0.8126496843021990
247 0.8129218375789244
248 0.8133572828216852
249 0.8136838667537557
250 0.8140648813411714
251 0.8142281733072066
252 0.8148269105160026
253 0.8152079251034182
254 0.8156433703461790
255 0.8161876768996299
256 0.8166775527977357
257 0.8168408447637709
258 0.8172218593511866
259 0.8178750272153277
260 0.8183649031134335
261 0.8188547790115392
262 0.8193446549096451
263 0.8198345308077509
264 0.8201066840844764
265 0.8203788373612019
266 0.8205965599825822
267 0.8211952971913782
268 0.8216851730894840
269 0.8219028957108644
270 0.8221206183322447
271 0.8223927716089702
272 0.8228826475070760
273 0.8233725234051817
274 0.8236991073372524
275 0.8239168299586327
276 0.8241345525800131
277 0.8245699978227737
278 0.8249510124101894
279 0.8252231656869149
280 0.8256041802743305
281 0.8261484868277814
282 0.8265839320705421
283 0.8268560853472676
284 0.8271282386239930
285 0.8274003919007185
286 0.8277269758327890
287 0.8281079904202047
288 0.8285434356629654
289 0.8285978663183104
290 0.8288155889396909
291 0.8291966035271064
292 0.8297409100805574
293 0.8300130633572829
294 0.8304485086000435
295 0.8309928151534944
296 0.8313738297409101
297 0.8318092749836709
298 0.8318637056390159
299 0.8319725669497061
300 0.8322447202264315
301 0.8325168735031570
302 0.8327345961245374
303 0.8329523187459177
304 0.8331700413672981
305 0.8333877639886784
306 0.8337687785760941
307 0.8340953625081646
308 0.8343130851295449
309 0.8346396690616155
310 0.8348029610276507
311 0.8350206836490311
312 0.8352928369257566
313 0.8356194208578271
314 0.8358371434792075
315 0.8360004354452427
316 0.8364358806880035
317 0.8366536033093839
318 0.8368713259307642
319 0.8371434792074897
320 0.8374156324842151
321 0.8376333551055954
322 0.8378510777269759
323 0.8379599390376660
324 0.8381232310037012
325 0.8381776616590464
326 0.8385042455911169
327 0.8385586762464620
328 0.8386675375571522
329 0.8387763988678424
330 0.8388308295231874
331 0.8389396908338776
332 0.8392118441106031
333 0.8394295667319834
334 0.8395384280426736
335 0.8397561506640540
336 0.8400283039407794
337 0.8403004572175049
338 0.8406270411495754
339 0.8408991944263009
340 0.8410080557369911
341 0.8411713477030264
342 0.8416067929457871
343 0.8417700849118224
344 0.8419333768778576
345 0.8421510994992379
346 0.8424232527759634
347 0.8426954060526889
348 0.8427498367080339
349 0.8429131286740692
350 0.8430764206401045
351 0.8431852819507947
352 0.8434574352275201
353 0.8436207271935554
354 0.8437840191595907
355 0.8437840191595907
356 0.8438928804702809
357 0.8440017417809711
358 0.8441650337470064
359 0.8444916176790769
360 0.8447637709558024
361 0.8449270629218376
362 0.8450903548878729
363 0.8451992161985631
364 0.8452536468539081
365 0.8453625081645983
366 0.8455802307859787
367 0.8458523840627041
368 0.8458523840627041
369 0.8459068147180492
370 0.8460701066840844
371 0.8462878293054649
372 0.8465055519268452
373 0.8466144132375354
374 0.8466144132375354
375 0.8467777052035707
376 0.8470498584802961
377 0.8471042891356412
378 0.8471042891356412
379 0.8473220117570216
380 0.8475397343784019
381 0.8475941650337470
382 0.8478118876551274
383 0.8478663183104724
384 0.8479751796211626
385 0.8480296102765077
386 0.8481929022425430
387 0.8483561942085782
388 0.8485194861746136
389 0.8487372087959939
390 0.8490637927280644
391 0.8493359460047899
392 0.8493903766601349
393 0.8494448073154801
394 0.8496625299368604
395 0.8498802525582408
396 0.8501524058349662
397 0.8503156978010015
398 0.8503701284563466
399 0.8504789897670368
400 0.8505878510777269
401 0.8505878510777269
402 0.8507511430437622
403 0.8508600043544524
404 0.8509688656651426
405 0.8510232963204877
406 0.8512410189418681
407 0.8514043109079034
408 0.8515131722185935
409 0.8516220335292837
410 0.8518941868060091
411 0.8520574787720444
412 0.8520574787720444
413 0.8522207707380797
414 0.8523296320487699
415 0.8526562159808404
416 0.8528195079468757
417 0.8529827999129109
418 0.8530916612236011
419 0.8532549531896364
420 0.8534182451556717
421 0.8535815371217069
422 0.8536903984323971
423 0.8537992597430873
424 0.8537992597430873
425 0.8539081210537774
426 0.8540169823644677
427 0.8541802743305029
428 0.8542891356411931
429 0.8543979969518833
430 0.8545612889179186
431 0.8546157195732637
432 0.8546701502286087
433 0.8546701502286087
434 0.8547245808839539
435 0.8547245808839539
436 0.8547245808839539
437 0.8547790115392989
438 0.8548334421946441
439 0.8549967341606793
440 0.8551055954713694
441 0.8552688874374047
442 0.8553233180927499
443 0.8555410407141302
444 0.8555954713694753
445 0.8555954713694753
446 0.8557587633355106
447 0.8558131939908556
448 0.8559220553015459
449 0.8560309166122360
450 0.8563030698889614
451 0.8563575005443066
452 0.8565752231656869
453 0.8566296538210320
454 0.8567385151317222
455 0.8567929457870673
456 0.8569018070977574
457 0.8569562377531026
458 0.8569562377531026
459 0.8570106684084476
460 0.8570106684084476
461 0.8571739603744829
462 0.8572283910298280
463 0.8572828216851731
464 0.8574461136512084
465 0.8577182669279338
466 0.8577182669279338
467 0.8577726975832789
468 0.8577726975832789
469 0.8578271282386239
470 0.8578271282386239
471 0.8578815588939691
472 0.8578815588939691
473 0.8579359895493142
474 0.8580448508600044
475 0.8580992815153494
476 0.8582625734813847
477 0.8584802961027651
478 0.8586435880688004
479 0.8588613106901807
480 0.8590790333115611
481 0.8591878946222512
482 0.8593511865882866
483 0.8594600478989767
484 0.8596233398650119
485 0.8596777705203571
486 0.8596777705203571
487 0.8597322011757021
488 0.8597866318310472
489 0.8598410624863924
490 0.8601132157631178
491 0.8601676464184629
492 0.8602765077291531
493 0.8603309383844981
494 0.8603309383844981
495 0.8606575223165687
496 0.8608208142826039
497 0.8608752449379491
498 0.8609296755932941
499 0.8609296755932941
500 0.8610929675593294
501 0.8612018288700196
502 0.8612562595253647
503 0.8614195514913999
504 0.8616372741127803
505 0.8616372741127803
506 0.8616372741127803
507 0.8616917047681254
508 0.8619638580448509
509 0.8620182887001959
510 0.8620182887001959
511 0.8620182887001959
512 0.8621271500108861
513 0.8622360113215763
514 0.8624537339429567
515 0.8625625952536469
516 0.8626714565643371
517 0.8627258872196821
518 0.8627803178750272
519 0.8628891791857174
520 0.8631613324624429
521 0.8631613324624429
522 0.8632701937731331
523 0.8633790550838232
524 0.8633790550838232
525 0.8634334857391683
526 0.8636512083605487
527 0.8638145003265839
528 0.8638689309819291
529 0.8639233616372741
530 0.8639777922926192
531 0.8641410842586544
532 0.8641410842586544
533 0.8641955149139996
534 0.8642499455693446
535 0.8643043762246897
536 0.8643043762246897
537 0.8643043762246897
538 0.8643588068800349
539 0.8644132375353799
540 0.8644132375353799
541 0.8645765295014152
542 0.8646309601567603
543 0.8646853908121054
544 0.8646853908121054
545 0.8649575440888309
546 0.8650664053995211
547 0.8650664053995211
548 0.8652296973655563
549 0.8655018506422817
550 0.8655562812976269
551 0.8656651426083170
552 0.8656651426083170
553 0.8657740039190072
554 0.8658284345743523
555 0.8658828652296974
556 0.8658828652296974
557 0.8659917265403876
558 0.8660461571957326
559 0.8661005878510777
560 0.8661550185064228
561 0.8661550185064228
562 0.8662094491617679
563 0.8663727411278032
564 0.8665360330938384
565 0.8665904637491836
566 0.8666448944045286
567 0.8666448944045286
568 0.8666993250598737
569 0.8667537557152188
570 0.8668081863705639
571 0.8668081863705639
572 0.8668626170259089
573 0.8668626170259089
574 0.8668626170259089
575 0.8669170476812541
576 0.8669714783365992
577 0.8669714783365992
578 0.8670803396472894
579 0.8671347703026344
580 0.8671892009579796
581 0.8673524929240148
582 0.8674613542347049
583 0.8674613542347049
584 0.8674613542347049
585 0.8674613542347049
586 0.8674613542347049
587 0.8674613542347049
588 0.8675157848900501
589 0.8675702155453952
590 0.8675702155453952
591 0.8675702155453952
592 0.8676790768560854
593 0.8676790768560854
594 0.8676790768560854
595 0.8678423688221206
596 0.8679512301328108
597 0.8679512301328108
598 0.8680056607881559
599 0.8680056607881559
600 0.8680056607881559
601 0.8680600914435009
602 0.8681689527541911
603 0.8682778140648814
604 0.8683322447202264
605 0.8683866753755716
606 0.8684955366862617
607 0.8685499673416068
608 0.8686043979969519
609 0.8686043979969519
610 0.8687676899629871
611 0.8688221206183322
612 0.8689309819290224
613 0.8689854125843676
614 0.8690398432397126
615 0.8690942738950577
616 0.8692031352057479
617 0.8692575658610929
618 0.8694208578271282
619 0.8694208578271282
620 0.8694752884824734
621 0.8695297191378184
622 0.8696385804485086
623 0.8696385804485086
624 0.8696930111038537
625 0.8696930111038537
626 0.8696930111038537
627 0.8696930111038537
628 0.8698018724145439
629 0.8698563030698889
630 0.8699651643805791
631 0.8699651643805791
632 0.8699651643805791
633 0.8699651643805791
634 0.8700740256912693
635 0.8700740256912693
636 0.8700740256912693
637 0.8701284563466144
638 0.8702373176573046
639 0.8702917483126497
640 0.8702917483126497
641 0.8704006096233399
642 0.8704006096233399
643 0.8704006096233399
644 0.8704550402786849
645 0.8704550402786849
646 0.8705639015893751
647 0.8705639015893751
648 0.8705639015893751
649 0.8706183322447202
650 0.8706727629000653
651 0.8706727629000653
652 0.8706727629000653
653 0.8707816242107554
654 0.8707816242107554
655 0.8708904855214457
656 0.8709449161767908
657 0.8709449161767908
658 0.8711082081428261
659 0.8711082081428261
660 0.8712715001088613
661 0.8712715001088613
662 0.8712715001088613
663 0.8713803614195514
664 0.8713803614195514
665 0.8713803614195514
666 0.8714347920748966
667 0.8714347920748966
668 0.8715436533855868
669 0.8717069453516221
670 0.8718702373176573
671 0.8718702373176573
672 0.8719246679730024
673 0.8719790986283474
674 0.8720335292836926
675 0.8720335292836926
676 0.8720879599390376
677 0.8721423905943828
678 0.8721968212497279
679 0.8722512519050729
680 0.8722512519050729
681 0.8722512519050729
682 0.8723056825604181
683 0.8723056825604181
684 0.8723056825604181
685 0.8724145438711082
686 0.8724689745264533
687 0.8724689745264533
688 0.8725778358371434
689 0.8725778358371434
690 0.8726322664924886
691 0.8726322664924886
692 0.8726322664924886
693 0.8726322664924886
694 0.8726322664924886
695 0.8726322664924886
696 0.8726866971478336
697 0.8726866971478336
698 0.8726866971478336
699 0.8727411278031787
700 0.8727411278031787
701 0.8728499891138689
702 0.8729588504245591
703 0.8730132810799042
704 0.8730132810799042
705 0.8730132810799042
706 0.8730132810799042
707 0.8730132810799042
708 0.8731221423905944
709 0.8731221423905944
710 0.8732310037012846
711 0.8732310037012846
712 0.8732310037012846
713 0.8732310037012846
714 0.8732310037012846
715 0.8732310037012846
716 0.8732854343566296
717 0.8733942956673199
718 0.8735031569780101
719 0.8735031569780101
720 0.8735031569780101
721 0.8735575876333551
722 0.8736120182887002
723 0.8736664489440453
724 0.8737208795993904
725 0.8737208795993904
726 0.8737753102547354
727 0.8737753102547354
728 0.8738297409100806
729 0.8738297409100806
730 0.8739386022207707
731 0.8740474635314609
732 0.8741563248421511
733 0.8741563248421511
734 0.8741563248421511
735 0.8742107554974962
736 0.8742107554974962
737 0.8742107554974962
738 0.8742651861528413
739 0.8742651861528413
740 0.8742651861528413
741 0.8742651861528413
742 0.8743740474635314
743 0.8743740474635314
744 0.8743740474635314
745 0.8743740474635314
746 0.8743740474635314
747 0.8744829087742216
748 0.8744829087742216
749 0.8744829087742216
750 0.8744829087742216
751 0.8745373394295667
752 0.8745373394295667
753 0.8745373394295667
754 0.8745373394295667
755 0.8745917700849118
756 0.8746462007402569
757 0.8747006313956021
758 0.8747550620509471
759 0.8748094927062922
760 0.8748094927062922
761 0.8748094927062922
762 0.8748094927062922
763 0.8748639233616373
764 0.8748639233616373
765 0.8748639233616373
766 0.8749183540169824
767 0.8749183540169824
768 0.8749727846723274
769 0.8749727846723274
770 0.8750272153276726
771 0.8750272153276726
772 0.8750272153276726
773 0.8750272153276726
774 0.8750272153276726
775 0.8751360766383627
776 0.8751360766383627
777 0.8751360766383627
778 0.8751905072937078
779 0.8751905072937078
780 0.8752449379490529
781 0.8752449379490529
782 0.8752993686043979
783 0.8752993686043979
784 0.8754082299150882
785 0.8754626605704333
786 0.8754626605704333
787 0.8754626605704333
788 0.8755715218811234
789 0.8756803831918136
790 0.8756803831918136
791 0.8757892445025038
792 0.8757892445025038
793 0.8757892445025038
794 0.8757892445025038
795 0.8758981058131939
796 0.8758981058131939
797 0.8759525364685391
798 0.8759525364685391
799 0.8760069671238842
800 0.8760069671238842
801 0.8760069671238842
802 0.8760069671238842
803 0.8760069671238842
