<<<<<<< Updated upstream
frame thiol_conversion ene_conversion
0 0.0008108655990269886 0.00466720779220775
1 0.005574700993310366 0.015269886363636354
2 0.010439894587472076 0.026379870129870087
3 0.013734036083519197 0.03728693181818177
4 0.01804175957834986 0.04667207792207795
5 0.022805594972633236 0.058187905844155896
6 0.02620109466855869 0.06828327922077926
7 0.030103385363875912 0.07848011363636365
8 0.034411108858706685 0.08842329545454541
9 0.03851611595378068 0.0975040584415584
10 0.04221569024934113 0.10724431818181823
11 0.045965943644840856 0.11652800324675328
12 0.05002027163997569 0.1257102272727273
13 0.05463206973444157 0.13595779220779225
14 0.058635718629637124 0.14483563311688308
15 0.06233529292519768 0.15447443181818177
16 0.06628826272045407 0.16345373376623373
17 0.07013987431583213 0.17167207792207795
18 0.07439691871072374 0.1812094155844156
19 0.07784309750658824 0.19034090909090906
20 0.08184674640178391 0.19932021103896103
21 0.08635718629637135 0.20824878246753242
22 0.09046219339144534 0.21590909090909094
23 0.09492195418609362 0.22534496753246758
24 0.09867220758159334 0.23386769480519476
25 0.10201702817757952 0.24228896103896103
26 0.10561524427326174 0.24989853896103897
27 0.10977093046827491 0.2579646915584416
28 0.11347050476383536 0.2667410714285714
29 0.11696736265963914 0.274807224025974
30 0.12147780255422669 0.2834821428571429
31 0.12502533954996964 0.29205560064935066
32 0.12842083924589498 0.2996651785714286
33 0.131714980741942 0.30727475649350644
34 0.135009122237989 0.315137987012987
35 0.13820190553415768 0.32249391233766234
36 0.14185080072977907 0.3300527597402597
37 0.14499290492600847 0.3365969967532467
38 0.14803365092235965 0.343851461038961
39 0.1526961281167647 0.35247564935064934
40 0.15558483681329816 0.3597808441558441
41 0.15887897830934528 0.3664772727272727
42 0.16293330630448 0.37393465909090906
43 0.16551794040137846 0.381544237012987
44 0.16850800729779036 0.38747970779220775
45 0.17200486519359415 0.394632711038961
46 0.175248327589702 0.40072037337662336
47 0.1782383944861139 0.4072138798701299
48 0.18127914048246507 0.4138088474025974
49 0.18442124467869447 0.4203530844155844
50 0.18761402797486315 0.42654220779220775
51 0.19075613217109266 0.4333400974025974
52 0.194151631867018 0.4399857954545454
53 0.1971416987634299 0.446682224025974
54 0.19957429556051087 0.45150162337662336
55 0.2022096087573485 0.4571834415584416
56 0.20454084735455103 0.4628652597402597
57 0.20742955605108448 0.4685978084415584
58 0.21062233934725316 0.47564935064935066
59 0.21447395094263122 0.4816862824675324
60 0.21786945063855667 0.4874695616883117
61 0.22030204743563753 0.492288961038961
62 0.22298803973241432 0.4980215097402597
63 0.22592742752888706 0.5035004058441559
64 0.22922156902493407 0.5095373376623377
65 0.2317048449219542 0.5153713474025974
66 0.2340867626190959 0.5202922077922079
67 0.23733022501520373 0.524908685064935
68 0.23925603081289282 0.5296773538961039
69 0.241789985809852 0.533685064935065
70 0.24361443340766264 0.5373883928571428
71 0.24584431380498684 0.5425629058441559
72 0.24847962700182447 0.5469257305194806
73 0.2514190147982972 0.5513392857142857
74 0.25369957429556056 0.5559050324675325
75 0.25577741739306714 0.559862012987013
76 0.25780458139063456 0.5633624188311688
77 0.26033853638759374 0.5681818181818181
78 0.2624163794851003 0.572849025974026
79 0.264798297182242 0.576653814935065
80 0.2667241029799311 0.5805093344155844
81 0.26839651327792413 0.5849228896103896
82 0.27077843097506593 0.5892857142857143
83 0.2732110277721468 0.5934963474025974
84 0.27564362456922764 0.5971489448051948
85 0.2782282586661261 0.6009537337662338
86 0.2803061017636327 0.6048092532467533
87 0.28223190756132166 0.6089691558441559
88 0.28461382525846346 0.613179788961039
89 0.2870464220555443 0.6171875
90 0.2892763024528684 0.6214995941558441
91 0.29155686195013175 0.6255073051948052
92 0.29353334684776 0.62890625
93 0.295459152645449 0.6325588474025974
94 0.29723292114332045 0.6366680194805194
95 0.2987026150415568 0.6390016233766234
96 0.30057774173930674 0.6420454545454546
97 0.30179404013784716 0.645900974025974
98 0.30387188323535375 0.6494013798701299
99 0.30589904723292116 0.653713474025974
100 0.30782485303061013 0.6567065746753247
101 0.3094972633286033 0.6590909090909092
102 0.3111696736265964 0.6613737824675325
103 0.31319683762416384 0.663961038961039
104 0.31476788972227854 0.6670556006493507
105 0.31694709101966345 0.6702008928571428
106 0.3187208595175349 0.6738534902597403
107 0.32090006081491995 0.6769987824675325
108 0.3221163592134604 0.6798396915584415
109 0.32389012771133185 0.6831371753246753
=======
frame thiol_conv ene_conv
0 0.0008108655990270 0.0046672077922078
1 0.0055747009933104 0.0152698863636364
2 0.0104398945874721 0.0263798701298701
3 0.0137340360835192 0.0372869318181818
4 0.0180417595783499 0.0466720779220779
5 0.0228055949726332 0.0581879058441559
6 0.0262010946685587 0.0682832792207793
7 0.0301033853638759 0.0784801136363636
8 0.0344111088587067 0.0884232954545454
9 0.0385161159537807 0.0975040584415584
10 0.0422156902493411 0.1072443181818182
11 0.0459659436448409 0.1165280032467533
12 0.0500202716399757 0.1257102272727273
13 0.0546320697344416 0.1359577922077922
14 0.0586357186296371 0.1448356331168831
15 0.0623352929251977 0.1544744318181818
16 0.0662882627204541 0.1634537337662337
17 0.0701398743158321 0.1716720779220779
18 0.0743969187107237 0.1812094155844156
19 0.0778430975065882 0.1903409090909091
20 0.0818467464017839 0.1993202110389610
21 0.0863571862963713 0.2082487824675324
22 0.0904621933914453 0.2159090909090909
23 0.0949219541860936 0.2253449675324676
24 0.0986722075815933 0.2338676948051948
25 0.1020170281775795 0.2422889610389610
26 0.1056152442732617 0.2498985389610390
27 0.1097709304682749 0.2579646915584416
28 0.1134705047638354 0.2667410714285714
29 0.1169673626596391 0.2748072240259740
30 0.1214778025542267 0.2834821428571429
31 0.1250253395499696 0.2920556006493507
32 0.1284208392458950 0.2996651785714286
33 0.1317149807419420 0.3072747564935064
34 0.1350091222379890 0.3151379870129870
35 0.1382019055341577 0.3224939123376623
36 0.1418508007297791 0.3300527597402597
37 0.1449929049260085 0.3365969967532467
38 0.1480336509223596 0.3438514610389610
39 0.1526961281167647 0.3524756493506493
40 0.1555848368132982 0.3597808441558441
41 0.1588789783093453 0.3664772727272727
42 0.1629333063044800 0.3739346590909091
43 0.1655179404013785 0.3815442370129870
44 0.1685080072977904 0.3874797077922078
45 0.1720048651935941 0.3946327110389610
46 0.1752483275897020 0.4007203733766234
47 0.1782383944861139 0.4072138798701299
48 0.1812791404824651 0.4138088474025974
49 0.1844212446786945 0.4203530844155844
50 0.1876140279748632 0.4265422077922078
51 0.1907561321710927 0.4333400974025974
52 0.1941516318670180 0.4399857954545454
53 0.1971416987634299 0.4466822240259740
54 0.1995742955605109 0.4515016233766234
55 0.2022096087573485 0.4571834415584416
56 0.2045408473545510 0.4628652597402597
57 0.2074295560510845 0.4685978084415584
58 0.2106223393472532 0.4756493506493507
59 0.2144739509426312 0.4816862824675324
60 0.2178694506385567 0.4874695616883117
61 0.2203020474356375 0.4922889610389610
62 0.2229880397324143 0.4980215097402597
63 0.2259274275288871 0.5035004058441559
64 0.2292215690249341 0.5095373376623377
65 0.2317048449219542 0.5153713474025974
66 0.2340867626190959 0.5202922077922079
67 0.2373302250152037 0.5249086850649350
68 0.2392560308128928 0.5296773538961039
69 0.2417899858098520 0.5336850649350650
70 0.2436144334076626 0.5373883928571428
71 0.2458443138049868 0.5425629058441559
72 0.2484796270018245 0.5469257305194806
73 0.2514190147982972 0.5513392857142857
74 0.2536995742955606 0.5559050324675325
75 0.2557774173930671 0.5598620129870130
76 0.2578045813906346 0.5633624188311688
77 0.2603385363875937 0.5681818181818181
78 0.2624163794851003 0.5728490259740260
79 0.2647982971822420 0.5766538149350650
80 0.2667241029799311 0.5805093344155844
81 0.2683965132779241 0.5849228896103896
82 0.2707784309750659 0.5892857142857143
83 0.2732110277721468 0.5934963474025974
84 0.2756436245692276 0.5971489448051948
85 0.2782282586661261 0.6009537337662338
86 0.2803061017636327 0.6048092532467533
87 0.2822319075613217 0.6089691558441559
88 0.2846138252584635 0.6131797889610390
89 0.2870464220555443 0.6171875000000000
90 0.2892763024528684 0.6214995941558441
91 0.2915568619501318 0.6255073051948052
92 0.2935333468477600 0.6289062500000000
93 0.2954591526454490 0.6325588474025974
94 0.2972329211433204 0.6366680194805194
95 0.2987026150415568 0.6390016233766234
96 0.3005777417393067 0.6420454545454546
97 0.3017940401378472 0.6459009740259740
98 0.3038718832353537 0.6494013798701299
99 0.3058990472329212 0.6537134740259740
100 0.3078248530306101 0.6567065746753247
101 0.3094972633286033 0.6590909090909092
102 0.3111696736265964 0.6613737824675325
103 0.3131968376241638 0.6639610389610390
104 0.3147678897222785 0.6670556006493507
105 0.3169470910196635 0.6702008928571428
106 0.3187208595175349 0.6738534902597403
107 0.3209000608149200 0.6769987824675325
108 0.3221163592134604 0.6798396915584415
109 0.3238901277113319 0.6831371753246753
>>>>>>> Stashed changes
110 0.3258159335090208 0.6866375811688312
111 0.3272856274072572 0.6894277597402597
112 0.3287046422055544 0.6919642857142857
113 0.3306304480032435 0.6946530032467533
114 0.3323535374011758 0.6974939123376623
<<<<<<< Updated upstream
115 0.33382323129941216 0.6996753246753247
116 0.3349888505980134 0.7022118506493507
117 0.3364585444962498 0.7046976461038961
118 0.33747212649503344 0.7064732142857143
119 0.33889114129333064 0.7088068181818181
120 0.3402594769916887 0.7110896915584415
121 0.3416278126900466 0.7134232954545454
122 0.34314818568822214 0.7157568993506493
123 0.3446178795864585 0.71875
124 0.34644232718426926 0.7210836038961039
125 0.3480640583823231 0.7235693993506493
126 0.3492296776809244 0.7259537337662338
127 0.35120616257855264 0.7277800324675325
128 0.3523211027772146 0.7300121753246753
129 0.353790796675451 0.7319906655844156
130 0.3555138860733833 0.7338169642857143
131 0.35622339347253196 0.7354403409090908
132 0.35703425907155883 0.7372159090909092
133 0.3585546320697345 0.7396002435064934
134 0.36017636326778835 0.7421367694805194
135 0.36129130346645044 0.7441659902597403
136 0.3629130346645043 0.74609375
137 0.36407865396310557 0.7475142045454546
138 0.3649401986620717 0.7499492694805194
139 0.36620717616055143 0.7517248376623377
140 0.36787958645854446 0.7538555194805194
141 0.36884248935738906 0.7553267045454546
142 0.3703628623555646 0.7570008116883117
143 0.3712750861544699 0.759080762987013
144 0.372390026353132 0.7606534090909091
145 0.37325157105209816 0.7616680194805194
146 0.37436651125076015 0.763189935064935
147 0.37527873504966547 0.7643060064935066
148 0.37629231704844923 0.765726461038961
149 0.3771538617474154 0.7676542207792207
150 0.3786742347455909 0.769429788961039
151 0.37938374214473947 0.7705458603896104
=======
115 0.3338232312994122 0.6996753246753247
116 0.3349888505980134 0.7022118506493507
117 0.3364585444962498 0.7046976461038961
118 0.3374721264950334 0.7064732142857143
119 0.3388911412933306 0.7088068181818181
120 0.3402594769916887 0.7110896915584415
121 0.3416278126900466 0.7134232954545454
122 0.3431481856882221 0.7157568993506493
123 0.3446178795864585 0.7187500000000000
124 0.3464423271842693 0.7210836038961039
125 0.3480640583823231 0.7235693993506493
126 0.3492296776809244 0.7259537337662338
127 0.3512061625785526 0.7277800324675325
128 0.3523211027772146 0.7300121753246753
129 0.3537907966754510 0.7319906655844156
130 0.3555138860733833 0.7338169642857143
131 0.3562233934725320 0.7354403409090908
132 0.3570342590715588 0.7372159090909092
133 0.3585546320697345 0.7396002435064934
134 0.3601763632677883 0.7421367694805194
135 0.3612913034664504 0.7441659902597403
136 0.3629130346645043 0.7460937500000000
137 0.3640786539631056 0.7475142045454546
138 0.3649401986620717 0.7499492694805194
139 0.3662071761605514 0.7517248376623377
140 0.3678795864585445 0.7538555194805194
141 0.3688424893573891 0.7553267045454546
142 0.3703628623555646 0.7570008116883117
143 0.3712750861544699 0.7590807629870130
144 0.3723900263531320 0.7606534090909091
145 0.3732515710520982 0.7616680194805194
146 0.3743665112507601 0.7631899350649350
147 0.3752787350496655 0.7643060064935066
148 0.3762923170484492 0.7657264610389610
149 0.3771538617474154 0.7676542207792207
150 0.3786742347455909 0.7694297889610390
151 0.3793837421447395 0.7705458603896104
>>>>>>> Stashed changes
152 0.3801439286438273 0.7718648538961039
153 0.3809547942428543 0.7728794642857143
154 0.3818670180417596 0.7741984577922079
155 0.3826778836407866 0.7753145292207793
<<<<<<< Updated upstream
156 0.38348874923981346 0.7768364448051948
157 0.3842489357389013 0.7778510551948052
158 0.3848570849381715 0.7793729707792207
159 0.38592134603689443 0.7805397727272727
160 0.3862760997364687 0.7818080357142857
161 0.38774579363470507 0.7829241071428572
162 0.3886580174336104 0.783989448051948
163 0.38951956213257655 0.7854606331168831
164 0.39033042773160354 0.7867288961038961
165 0.39109061423069125 0.7876420454545454
166 0.39139468883032635 0.7885044642857143
167 0.392104196229475 0.7899249188311688
168 0.39281370362862356 0.7910917207792207
169 0.3936752483275897 0.7922077922077921
170 0.3943340766267991 0.793171672077922
171 0.39504358402594775 0.7941862824675325
172 0.3957530914250963 0.795505275974026
173 0.3967159943239408 0.796672077922078
174 0.3972734644232718 0.7975344967532467
175 0.39788161362254204 0.7985491071428572
176 0.39864180012162986 0.8000202922077921
177 0.3993513075207784 0.80078125
178 0.39990877762010946 0.8018973214285714
179 0.40051692681937967 0.8029626623376623
180 0.4011250760186499 0.8037743506493507
181 0.40183458341779854 0.8045353084415584
182 0.40244273261706875 0.8052962662337663
183 0.40289884451652136 0.8062601461038961
184 0.40355767281573074 0.8076298701298701
185 0.4041151429150618 0.808695211038961
186 0.40497668761402794 0.8096083603896104
187 0.40593959051287254 0.8103185876623377
188 0.4065984188120819 0.8111810064935066
189 0.40720656801135213 0.8125
190 0.40811879181025745 0.8139204545454546
191 0.40908169470910194 0.8150872564935066
192 0.4095884857084938 0.8164569805194806
193 0.41029799310764237 0.8176237824675325
194 0.41110885870666936 0.8187398538961039
195 0.4118690452057572 0.8200588474025974
196 0.41267991080478406 0.8207690746753247
197 0.4135921346036895 0.8214285714285714
198 0.4141496047030204 0.8226968344155844
199 0.41475775390229075 0.8236099837662337
200 0.4152645449016825 0.824320211038961
201 0.41566997770119607 0.8252840909090909
=======
156 0.3834887492398135 0.7768364448051948
157 0.3842489357389013 0.7778510551948052
158 0.3848570849381715 0.7793729707792207
159 0.3859213460368944 0.7805397727272727
160 0.3862760997364687 0.7818080357142857
161 0.3877457936347051 0.7829241071428572
162 0.3886580174336104 0.7839894480519480
163 0.3895195621325765 0.7854606331168831
164 0.3903304277316035 0.7867288961038961
165 0.3910906142306912 0.7876420454545454
166 0.3913946888303264 0.7885044642857143
167 0.3921041962294750 0.7899249188311688
168 0.3928137036286236 0.7910917207792207
169 0.3936752483275897 0.7922077922077921
170 0.3943340766267991 0.7931716720779221
171 0.3950435840259477 0.7941862824675325
172 0.3957530914250963 0.7955052759740260
173 0.3967159943239408 0.7966720779220779
174 0.3972734644232718 0.7975344967532467
175 0.3978816136225420 0.7985491071428572
176 0.3986418001216299 0.8000202922077921
177 0.3993513075207784 0.8007812500000000
178 0.3999087776201095 0.8018973214285714
179 0.4005169268193797 0.8029626623376623
180 0.4011250760186499 0.8037743506493507
181 0.4018345834177985 0.8045353084415584
182 0.4024427326170688 0.8052962662337663
183 0.4028988445165214 0.8062601461038961
184 0.4035576728157307 0.8076298701298701
185 0.4041151429150618 0.8086952110389610
186 0.4049766876140279 0.8096083603896104
187 0.4059395905128725 0.8103185876623377
188 0.4065984188120819 0.8111810064935066
189 0.4072065680113521 0.8125000000000000
190 0.4081187918102575 0.8139204545454546
191 0.4090816947091019 0.8150872564935066
192 0.4095884857084938 0.8164569805194806
193 0.4102979931076424 0.8176237824675325
194 0.4111088587066694 0.8187398538961039
195 0.4118690452057572 0.8200588474025974
196 0.4126799108047841 0.8207690746753247
197 0.4135921346036895 0.8214285714285714
198 0.4141496047030204 0.8226968344155844
199 0.4147577539022907 0.8236099837662337
200 0.4152645449016825 0.8243202110389610
201 0.4156699777011961 0.8252840909090909
>>>>>>> Stashed changes
202 0.4164301642002838 0.8263494318181819
203 0.4171903506993716 0.8275669642857143
204 0.4181532535982161 0.8284293831168831
205 0.4187614027974863 0.8290888798701299
206 0.4194202310966957 0.8297483766233766
<<<<<<< Updated upstream
207 0.41992702209608757 0.8305093344155844
208 0.42058585039529695 0.831828327922078
209 0.42124467869450644 0.8324878246753247
210 0.42185282789377665 0.8335531655844156
211 0.4224102979931077 0.8343141233766234
212 0.4228664098925603 0.8351258116883117
213 0.4236265963916481 0.8356838474025974
214 0.424437461990675 0.8367999188311688
215 0.4250962902898845 0.8378145292207793
216 0.42580579768903304 0.838676948051948
217 0.4262112304885465 0.8394886363636364
218 0.42671802148793836 0.8406047077922079
219 0.4275795661869045 0.8416193181818181
220 0.4285931481856883 0.842583198051948
221 0.4291506182850192 0.8434963474025974
222 0.4295053719845936 0.8442573051948052
223 0.4301135211838638 0.845018262987013
224 0.43051895398337725 0.8459314123376623
225 0.4312284613825258 0.8463372564935066
226 0.43163389418203935 0.8466923701298701
227 0.4319886478816136 0.8472504058441559
228 0.43239408068112706 0.8479099025974026
229 0.432647476180823 0.8487723214285714
230 0.4333063044800325 0.8492796266233766
231 0.4338637745793634 0.8499391233766234
232 0.4342185282789378 0.850294237012987
233 0.4346746401783904 0.8509030032467533
234 0.43508007297790396 0.8517146915584416
235 0.43573890127711334 0.8523234577922079
236 0.4361443340766268 0.8528814935064934
237 0.43649908777620106 0.8534395292207793
238 0.43695519967565377 0.8539468344155844
239 0.4376647070748023 0.8543526785714286
240 0.43807013987431587 0.8550121753246753
241 0.438374214473951 0.8555194805194806
242 0.4388303263734036 0.8561789772727273
243 0.4393877964727346 0.8569906655844156
244 0.43999594567200484 0.8578023538961039
245 0.4403506993715791 0.8583096590909091
246 0.4407054530711535 0.8586647727272727
247 0.4410095276707886 0.859172077922078
248 0.44121224407054527 0.8596793831168831
249 0.44156699777011965 0.8601866883116883
250 0.4421244678694506 0.860846185064935
251 0.44237786336914653 0.8612012987012987
252 0.44268193796878164 0.861911525974026
253 0.44329008716805185 0.8626217532467533
254 0.44379687816744373 0.8634334415584416
255 0.4443036691668356 0.8639914772727273
256 0.4446077437664707 0.8646002435064934
257 0.44501317656598416 0.8651075487012987
258 0.4454692884654369 0.865817775974026
=======
207 0.4199270220960876 0.8305093344155844
208 0.4205858503952969 0.8318283279220779
209 0.4212446786945064 0.8324878246753247
210 0.4218528278937766 0.8335531655844156
211 0.4224102979931077 0.8343141233766234
212 0.4228664098925603 0.8351258116883117
213 0.4236265963916481 0.8356838474025974
214 0.4244374619906750 0.8367999188311688
215 0.4250962902898845 0.8378145292207793
216 0.4258057976890330 0.8386769480519480
217 0.4262112304885465 0.8394886363636364
218 0.4267180214879384 0.8406047077922079
219 0.4275795661869045 0.8416193181818181
220 0.4285931481856883 0.8425831980519480
221 0.4291506182850192 0.8434963474025974
222 0.4295053719845936 0.8442573051948052
223 0.4301135211838638 0.8450182629870130
224 0.4305189539833773 0.8459314123376623
225 0.4312284613825258 0.8463372564935066
226 0.4316338941820393 0.8466923701298701
227 0.4319886478816136 0.8472504058441559
228 0.4323940806811271 0.8479099025974026
229 0.4326474761808230 0.8487723214285714
230 0.4333063044800325 0.8492796266233766
231 0.4338637745793634 0.8499391233766234
232 0.4342185282789378 0.8502942370129870
233 0.4346746401783904 0.8509030032467533
234 0.4350800729779040 0.8517146915584416
235 0.4357389012771133 0.8523234577922079
236 0.4361443340766268 0.8528814935064934
237 0.4364990877762011 0.8534395292207793
238 0.4369551996756538 0.8539468344155844
239 0.4376647070748023 0.8543526785714286
240 0.4380701398743159 0.8550121753246753
241 0.4383742144739510 0.8555194805194806
242 0.4388303263734036 0.8561789772727273
243 0.4393877964727346 0.8569906655844156
244 0.4399959456720048 0.8578023538961039
245 0.4403506993715791 0.8583096590909091
246 0.4407054530711535 0.8586647727272727
247 0.4410095276707886 0.8591720779220779
248 0.4412122440705453 0.8596793831168831
249 0.4415669977701197 0.8601866883116883
250 0.4421244678694506 0.8608461850649350
251 0.4423778633691465 0.8612012987012987
252 0.4426819379687816 0.8619115259740260
253 0.4432900871680518 0.8626217532467533
254 0.4437968781674437 0.8634334415584416
255 0.4443036691668356 0.8639914772727273
256 0.4446077437664707 0.8646002435064934
257 0.4450131765659842 0.8651075487012987
258 0.4454692884654369 0.8658177759740260
>>>>>>> Stashed changes
259 0.4460267585647679 0.8664772727272727
260 0.4462294749645246 0.8671367694805194
261 0.4469896614636124 0.8679484577922079
262 0.4476484897628218 0.8687094155844156
<<<<<<< Updated upstream
263 0.44820595986215284 0.8693689123376623
264 0.4487127508615447 0.8699776785714286
265 0.44911818366105816 0.8703327922077921
266 0.4493715791607541 0.8707893668831169
267 0.44977701196026754 0.8714488636363636
268 0.45023312385972025 0.8721083603896104
269 0.45053719845935536 0.872463474025974
270 0.4512973849584432 0.8730722402597403
271 0.4517534968578958 0.873528814935065
272 0.4520068923575917 0.8742390422077921
273 0.45231096695722683 0.874797077922078
274 0.4527163997567403 0.8751521915584416
275 0.4533245489560105 0.8755580357142857
276 0.45372998175552404 0.876166801948052
277 0.45418609365497664 0.8768770292207793
278 0.45464220555442936 0.877637987012987
279 0.4554023920535172 0.8782974837662337
280 0.4558078248530306 0.8790584415584416
281 0.45636529495236167 0.8798193993506493
282 0.4567707277518751 0.8804281655844156
283 0.4571254814514494 0.8807325487012987
284 0.45748023515102376 0.8809862012987013
285 0.4577336306507196 0.8813920454545454
286 0.4580377052503547 0.8817978896103896
287 0.45829110075005064 0.8822037337662337
288 0.45874721264950336 0.8827617694805194
289 0.45910196634907763 0.8829646915584416
290 0.4593046827488344 0.8832690746753247
291 0.45955807824853034 0.8838778409090909
292 0.4600648692479221 0.8844358766233766
293 0.4603689438475572 0.8848417207792207
294 0.46067301844719233 0.885551948051948
295 0.46112913034664504 0.8863636363636364
296 0.46188931684573287 0.8869724025974026
297 0.462193391445368 0.8875304383116883
298 0.46224407054530714 0.8877840909090909
299 0.46254814514494225 0.8880377435064934
300 0.46285221974457735 0.8882913961038961
301 0.4632069734441516 0.8885957792207793
302 0.46351104804378673 0.8888494318181819
303 0.46366308534360434 0.8890523538961039
304 0.46391648084330017 0.889356737012987
305 0.4640178390431786 0.8896611201298701
306 0.46427123454287456 0.8900669642857143
307 0.4644739509426312 0.890422077922078
308 0.46472734644232716 0.890827922077922
309 0.46508210014190143 0.8914874188311688
310 0.4654368538414758 0.891791801948052
311 0.4656395702412325 0.8922483766233766
312 0.4658929657409284 0.8926034902597403
313 0.46634907764038114 0.893060064935065
314 0.46645043584025947 0.8933137175324676
315 0.4668558686397729 0.8937195616883117
316 0.46695722683965135 0.8942268668831169
317 0.4672106223393473 0.894632711038961
318 0.46756537603892157 0.8949370941558441
319 0.467970808838435 0.8952922077922078
320 0.4681735252381918 0.895799512987013
321 0.4684775998378269 0.896002435064935
322 0.46868031623758366 0.8964082792207793
323 0.46898439083721877 0.8967633928571429
324 0.4693898236367322 0.8971185064935066
325 0.4696938982363673 0.8973721590909091
326 0.46994729373606325 0.8977272727272727
327 0.47009933103588075 0.8979301948051948
328 0.47055544293533347 0.8980823863636364
329 0.47075815933509024 0.898234577922078
330 0.4708595175349686 0.8982853084415584
331 0.4710115548347862 0.8984882305194806
332 0.4711635921346037 0.8987926136363636
333 0.471264950334482 0.8990462662337663
334 0.47136630853436046 0.8991984577922078
335 0.47172106223393473 0.8995535714285714
336 0.4718730995337522 0.8998579545454546
337 0.47217717413338745 0.9003145292207793
338 0.4724305696330833 0.9008218344155844
339 0.472886681532536 0.9012276785714286
340 0.47314007703223193 0.9014306006493507
341 0.47354550983174537 0.9016842532467533
342 0.47405230083113725 0.90234375
343 0.47420433813095475 0.9025974025974026
344 0.47435637543077236 0.9028510551948052
345 0.47471112913034663 0.9031554383116883
346 0.4749138455301034 0.9036627435064934
347 0.47516724102979935 0.9040685876623377
348 0.47531927832961685 0.9042207792207793
349 0.4754206365294953 0.9044237012987013
350 0.47562335292925195 0.9046773538961039
351 0.4758767484289479 0.9049310064935066
352 0.4760287857287655 0.9052861201298701
353 0.476180823028583 0.9055905032467533
354 0.4765355767281573 0.9057934253246753
355 0.4766369349280357 0.9058948863636364
356 0.4766876140279749 0.906148538961039
357 0.47704236772754915 0.906351461038961
358 0.4772957632272451 0.9065036525974026
359 0.4773971214271234 0.9068587662337663
360 0.4777518751266977 0.9073153409090909
361 0.477802554226637 0.907518262987013
362 0.47785323332657614 0.9076704545454546
363 0.4781066288262721 0.9078226461038961
364 0.478360024325968 0.9079748376623377
365 0.47861341982566386 0.9081270292207793
366 0.47866409892560313 0.9083806818181819
367 0.47906953172511657 0.908786525974026
368 0.47922156902493407 0.9088372564935066
369 0.4793736063247517 0.9091416396103896
370 0.47942428542469084 0.9093445616883117
371 0.4796270018244476 0.9096996753246753
372 0.4798297182242044 0.909953327922078
373 0.4799817555240219 0.910054788961039
374 0.4801337928238395 0.9101055194805194
375 0.48023515102371783 0.910257711038961
376 0.48033650922359616 0.9105620941558441
377 0.48053922562335294 0.9108157467532467
378 0.48069126292317044 0.9110693993506493
379 0.481096695722684 0.9114752435064934
380 0.48114737482262315 0.9116781655844156
381 0.4812487330225015 0.9119318181818181
382 0.48160348672207587 0.9121854707792207
383 0.48175552402189337 0.9122869318181819
384 0.48195824042165014 0.9125405844155844
385 0.4820089195215893 0.912591314935065
386 0.4822116359213461 0.9128449675324676
387 0.4822116359213461 0.9130478896103896
388 0.48226231502128525 0.9134030032467533
389 0.4826677478207987 0.9136566558441559
390 0.4828197851206163 0.9140625
391 0.4831238597202514 0.9143161525974026
392 0.48332657612000807 0.9143668831168831
393 0.48352929251976484 0.9144176136363636
394 0.4837320089195216 0.9146205357142857
395 0.48398540441921756 0.9150771103896104
396 0.4840867626190959 0.9154829545454546
397 0.4842387999189134 0.9157366071428571
398 0.484390837218731 0.9158887987012987
399 0.48449219541860933 0.9160409902597403
400 0.48464423271842694 0.9162439123376623
401 0.48474559091830527 0.9162439123376623
402 0.4850496655179404 0.9164468344155844
403 0.4851510237178188 0.916700487012987
=======
263 0.4482059598621528 0.8693689123376623
264 0.4487127508615447 0.8699776785714286
265 0.4491181836610582 0.8703327922077921
266 0.4493715791607541 0.8707893668831169
267 0.4497770119602675 0.8714488636363636
268 0.4502331238597203 0.8721083603896104
269 0.4505371984593554 0.8724634740259740
270 0.4512973849584432 0.8730722402597403
271 0.4517534968578958 0.8735288149350650
272 0.4520068923575917 0.8742390422077921
273 0.4523109669572268 0.8747970779220779
274 0.4527163997567403 0.8751521915584416
275 0.4533245489560105 0.8755580357142857
276 0.4537299817555240 0.8761668019480520
277 0.4541860936549766 0.8768770292207793
278 0.4546422055544294 0.8776379870129870
279 0.4554023920535172 0.8782974837662337
280 0.4558078248530306 0.8790584415584416
281 0.4563652949523617 0.8798193993506493
282 0.4567707277518751 0.8804281655844156
283 0.4571254814514494 0.8807325487012987
284 0.4574802351510238 0.8809862012987013
285 0.4577336306507196 0.8813920454545454
286 0.4580377052503547 0.8817978896103896
287 0.4582911007500506 0.8822037337662337
288 0.4587472126495034 0.8827617694805194
289 0.4591019663490776 0.8829646915584416
290 0.4593046827488344 0.8832690746753247
291 0.4595580782485303 0.8838778409090909
292 0.4600648692479221 0.8844358766233766
293 0.4603689438475572 0.8848417207792207
294 0.4606730184471923 0.8855519480519480
295 0.4611291303466450 0.8863636363636364
296 0.4618893168457329 0.8869724025974026
297 0.4621933914453680 0.8875304383116883
298 0.4622440705453071 0.8877840909090909
299 0.4625481451449422 0.8880377435064934
300 0.4628522197445774 0.8882913961038961
301 0.4632069734441516 0.8885957792207793
302 0.4635110480437867 0.8888494318181819
303 0.4636630853436043 0.8890523538961039
304 0.4639164808433002 0.8893567370129870
305 0.4640178390431786 0.8896611201298701
306 0.4642712345428746 0.8900669642857143
307 0.4644739509426312 0.8904220779220779
308 0.4647273464423272 0.8908279220779221
309 0.4650821001419014 0.8914874188311688
310 0.4654368538414758 0.8917918019480520
311 0.4656395702412325 0.8922483766233766
312 0.4658929657409284 0.8926034902597403
313 0.4663490776403811 0.8930600649350650
314 0.4664504358402595 0.8933137175324676
315 0.4668558686397729 0.8937195616883117
316 0.4669572268396514 0.8942268668831169
317 0.4672106223393473 0.8946327110389610
318 0.4675653760389216 0.8949370941558441
319 0.4679708088384350 0.8952922077922078
320 0.4681735252381918 0.8957995129870130
321 0.4684775998378269 0.8960024350649350
322 0.4686803162375837 0.8964082792207793
323 0.4689843908372188 0.8967633928571429
324 0.4693898236367322 0.8971185064935066
325 0.4696938982363673 0.8973721590909091
326 0.4699472937360633 0.8977272727272727
327 0.4700993310358808 0.8979301948051948
328 0.4705554429353335 0.8980823863636364
329 0.4707581593350902 0.8982345779220779
330 0.4708595175349686 0.8982853084415584
331 0.4710115548347862 0.8984882305194806
332 0.4711635921346037 0.8987926136363636
333 0.4712649503344820 0.8990462662337663
334 0.4713663085343605 0.8991984577922078
335 0.4717210622339347 0.8995535714285714
336 0.4718730995337522 0.8998579545454546
337 0.4721771741333874 0.9003145292207793
338 0.4724305696330833 0.9008218344155844
339 0.4728866815325360 0.9012276785714286
340 0.4731400770322319 0.9014306006493507
341 0.4735455098317454 0.9016842532467533
342 0.4740523008311373 0.9023437500000000
343 0.4742043381309548 0.9025974025974026
344 0.4743563754307724 0.9028510551948052
345 0.4747111291303466 0.9031554383116883
346 0.4749138455301034 0.9036627435064934
347 0.4751672410297993 0.9040685876623377
348 0.4753192783296168 0.9042207792207793
349 0.4754206365294953 0.9044237012987013
350 0.4756233529292520 0.9046773538961039
351 0.4758767484289479 0.9049310064935066
352 0.4760287857287655 0.9052861201298701
353 0.4761808230285830 0.9055905032467533
354 0.4765355767281573 0.9057934253246753
355 0.4766369349280357 0.9058948863636364
356 0.4766876140279749 0.9061485389610390
357 0.4770423677275492 0.9063514610389610
358 0.4772957632272451 0.9065036525974026
359 0.4773971214271234 0.9068587662337663
360 0.4777518751266977 0.9073153409090909
361 0.4778025542266370 0.9075182629870130
362 0.4778532333265761 0.9076704545454546
363 0.4781066288262721 0.9078226461038961
364 0.4783600243259680 0.9079748376623377
365 0.4786134198256639 0.9081270292207793
366 0.4786640989256031 0.9083806818181819
367 0.4790695317251166 0.9087865259740260
368 0.4792215690249341 0.9088372564935066
369 0.4793736063247517 0.9091416396103896
370 0.4794242854246908 0.9093445616883117
371 0.4796270018244476 0.9096996753246753
372 0.4798297182242044 0.9099533279220779
373 0.4799817555240219 0.9100547889610390
374 0.4801337928238395 0.9101055194805194
375 0.4802351510237178 0.9102577110389610
376 0.4803365092235962 0.9105620941558441
377 0.4805392256233529 0.9108157467532467
378 0.4806912629231704 0.9110693993506493
379 0.4810966957226840 0.9114752435064934
380 0.4811473748226232 0.9116781655844156
381 0.4812487330225015 0.9119318181818181
382 0.4816034867220759 0.9121854707792207
383 0.4817555240218934 0.9122869318181819
384 0.4819582404216501 0.9125405844155844
385 0.4820089195215893 0.9125913149350650
386 0.4822116359213461 0.9128449675324676
387 0.4822116359213461 0.9130478896103896
388 0.4822623150212852 0.9134030032467533
389 0.4826677478207987 0.9136566558441559
390 0.4828197851206163 0.9140625000000000
391 0.4831238597202514 0.9143161525974026
392 0.4833265761200081 0.9143668831168831
393 0.4835292925197648 0.9144176136363636
394 0.4837320089195216 0.9146205357142857
395 0.4839854044192176 0.9150771103896104
396 0.4840867626190959 0.9154829545454546
397 0.4842387999189134 0.9157366071428571
398 0.4843908372187310 0.9158887987012987
399 0.4844921954186093 0.9160409902597403
400 0.4846442327184269 0.9162439123376623
401 0.4847455909183053 0.9162439123376623
402 0.4850496655179404 0.9164468344155844
403 0.4851510237178188 0.9167004870129870
404 0.4831804281345565 0.9171253822629970
405 0.4833333333333333 0.9172782874617738
406 0.4835372069317023 0.9174821610601427
407 0.4835881753312946 0.9178389398572885
408 0.4838430173292558 0.9180428134556575
409 0.4839449541284404 0.9180937818552497
410 0.4840978593272172 0.9182976554536187
411 0.4841488277268093 0.9185015290519878
412 0.4843527013251784 0.9188583078491336
413 0.4845565749235474 0.9191131498470948
414 0.4847094801223242 0.9193679918450560
415 0.4848114169215086 0.9194699286442406
416 0.4849133537206932 0.9196738022426096
417 0.4850152905198777 0.9199796126401631
418 0.4853211009174312 0.9201325178389399
419 0.4854740061162079 0.9202344546381244
420 0.4856778797145770 0.9203363914373088
421 0.4857288481141692 0.9203363914373088
422 0.4857288481141692 0.9204892966360856
423 0.4858817533129459 0.9206931702344546
424 0.4860856269113150 0.9209480122324158
425 0.4863404689092763 0.9211009174311926
426 0.4865953109072375 0.9213557594291539
427 0.4866462793068298 0.9216615698267074
428 0.4870030581039755 0.9219164118246687
429 0.4870540265035678 0.9219673802242609
430 0.4872069317023445 0.9220693170234455
431 0.4872579001019368 0.9222222222222223
432 0.4875127420998980 0.9222222222222223
433 0.4876146788990826 0.9224260958205912
434 0.4876656472986748 0.9225280326197758
435 0.4877675840978594 0.9226299694189602
436 0.4879714576962283 0.9228848114169215
437 0.4882262996941896 0.9230377166156982
438 0.4883792048929664 0.9232415902140673
439 0.4884811416921508 0.9233435270132517
440 0.4886340468909276 0.9235474006116208
441 0.4887359836901122 0.9236493374108053
442 0.4887359836901122 0.9237512742099898
443 0.4887869520897044 0.9239551478083589
444 0.4888888888888889 0.9240570846075433
445 0.4890927624872579 0.9241590214067278
446 0.4892966360856269 0.9243119266055045
447 0.4896024464831804 0.9246687054026503
448 0.4897553516819572 0.9247196738022426
449 0.4899082568807339 0.9249745158002038
450 0.4899592252803262 0.9250254841997961
451 0.4899592252803262 0.9251783893985729
452 0.4901121304791030 0.9253312945973496
453 0.4902140672782874 0.9254841997961264
454 0.4903160040774720 0.9255861365953109
455 0.4905198776758409 0.9256880733944954
456 0.4907747196738023 0.9258409785932722
457 0.4908766564729867 0.9258409785932722
458 0.4909785932721713 0.9259938837920489
459 0.4909785932721713 0.9260958205912334
460 0.4911314984709481 0.9261977573904180
461 0.4911824668705402 0.9264016309887869
462 0.4913863404689093 0.9268093781855250
463 0.4914882772680937 0.9268603465851173
464 0.4914882772680937 0.9269113149847095
465 0.4915902140672783 0.9270642201834862
466 0.4916921508664628 0.9271151885830785
467 0.4917431192660551 0.9271661569826708
468 0.4917940876656473 0.9272171253822630
469 0.4918960244648318 0.9272680937818553
470 0.4918960244648318 0.9273190621814476
471 0.4920998980632009 0.9276248725790011
472 0.4921508664627930 0.9277777777777778
473 0.4923547400611621 0.9279816513761467
474 0.4925586136595311 0.9282364933741081
475 0.4927624872579001 0.9283893985728848
476 0.4928644240570846 0.9286442405708460
477 0.4929153924566768 0.9288990825688074
478 0.4929663608562691 0.9291539245667686
479 0.4931192660550459 0.9293577981651376
480 0.4932721712538226 0.9296126401630989
481 0.4934250764525994 0.9298674821610602
482 0.4936289500509684 0.9300203873598369
483 0.4939347604485219 0.9301223241590214
484 0.4941386340468910 0.9302242609582059
485 0.4941896024464831 0.9303261977573904
486 0.4941896024464831 0.9305810397553517
487 0.4945463812436289 0.9308868501529052
488 0.4945463812436289 0.9309378185524975
489 0.4946483180428135 0.9311416921508665
490 0.4948012232415903 0.9312436289500510
491 0.4951070336391438 0.9312945973496433
492 0.4953109072375127 0.9316513761467889
493 0.4954128440366973 0.9318552497451580
494 0.4955657492354740 0.9319062181447503
495 0.4956676860346585 0.9319571865443426
496 0.4958715596330275 0.9321100917431193
497 0.4960244648318043 0.9323139653414882
498 0.4960244648318043 0.9325178389398573
499 0.4960754332313966 0.9326197757390418
500 0.4962793068297655 0.9328746177370031
501 0.4963812436289501 0.9331294597349643
502 0.4964322120285423 0.9331804281345566
503 0.4965851172273190 0.9331804281345566
504 0.4966870540265036 0.9332313965341488
505 0.4969418960244648 0.9336391437308869
506 0.4970438328236494 0.9337410805300713
507 0.4970948012232416 0.9338430173292559
508 0.4972986748216106 0.9339449541284404
509 0.4974006116207951 0.9340468909276248
510 0.4975535168195718 0.9341488277268094
511 0.4976554536187564 0.9344036697247706
512 0.4977064220183486 0.9345056065239552
513 0.4977573904179409 0.9347604485219164
514 0.4978593272171253 0.9348623853211009
515 0.4979612640163099 0.9350152905198776
516 0.4981651376146790 0.9351681957186544
517 0.4982670744138634 0.9355759429153925
518 0.4984199796126402 0.9356778797145769
519 0.4987257900101937 0.9357798165137614
520 0.4989296636085627 0.9358817533129460
521 0.4989806320081549 0.9358817533129460
522 0.4991335372069317 0.9359836901121305
523 0.4991845056065239 0.9362895005096840
524 0.4992354740061162 0.9364933741080530
525 0.4994393476044853 0.9365443425076453
526 0.4994903160040775 0.9366462793068298
527 0.4997451580020388 0.9368501529051988
528 0.4999490316004077 0.9370030581039756
529 0.5000509683995922 0.9370540265035678
530 0.5001529051987768 0.9371559633027523
531 0.5002038735983689 0.9373088685015291
532 0.5004587155963303 0.9374108053007135
533 0.5004587155963303 0.9374617737003058
534 0.5005096839959225 0.9374617737003058
535 0.5005096839959225 0.9375127420998981
536 0.5006116207951070 0.9376146788990826
537 0.5007135575942916 0.9376656472986749
538 0.5008154943934761 0.9378185524974516
539 0.5009174311926605 0.9379714576962284
540 0.5010703363914373 0.9380224260958205
541 0.5010703363914373 0.9380733944954128
542 0.5010703363914373 0.9383282364933742
543 0.5010703363914373 0.9384301732925586
544 0.5011722731906219 0.9384301732925586
545 0.5012232415902140 0.9385830784913354
546 0.5014271151885831 0.9389398572884812
547 0.5016309887869521 0.9390417940876656
548 0.5018348623853210 0.9391946992864424
549 0.5018348623853210 0.9392966360856270
550 0.5019367991845056 0.9393985728848114
551 0.5020387359836901 0.9396024464831805
552 0.5022426095820591 0.9397553516819572
553 0.5022426095820591 0.9397553516819572
554 0.5022935779816513 0.9399082568807340
555 0.5022935779816513 0.9399592252803262
556 0.5023955147808359 0.9400101936799184
557 0.5025484199796126 0.9401121304791029
558 0.5025484199796126 0.9402140672782875
559 0.5026503567787972 0.9403160040774720
560 0.5028032619775740 0.9405198776758410
561 0.5028032619775740 0.9406727828746178
562 0.5029561671763507 0.9407747196738022
563 0.5030581039755352 0.9409276248725790
564 0.5032110091743119 0.9410295616717635
565 0.5033129459734964 0.9410805300713557
566 0.5034148827726810 0.9412334352701325
567 0.5034148827726810 0.9413353720693171
568 0.5034658511722732 0.9414882772680938
569 0.5035677879714577 0.9415902140672783
570 0.5036187563710499 0.9415902140672783
571 0.5037206931702345 0.9416921508664629
572 0.5038226299694190 0.9418960244648318
573 0.5039245667686034 0.9420489296636085
574 0.5040265035677880 0.9420489296636085
575 0.5041794087665648 0.9421508664627931
576 0.5042813455657492 0.9422528032619776
577 0.5043832823649337 0.9423547400611620
578 0.5045871559633027 0.9426095820591234
579 0.5046890927624872 0.9427624872579001
580 0.5047400611620796 0.9427624872579001
581 0.5048419979612639 0.9428134556574923
582 0.5048929663608563 0.9429153924566769
583 0.5049949031600407 0.9429663608562691
584 0.5050458715596331 0.9429663608562691
585 0.5051987767584099 0.9431192660550458
586 0.5052497451580020 0.9432212028542304
587 0.5053007135575943 0.9432212028542304
588 0.5053007135575943 0.9432212028542304
589 0.5055555555555555 0.9434760448521916
590 0.5056574923547401 0.9435270132517839
591 0.5057084607543323 0.9435779816513762
592 0.5057594291539246 0.9437818552497451
593 0.5058613659531090 0.9438837920489297
594 0.5060142711518858 0.9439347604485219
595 0.5060142711518858 0.9439857288481142
596 0.5060652395514781 0.9440366972477064
597 0.5060652395514781 0.9440876656472986
598 0.5061671763506626 0.9442405708460755
599 0.5062181447502548 0.9444444444444444
600 0.5063200815494393 0.9445973496432212
601 0.5063710499490316 0.9447502548419979
602 0.5064220183486239 0.9448521916411825
603 0.5065749235474006 0.9450050968399593
604 0.5068807339449541 0.9451070336391437
605 0.5069826707441386 0.9452089704383282
606 0.5070846075433231 0.9452089704383282
607 0.5070846075433231 0.9454128440366972
608 0.5071865443425077 0.9455147808358817
609 0.5072884811416922 0.9456676860346586
610 0.5073904179408766 0.9457186544342507
611 0.5074923547400612 0.9457696228338430
612 0.5075433231396533 0.9459225280326198
613 0.5075942915392457 0.9461264016309888
614 0.5076962283384302 0.9462793068297656
615 0.5079001019367992 0.9465341488277268
616 0.5080530071355760 0.9466360856269114
617 0.5081039755351682 0.9467889908256881
618 0.5083588175331295 0.9469418960244649
619 0.5084607543323140 0.9471457696228338
620 0.5084607543323140 0.9472477064220184
621 0.5085626911314984 0.9473496432212029
622 0.5088175331294598 0.9473496432212029
623 0.5088685015290519 0.9473496432212029
624 0.5089704383282365 0.9473496432212029
625 0.5089704383282365 0.9474515800203873
626 0.5090723751274210 0.9475535168195719
627 0.5091233435270133 0.9476554536187564
628 0.5091743119266054 0.9477064220183486
629 0.5092252803261977 0.9477064220183486
630 0.5092762487257900 0.9477573904179408
631 0.5093272171253822 0.9478593272171254
632 0.5094801223241590 0.9478593272171254
633 0.5094801223241590 0.9478593272171254
634 0.5095310907237514 0.9479102956167176
635 0.5095310907237514 0.9480632008154944
636 0.5095310907237514 0.9481141692150866
637 0.5096330275229357 0.9481141692150866
638 0.5097349643221203 0.9483180428134557
639 0.5097859327217125 0.9483180428134557
640 0.5097859327217125 0.9483180428134557
641 0.5097859327217125 0.9483690112130480
642 0.5099388379204892 0.9484199796126401
643 0.5099388379204892 0.9486238532110092
644 0.5102446483180428 0.9488277268093782
645 0.5103465851172273 0.9488786952089704
646 0.5103975535168196 0.9489806320081550
647 0.5104485219164119 0.9490316004077473
648 0.5105504587155963 0.9490316004077473
649 0.5106014271151886 0.9491335372069317
650 0.5106523955147808 0.9492354740061162
651 0.5107033639143731 0.9492354740061162
652 0.5107543323139654 0.9493883792048929
653 0.5109072375127421 0.9494903160040775
654 0.5109072375127421 0.9495412844036697
655 0.5109582059123343 0.9497451580020387
656 0.5111620795107034 0.9497451580020387
657 0.5111620795107034 0.9498980632008155
658 0.5113659531090724 0.9500509683995922
659 0.5115188583078492 0.9501019367991845
660 0.5115188583078492 0.9502548419979613
661 0.5115698267074413 0.9502548419979613
662 0.5115698267074413 0.9503058103975535
663 0.5115698267074413 0.9504587155963302
664 0.5117227319062181 0.9504587155963302
665 0.5117227319062181 0.9505606523955148
666 0.5118246687054027 0.9507645259938838
667 0.5119266055045871 0.9510193679918451
668 0.5119775739041794 0.9510703363914373
669 0.5120795107033640 0.9511213047910295
670 0.5120795107033640 0.9512232415902141
671 0.5121814475025483 0.9513251783893986
672 0.5122324159021407 0.9513761467889909
673 0.5122833843017329 0.9514780835881753
674 0.5123853211009175 0.9515800203873599
675 0.5124872579001019 0.9517329255861366
676 0.5125891946992864 0.9517838939857288
677 0.5125891946992864 0.9517838939857288
678 0.5126401630988787 0.9517838939857288
679 0.5127420998980632 0.9518858307849134
680 0.5127420998980632 0.9518858307849134
681 0.5127930682976555 0.9519877675840979
682 0.5129459734964322 0.9520897043832823
683 0.5129459734964322 0.9521916411824669
684 0.5130479102956167 0.9521916411824669
685 0.5130988786952090 0.9522935779816514
686 0.5130988786952090 0.9522935779816514
687 0.5131498470948013 0.9524464831804281
688 0.5133027522935780 0.9524974515800204
689 0.5133537206931702 0.9525484199796126
690 0.5134046890927625 0.9525484199796126
691 0.5134556574923548 0.9525484199796126
692 0.5135066258919470 0.9525993883792049
693 0.5135575942915392 0.9526503567787972
694 0.5135575942915392 0.9526503567787972
695 0.5136595310907237 0.9526503567787972
696 0.5136595310907237 0.9528032619775739
697 0.5137104994903160 0.9528032619775739
698 0.5137104994903160 0.9529561671763507
699 0.5138124362895005 0.9531090723751274
700 0.5139143730886850 0.9531600407747197
701 0.5140163098878695 0.9532110091743119
702 0.5140672782874618 0.9533639143730887
703 0.5140672782874618 0.9535168195718654
704 0.5141182466870540 0.9535677879714577
705 0.5143221202854230 0.9536697247706422
706 0.5143221202854230 0.9536697247706422
707 0.5144240570846075 0.9537716615698267
708 0.5145259938837921 0.9538226299694189
709 0.5146788990825688 0.9539245667686035
710 0.5146788990825688 0.9539245667686035
711 0.5147298674821610 0.9539755351681958
712 0.5147808358817534 0.9539755351681958
713 0.5148318042813456 0.9540265035677880
714 0.5148827726809377 0.9541794087665647
715 0.5148827726809377 0.9542813455657493
716 0.5149337410805301 0.9542813455657493
717 0.5150356778797146 0.9543323139653415
718 0.5150866462793069 0.9544342507645260
719 0.5152395514780836 0.9544852191641182
720 0.5152905198776758 0.9545871559633028
721 0.5153924566768604 0.9547400611620795
722 0.5153924566768604 0.9547400611620795
723 0.5153924566768604 0.9548419979612640
724 0.5154434250764526 0.9548419979612640
725 0.5154943934760449 0.9549439347604485
726 0.5155963302752293 0.9550458715596331
727 0.5156982670744139 0.9551478083588175
728 0.5158511722731907 0.9553516819571866
729 0.5159531090723751 0.9555045871559633
730 0.5160550458715596 0.9555045871559633
731 0.5161569826707442 0.9556574923547401
732 0.5162589194699286 0.9558613659531091
733 0.5162589194699286 0.9559123343527013
734 0.5162589194699286 0.9559633027522936
735 0.5163608562691131 0.9560652395514780
736 0.5163608562691131 0.9561671763506626
737 0.5164627930682977 0.9561671763506626
738 0.5164627930682977 0.9561671763506626
739 0.5166156982670744 0.9563200815494394
740 0.5166156982670744 0.9563200815494394
741 0.5167176350662589 0.9563200815494394
742 0.5167686034658512 0.9563710499490315
743 0.5169724770642201 0.9564729867482161
744 0.5171253822629969 0.9565749235474006
745 0.5171253822629969 0.9565749235474006
746 0.5171253822629969 0.9565749235474006
747 0.5171763506625893 0.9565749235474006
748 0.5171763506625893 0.9566768603465852
749 0.5172273190621814 0.9566768603465852
750 0.5172782874617736 0.9567278287461773
751 0.5172782874617736 0.9567278287461773
752 0.5172782874617736 0.9567787971457696
753 0.5172782874617736 0.9568297655453619
754 0.5173802242609582 0.9568807339449541
755 0.5174821610601428 0.9570336391437309
756 0.5175840978593272 0.9570846075433231
757 0.5175840978593272 0.9570846075433231
758 0.5176350662589195 0.9571355759429154
759 0.5176350662589195 0.9571355759429154
760 0.5177879714576963 0.9571865443425076
761 0.5178389398572885 0.9571865443425076
762 0.5178899082568807 0.9571865443425076
763 0.5179408766564730 0.9572884811416922
764 0.5179918450560652 0.9572884811416922
765 0.5179918450560652 0.9573394495412844
766 0.5179918450560652 0.9573394495412844
767 0.5179918450560652 0.9573904179408766
768 0.5179918450560652 0.9574413863404689
769 0.5179918450560652 0.9575433231396534
770 0.5180937818552498 0.9575942915392457
771 0.5181957186544343 0.9576452599388379
772 0.5182466870540265 0.9577471967380224
773 0.5183486238532110 0.9577471967380224
774 0.5183995922528033 0.9577981651376146
775 0.5184505606523955 0.9578491335372069
776 0.5184505606523955 0.9578491335372069
777 0.5184505606523955 0.9579001019367992
778 0.5185524974515801 0.9579001019367992
779 0.5186034658511722 0.9579510703363915
780 0.5186544342507645 0.9580020387359837
781 0.5188073394495413 0.9582059123343527
782 0.5188583078491336 0.9582568807339450
783 0.5188583078491336 0.9582568807339450
784 0.5190112130479103 0.9582568807339450
785 0.5190112130479103 0.9584607543323139
786 0.5191131498470948 0.9586136595310907
787 0.5191641182466871 0.9586646279306830
788 0.5192660550458715 0.9587665647298674
789 0.5193170234454638 0.9588175331294597
790 0.5194699286442406 0.9588685015290520
791 0.5195208970438328 0.9589194699286443
792 0.5195208970438328 0.9591233435270132
793 0.5195718654434252 0.9591233435270132
794 0.5195718654434252 0.9591743119266055
795 0.5196228338430173 0.9592762487257900
796 0.5197247706422019 0.9593272171253823
797 0.5198267074413863 0.9593272171253823
798 0.5198267074413863 0.9593272171253823
799 0.5198267074413863 0.9593272171253823
800 0.5198776758409787 0.9593272171253823
>>>>>>> Stashed changes
