<<<<<<< Updated upstream
frame thiol_conversion ene_conversion
0 0.0010135306339633665 0.004565051990869873
1 0.004763593979628 0.014405275171189502
2 0.008767039983783476 0.024499112351001773
3 0.01251710332944811 0.03444078113111848
4 0.016520549333603585 0.04387522191224957
5 0.020676024932853587 0.053512553892974934
6 0.024679470937009063 0.0630484402739031
7 0.028632240409466325 0.07293938625412122
8 0.03243298028682917 0.08293177783413641
9 0.03668980894947549 0.0924676642150647
10 0.03978107738306391 0.10200355059599286
11 0.0438351999189176 0.11103220897793553
12 0.04758526326458212 0.12046664975906674
13 0.05184209192722855 0.12959675374080648
14 0.0551360664876096 0.13933553132132892
15 0.05853139411138697 0.1465888917068222
16 0.06263619317893887 0.1561247780877505
17 0.06613287386611255 0.16398681207202637
18 0.06962955455328634 0.1731676388536647
19 0.07358232402574372 0.18229774283540456
20 0.07738306390310645 0.19163073801673858
21 0.0811838037804693 0.20015216839969563
22 0.08483251406273751 0.2087243215825514
23 0.08898798966198751 0.21704286076591428
24 0.09294075913444488 0.22617296474765403
25 0.09740029392388383 0.23454222673091552
26 0.10099832767445394 0.2424042607151915
27 0.1049004206152131 0.251787978696424
28 0.10875183702427405 0.25990362668019273
29 0.11240054730654236 0.26806999746385995
30 0.1162012871839051 0.27684504184630987
31 0.1197486444027771 0.2850621354298757
32 0.12365073734353615 0.2936850114126299
33 0.12653929965033195 0.3000760841998479
34 0.12993462727410932 0.3076337813847324
35 0.13322860183449048 0.31473497337053
36 0.13601581107788985 0.32229267055541466
37 0.13961384482845995 0.3288866345422268
38 0.1423503775401611 0.33674866852650265
39 0.14498555718846606 0.34329190971341617
40 0.1481781786854508 0.3502409332995181
41 0.1516748593726246 0.35881308648237387
42 0.15461409821111838 0.36505199086989604
43 0.15780671970810323 0.37215318285569365
44 0.16013784016621901 0.3780877504438245
45 0.16267166675112754 0.384630991630738
46 0.16530684639943238 0.39041339081917326
47 0.16875285055490807 0.3969566320060868
48 0.17159073633000554 0.40375348719249304
49 0.1742259159783105 0.40928227238143544
50 0.17691177215831344 0.41536900836926194
51 0.18035777631378913 0.42094851635810293
52 0.18284092636699945 0.4259700735480598
53 0.18567881214209703 0.43190464113619076
54 0.18816196219530734 0.4367233071265534
55 0.19054375918512134 0.44133908191732185
56 0.19358435108701155 0.4460563023078874
57 0.19596614807682566 0.4514329190971341
58 0.19819591547154514 0.45625158508749686
59 0.20128718390513356 0.4620847070758306
60 0.2038210104900421 0.46725843266548317
61 0.20650686667004514 0.47227998985544006
62 0.2086859575330664 0.47735226984529544
63 0.2115745198398622 0.48222165863555666
64 0.21370293417118535 0.48673598782652805
65 0.21623676075609388 0.4915546538168907
66 0.21856788121420967 0.4959675374080649
67 0.22125373739421272 0.49946741060106514
68 0.22388891704251757 0.5045904133908192
69 0.2264227436274261 0.5094090793811819
70 0.228753864085542 0.5140248541719503
71 0.23088227841686515 0.5181334009637332
72 0.232909339684792 0.5224448389551104
73 0.23524046014290778 0.5270098909459802
74 0.23767293366442 0.5316763885366472
75 0.23990270105913947 0.5358863809282273
76 0.24157502660517916 0.5398427593203146
77 0.24395682359499316 0.5442556429114886
78 0.24613591445801453 0.5482627441034745
79 0.2489231237014139 0.5522191224955617
80 0.2506461257791517 0.5557697184884606
81 0.2524704809202858 0.5594217600811564
82 0.2544468656565144 0.5630230788739539
83 0.25576445548066695 0.5662186152675628
84 0.2578928698119901 0.5695155972609688
85 0.25991993107991684 0.5736748668526503
86 0.26169360968935285 0.5780877504438244
87 0.26412608321086506 0.5822977428354046
88 0.2661531444787919 0.5860512300278975
89 0.26833223534181316 0.5903119452193761
90 0.27000456088785285 0.5935582044128835
91 0.27177823949728885 0.5966015724067968
92 0.2737546242335175 0.5998985544002029
93 0.2755283028429534 0.6030433679939133
94 0.2775553641108802 0.6061881815876237
95 0.2797851315055998 0.6096880547806238
96 0.2821162519637156 0.6130357595739284
97 0.28358587138296254 0.6154704539690591
98 0.2851568438656058 0.6187167131625666
99 0.2870318755384381 0.6217093583565814
100 0.28885623067957233 0.6253613999492772
101 0.2906299092890082 0.6282525995434949
102 0.29199817564485886 0.6306872939386254
103 0.2934171185324076 0.6327162059345676
104 0.29483606141995644 0.6357088511285822
105 0.2964577104342979 0.6383464367233072
106 0.2981300359803375 0.6414912503170175
107 0.3001064207165661 0.6441795587116409
108 0.3011706278822277 0.6469693127060614
109 0.30258957076977655 0.6495561755008876
110 0.3047686616327978 0.6528024346943951
111 0.3064916637105356 0.6557950798884098
112 0.30801195966148076 0.6581790514836419
113 0.30983631480261487 0.6606644686786711
114 0.3112552576901637 0.6628455490743089
115 0.31277555364110876 0.6650773522698452
116 0.31434652612375213 0.6675627694648745
117 0.3159681751380935 0.6702003550595993
118 0.3178432068109258 0.6726857722546284
119 0.3195662088886636 0.676033477047933
120 0.3207824456494197 0.6785696170428608
121 0.32280950691734656 0.6814100938371799
122 0.32397506714640445 0.683439005833122
123 0.3248872447169716 0.6857722546284555
124 0.3265595702630112 0.6880547806238904
125 0.3278771600871636 0.6902358610195283
126 0.32873866112603256 0.6924169414151662
127 0.3301069274818832 0.6939893482120213
128 0.3314245173060356 0.6957139234085721
129 0.3326407540667917 0.696880547806239
130 0.3336542847007551 0.6987572914024854
131 0.3345157857396239 0.7003296981993405
132 0.3360867582222673 0.7027136697945726
133 0.33689758272943804 0.7036266801927467
134 0.33811381949019415 0.705300532589399
135 0.33872193787057214 0.7073801673852397
136 0.3397861450362337 0.7095612477808775
137 0.3409517052652916 0.7118944965762111
138 0.34186388283585867 0.7138219629723561
139 0.34282673693812393 0.7159523205680953
140 0.3442963563573709 0.7178797869642404
141 0.34530988699133436 0.7192493025615014
142 0.34637409415699594 0.7211260461577479
143 0.3474889778543556 0.722597007354806
144 0.34880656767850804 0.7248795333502409
145 0.3496173921856788 0.7265026629469946
146 0.35063092281964225 0.7280243469439514
147 0.3515937769219075 0.7294953081410094
148 0.35291136674605994 0.7314227745371544
149 0.35367151472153247 0.732843012934314
150 0.3545330157604013 0.7343646969312706
151 0.35539451679927025 0.7356327669287345
152 0.3564080474332336 0.7378645701242709
153 0.3576242841939897 0.739436976921126
154 0.35878984442304773 0.7418716713162566
155 0.3603101403739928 0.7438498605123003
156 0.36122231794455983 0.7456758813086483
157 0.36198246592003247 0.7473497337053006
158 0.3629453200222976 0.7489221405021558
159 0.3638574975928648 0.7504945472990109
160 0.36482035169512994 0.7523712908952574
161 0.3656311762023007 0.7535886380928227
162 0.36654335377286773 0.7550088764899823
163 0.36725282521664215 0.7565812832868375
164 0.3681143262555111 0.7576464620847071
165 0.36892515076268184 0.7588130864823739
166 0.3697359752698526 0.7607912756784174
167 0.3709015354989105 0.7624144052751711
168 0.3718137130694775 0.7641897032716206
169 0.37252318451325195 0.7654070504691859
170 0.37323265595702626 0.7663707836672584
171 0.3741448335275934 0.767791022064418
172 0.37490498150306595 0.7691605376616789
173 0.375817159073633 0.7704286076591428
174 0.3765773070491055 0.7713416180573167
175 0.3769827193026909 0.7720517372558965
176 0.3776415142147671 0.7733198072533604
177 0.37850301525363605 0.77438498605123
178 0.3794658693559013 0.7758559472482881
179 0.3800739877362793 0.776667512046665
180 0.3806821061166574 0.7779355820441288
181 0.3816449602189226 0.7793050976413898
182 0.3822024020676025 0.7803195536393609
183 0.3830639031064714 0.7820948516358103
184 0.38382405108194395 0.7833629216332741
185 0.3845841990574165 0.7841237636317525
186 0.3852429939694927 0.785087496829825
187 0.38564840622307806 0.7857976160284048
188 0.3863578776668525 0.7867613492264773
189 0.38681396645213606 0.7877250824245499
190 0.38742208483251406 0.7887395384225209
191 0.3881315562762885 0.7895511032208978
192 0.3887903511883647 0.7903119452193761
193 0.3892971165053464 0.7911742328176515
194 0.3900065879491208 0.7918843520162313
195 0.3906147063294988 0.7925944712148111
196 0.3911214716464805 0.7935582044128836
197 0.39198297268534943 0.7944712148110575
198 0.3923883849389348 0.7953842252092316
199 0.3928951502559165 0.7963479584073041
200 0.3935032686362945 0.7972102460055795
201 0.3941113870166726 0.7985797616028405
202 0.3949222115238433 0.8
203 0.39578371256271216 0.8010651787978696
204 0.3964931840064866 0.8020289119959422
205 0.39699994932346827 0.802739031194522
206 0.39745603810875185 0.8033984275932031
207 0.3983175391476207 0.8040071011919858
208 0.3988749809963006 0.8045650519908699
209 0.39917904018648964 0.8050722799898554
210 0.3995337759083768 0.805579507988841
211 0.39988851163026407 0.8063910727872179
212 0.4002432473521512 0.8071011919857976
213 0.4007500126691329 0.8081663707836673
214 0.4014088075812091 0.8090793811818413
215 0.4020676024932853 0.8099416687801166
216 0.4026250443419652 0.8110068475779864
217 0.40323316272234333 0.8115647983768703
218 0.403739928039325 0.8123256403753487
219 0.4041453402929104 0.8129850367740299
220 0.40460142907819385 0.813542987572914
221 0.40510819439517565 0.8143038295713924
222 0.4055136066487609 0.8151661171696678
223 0.40586834237064817 0.8161805731676388
224 0.40627375462423354 0.8170428607659143
225 0.406729843409517 0.8177022571645955
226 0.4072872852581969 0.8182602079634795
227 0.4079460801702731 0.8190717727618564
228 0.40870622814574575 0.8198833375602333
229 0.4090609638676329 0.8206441795587116
230 0.40977043531140733 0.8212021303575957
231 0.41037855369178533 0.8219122495561755
232 0.4107332894136725 0.8225716459548567
233 0.41098667207216333 0.8233832107532336
234 0.4114427608574469 0.8238904387522191
235 0.41179749657933407 0.824702003550596
236 0.41220290883291943 0.8253106771493787
237 0.41276035068159933 0.8260207963479584
238 0.4131150864034866 0.826629469946741
239 0.4138245578472609 0.8275932031448137
240 0.41458470582273355 0.8285062135429876
241 0.41509147113971523 0.8290641643418717
242 0.41575026605179144 0.8294699467410601
243 0.4161556783053768 0.8299264519401471
244 0.4166117670906603 0.8307887395384226
245 0.4167637966857548 0.8310930763378138
246 0.41691582628084933 0.8314988587370022
247 0.4171185324076421 0.8319553639360893
248 0.41767597425632186 0.832665483134669
249 0.41828409263669997 0.8334770479330459
250 0.4186388283585871 0.8338828303322343
251 0.41929762327066333 0.8345422267309155
252 0.4196523589925506 0.8349987319300025
253 0.41990574165104144 0.835505959928988
254 0.4203111539046268 0.8361653563276693
255 0.4209192722850048 0.8371798123256404
256 0.42122333147519386 0.8376870403246259
257 0.4215273906653828 0.8383464367233071
258 0.4218821263872701 0.8388536647222926
259 0.4220341559823646 0.8395130611209739
260 0.42243956823594997 0.840527517118945
261 0.4227943039578371 0.8410347451179305
262 0.4231997162114225 0.841440527517119
263 0.4239091876551969 0.8423028151153944
264 0.42416257031368776 0.8427085975145828
265 0.42466933563066944 0.843367993913264
266 0.425125424415953 0.8443317271113365
267 0.4255815132012365 0.8448896779102206
268 0.4261896315816146 0.845295460309409
269 0.42659504383519997 0.8457519655084961
270 0.4268991030253889 0.8464620847070758
271 0.42720316221557797 0.8469693127060614
272 0.42760857446916334 0.8471722039056556
273 0.4280139867227487 0.8475272635049454
274 0.42831804591293776 0.8480344915039311
275 0.4284700755080322 0.8486938879026122
276 0.4290275173567121 0.849404007101192
277 0.42948360614199566 0.8501141262997718
278 0.4302437541174682 0.8507227998985544
279 0.43054781330765723 0.85123002789754
280 0.4310039020929407 0.8518894242962212
281 0.43130796128312976 0.8523966522952067
282 0.43171337353671513 0.8528531574942937
283 0.43181472660011144 0.8531067714937864
284 0.4321694623219987 0.8539183362921633
285 0.43247352151218765 0.8544762870910474
286 0.432878933765773 0.854983515090033
287 0.4333350225510566 0.8554907430890185
288 0.43374043480464197 0.8558965254882069
289 0.43414584705822734 0.856353030687294
290 0.43434855318501997 0.8565559218868881
291 0.4344499062484164 0.8568602586862795
292 0.43470328890690724 0.8572153182855693
293 0.4350580246287944 0.8577225462845549
294 0.43541276035068155 0.8584833882830332
295 0.43591952566766334 0.859193507481613
296 0.43652764404804134 0.859751458280497
297 0.4369837328333249 0.8604108546791783
298 0.43723711549181576 0.8612731422774538
299 0.4375411746820048 0.8617803702764393
300 0.4379972634672883 0.8621354298757291
301 0.43830132265747734 0.8625412122749175
302 0.43850402878427 0.8630484402739032
303 0.4386560583793645 0.8633527770732945
304 0.43896011756955355 0.8637585594724828
305 0.4391628236963462 0.8641136190717728
306 0.439416206354837 0.8644179558711641
307 0.4397202655450261 0.8646715698706569
308 0.44002432473521513 0.865229520669541
309 0.4404297369888005 0.8655845802688309
310 0.440885825774084 0.8660410854679178
311 0.4411392084325749 0.8667512046664976
312 0.44134191455936755 0.8671062642657874
313 0.4415952972178584 0.8673091554653817
314 0.4421020625348401 0.8678163834643673
315 0.4423047686616328 0.8682221658635556
316 0.44255815132012366 0.8684757798630485
317 0.4427101809152182 0.8688308394623383
318 0.4429128870420108 0.8691351762617296
319 0.4434196523589925 0.869439513061121
320 0.443571681954087 0.8695916814608167
321 0.44382506461257787 0.8701496322597008
322 0.44417980033446514 0.8706061374587877
323 0.44423047686616324 0.8709611970580776
324 0.4444838595246541 0.8714177022571645
325 0.44478791871484313 0.8719756530560487
326 0.4452946840318248 0.8726350494547299
327 0.4457000962854102 0.8733451686533097
328 0.44600415547559924 0.8738016738523966
329 0.446206861602392 0.8741567334516865
330 0.4464602442608828 0.874562515850875
331 0.44671362691937366 0.8749175754501648
332 0.4469670095778645 0.8752726350494547
333 0.44711903917295903 0.8756276946487446
334 0.4473724218314499 0.8759827542480345
335 0.4476258044899407 0.8762363682475273
336 0.44792986368012977 0.8763885366472229
337 0.4481832463386206 0.8769972102460055
338 0.44833527593371514 0.8773015470453969
339 0.4486393351239041 0.8776566066446868
340 0.4488420412506968 0.8782652802434694
341 0.4491461004408859 0.8786710626426579
342 0.4492981300359803 0.8791782906416434
343 0.4498048953529621 0.8798376870403246
344 0.4499062484163584 0.880142023839716
345 0.45015963107484924 0.8803449150393101
346 0.45021030760654746 0.8805478062389044
347 0.45036233720164187 0.8808014202383971
348 0.45071707292352914 0.8810550342378899
349 0.45091977905032177 0.8814608166370783
350 0.4511224851771145 0.881612985036774
351 0.45147722089900166 0.8818158762363683
352 0.4516292504940962 0.8820187674359625
353 0.4516799270257944 0.8823231042353538
354 0.45203466274768156 0.8826274410347451
355 0.45208533927937977 0.8828303322343394
356 0.4522880454061724 0.8830332234339335
357 0.45269345765975777 0.8833882830332235
358 0.4529975168499468 0.883439005833122
359 0.4529975168499468 0.8836418970327162
360 0.45320022297673945 0.8840476794319047
361 0.453352252571834 0.8842505706314988
362 0.45365631176202303 0.8845041846309917
363 0.45365631176202303 0.8848592442302815
364 0.45385901788881566 0.8852143038295714
365 0.4541630770790047 0.8854679178290642
366 0.4545178128008919 0.885721531828557
367 0.4547711954593827 0.8861273142277454
368 0.45507525464957177 0.8864316510271367
369 0.4552272842446663 0.8865330966269338
370 0.4553286373080626 0.8867359878265281
371 0.45553134343485535 0.8870403246259193
372 0.4557847260933462 0.8872939386254122
373 0.4559874322201388 0.8878011666243977
374 0.45613946181523335 0.8881562262236875
375 0.4563421679420261 0.8885112858229774
376 0.45669690366391325 0.8887141770225716
377 0.4568996097907059 0.8889677910220644
378 0.4571023159174986 0.8892214050215572
379 0.457507728171084 0.8897286330205427
380 0.45786246389297114 0.8901344154197312
381 0.4582678761465565 0.8906923662186153
382 0.45847058227334925 0.8909967030180066
383 0.45857193533674556 0.8912503170174993
384 0.4587746414635382 0.891402485417195
385 0.4589266710586327 0.8916560994166878
386 0.45912937718542546 0.891858990616282
387 0.4593320833122181 0.892315495815369
388 0.4595347894390108 0.8924676642150646
389 0.45978817209750167 0.8928227238143546
390 0.4601429078193888 0.8931270606137459
391 0.46034561394618156 0.8935835658128328
392 0.4605483200729742 0.89368501141263
393 0.4607003496680687 0.8941922394116155
394 0.46085237926316325 0.8942936850114126
395 0.4611564384533523 0.8944965762110069
396 0.46146049764354125 0.8947501902104996
397 0.46156185070693767 0.895054527009891
398 0.4619165864288248 0.8952066954095866
399 0.46196726296052293 0.8954603094090794
400 0.46206861602391935 0.8956124778087751
401 0.4622206456190139 0.8958153690083692
402 0.462271322150712 0.8959675374080649
403 0.46267673440429735 0.8963733198072533
404 0.4628287639993919 0.8966269338067461
405 0.46323417625297725 0.8971341618057317
406 0.4634368823797699 0.8974892214050215
407 0.4635889119748644 0.8979964494040071
408 0.46394364769675167 0.8983007862033985
409 0.4641463538235443 0.898351509003297
410 0.46445041301373335 0.8985544002028912
411 0.46455176607712967 0.8987065686025869
412 0.4648051487356205 0.898808014202384
413 0.46495717833071504 0.8989601826020797
414 0.46510920792580956 0.899264519401471
415 0.4653625905843004 0.8996195790007608
416 0.46556529671109315 0.8999239158001522
417 0.46566664977448946 0.9000253613999493
418 0.4659707089646784 0.900278975399442
419 0.46607206202807483 0.9005325893989349
420 0.46622409162316936 0.900634034998732
421 0.466426797749962 0.9010398173979204
422 0.4665281508133583 0.9013441541973117
423 0.4665281508133583 0.9016484909967031
424 0.46683221000354735 0.9019528277960943
425 0.4670855926620382 0.90210499619579
426 0.4672376222571327 0.9023078873953843
427 0.46744032838392535 0.9025107785949784
428 0.4676937110424163 0.9027643925944713
429 0.4678457406375107 0.9029165609941668
430 0.4681497998276998 0.9033223433933553
431 0.468200476359398 0.9033730661932539
432 0.4684031824861906 0.9037281257925438
433 0.46850453554958693 0.9038802941922394
434 0.46870724167637967 0.9040831853918336
435 0.468808594739776 0.9042860765914278
436 0.4690113008665687 0.9046918589906163
437 0.46916333046166325 0.904844027390312
438 0.4693660365884559 0.9050469185899062
439 0.4695180661835504 0.9053005325893989
440 0.46977144884204125 0.9055034237889932
441 0.4699234784371358 0.9057063149885873
442 0.4699234784371358 0.9060106517879787
443 0.47022753762732483 0.9061628201876744
444 0.47037956722241925 0.9063657113872686
445 0.4707849794760046 0.9066700481866599
446 0.47098768560279736 0.9068729393862541
447 0.4711397151978919 0.9070758305858484
448 0.4712917447929864 0.9071265533857469
449 0.47154512745147725 0.9072787217854426
450 0.47164648051487357 0.9075323357849353
451 0.4719505397050626 0.9077859497844281
452 0.4719505397050626 0.9078873953842252
453 0.4720012162367607 0.9082424549835151
454 0.47215324583185525 0.9085467917829064
455 0.4724573050220443 0.9088511285822978
456 0.47271068768053515 0.9091047425817905
457 0.472964070339026 0.9092061881815876
458 0.4730654234024223 0.9093583565812833
459 0.47342015912430957 0.909611970580776
460 0.4735721887194041 0.909967030180066
461 0.4737242183144985 0.9103220897793558
462 0.47397760097298935 0.9104235353791529
463 0.4741803070997821 0.9108293177783413
464 0.4743830132265747 0.9111336545777327
465 0.474737748948462 0.911437991377124
466 0.4749404550752546 0.9115901597768197
467 0.47514316120204736 0.9118437737763124
468 0.47534586732884 0.9121988333756024
469 0.47564992651902904 0.9124017245751965
470 0.47585263264582167 0.9126046157747908
471 0.4760553387726144 0.9127060613745879
472 0.4761566918360107 0.9129089525741821
473 0.47625804489940704 0.9131625665736749
474 0.47641007449450157 0.913365457773269
475 0.4765114275578979 0.9134161805731676
476 0.4766127806212943 0.9134669033730662
477 0.47676481021638883 0.9136697945726604
478 0.47686616327978515 0.913720517372559
479 0.47691683981148325 0.9138726857722547
480 0.4770181928748797 0.9140248541719502
481 0.4772208990016723 0.9143291909713416
482 0.4773222520650686 0.9146335277707329
483 0.47747428166016315 0.9147349733705301
484 0.47757563472355957 0.9148871417702257
485 0.477727664318654 0.9149885873700229
486 0.47798104697714483 0.9151407557697184
487 0.47803172350884304 0.915191478569617
488 0.47813307657223936 0.9152422013695156
=======
frame thiol_conv ene_conv
0 -0.0044840764331211 0.0000000000000000
1 -0.0007133757961784 0.0098853503184714
2 0.0033121019108280 0.0200254777070064
3 0.0070828025477707 0.0300127388535032
4 0.0111082802547771 0.0394904458598726
5 0.0152866242038217 0.0491719745222929
6 0.0193121019108280 0.0587515923566879
7 0.0232866242038217 0.0686878980891720
8 0.0271082802547771 0.0787261146496815
9 0.0313885350318471 0.0883057324840765
10 0.0344968152866242 0.0978853503184713
11 0.0385732484076433 0.1069554140127389
12 0.0423439490445859 0.1164331210191083
13 0.0466242038216560 0.1256050955414013
14 0.0499363057324841 0.1353885350318471
15 0.0533503184713375 0.1426751592356688
16 0.0574777070063694 0.1522547770700637
17 0.0609936305732484 0.1601528662420382
18 0.0645095541401274 0.1693757961783440
19 0.0684840764331210 0.1785477707006370
20 0.0723057324840765 0.1879235668789809
21 0.0761273885350319 0.1964840764331210
22 0.0797961783439490 0.2050955414012738
23 0.0839745222929936 0.2134522292993630
24 0.0879490445859873 0.2226242038216560
25 0.0924331210191083 0.2310318471337580
26 0.0960509554140128 0.2389299363057324
27 0.0999745222929936 0.2483566878980892
28 0.1038471337579617 0.2565095541401274
29 0.1075159235668790 0.2647133757961784
30 0.1113375796178344 0.2735286624203822
31 0.1149044585987261 0.2817834394904458
32 0.1188280254777070 0.2904458598726115
33 0.1217324840764331 0.2968662420382165
34 0.1251464968152867 0.3044585987261147
35 0.1284585987261146 0.3115923566878981
36 0.1312611464968153 0.3191847133757961
37 0.1348789808917198 0.3258089171974522
38 0.1376305732484077 0.3337070063694267
39 0.1402802547770701 0.3402802547770700
40 0.1434904458598726 0.3472611464968153
41 0.1470063694267516 0.3558726114649682
42 0.1499617834394904 0.3621401273885351
43 0.1531719745222930 0.3692738853503185
44 0.1555159235668789 0.3752356687898090
45 0.1580636942675159 0.3818089171974522
46 0.1607133757961784 0.3876178343949045
47 0.1641783439490446 0.3941910828025478
48 0.1670318471337580 0.4010191082802548
49 0.1696815286624204 0.4065732484076433
50 0.1723821656050956 0.4126878980891719
51 0.1758471337579618 0.4182929936305733
52 0.1783439490445859 0.4233375796178344
53 0.1811974522292994 0.4292993630573249
54 0.1836942675159235 0.4341401273885350
55 0.1860891719745222 0.4387770700636943
56 0.1891464968152866 0.4435159235668790
57 0.1915414012738853 0.4489171974522292
58 0.1937834394904459 0.4537579617834395
59 0.1968917197452229 0.4596178343949044
60 0.1994394904458598 0.4648152866242038
61 0.2021401273885350 0.4698598726114650
62 0.2043312101910828 0.4749554140127389
63 0.2072356687898089 0.4798471337579617
64 0.2093757961783439 0.4843821656050955
65 0.2119235668789808 0.4892229299363058
66 0.2142675159235669 0.4936560509554140
67 0.2169681528662420 0.4971719745222930
68 0.2196178343949045 0.5023184713375797
69 0.2221656050955414 0.5071592356687897
70 0.2245095541401274 0.5117961783439491
71 0.2266496815286624 0.5159235668789809
72 0.2286878980891720 0.5202547770700636
73 0.2310318471337580 0.5248407643312102
74 0.2334777070063694 0.5295286624203821
75 0.2357197452229299 0.5337579617834395
76 0.2374012738853504 0.5377324840764331
77 0.2397961783439491 0.5421656050955415
78 0.2419872611464968 0.5461910828025478
79 0.2447898089171975 0.5501656050955415
80 0.2465222929936306 0.5537324840764331
81 0.2483566878980892 0.5574012738853503
82 0.2503439490445860 0.5610191082802547
83 0.2516687898089172 0.5642292993630573
84 0.2538089171974522 0.5675414012738853
85 0.2558471337579618 0.5717197452229299
86 0.2576305732484077 0.5761528662420382
87 0.2600764331210191 0.5803821656050956
88 0.2621146496815286 0.5841528662420382
89 0.2643057324840764 0.5884331210191083
90 0.2659872611464968 0.5916942675159236
91 0.2677707006369426 0.5947515923566880
92 0.2697579617834395 0.5980636942675159
93 0.2715414012738854 0.6012229299363057
94 0.2735796178343949 0.6043821656050956
95 0.2758216560509554 0.6078980891719745
96 0.2781656050955414 0.6112611464968153
97 0.2796433121019108 0.6137070063694268
98 0.2812229299363057 0.6169681528662421
99 0.2831082802547771 0.6199745222929937
100 0.2849426751592357 0.6236433121019108
101 0.2867261146496816 0.6265477707006369
102 0.2881019108280255 0.6289936305732484
103 0.2895286624203821 0.6310318471337579
104 0.2909554140127388 0.6340382165605096
105 0.2925859872611465 0.6366878980891719
106 0.2942675159235669 0.6398471337579618
107 0.2962547770700636 0.6425477707006370
108 0.2973248407643312 0.6453503184713376
109 0.2987515923566879 0.6479490445859872
110 0.3009426751592357 0.6512101910828025
111 0.3026751592356688 0.6542165605095541
112 0.3042038216560510 0.6566114649681529
113 0.3060382165605096 0.6591082802547771
114 0.3074649681528663 0.6612993630573248
115 0.3089936305732484 0.6635414012738854
116 0.3105732484076433 0.6660382165605095
117 0.3122038216560510 0.6686878980891720
118 0.3140891719745222 0.6711847133757962
119 0.3158216560509555 0.6745477707006369
120 0.3170445859872612 0.6770955414012738
121 0.3190828025477707 0.6799490445859873
122 0.3202547770700637 0.6819872611464968
123 0.3211719745222930 0.6843312101910828
124 0.3228535031847134 0.6866242038216561
125 0.3241783439490445 0.6888152866242039
126 0.3250445859872612 0.6910063694267516
127 0.3264203821656051 0.6925859872611465
128 0.3277452229299364 0.6943184713375796
129 0.3289681528662420 0.6954904458598726
130 0.3299872611464968 0.6973757961783440
131 0.3308535031847134 0.6989554140127389
132 0.3324331210191083 0.7013503184713376
133 0.3332484076433121 0.7022675159235670
134 0.3344713375796179 0.7039490445859873
135 0.3350828025477707 0.7060382165605096
136 0.3361528662420382 0.7082292993630573
137 0.3373248407643312 0.7105732484076432
138 0.3382420382165605 0.7125095541401274
139 0.3392101910828026 0.7146496815286625
140 0.3406878980891720 0.7165859872611464
141 0.3417070063694267 0.7179617834394905
142 0.3427770700636943 0.7198471337579617
143 0.3438980891719745 0.7213248407643312
144 0.3452229299363058 0.7236178343949045
145 0.3460382165605096 0.7252484076433121
146 0.3470573248407643 0.7267770700636942
147 0.3480254777070063 0.7282547770700637
148 0.3493503184713376 0.7301910828025477
149 0.3501146496815286 0.7316178343949045
150 0.3509808917197452 0.7331464968152865
151 0.3518471337579618 0.7344203821656050
152 0.3528662420382166 0.7366624203821657
153 0.3540891719745223 0.7382420382165605
154 0.3552611464968153 0.7406878980891720
155 0.3567898089171975 0.7426751592356688
156 0.3577070063694268 0.7445095541401274
157 0.3584713375796178 0.7461910828025478
158 0.3594394904458599 0.7477707006369427
159 0.3603566878980892 0.7493503184713376
160 0.3613248407643312 0.7512356687898090
161 0.3621401273885351 0.7524585987261146
162 0.3630573248407644 0.7538853503184714
163 0.3637707006369427 0.7554649681528662
164 0.3646369426751592 0.7565350318471338
165 0.3654522292993631 0.7577070063694268
166 0.3662675159235669 0.7596942675159235
167 0.3674394904458599 0.7613248407643312
168 0.3683566878980892 0.7631082802547771
169 0.3690700636942675 0.7643312101910829
170 0.3697834394904459 0.7652993630573248
171 0.3707006369426752 0.7667261146496815
172 0.3714649681528662 0.7681019108280255
173 0.3723821656050955 0.7693757961783440
174 0.3731464968152867 0.7702929936305732
175 0.3735541401273885 0.7710063694267516
176 0.3742165605095541 0.7722802547770701
177 0.3750828025477707 0.7733503184713376
178 0.3760509554140128 0.7748280254777070
179 0.3766624203821656 0.7756433121019108
180 0.3772738853503185 0.7769171974522293
181 0.3782420382165605 0.7782929936305732
182 0.3788025477707007 0.7793121019108280
183 0.3796687898089172 0.7810955414012739
184 0.3804331210191083 0.7823694267515924
185 0.3811974522292993 0.7831337579617834
186 0.3818598726114649 0.7841019108280255
187 0.3822675159235669 0.7848152866242039
188 0.3829808917197453 0.7857834394904458
189 0.3834394904458599 0.7867515923566879
190 0.3840509554140127 0.7877707006369427
191 0.3847643312101910 0.7885859872611465
192 0.3854267515923567 0.7893503184713375
193 0.3859363057324841 0.7902165605095541
194 0.3866496815286624 0.7909299363057325
195 0.3872611464968153 0.7916433121019109
196 0.3877707006369426 0.7926114649681528
197 0.3886369426751592 0.7935286624203821
198 0.3890445859872611 0.7944458598726114
199 0.3895541401273885 0.7954140127388535
200 0.3901656050955414 0.7962802547770701
201 0.3907770700636942 0.7976560509554140
202 0.3915923566878980 0.7990828025477708
203 0.3924585987261147 0.8001528662420382
204 0.3931719745222930 0.8011210191082803
205 0.3936815286624203 0.8018343949044586
206 0.3941401273885350 0.8024968152866242
207 0.3950063694267516 0.8031082802547771
208 0.3955668789808917 0.8036687898089172
209 0.3958726114649681 0.8041783439490446
210 0.3962292993630573 0.8046878980891720
211 0.3965859872611465 0.8055031847133758
212 0.3969426751592356 0.8062165605095541
213 0.3974522292993631 0.8072866242038217
214 0.3981146496815287 0.8082038216560510
215 0.3987770700636942 0.8090700636942675
216 0.3993375796178344 0.8101401273885350
217 0.3999490445859872 0.8107006369426751
218 0.4004585987261147 0.8114649681528663
219 0.4008662420382165 0.8121273885350319
220 0.4013248407643312 0.8126878980891720
221 0.4018343949044586 0.8134522292993631
222 0.4022420382165605 0.8143184713375796
223 0.4025987261146496 0.8153375796178344
224 0.4030063694267516 0.8162038216560510
225 0.4034649681528663 0.8168662420382166
226 0.4040254777070064 0.8174267515923567
227 0.4046878980891719 0.8182420382165605
228 0.4054522292993631 0.8190573248407643
229 0.4058089171974523 0.8198216560509555
230 0.4065222929936305 0.8203821656050956
231 0.4071337579617834 0.8210955414012739
232 0.4074904458598726 0.8217579617834395
233 0.4077452229299363 0.8225732484076433
234 0.4082038216560510 0.8230828025477707
235 0.4085605095541401 0.8238980891719745
236 0.4089681528662420 0.8245095541401274
237 0.4095286624203822 0.8252229299363057
238 0.4098853503184713 0.8258343949044586
239 0.4105987261146496 0.8268025477707006
240 0.4113630573248408 0.8277197452229299
241 0.4118726114649681 0.8282802547770700
242 0.4125350318471338 0.8286878980891720
243 0.4129426751592357 0.8291464968152866
244 0.4134012738853503 0.8300127388535032
245 0.4135541401273886 0.8303184713375796
246 0.4137070063694267 0.8307261146496815
247 0.4139108280254777 0.8311847133757961
248 0.4144713375796178 0.8318980891719745
249 0.4150828025477707 0.8327133757961783
250 0.4154394904458599 0.8331210191082803
251 0.4161019108280255 0.8337834394904459
252 0.4164585987261147 0.8342420382165605
253 0.4167133757961784 0.8347515923566879
254 0.4171210191082803 0.8354140127388535
255 0.4177324840764332 0.8364331210191083
256 0.4180382165605095 0.8369426751592357
257 0.4183439490445859 0.8376050955414013
258 0.4187006369426751 0.8381146496815286
259 0.4188535031847134 0.8387770700636943
260 0.4192611464968153 0.8397961783439490
261 0.4196178343949044 0.8403057324840765
262 0.4200254777070064 0.8407133757961783
263 0.4207388535031847 0.8415796178343949
264 0.4209936305732485 0.8419872611464968
265 0.4215031847133758 0.8426496815286624
266 0.4219617834394904 0.8436178343949045
267 0.4224203821656051 0.8441783439490446
268 0.4230318471337580 0.8445859872611465
269 0.4234394904458598 0.8450445859872612
270 0.4237452229299363 0.8457579617834394
271 0.4240509554140127 0.8462675159235669
272 0.4244585987261147 0.8464713375796178
273 0.4248662420382165 0.8468280254777070
274 0.4251719745222929 0.8473375796178344
275 0.4253248407643312 0.8480000000000000
276 0.4258853503184713 0.8487133757961783
277 0.4263439490445859 0.8494267515923567
278 0.4271082802547771 0.8500382165605096
279 0.4274140127388535 0.8505477707006369
280 0.4278726114649681 0.8512101910828025
281 0.4281783439490446 0.8517197452229299
282 0.4285859872611465 0.8521783439490446
283 0.4286878980891720 0.8524331210191083
284 0.4290445859872611 0.8532484076433121
285 0.4293503184713375 0.8538089171974522
286 0.4297579617834395 0.8543184713375797
287 0.4302165605095541 0.8548280254777070
288 0.4306242038216560 0.8552356687898089
289 0.4310318471337580 0.8556942675159236
290 0.4312356687898089 0.8558980891719745
291 0.4313375796178344 0.8562038216560510
292 0.4315923566878981 0.8565605095541401
293 0.4319490445859873 0.8570700636942675
294 0.4323057324840764 0.8578343949044586
295 0.4328152866242039 0.8585477707006369
296 0.4334267515923567 0.8591082802547770
297 0.4338853503184713 0.8597707006369426
298 0.4341401273885350 0.8606369426751592
299 0.4344458598726114 0.8611464968152867
300 0.4349044585987261 0.8615031847133758
301 0.4352101910828026 0.8619108280254777
302 0.4354140127388535 0.8624203821656051
303 0.4355668789808917 0.8627261146496815
304 0.4358726114649681 0.8631337579617835
305 0.4360764331210191 0.8634904458598727
306 0.4363312101910828 0.8637961783439491
307 0.4366369426751593 0.8640509554140128
308 0.4369426751592357 0.8646114649681529
309 0.4373503184713375 0.8649681528662421
310 0.4378089171974522 0.8654267515923567
311 0.4380636942675159 0.8661401273885350
312 0.4382675159235668 0.8664968152866241
313 0.4385222929936305 0.8667006369426752
314 0.4390318471337580 0.8672101910828025
315 0.4392356687898089 0.8676178343949045
316 0.4394904458598726 0.8678726114649682
317 0.4396433121019109 0.8682292993630574
318 0.4398471337579618 0.8685350318471338
319 0.4403566878980891 0.8688407643312102
320 0.4405095541401274 0.8689936305732484
321 0.4407643312101911 0.8695541401273885
322 0.4411210191082803 0.8700127388535032
323 0.4411719745222930 0.8703694267515923
324 0.4414267515923567 0.8708280254777070
325 0.4417324840764332 0.8713885350318471
326 0.4422420382165605 0.8720509554140128
327 0.4426496815286625 0.8727643312101911
328 0.4429554140127389 0.8732229299363057
329 0.4431592356687898 0.8735796178343949
330 0.4434140127388535 0.8739872611464968
331 0.4436687898089172 0.8743439490445860
332 0.4439235668789809 0.8747006369426752
333 0.4440764331210191 0.8750573248407644
334 0.4443312101910828 0.8754140127388534
335 0.4445859872611465 0.8756687898089172
336 0.4448917197452229 0.8758216560509554
337 0.4451464968152866 0.8764331210191083
338 0.4452993630573249 0.8767388535031847
339 0.4456050955414013 0.8770955414012739
340 0.4458089171974522 0.8777070063694268
341 0.4461146496815287 0.8781146496815286
342 0.4462675159235668 0.8786242038216561
343 0.4467770700636943 0.8792866242038216
344 0.4468789808917197 0.8795923566878980
345 0.4471337579617835 0.8797961783439491
346 0.4471847133757961 0.8800000000000000
347 0.4473375796178344 0.8802547770700637
348 0.4476942675159236 0.8805095541401273
349 0.4478980891719745 0.8809171974522293
350 0.4481019108280255 0.8810700636942675
351 0.4484585987261146 0.8812738853503185
352 0.4486114649681529 0.8814777070063694
353 0.4486624203821656 0.8817834394904459
354 0.4490191082802548 0.8820891719745223
355 0.4490700636942675 0.8822929936305732
356 0.4492738853503184 0.8824968152866242
357 0.4496815286624204 0.8828535031847133
358 0.4499872611464968 0.8829044585987261
359 0.4499872611464968 0.8831082802547771
360 0.4501910828025478 0.8835159235668790
361 0.4503439490445860 0.8837197452229300
362 0.4506496815286625 0.8839745222929937
363 0.4506496815286625 0.8843312101910829
364 0.4508535031847134 0.8846878980891719
365 0.4511592356687898 0.8849426751592356
366 0.4515159235668790 0.8851974522292994
367 0.4517707006369427 0.8856050955414013
368 0.4520764331210191 0.8859108280254777
369 0.4522292993630573 0.8860127388535032
370 0.4523312101910828 0.8862165605095541
371 0.4525350318471337 0.8865222929936306
372 0.4527898089171974 0.8867770700636943
373 0.4529936305732484 0.8872866242038216
374 0.4531464968152866 0.8876433121019108
375 0.4533503184713376 0.8880000000000000
376 0.4537070063694267 0.8882038216560509
377 0.4539108280254777 0.8884585987261147
378 0.4541146496815287 0.8887133757961784
379 0.4545222929936306 0.8892229299363057
380 0.4548789808917197 0.8896305732484077
381 0.4552866242038217 0.8901910828025478
382 0.4554904458598726 0.8904968152866242
383 0.4555923566878981 0.8907515923566879
384 0.4557961783439490 0.8909044585987261
385 0.4559490445859873 0.8911592356687899
386 0.4561528662420382 0.8913630573248408
387 0.4563566878980891 0.8918216560509554
388 0.4565605095541402 0.8919745222929937
389 0.4568152866242038 0.8923312101910827
390 0.4571719745222930 0.8926369426751593
391 0.4573757961783439 0.8930955414012739
392 0.4575796178343949 0.8931974522292994
393 0.4577324840764331 0.8937070063694268
394 0.4578853503184713 0.8938089171974523
395 0.4581910828025477 0.8940127388535032
396 0.4584968152866242 0.8942675159235669
397 0.4585987261146497 0.8945732484076433
398 0.4589554140127389 0.8947261146496815
399 0.4590063694267515 0.8949808917197453
400 0.4591082802547771 0.8951337579617834
401 0.4592611464968153 0.8953375796178344
402 0.4593121019108281 0.8954904458598726
403 0.4597197452229299 0.8958980891719746
404 0.4598726114649682 0.8961528662420382
405 0.4602802547770700 0.8966624203821656
406 0.4604840764331211 0.8970191082802548
407 0.4606369426751592 0.8975286624203822
408 0.4609936305732484 0.8978343949044586
409 0.4611974522292993 0.8978853503184714
410 0.4615031847133758 0.8980891719745223
411 0.4616050955414013 0.8982420382165606
412 0.4618598726114650 0.8983439490445860
413 0.4620127388535031 0.8984968152866242
414 0.4621656050955414 0.8988025477707007
415 0.4624203821656051 0.8991592356687899
416 0.4626242038216560 0.8994649681528663
417 0.4627261146496815 0.8995668789808917
418 0.4630318471337580 0.8998216560509554
419 0.4631337579617835 0.9000764331210191
420 0.4632866242038216 0.9001783439490446
421 0.4634904458598726 0.9005859872611465
422 0.4635923566878981 0.9008917197452230
423 0.4635923566878981 0.9011974522292994
424 0.4638980891719745 0.9015031847133758
425 0.4641528662420382 0.9016560509554140
426 0.4643057324840765 0.9018598726114649
427 0.4645095541401274 0.9020636942675160
428 0.4647643312101911 0.9023184713375796
429 0.4649171974522293 0.9024713375796178
430 0.4652229299363058 0.9028789808917197
431 0.4652738853503184 0.9029299363057325
432 0.4654777070063695 0.9032866242038217
433 0.4655796178343949 0.9034394904458599
434 0.4657834394904459 0.9036433121019108
435 0.4658853503184713 0.9038471337579618
436 0.4660891719745223 0.9042547770700637
437 0.4662420382165605 0.9044076433121019
438 0.4664458598726114 0.9046114649681529
439 0.4665987261146497 0.9048662420382165
440 0.4668535031847134 0.9050700636942675
441 0.4670063694267516 0.9052738853503185
442 0.4670063694267516 0.9055796178343949
443 0.4673121019108281 0.9057324840764331
444 0.4674649681528662 0.9059363057324841
445 0.4678726114649682 0.9062420382165605
446 0.4680764331210191 0.9064458598726115
447 0.4682292993630573 0.9066496815286624
448 0.4683821656050955 0.9067006369426751
449 0.4686369426751592 0.9068535031847134
450 0.4687388535031847 0.9071082802547771
451 0.4690445859872612 0.9073630573248408
452 0.4690445859872612 0.9074649681528663
453 0.4690955414012739 0.9078216560509554
454 0.4692484076433121 0.9081273885350318
455 0.4695541401273885 0.9084331210191083
456 0.4698089171974522 0.9086878980891719
457 0.4700636942675159 0.9087898089171974
458 0.4701656050955414 0.9089426751592357
459 0.4705222929936306 0.9091974522292994
460 0.4706751592356688 0.9095541401273886
461 0.4708280254777070 0.9099108280254777
462 0.4710828025477707 0.9100127388535032
463 0.4712866242038216 0.9104203821656051
464 0.4714904458598727 0.9107261146496816
465 0.4718471337579618 0.9110318471337580
466 0.4720509554140128 0.9111847133757962
467 0.4722547770700637 0.9114394904458598
468 0.4724585987261146 0.9117961783439490
469 0.4727643312101911 0.9120000000000000
470 0.4729681528662421 0.9122038216560510
471 0.4731719745222930 0.9123057324840764
472 0.4732738853503184 0.9125095541401274
473 0.4733757961783439 0.9127643312101911
474 0.4735286624203822 0.9129681528662420
475 0.4736305732484076 0.9130191082802548
476 0.4737324840764331 0.9130700636942675
477 0.4738853503184713 0.9132738853503185
478 0.4739872611464968 0.9133248407643312
479 0.4740382165605096 0.9134777070063694
480 0.4741401273885351 0.9136305732484077
481 0.4743439490445860 0.9139363057324841
482 0.4744458598726115 0.9142420382165605
483 0.4745987261146497 0.9143439490445859
484 0.4747006369426752 0.9144968152866242
485 0.4748535031847134 0.9145987261146497
486 0.4751082802547770 0.9147515923566879
487 0.4751592356687898 0.9148025477707007
488 0.4752611464968153 0.9148535031847134
489 0.4753630573248407 0.9149044585987262
490 0.4754649681528662 0.9149554140127388
491 0.4755159235668790 0.9152611464968152
492 0.4756178343949045 0.9154649681528663
493 0.4758216560509554 0.9156178343949044
494 0.4758726114649682 0.9157707006369427
495 0.4760764331210191 0.9158726114649681
496 0.4762292993630574 0.9161783439490446
497 0.4763821656050955 0.9162802547770701
498 0.4764331210191083 0.9164840764331210
499 0.4765350318471337 0.9166878980891719
500 0.4767898089171975 0.9168917197452229
501 0.4767898089171975 0.9170445859872611
502 0.4769426751592357 0.9171464968152866
503 0.4770445859872612 0.9172484076433121
504 0.4772993630573248 0.9174522292993631
505 0.4774012738853504 0.9176050955414012
506 0.4775541401273885 0.9176560509554140
507 0.4776560509554140 0.9178598726114650
508 0.4777579617834395 0.9180636942675159
509 0.4778089171974522 0.9182675159235669
510 0.4779108280254777 0.9182675159235669
511 0.4779617834394905 0.9183184713375796
512 0.4780127388535031 0.9183694267515924
513 0.4781146496815286 0.9184713375796179
514 0.4782165605095542 0.9186242038216561
515 0.4783184713375797 0.9186751592356688
516 0.4783694267515923 0.9187770700636942
517 0.4784203821656051 0.9188789808917197
518 0.4785222929936306 0.9189299363057325
519 0.4786242038216560 0.9190828025477706
520 0.4787770700636943 0.9191337579617834
521 0.4789808917197452 0.9193375796178344
522 0.4790318471337580 0.9194904458598726
523 0.4791847133757962 0.9195414012738854
524 0.4792356687898089 0.9196942675159235
525 0.4792866242038216 0.9197452229299363
526 0.4794394904458599 0.9200000000000000
527 0.4795923566878981 0.9201528662420382
528 0.4796942675159236 0.9203566878980891
529 0.4799490445859873 0.9204585987261147
530 0.4801019108280254 0.9205605095541401
531 0.4801019108280254 0.9205605095541401
532 0.4801528662420382 0.9206624203821656
533 0.4804076433121020 0.9208662420382165
534 0.4804585987261146 0.9209681528662420
535 0.4805095541401274 0.9210700636942675
536 0.4805605095541401 0.9211719745222930
537 0.4806114649681529 0.9212229299363057
538 0.4807643312101911 0.9213248407643312
539 0.4808152866242038 0.9214777070063694
540 0.4810191082802547 0.9214777070063694
541 0.4810191082802547 0.9216815286624204
542 0.4810700636942675 0.9217324840764332
543 0.4811719745222930 0.9218853503184713
544 0.4812229299363058 0.9219872611464968
545 0.4813757961783439 0.9222929936305733
546 0.4816305732484076 0.9223439490445859
547 0.4816305732484076 0.9223949044585987
548 0.4816305732484076 0.9225477707006370
549 0.4816815286624204 0.9225477707006370
550 0.4817834394904459 0.9226496815286624
551 0.4819363057324840 0.9227515923566879
552 0.4819872611464968 0.9228025477707007
553 0.4820382165605096 0.9229044585987262
554 0.4820382165605096 0.9231082802547771
555 0.4821401273885351 0.9231592356687898
556 0.4821910828025477 0.9232611464968152
557 0.4822929936305732 0.9233630573248408
558 0.4823439490445860 0.9233630573248408
559 0.4824458598726115 0.9233630573248408
560 0.4825477707006369 0.9234140127388535
561 0.4826496815286624 0.9235159235668789
562 0.4827006369426752 0.9236178343949044
563 0.4827515923566879 0.9236178343949044
564 0.4828535031847134 0.9238726114649681
565 0.4828535031847134 0.9239235668789809
566 0.4830573248407644 0.9240254777070064
567 0.4833121019108281 0.9243312101910828
568 0.4834649681528662 0.9245350318471337
569 0.4834649681528662 0.9246369426751593
570 0.4834649681528662 0.9248407643312102
571 0.4835159235668790 0.9249936305732485
572 0.4837197452229299 0.9251464968152866
573 0.4839235668789809 0.9252993630573249
574 0.4839745222929936 0.9255541401273886
575 0.4839745222929936 0.9256050955414012
576 0.4841783439490446 0.9257070063694267
577 0.4842292993630574 0.9258598726114650
578 0.4842802547770700 0.9259617834394904
579 0.4843821656050955 0.9260127388535032
580 0.4844331210191083 0.9261146496815287
581 0.4845350318471338 0.9261656050955414
582 0.4846369426751592 0.9263184713375796
583 0.4848407643312102 0.9263694267515924
584 0.4848917197452229 0.9264713375796179
585 0.4848917197452229 0.9265222929936305
586 0.4849936305732484 0.9265732484076433
587 0.4850955414012739 0.9268789808917197
588 0.4852484076433121 0.9269299363057325
589 0.4854012738853504 0.9269808917197452
590 0.4854012738853504 0.9270318471337580
591 0.4855541401273885 0.9270318471337580
592 0.4856050955414013 0.9272356687898089
593 0.4856560509554140 0.9272356687898089
594 0.4857579617834394 0.9273375796178344
595 0.4858598726114650 0.9274394904458598
596 0.4859617834394905 0.9275414012738854
597 0.4859617834394905 0.9276942675159235
598 0.4860636942675159 0.9277961783439490
599 0.4861146496815286 0.9280000000000000
600 0.4862165605095541 0.9280509554140127
601 0.4862675159235669 0.9284585987261147
602 0.4865222929936306 0.9285095541401274
603 0.4865732484076433 0.9285605095541402
604 0.4866751592356688 0.9286624203821656
605 0.4867261146496815 0.9286624203821656
606 0.4867770700636943 0.9287643312101911
607 0.4868280254777070 0.9288152866242039
608 0.4869808917197452 0.9289681528662420
609 0.4869808917197452 0.9290191082802548
610 0.4870318471337579 0.9291719745222931
611 0.4870318471337579 0.9292738853503185
612 0.4871337579617835 0.9293248407643312
613 0.4871847133757962 0.9293248407643312
614 0.4872866242038216 0.9294777070063694
615 0.4873375796178344 0.9295286624203821
616 0.4873885350318471 0.9296815286624204
617 0.4875923566878981 0.9298343949044586
618 0.4876433121019108 0.9299363057324841
619 0.4877452229299363 0.9299872611464968
620 0.4877961783439491 0.9300891719745223
621 0.4880000000000000 0.9302929936305733
622 0.4881528662420382 0.9304458598726115
623 0.4882547770700637 0.9305477707006370
624 0.4883566878980892 0.9307006369426751
625 0.4885605095541401 0.9310063694267516
626 0.4888152866242038 0.9310573248407643
627 0.4888662420382166 0.9311082802547771
628 0.4889681528662421 0.9311082802547771
629 0.4890700636942675 0.9311082802547771
630 0.4891210191082802 0.9311592356687898
631 0.4891719745222930 0.9312611464968152
632 0.4891719745222930 0.9313630573248408
633 0.4891719745222930 0.9314140127388535
634 0.4892229299363058 0.9315159235668790
635 0.4893248407643312 0.9316687898089172
636 0.4895286624203822 0.9318216560509555
637 0.4896305732484076 0.9319745222929936
638 0.4896815286624204 0.9320764331210191
639 0.4897834394904459 0.9320764331210191
640 0.4898343949044586 0.9323312101910828
641 0.4900382165605096 0.9325350318471337
642 0.4900891719745223 0.9326369426751593
643 0.4900891719745223 0.9326878980891720
644 0.4901910828025478 0.9326878980891720
645 0.4901910828025478 0.9327898089171974
646 0.4902929936305732 0.9329936305732485
647 0.4904458598726115 0.9329936305732485
648 0.4904968152866243 0.9331974522292994
649 0.4906496815286624 0.9334522292993630
650 0.4907515923566879 0.9334522292993630
651 0.4909044585987261 0.9337070063694267
652 0.4910573248407644 0.9338598726114650
653 0.4911082802547770 0.9339108280254778
654 0.4911082802547770 0.9340127388535032
655 0.4911592356687898 0.9340636942675159
656 0.4913630573248408 0.9341656050955414
657 0.4914649681528662 0.9343694267515924
658 0.4915668789808917 0.9345222929936305
659 0.4915668789808917 0.9346751592356688
660 0.4918726114649682 0.9348280254777070
661 0.4919235668789809 0.9349808917197452
662 0.4920254777070063 0.9350828025477707
663 0.4920254777070063 0.9350828025477707
664 0.4920254777070063 0.9351847133757962
665 0.4920764331210191 0.9352866242038217
666 0.4921783439490446 0.9353375796178344
667 0.4923312101910828 0.9353885350318472
668 0.4923312101910828 0.9354904458598726
669 0.4924840764331210 0.9356433121019109
670 0.4925859872611466 0.9356942675159236
671 0.4925859872611466 0.9357452229299363
672 0.4926878980891720 0.9357452229299363
673 0.4927388535031847 0.9357961783439490
674 0.4928407643312102 0.9359490445859873
675 0.4929936305732484 0.9361528662420382
676 0.4929936305732484 0.9361528662420382
677 0.4930445859872612 0.9362038216560510
678 0.4930955414012739 0.9362547770700637
679 0.4931974522292993 0.9363566878980891
680 0.4932993630573248 0.9365095541401274
681 0.4935031847133758 0.9365605095541402
682 0.4935031847133758 0.9365605095541402
683 0.4935031847133758 0.9365605095541402
684 0.4935031847133758 0.9365605095541402
685 0.4935031847133758 0.9365605095541402
686 0.4935031847133758 0.9366114649681528
687 0.4935031847133758 0.9366624203821656
688 0.4935541401273885 0.9368662420382166
689 0.4936050955414013 0.9369171974522293
690 0.4936560509554140 0.9369171974522293
691 0.4937579617834394 0.9369681528662420
692 0.4938598726114650 0.9370191082802548
693 0.4939617834394905 0.9371210191082803
694 0.4940127388535032 0.9372229299363057
695 0.4941656050955414 0.9373757961783440
696 0.4942165605095541 0.9373757961783440
697 0.4942675159235669 0.9374777070063695
698 0.4943184713375797 0.9375286624203821
699 0.4943694267515923 0.9375286624203821
700 0.4944203821656051 0.9375796178343949
701 0.4945222929936306 0.9375796178343949
702 0.4945222929936306 0.9375796178343949
703 0.4945222929936306 0.9375796178343949
704 0.4945732484076433 0.9375796178343949
705 0.4945732484076433 0.9377834394904458
706 0.4946751592356687 0.9379363057324841
707 0.4948280254777070 0.9379872611464968
708 0.4948280254777070 0.9380891719745224
709 0.4949299363057325 0.9380891719745224
710 0.4949299363057325 0.9381401273885350
711 0.4949299363057325 0.9382420382165605
712 0.4949808917197452 0.9383439490445860
713 0.4950318471337579 0.9383949044585987
714 0.4950318471337579 0.9384968152866242
715 0.4952356687898090 0.9385477707006369
716 0.4952866242038216 0.9387006369426751
717 0.4953885350318471 0.9388025477707006
718 0.4954394904458599 0.9389044585987261
719 0.4956942675159236 0.9391082802547771
720 0.4956942675159236 0.9391592356687898
721 0.4957452229299363 0.9391592356687898
722 0.4957961783439491 0.9392101910828026
723 0.4958471337579617 0.9393121019108280
724 0.4958980891719745 0.9393630573248408
725 0.4960000000000000 0.9394140127388535
726 0.4960000000000000 0.9395159235668790
727 0.4960509554140128 0.9396687898089172
728 0.4961019108280255 0.9399235668789809
729 0.4961528662420382 0.9399745222929936
730 0.4963057324840764 0.9400254777070064
731 0.4963057324840764 0.9401783439490445
732 0.4963566878980892 0.9402292993630573
733 0.4963566878980892 0.9402802547770701
734 0.4965095541401274 0.9404331210191083
735 0.4965095541401274 0.9405859872611465
736 0.4965095541401274 0.9406878980891720
737 0.4965605095541401 0.9406878980891720
738 0.4965605095541401 0.9408407643312102
739 0.4966114649681529 0.9408407643312102
740 0.4966114649681529 0.9409426751592357
741 0.4967133757961784 0.9409936305732484
742 0.4967133757961784 0.9409936305732484
743 0.4968152866242038 0.9410955414012738
744 0.4968662420382166 0.9412484076433121
745 0.4969681528662421 0.9415031847133758
746 0.4971210191082802 0.9415541401273886
747 0.4971210191082802 0.9416050955414013
748 0.4973757961783439 0.9417579617834395
749 0.4975286624203822 0.9420127388535032
750 0.4976305732484076 0.9422165605095542
751 0.4977834394904459 0.9423694267515923
752 0.4980382165605095 0.9423694267515923
753 0.4980891719745223 0.9424203821656051
754 0.4981401273885351 0.9426242038216560
755 0.4981910828025478 0.9427261146496815
756 0.4984458598726115 0.9428280254777071
757 0.4984968152866242 0.9428280254777071
758 0.4985477707006369 0.9429808917197452
759 0.4987006369426752 0.9431337579617834
760 0.4987515923566879 0.9431847133757962
761 0.4988535031847133 0.9431847133757962
762 0.4988535031847133 0.9432866242038217
763 0.4989554140127389 0.9434394904458598
764 0.4989554140127389 0.9434394904458598
765 0.4990063694267516 0.9435414012738853
766 0.4990573248407644 0.9435923566878981
767 0.4991592356687898 0.9436942675159236
768 0.4993121019108280 0.9437961783439490
769 0.4993121019108280 0.9437961783439490
770 0.4993121019108280 0.9438471337579618
771 0.4993121019108280 0.9438471337579618
772 0.4993121019108280 0.9438471337579618
773 0.4993630573248408 0.9438980891719745
774 0.4993630573248408 0.9440000000000000
775 0.4993630573248408 0.9440509554140127
776 0.4993630573248408 0.9441019108280255
777 0.4994649681528662 0.9441019108280255
778 0.4995159235668790 0.9441019108280255
779 0.4996178343949045 0.9442038216560510
780 0.4996178343949045 0.9442547770700637
781 0.4996178343949045 0.9443057324840765
782 0.4996687898089172 0.9443566878980891
783 0.4997197452229299 0.9444076433121019
784 0.4998726114649682 0.9444585987261147
785 0.4999745222929937 0.9444585987261147
786 0.5000254777070063 0.9444585987261147
787 0.5000254777070063 0.9445095541401274
788 0.5000254777070063 0.9445095541401274
789 0.5000254777070063 0.9445095541401274
790 0.5000254777070063 0.9445605095541402
791 0.5001273885350319 0.9445605095541402
792 0.5001783439490446 0.9445605095541402
793 0.5002292993630573 0.9446624203821656
794 0.5002802547770701 0.9447133757961783
795 0.5002802547770701 0.9447643312101911
796 0.5003312101910828 0.9447643312101911
797 0.5003312101910828 0.9448152866242038
798 0.5003821656050955 0.9448662420382166
799 0.5004840764331211 0.9450191082802548
800 0.5005350318471338 0.9450700636942675
801 0.5005350318471338 0.9451719745222930
802 0.5005350318471338 0.9453757961783440
803 0.5006369426751592 0.9454267515923567
804 0.5007898089171974 0.9455286624203821
805 0.5008917197452230 0.9455796178343949
806 0.5009936305732484 0.9456815286624204
807 0.5010445859872612 0.9457324840764332
808 0.5010955414012739 0.9457324840764332
809 0.5011464968152866 0.9457324840764332
810 0.5011974522292993 0.9458343949044586
811 0.5011974522292993 0.9458853503184713
812 0.5013503184713376 0.9459363057324841
813 0.5014012738853504 0.9459872611464968
814 0.5014012738853504 0.9459872611464968
815 0.5014012738853504 0.9460382165605096
816 0.5015031847133757 0.9460891719745222
817 0.5015541401273885 0.9460891719745222
818 0.5015541401273885 0.9461401273885350
819 0.5016560509554140 0.9461910828025478
820 0.5017070063694268 0.9462929936305733
821 0.5017579617834396 0.9463439490445860
822 0.5018089171974522 0.9463949044585988
823 0.5018089171974522 0.9464458598726114
824 0.5018598726114649 0.9464458598726114
825 0.5019108280254777 0.9464968152866242
826 0.5019108280254777 0.9465477707006369
827 0.5019617834394905 0.9465477707006369
828 0.5020636942675158 0.9465477707006369
829 0.5020636942675158 0.9467006369426751
830 0.5021146496815286 0.9468025477707006
831 0.5021656050955414 0.9468025477707006
832 0.5022165605095541 0.9469044585987261
833 0.5022675159235669 0.9470063694267516
834 0.5023184713375797 0.9470063694267516
835 0.5023694267515924 0.9470063694267516
836 0.5024203821656050 0.9470063694267516
837 0.5024203821656050 0.9470063694267516
838 0.5024713375796178 0.9471082802547771
839 0.5025222929936306 0.9471082802547771
840 0.5025222929936306 0.9471082802547771
841 0.5025222929936306 0.9471082802547771
842 0.5025222929936306 0.9471082802547771
>>>>>>> Stashed changes
