frame conversion largest_molecule average_molecule weight_average_molecule
0 0.0000000000000000 22.0000000000000000 4.4435329505058787 4.6932923076923077
1 0.0129887886245556 30.0000000000000000 4.5020085884471532 4.9436923076923076
2 0.0263877495214657 42.0000000000000000 4.5639657351495577 5.2422769230769228
3 0.0395132622368061 50.0000000000000000 4.6263345195729535 5.6239076923076921
4 0.0517500683620454 60.0000000000000000 4.6860356138706658 6.0681538461538462
5 0.0642603226688543 64.0000000000000000 4.7486849795441266 6.4758769230769229
6 0.0768389390210555 64.0000000000000000 4.8133886255924168 6.9879076923076919
7 0.0896910035548264 106.0000000000000000 4.8813457494743169 7.6753230769230774
8 0.1024063439978124 114.0000000000000000 4.9504950495049505 8.4212615384615379
9 0.1147115121684441 178.0000000000000000 5.0193050193050190 9.2660923076923076
10 0.1272217664752529 187.0000000000000000 5.0912508811780368 9.8704615384615391
11 0.1390484003281378 187.0000000000000000 5.1611878672383673 10.5623076923076926
12 0.1514219305441619 191.0000000000000000 5.2364456618061705 11.6951999999999998
13 0.1629067541700848 198.0000000000000000 5.3082890975908530 12.6437846153846145
14 0.1756904566584632 202.0000000000000000 5.3906120417979766 13.5827384615384616
15 0.1849193327864370 202.0000000000000000 5.4516480751488716 14.5468923076923069
16 0.1974295870932458 204.0000000000000000 5.5366269165247015 15.8361846153846155
17 0.2071369975389664 204.0000000000000000 5.6044145542334887 17.0938461538461546
18 0.2188269073010664 379.0000000000000000 5.6882821387940838 20.1814461538461529
19 0.2304484550177741 392.0000000000000000 5.7741849515856805 22.1353846153846163
20 0.2422750888706590 401.0000000000000000 5.8643089137495492 24.7034153846153863
21 0.2534181022696199 585.0000000000000000 5.9518359124622284 30.5779999999999994
22 0.2641509433962264 607.0000000000000000 6.0386473429951693 32.6963384615384598
23 0.2744052502050862 611.0000000000000000 6.1239871867345013 34.4105538461538458
24 0.2861635220125786 634.0000000000000000 6.2248611377130816 37.4871384615384642
25 0.2969647251845775 811.0000000000000000 6.3204978607545703 42.9719076923076955
26 0.3071506699480449 849.0000000000000000 6.4134188455846077 52.2524307692307701
27 0.3190456658463221 863.0000000000000000 6.5254492520831242 57.5939384615384640
28 0.3292999726551818 880.0000000000000000 6.6252165936194070 63.2896000000000001
29 0.3396226415094339 952.0000000000000000 6.7287784679089029 72.5970769230769264
30 0.3505605687722176 1167.0000000000000000 6.8421052631578947 87.6872000000000043
31 0.3610883237626470 1176.0000000000000000 6.9548469933661456 92.2696615384615342
32 0.3714793546622915 1181.0000000000000000 7.0698281487926913 102.3666769230769233
33 0.3792726278370249 1185.0000000000000000 7.1585903083700444 108.9953846153846087
34 0.3883647798742139 1346.0000000000000000 7.2650050296188668 128.9694769230769111
35 0.3971151216844408 1393.0000000000000000 7.3704501644177345 140.4032307692307597
36 0.4065490839485917 2049.0000000000000000 7.4876166340283374 203.0993846153846221
37 0.4148892534864643 2144.0000000000000000 7.5943451337773107 249.6615384615384698
38 0.4243915777960077 2181.0000000000000000 7.7197149643705467 287.0947384615384408
39 0.4323899371069183 2287.0000000000000000 7.8284957244369506 340.4915076923076640
40 0.4407301066447908 3473.0000000000000000 7.9452389683412790 446.4706769230769510
41 0.4515313098167897 3557.0000000000000000 8.1017075906768046 480.5879692307692039
42 0.4591878589007383 7657.0000000000000000 8.2164075338136779 1151.7835999999999785
43 0.4682116488925349 8126.0000000000000000 8.3558297981745717 1422.2213538461537610
44 0.4756631118403062 8314.0000000000000000 8.4745762711864412 1477.2747076923076293
45 0.4835247470604320 8904.0000000000000000 8.6035737921906019 1639.9366769230769023
46 0.4901558654634947 14090.0000000000000000 8.7154733172432284 3090.8139999999998508
47 0.4979491386382280 14628.0000000000000000 8.8507625272331154 3329.9916307692305963
48 0.5058791359037462 15436.0000000000000000 8.9928057553956826 3704.9983999999999469
49 0.5123735302160241 16905.0000000000000000 9.1125753539885039 4429.3721538461541058
50 0.5189362865736943 17350.0000000000000000 9.2368907204774757 4667.2294461538458563
51 0.5250888706590101 18037.0000000000000000 9.3565567871023472 5040.1345538461537217
52 0.5308312824719715 18396.0000000000000000 9.4710767885764238 5242.7123384615388204
53 0.5380092972381734 19031.0000000000000000 9.6182302456348037 5610.1177538461543008
54 0.5438200710965272 21140.0000000000000000 9.7407462910235285 6900.1605230769228001
55 0.5491523106371342 21543.0000000000000000 9.8559514783927220 7164.5842461538459247
56 0.5546896363139185 21837.0000000000000000 9.9785078292907592 7361.6600923076921390
57 0.5605687722176648 23044.0000000000000000 10.1120099564405717 8190.2248923076922438
58 0.5661060978944490 23833.0000000000000000 10.2410587679218530 8757.8148615384616278
59 0.5728055783429040 24621.0000000000000000 10.4016642662826051 9346.3950461538461241
60 0.5787530762920426 25310.0000000000000000 10.5485232067510548 9876.0640307692301576
61 0.5838802296964725 26519.0000000000000000 10.6784951536060451 10835.5718769230770704
62 0.5893491933278644 26950.0000000000000000 10.8207091726319291 11192.1257846153839637
63 0.5944079846869018 27939.0000000000000000 10.9556716669475822 12022.5725846153854945
64 0.5989198796828001 28438.0000000000000000 11.0789159706834841 12455.2448000000003958
65 0.6044572053595844 29197.0000000000000000 11.2340131351538197 13126.1629538461529592
66 0.6089007383100903 29820.0000000000000000 11.3616500611781159 13690.1445230769222690
67 0.6127973748974569 30181.0000000000000000 11.4759887005649723 14023.3033538461531862
68 0.6181296144380640 30574.0000000000000000 11.6362334407447197 14390.5992307692304166
69 0.6235985780694558 30949.0000000000000000 11.8053033054849248 14745.5532615384618111
70 0.6284522832923161 31537.0000000000000000 11.9595216191352343 15310.1797846153840510
71 0.6327590921520372 31758.0000000000000000 12.0997766195085621 15525.4444000000003143
72 0.6375444353295051 32366.0000000000000000 12.2595247076574871 16124.7595692307695572
73 0.6420563303254033 32804.0000000000000000 12.4140565317035900 16564.0584923076930863
74 0.6473885698660103 33081.0000000000000000 12.6017836370686318 16845.0280615384617704
75 0.6516953787257315 33322.0000000000000000 12.7576054955839062 17091.5470769230778387
76 0.6562072737216298 33960.0000000000000000 12.9250347981706106 17751.4308615384616132
77 0.6611977030352748 34746.0000000000000000 13.1154156577885388 18580.9278153846171335
78 0.6657095980311731 35025.0000000000000000 13.2924335378323111 18880.4684000000015658
79 0.6696745966639321 35264.0000000000000000 13.4519867549668870 19138.8220000000001164
80 0.6731610609789445 35527.0000000000000000 13.5954821167119846 19425.2052000000003318
81 0.6766475252939568 35913.0000000000000000 13.7420718816067655 19849.3024307692321599
82 0.6804074377905387 36110.0000000000000000 13.9037433155080219 20067.6680615384611883
83 0.6838939021055510 36329.0000000000000000 14.0570934256055367 20311.9111384615389397
84 0.6872436423297785 36727.0000000000000000 14.2076502732240435 20759.1443384615376999
85 0.6913453650533224 36930.0000000000000000 14.3964562569213737 20989.2860923076914332
86 0.6961990702761827 37357.0000000000000000 14.6264626462646259 21477.4884923076933774
87 0.7005058791359038 38207.0000000000000000 14.8367952522255191 22464.7144923076921259
88 0.7041974295870932 38764.0000000000000000 15.0219551652415060 23123.6147076923080022
89 0.7077522559474979 39000.0000000000000000 15.2046783625730999 23405.9629230769241985
90 0.7110336341263330 39179.0000000000000000 15.3773361722261654 23621.2793230769239017
91 0.7143150123051681 39354.0000000000000000 15.5539602775783674 23832.7201538461522432
92 0.7175280284386109 39513.0000000000000000 15.7308809293320433 24025.8242769230782869
93 0.7206726825266612 39946.0000000000000000 15.9079784630445431 24554.7898461538461561
94 0.7238856986601039 40403.0000000000000000 16.0930923495914833 25119.5172307692300819
95 0.7271670768389390 40603.0000000000000000 16.2866449511400653 25368.7740923076926265
96 0.7303117309269893 40895.0000000000000000 16.4765525982256023 25734.8545846153829189
97 0.7324993163795461 41098.0000000000000000 16.6112956810631225 25991.0908000000017637
98 0.7353021602406344 41322.0000000000000000 16.7871900826446279 26275.1021846153853403
99 0.7384468143286848 41598.0000000000000000 16.9890224777835854 26627.5110769230777805
100 0.7418649165983047 42046.0000000000000000 17.2139830508474567 27203.5347692307695979
101 0.7444626743232158 42224.0000000000000000 17.3889780631353652 27434.3422153846149740
102 0.7464451736395953 42319.0000000000000000 17.5249393367484494 27557.9236923076932726
103 0.7487011211375444 42530.0000000000000000 17.6822633297062026 27833.3640307692294300
104 0.7515723270440252 42760.0000000000000000 17.8866263070996148 28135.3302153846161673
105 0.7539649986327591 43062.0000000000000000 18.0605723812170034 28533.9889846153855615
106 0.7571096527208094 43254.0000000000000000 18.2943990993526597 28788.9417538461530057
107 0.7593656002187585 43588.0000000000000000 18.4659090909090899 29234.6669230769221031
108 0.7618949958982772 43914.0000000000000000 18.6620729256388174 29673.2038153846151545
109 0.7641509433962265 44389.0000000000000000 18.8405797101449259 30318.0371999999988475
110 0.7668170631665300 44616.0000000000000000 19.0559953092934613 30628.8681230769216199
111 0.7694831829368335 44929.0000000000000000 19.2763938315539747 31059.9122461538463540
112 0.7716024063439978 45075.0000000000000000 19.4552529182879361 31262.0776307692322007
113 0.7739950779327317 45593.0000000000000000 19.6612220205686619 31983.9580923076937324
114 0.7759775772491113 45760.0000000000000000 19.8352151357949360 32218.6458153846142523
115 0.7778917145200984 45898.0000000000000000 20.0061557402277614 32413.2251076923093933
116 0.7801476620180475 46042.0000000000000000 20.2114427860696502 32616.9710461538452364
117 0.7820617992890347 46237.0000000000000000 20.3889585947302372 32893.7123384615406394
118 0.7842493847415914 46455.0000000000000000 20.5956907477820010 33204.5370769230794394
119 0.7868471424665026 46762.0000000000000000 20.8466966003848633 33644.5279384615350864
120 0.7891714520098442 47160.0000000000000000 21.0765239948119323 34219.1982769230744452
121 0.7915641235985781 47352.0000000000000000 21.3184650705149217 34498.3241846153832739
122 0.7928630024610336 47422.0000000000000000 21.4521452145214511 34600.3947692307701800
123 0.7950505879135904 47626.0000000000000000 21.6811207471647762 34898.7004615384648787
124 0.7970330872299699 47837.0000000000000000 21.8928932300437857 35208.5398461538425181
125 0.7987421383647799 47913.0000000000000000 22.0788043478260860 35320.5037230769230518
126 0.8007246376811594 48031.0000000000000000 22.2984562607204104 35494.7226769230765058
127 0.8019551544982226 48232.0000000000000000 22.4370037970314122 35792.1927692307726829
128 0.8031856713152857 48335.0000000000000000 22.5772837790899601 35945.2030769230768783
129 0.8041427399507793 48418.0000000000000000 22.6876090750436283 36068.7402153846123838
130 0.8058517910855892 48640.0000000000000000 22.8873239436619720 36400.0775076923091547
131 0.8071506699480449 48744.0000000000000000 23.0414746543778790 36555.8820923076928011
132 0.8091331692644244 48931.0000000000000000 23.2808022922636120 36836.8129846153824474
133 0.8098851517637408 48968.0000000000000000 23.3728874505573536 36892.5399692307692021
134 0.8115942028985508 49181.0000000000000000 23.5849056603773590 37214.1153846153829363
135 0.8132348919879683 49300.0000000000000000 23.7920937042459748 37394.3993538461509161
136 0.8146704949412087 49419.0000000000000000 23.9763924751014379 37575.1218153846130008
137 0.8163111840306262 49521.0000000000000000 24.1905470785262366 37730.3742769230739214
138 0.8177467869838666 49619.0000000000000000 24.3810952738184561 37879.8396615384626784
139 0.8194558381186765 49731.0000000000000000 24.6118894358197657 38051.0175384615358780
140 0.8208914410719169 49864.0000000000000000 24.8091603053435108 38254.7834461538441246
141 0.8218485097074104 49919.0000000000000000 24.9424405218726015 38339.2131999999983236
142 0.8236259228876128 50094.0000000000000000 25.1937984496124017 38608.4401538461534074
143 0.8249248017500683 50222.0000000000000000 25.3807106598984760 38805.9533538461546414
144 0.8267022149302707 50326.0000000000000000 25.6410256410256423 38966.8425230769207701
145 0.8279327317473338 50394.0000000000000000 25.8243941199841096 39072.2030153846135363
146 0.8289581624282198 50479.0000000000000000 25.9792166266986406 39204.1052615384614910
147 0.8303254033360679 50541.0000000000000000 26.1885576148267525 39300.5541230769231333
148 0.8319660924254854 50669.0000000000000000 26.4442636289666382 39499.8674153846150148
149 0.8334016953787258 50758.0000000000000000 26.6721378744357800 39638.7441846153815277
150 0.8350423844681433 50901.0000000000000000 26.9374222958972247 39862.3103076923071058
151 0.8360678151490293 51001.0000000000000000 27.1059216013344439 40019.0705230769235641
152 0.8374350560568772 51150.0000000000000000 27.3338940285954592 40253.2093230769241927
153 0.8383921246923708 51190.0000000000000000 27.4957698815566829 40316.1957230769257876
154 0.8404429860541427 51413.0000000000000000 27.8491859468723213 40668.1203999999997905
155 0.8422887612797375 51562.0000000000000000 28.1751192024273962 40904.1397230769216549
156 0.8434509160514082 51650.0000000000000000 28.3842794759825310 41043.8754153846166446
157 0.8444079846869018 51716.0000000000000000 28.5588752196836566 41148.8286461538446019
158 0.8455017774131802 51784.0000000000000000 28.7610619469026538 41257.1016615384651232
159 0.8465955701394585 51844.0000000000000000 28.9661319073083767 41352.7569846153855906
160 0.8478260869565217 51961.0000000000000000 29.2003593890386348 41539.6000615384618868
161 0.8488515176374077 52026.0000000000000000 29.3984622342831301 41643.5870153846190078
162 0.8499453103636860 52112.0000000000000000 29.6127562642369035 41781.3618153846182395
163 0.8510391030899644 52266.0000000000000000 29.8301973382285439 42028.5821846153849037
164 0.8516543614984960 52344.0000000000000000 29.9539170506912455 42154.0985538461536635
165 0.8527481542247745 52492.0000000000000000 30.1764159702878381 42392.7208000000027823
166 0.8545255674049768 52635.0000000000000000 30.5451127819548880 42623.9833846153851482
167 0.8556877221766476 52742.0000000000000000 30.7910942681193731 42797.4311692307674093
168 0.8568498769483183 52873.0000000000000000 31.0410697230181469 43010.2311076923069777
169 0.8578069455838119 52969.0000000000000000 31.2500000000000000 43166.5347384615379269
170 0.8584905660377359 53013.0000000000000000 31.4009661835748801 43238.2781538461567834
171 0.8593792726278370 53069.0000000000000000 31.5994166261545928 43329.6681230769245303
172 0.8601996171725458 53121.0000000000000000 31.7848410757946205 43414.6166153846133966
173 0.8608832376264698 53187.0000000000000000 31.9410319410319410 43522.5501538461539894
174 0.8614984960350014 53205.0000000000000000 32.0829220138203368 43552.0168615384609438
175 0.8621821164889254 53239.0000000000000000 32.2420634920634939 43607.6955076923040906
176 0.8630708230790265 53301.0000000000000000 32.4513230154767882 43709.3138769230790786
177 0.8640278917145201 53390.0000000000000000 32.6797385620915009 43855.3965846153878374
178 0.8652584085315833 53521.0000000000000000 32.9781836631151677 44070.8249538461532211
179 0.8660103910308996 53576.0000000000000000 33.1632653061224474 44161.4406461538455915
180 0.8670358217117856 53679.0000000000000000 33.4190231362467856 44331.3765230769204209
181 0.8679245283018868 53744.0000000000000000 33.6438923395445144 44438.8571384615352144
182 0.8688132348919879 53822.0000000000000000 33.8718082334549280 44567.9224307692275033
183 0.8699070276182663 54070.0000000000000000 34.1565948502364662 44979.3271692307680496
184 0.8704539239814055 54102.0000000000000000 34.3007915567282353 45032.5886461538466392
185 0.8709324582991523 54122.0000000000000000 34.4279661016949134 45065.8918153846170753
186 0.8715477167076839 54171.0000000000000000 34.5928685470995205 45147.5234461538493633
187 0.8720262510254306 54201.0000000000000000 34.7222222222222214 45197.5402769230786362
188 0.8724364232977850 54325.0000000000000000 34.8338692390139357 45404.4610461538468371
189 0.8731884057971014 54350.0000000000000000 35.0404312668463618 45446.2656615384621546
190 0.8741454744325950 54398.0000000000000000 35.3068984247691446 45526.5719384615367744
191 0.8748290948865191 54461.0000000000000000 35.4997269251774981 45632.0769538461536285
192 0.8754443532950505 54517.0000000000000000 35.6750823271130599 45725.9565230769221671
193 0.8759912496581898 54571.0000000000000000 35.8324145534729865 45816.5809230769227725
194 0.8766748701121138 54627.0000000000000000 36.0310421286031044 45910.6537230769245070
195 0.8770850423844682 54662.0000000000000000 36.1512791991101210 45969.4971384615419083
196 0.8778370248837846 54762.0000000000000000 36.3738108561835460 46137.8109846153820399
197 0.8783839212469237 54783.0000000000000000 36.5373805508712763 46173.2076923076892854
198 0.8787940935192781 54812.0000000000000000 36.6610265087422462 46222.1031384615416755
199 0.8797511621547717 54922.0000000000000000 36.9528140989198377 46407.7756000000008498
200 0.8804347826086957 54952.0000000000000000 37.1640937678673495 46458.4901538461563177
201 0.8811184030626197 55013.0000000000000000 37.3778033352501424 46561.6817538461546064
202 0.8820754716981132 55058.0000000000000000 37.6811594202898519 46637.8868307692318922
203 0.8831692644243916 55147.0000000000000000 38.0339379754242231 46788.7732923076910083
204 0.8837845228329232 55211.0000000000000000 38.2352941176470580 46897.4112307692339527
205 0.8842630571506700 55239.0000000000000000 38.3933845245126975 46944.9882769230753183
206 0.8847415914684167 55307.0000000000000000 38.5527876631079494 47060.6210461538430536
207 0.8852884878315559 55357.0000000000000000 38.7365911799761591 47145.7413230769234360
208 0.8858353841946951 55392.0000000000000000 38.9221556886227518 47205.3730153846117901
209 0.8862455564670495 55418.0000000000000000 39.0625000000000000 47249.6952615384579985
210 0.8866557287394039 55449.0000000000000000 39.2038600723763579 47302.5675384615387884
211 0.8871342630571507 55488.0000000000000000 39.3700787401574814 47369.1258769230771577
212 0.8877495214656822 55518.0000000000000000 39.5858708891595583 47420.3596307692278060
213 0.8882964178288214 55547.0000000000000000 39.7796817625458985 47469.9104615384640056
214 0.8890484003281378 55601.0000000000000000 40.0492914356130640 47562.2472923076929874
215 0.8896636587366694 55665.0000000000000000 40.2726146220569987 47671.7938769230750040
216 0.8901421930544162 55714.0000000000000000 40.4480398257622866 47755.7496615384588949
217 0.8906207273721630 55748.0000000000000000 40.6250000000000000 47814.0500000000029104
218 0.8910308996445173 55779.0000000000000000 40.7779171894604744 47867.2370461538448581
219 0.8915094339622641 55809.0000000000000000 40.9577819785759303 47918.7418153846156201
220 0.8918512441892261 55831.0000000000000000 41.0872313527180779 47956.5261538461563759
221 0.8924665025977577 55924.0000000000000000 41.3223140495867796 48116.3916307692343253
222 0.8928766748701121 55954.0000000000000000 41.4805360561582646 48168.0245230769214686
223 0.8936970194148209 56023.0000000000000000 41.8006430868167200 48286.8840615384615376
224 0.8943122778233524 56074.0000000000000000 42.0439844760672727 48374.8303999999989173
225 0.8948591741864916 56147.0000000000000000 42.2626788036410943 48500.8327692307721009
226 0.8953377085042384 56180.0000000000000000 42.4559111691704771 48557.8576000000030035
227 0.8961580530489472 56233.0000000000000000 42.7913100724160600 48649.5165538461515098
228 0.8966365873666940 56259.0000000000000000 42.9894179894179871 48694.5122153846168658
229 0.8969783975936561 56280.0000000000000000 43.1320504313205078 48730.8729846153873950
230 0.8972518457752255 56297.0000000000000000 43.2468396540252797 48760.3153538461556309
231 0.8980721903199343 56333.0000000000000000 43.5949027498323289 48822.7057538461522199
232 0.8983456385015040 56354.0000000000000000 43.7121721587088103 48859.1103384615416871
233 0.8990976210008204 56420.0000000000000000 44.0379403794037927 48973.6113538461504504
234 0.8994394312277824 56438.0000000000000000 44.1876274643099904 49004.8636923076919629
235 0.8999863275909216 56466.0000000000000000 44.4292549555707481 49053.5073230769266956
236 0.9004648619086683 56501.0000000000000000 44.6428571428571459 49114.3327076923087589
237 0.9008066721356303 56529.0000000000000000 44.7966919365954510 49163.0204000000012456
238 0.9012168444079847 56559.0000000000000000 44.9826989619377144 49215.2117538461534423
239 0.9015586546349467 56590.0000000000000000 45.1388888888888857 49269.1742461538451607
240 0.9021739130434783 56670.0000000000000000 45.4227812718378772 49408.5532615384581732
241 0.9026524473612251 56709.0000000000000000 45.6460674157303359 49476.5763076923103654
242 0.9028575334974023 56714.0000000000000000 45.7424349049964789 49485.3044615384642384
243 0.9031993437243643 56739.0000000000000000 45.9039548022598893 49528.9380000000019209
244 0.9036778780421110 56778.0000000000000000 46.1320085166784963 49597.0443384615355171
245 0.9038146021328958 56782.0000000000000000 46.1975835110163473 49604.0498461538445554
246 0.9040880503144654 56795.0000000000000000 46.3292943692088386 49626.7649846153872204
247 0.9043614984960350 56813.0000000000000000 46.4617583988563254 49658.2253846153835184
248 0.9046349466776046 56840.0000000000000000 46.5949820788530431 49705.4311999999990803
249 0.9049767569045666 56914.0000000000000000 46.7625899280575510 49834.9016307692290866
250 0.9053185671315286 56931.0000000000000000 46.9314079422382662 49864.6759692307678051
251 0.9060021875854526 56988.0000000000000000 47.2727272727272734 49964.5684307692281436
252 0.9062072737216298 57006.0000000000000000 47.3760932944606381 49996.1344000000026426
253 0.9064123598578070 57023.0000000000000000 47.4799123447772118 50025.9556307692328119
254 0.9068225321301613 57050.0000000000000000 47.6889214966984625 50073.3379076923083630
255 0.9073694284933005 57106.0000000000000000 47.9704797047970501 50171.6776307692343835
256 0.9076428766748701 57163.0000000000000000 48.1125092524056228 50271.8635999999969499
257 0.9080530489472245 57212.0000000000000000 48.3271375464683999 50358.0759076923059183
258 0.9083948591741865 57230.0000000000000000 48.5074626865671661 50389.7684923076958512
259 0.9087366694011485 57282.0000000000000000 48.6891385767790297 50481.3590461538478849
260 0.9092152037188953 57324.0000000000000000 48.9457831325301171 50555.4090153846118483
261 0.9093519278096801 57333.0000000000000000 49.0196078431372584 50571.2839692307679798
262 0.9096253759912497 57354.0000000000000000 49.1679273827534047 50608.3369846153873368
263 0.9099671862182116 57380.0000000000000000 49.3545937737281690 50654.2282153846172150
264 0.9102406343997812 57406.0000000000000000 49.5049504950495063 50700.1391384615417337
265 0.9105824446267432 57424.0000000000000000 49.6941896024464853 50731.9389538461546181
266 0.9111293409898824 57477.0000000000000000 50.0000000000000000 50825.6198769230759353
267 0.9115395132622368 57518.0000000000000000 50.2318392581143769 50898.1485538461565739
268 0.9118129614438064 57536.0000000000000000 50.3875968992248033 50930.0083999999988009
269 0.9121547716707684 57548.0000000000000000 50.5836575875486361 50951.2567076923078275
270 0.9127700300793000 57628.0000000000000000 50.9404388714733543 51092.9931999999971595
271 0.9130434782608695 57642.0000000000000000 51.1006289308176136 51117.8221846153828665
272 0.9131118403062619 57647.0000000000000000 51.1408339889850510 51126.6901846153850784
273 0.9132485643970467 57655.0000000000000000 51.2214342001576028 51140.8807076923112618
274 0.9135220125786163 57681.0000000000000000 51.3833992094861642 51187.0116307692296687
275 0.9140005468963631 57715.0000000000000000 51.6693163751987257 51247.3697538461565273
276 0.9145474432595023 57772.0000000000000000 52.0000000000000000 51348.6315692307689460
277 0.9150943396226415 57804.0000000000000000 52.3349436392914669 51405.5296307692333357
278 0.9153677878042111 57817.0000000000000000 52.5040387722132493 51428.6535692307661520
279 0.9154361498496035 57821.0000000000000000 52.5464834276475372 51435.7695076923046145
280 0.9158463221219579 57851.0000000000000000 52.8025995125913923 51489.1539692307705991
281 0.9161197703035275 57890.0000000000000000 52.9747351263243687 51558.5913846153853228
282 0.9163248564397046 57904.0000000000000000 53.1045751633986924 51583.5306153846177040
283 0.9163932184850970 57909.0000000000000000 53.1479967293540483 51592.4389230769229471
284 0.9170084768936286 57966.0000000000000000 53.5420098846787482 51694.0445538461572141
285 0.9174870112113754 58002.0000000000000000 53.8525269262634652 51758.2720615384605480
286 0.9177604593929450 58020.0000000000000000 54.0315876974231060 51790.4020615384579287
287 0.9179655455291222 58032.0000000000000000 54.1666666666666643 51811.8263076923103654
288 0.9183073557560842 58064.0000000000000000 54.3933054393305468 51868.9780307692271890
289 0.9186491659830462 58093.0000000000000000 54.6218487394957961 51920.7991384615379502
290 0.9187175280284386 58097.0000000000000000 54.6677880571909185 51927.9490461538443924
291 0.9187858900738310 58101.0000000000000000 54.7138047138047128 51935.0994461538430187
292 0.9190593382554006 58140.0000000000000000 54.8986486486486456 52004.8327692307721009
293 0.9191960623461854 58149.0000000000000000 54.9915397631133658 52020.9336923076916719
294 0.9197429587093245 58202.0000000000000000 55.3662691652470187 52115.7974153846153058
295 0.9202898550724637 58267.0000000000000000 55.7461406518010278 52232.2557538461551303
296 0.9205633032540333 58285.0000000000000000 55.9380378657487114 52264.5304307692276780
297 0.9208367514356030 58299.0000000000000000 56.1312607944732278 52289.6423076923092594
298 0.9211101996171726 58316.0000000000000000 56.3258232235701897 52320.1440307692319038
299 0.9214520098441346 58335.0000000000000000 56.5709312445604908 52354.2412307692284230
300 0.9217254580257042 58357.0000000000000000 56.7685589519650620 52393.7348615384617005
301 0.9218621821164890 58380.0000000000000000 56.8678915135608065 52435.0364307692289003
302 0.9221356302980586 58397.0000000000000000 57.0676031606672538 52465.5769846153852995
303 0.9222039923434510 58401.0000000000000000 57.1177504393673132 52472.7643076923050103
304 0.9222723543888434 58410.0000000000000000 57.1679859278803875 52488.9368923076908686
305 0.9224090784796282 58428.0000000000000000 57.2687224669603552 52521.2887692307704128
306 0.9226141646158053 58440.0000000000000000 57.4204946996466461 52542.8636615384602919
307 0.9226825266611977 58440.0000000000000000 57.4712643678160902 52542.8642769230791600
308 0.9231610609789445 58472.0000000000000000 57.8291814946619240 52600.4208307692315429
309 0.9234345091605141 58489.0000000000000000 58.0357142857142847 52631.0095076923098532
310 0.9237079573420837 58502.0000000000000000 58.2437275985663092 52654.4079384615397430
311 0.9241181296144381 58579.0000000000000000 58.5585585585585591 52793.0755076923087472
312 0.9243232157506153 58587.0000000000000000 58.7172538392050569 52807.4960615384625271
313 0.9243915777960077 58600.0000000000000000 58.7703435804701613 52830.9308615384579753
314 0.9246650259775773 58618.0000000000000000 58.9836660617059891 52863.3899692307677469
315 0.9247333880229697 58622.0000000000000000 59.0372388737511358 52870.6044923076915438
316 0.9248017500683621 58635.0000000000000000 59.0909090909090935 52894.0532923076898442
317 0.9248701121137545 58640.0000000000000000 59.1446769790718818 52903.0740615384638659
318 0.9250068362045393 58677.0000000000000000 59.2525068368277132 52969.8383692307688762
319 0.9251435602953241 58687.0000000000000000 59.3607305936073075 52987.8936000000030617
320 0.9252119223407165 58691.0000000000000000 59.4149908592321765 52995.1166153846133966
321 0.9254170084768937 58717.0000000000000000 59.5783684692942259 53042.0757230769231683
322 0.9258271807492480 58748.0000000000000000 59.9078341013824911 53098.0947384615355986
323 0.9261006289308176 58766.0000000000000000 60.1295097132284937 53130.6358153846158530
324 0.9265791632485644 58816.0000000000000000 60.5214152700186219 53221.0770153846169706
325 0.9267158873393492 58824.0000000000000000 60.6343283582089541 53235.5552923076902516
326 0.9270576975663112 58843.0000000000000000 60.9184629803186510 53269.9516307692319970
327 0.9273995077932732 58853.0000000000000000 61.2052730696798477 53288.0624307692341972
328 0.9276729559748428 58865.0000000000000000 61.4366729678638919 53309.7964615384626086
329 0.9278096800656276 58878.0000000000000000 61.5530303030303045 53333.3435692307684803
330 0.9279464041564124 58883.0000000000000000 61.6698292220113871 53342.4028307692278759
331 0.9281514902925896 58905.0000000000000000 61.8458610846812533 53382.2663076923054177
332 0.9282198523379820 58910.0000000000000000 61.9047619047619051 53391.3286153846129309
333 0.9284249384741592 58922.0000000000000000 62.0821394460362939 53413.0814769230782986
334 0.9286983866557288 58939.0000000000000000 62.3202301054650079 53443.9055384615348885
335 0.9287667487011212 58943.0000000000000000 62.3800383877159277 53451.1595692307673744
336 0.9288351107465135 58947.0000000000000000 62.4399615754082618 53458.4140923076920444
337 0.9292452830188679 58981.0000000000000000 62.8019323671497602 53520.0955384615372168
338 0.9293136450642603 58981.0000000000000000 62.8626692456479716 53520.0961538461560849
339 0.9295187312004375 58990.0000000000000000 63.0455868089233746 53536.4310769230796723
340 0.9297921793820071 59021.0000000000000000 63.2911392405063324 53592.7057846153838909
341 0.9301339896089691 59043.0000000000000000 63.6007827788649678 53632.6644000000014785
342 0.9303390757451463 59056.0000000000000000 63.7880274779195275 53656.2851999999984400
343 0.9307492480175007 59088.0000000000000000 64.1658440276406736 53714.4455076923040906
344 0.9308176100628931 59092.0000000000000000 64.2292490118577035 53721.7178769230740727
345 0.9309543341536779 59101.0000000000000000 64.3564356435643532 53738.0824307692309958
346 0.9310226961990703 59106.0000000000000000 64.4202180376610443 53747.1748923076956999
347 0.9310910582444627 59111.0000000000000000 64.4841269841269877 53756.2681230769230751
348 0.9312961443806399 59128.0000000000000000 64.6766169154228834 53787.1904307692311704
349 0.9315012305168171 59151.0000000000000000 64.8702594810379196 53829.0393538461503340
350 0.9316379546076019 59192.0000000000000000 65.0000000000000000 53903.6619999999966240
351 0.9317063166529943 59197.0000000000000000 65.0650650650650704 53912.7684615384641802
352 0.9319114027891715 59215.0000000000000000 65.2610441767068323 53945.5576000000000931
353 0.9319797648345638 59215.0000000000000000 65.3266331658291506 53945.5582153846189613
354 0.9322532130161334 59237.0000000000000000 65.5903128153380379 53985.6475384615405346
355 0.9323899371069182 59251.0000000000000000 65.7229524772497484 54011.1664000000018859
356 0.9325266611977030 59255.0000000000000000 65.8561296859169261 54018.4624307692283764
357 0.9326633852884878 59255.0000000000000000 65.9898477157360475 54018.4680307692324277
358 0.9326633852884878 59255.0000000000000000 65.9898477157360475 54018.4680307692324277
359 0.9328001093792726 59273.0000000000000000 66.1241098677517840 54051.2879076923054527
360 0.9330051955154498 59286.0000000000000000 66.3265306122448948 54074.9988307692328817
361 0.9331419196062346 59291.0000000000000000 66.4621676891615607 54084.1211384615380666
362 0.9332786436970194 59309.0000000000000000 66.5983606557377072 54116.9617230769217713
363 0.9334153677878042 59322.0000000000000000 66.7351129363449758 54140.6864307692303555
364 0.9335520918785890 59349.0000000000000000 66.8724279835390973 54189.9727076923081768
365 0.9336204539239814 59353.0000000000000000 66.9412976313079326 54197.2771999999968102
366 0.9337571780147662 59362.0000000000000000 67.0794633642930904 54213.7140307692316128
367 0.9339622641509434 59380.0000000000000000 67.2877846790890288 54246.5945538461528486
368 0.9340306261963358 59380.0000000000000000 67.3575129533678734 54246.5951692307717167
369 0.9340989882417282 59380.0000000000000000 67.4273858921161775 54246.5968923076943611
370 0.9342357123325130 59402.0000000000000000 67.5675675675675649 54286.7952000000004773
371 0.9343724364232978 59415.0000000000000000 67.7083333333333286 54310.5571076923079090
372 0.9345091605140826 59419.0000000000000000 67.8496868475991590 54317.8703384615364484
373 0.9345775225594750 59467.0000000000000000 67.9205851619644676 54405.6276307692314731
374 0.9347826086956522 59480.0000000000000000 68.1341719077568087 54429.4161538461557939
375 0.9349876948318294 59490.0000000000000000 68.3491062039957882 54447.7190769230801379
376 0.9351244189226142 59498.0000000000000000 68.4931506849315070 54462.3632615384631208
377 0.9352611430133989 59507.0000000000000000 68.6378035902851167 54478.8402461538425996
378 0.9352611430133989 59507.0000000000000000 68.6378035902851167 54478.8402461538425996
379 0.9354662291495761 59520.0000000000000000 68.8559322033898269 54502.6447692307701800
380 0.9356713152857533 59534.0000000000000000 69.0754516471838400 54528.2861538461511373
381 0.9359447634673229 59558.0000000000000000 69.3703308431163350 54572.2561846153839724
382 0.9361498496035001 59571.0000000000000000 69.5931477516059971 54596.0811076923055225
383 0.9362865736942849 59581.0000000000000000 69.7424892703862724 54614.4114153846167028
384 0.9363549357396773 59586.0000000000000000 69.8174006444683073 54623.5777230769235757
385 0.9365600218758545 59599.0000000000000000 70.0431034482758577 54647.4138461538459524
386 0.9366967459666393 59616.0000000000000000 70.1943844492440547 54678.5903076923059416
387 0.9369701941482089 59639.0000000000000000 70.4989154013015167 54720.7859692307683872
388 0.9371069182389937 59649.0000000000000000 70.6521739130434838 54739.1371999999973923
389 0.9373120043751709 59667.0000000000000000 70.8833151581243186 54772.1766769230744103
390 0.9375854525567405 59689.0000000000000000 71.1938663745892626 54812.5719692307684454
391 0.9379956248290949 59720.0000000000000000 71.6648291069459731 54869.5181230769230751
392 0.9380639868744873 59729.0000000000000000 71.7439293598233974 54886.0559692307724617
393 0.9382007109652721 59755.0000000000000000 71.9026548672566435 54933.8424000000013621
394 0.9382690730106645 59759.0000000000000000 71.9822812846068700 54941.1968615384612349
395 0.9384057971014492 59773.0000000000000000 72.1420643729189806 54966.9405846153822495
396 0.9385425211922340 59782.0000000000000000 72.3025583982202420 54983.4937230769210146
397 0.9386108832376264 59787.0000000000000000 72.3830734966592360 54992.6909538461550255
398 0.9387476073284112 59796.0000000000000000 72.5446428571428612 55009.2479692307679215
399 0.9388843314191960 59804.0000000000000000 72.7069351230424985 55023.9674769230769016
400 0.9389526934645884 59808.0000000000000000 72.7883538633818574 55031.3279692307696678
401 0.9392261416461580 59838.0000000000000000 73.1158605174353227 55086.5438769230750040
402 0.9392945036915504 59838.0000000000000000 73.1981981981981988 55086.5444923076938721
403 0.9394312277823352 59856.0000000000000000 73.3634311512415280 55119.6872615384636447
404 0.9394995898277276 59865.0000000000000000 73.4463276836158201 55136.2627692307723919
405 0.9398414000546896 59911.0000000000000000 73.8636363636363598 55221.0147076923094573
406 0.9400464861908668 59925.0000000000000000 74.1163055872291920 55246.8245230769243790
407 0.9401832102816516 59939.0000000000000000 74.2857142857142918 55272.6397538461533259
408 0.9403199343724364 59948.0000000000000000 74.4558991981672449 55289.2388615384625155
409 0.9403199343724364 59948.0000000000000000 74.4558991981672449 55289.2388615384625155
410 0.9403199343724364 59948.0000000000000000 74.4558991981672449 55289.2388615384625155
411 0.9403199343724364 59948.0000000000000000 74.4558991981672449 55289.2388615384625155
412 0.9403882964178288 59953.0000000000000000 74.5412844036697209 55298.4616307692340342
413 0.9404566584632212 59957.0000000000000000 74.6268656716417951 55305.8404615384642966
414 0.9404566584632212 59957.0000000000000000 74.6268656716417951 55305.8404615384642966
415 0.9406617445993984 59974.0000000000000000 74.8847926267281139 55337.2055692307694699
416 0.9408668307355756 59989.0000000000000000 75.1445086705202243 55364.8881846153817605
417 0.9409351927809680 59994.0000000000000000 75.2314814814814810 55374.1172615384639357
418 0.9410035548263604 59999.0000000000000000 75.3186558516801909 55383.3471076923087821
419 0.9412086409625376 60018.0000000000000000 75.5813953488372050 55418.4269846153838444
420 0.9412086409625376 60018.0000000000000000 75.5813953488372050 55418.4269846153838444
421 0.9414820891441071 60031.0000000000000000 75.9345794392523317 55442.4365230769253685
422 0.9417555373256767 60053.0000000000000000 76.2910798122065756 55483.0782153846157598
423 0.9418238993710691 60053.0000000000000000 76.3807285546415926 55483.0788307692273520
424 0.9420289855072463 60066.0000000000000000 76.6509433962264097 55507.1017538461528602
425 0.9422340716434235 60088.0000000000000000 76.9230769230769198 55547.7665230769198388
426 0.9423024336888159 60097.0000000000000000 77.0142180094786681 55564.4062769230804406
427 0.9425075198249931 60106.0000000000000000 77.2889417360285336 55581.0508615384605946
428 0.9425075198249931 60106.0000000000000000 77.2889417360285336 55581.0508615384605946
429 0.9425758818703855 60115.0000000000000000 77.3809523809523796 55597.6955999999991036
430 0.9427809680065627 60119.0000000000000000 77.6583034647550789 55605.0956000000005588
431 0.9428493300519551 60119.0000000000000000 77.7511961722487968 55605.0967076923043351
432 0.9429860541427399 60127.0000000000000000 77.9376498800959183 55619.8957230769228772
433 0.9431227782335248 60131.0000000000000000 78.1250000000000000 55627.2987384615407791
434 0.9431911402789172 60154.0000000000000000 78.2190132370637770 55669.8529846153833205
435 0.9432595023243096 60159.0000000000000000 78.3132530120481931 55679.1074461538446485
436 0.9433962264150944 60168.0000000000000000 78.5024154589371932 55695.7674769230798120
437 0.9433962264150944 60168.0000000000000000 78.5024154589371932 55695.7674769230798120
438 0.9434645884604868 60168.0000000000000000 78.5973397823458271 55695.7680923076914041
439 0.9436013125512716 60181.0000000000000000 78.7878787878787818 55719.8364000000001397
440 0.9436696745966640 60198.0000000000000000 78.8834951456310733 55751.3156923076894600
441 0.9437380366420564 60202.0000000000000000 78.9793438639125185 55758.7246769230769132
442 0.9438747607328412 60225.0000000000000000 79.1717417783191166 55801.3330461538425880
443 0.9440114848236260 60238.0000000000000000 79.3650793650793673 55825.4241538461574237
444 0.9441482089144108 60264.0000000000000000 79.5593635250917970 55873.6172615384639357
445 0.9443532950505880 60272.0000000000000000 79.8525798525798507 55888.4530769230768783
446 0.9443532950505880 60272.0000000000000000 79.8525798525798507 55888.4530769230768783
447 0.9444900191413728 60281.0000000000000000 80.0492610837438434 55905.1443999999974039
448 0.9444900191413728 60281.0000000000000000 80.0492610837438434 55905.1443999999974039
449 0.9446267432321575 60286.0000000000000000 80.2469135802469111 55914.4233846153874765
450 0.9449001914137271 60332.0000000000000000 80.6451612903225765 55999.7705846153839957
451 0.9450369155045119 60340.0000000000000000 80.8457711442786007 56014.6220307692274218
452 0.9450369155045119 60340.0000000000000000 80.8457711442786007 56014.6220307692274218
453 0.9452420016406891 60402.0000000000000000 81.1485642946317114 56129.7689538461563643
454 0.9455154498222587 60414.0000000000000000 81.5558343789209488 56152.0733230769255897
455 0.9456521739130435 60423.0000000000000000 81.7610062893081704 56168.8039692307720543
456 0.9457888980038283 60436.0000000000000000 81.9672131147541023 56192.9742769230797421
457 0.9457888980038283 60436.0000000000000000 81.9672131147541023 56192.9742769230797421
458 0.9459256220946131 60445.0000000000000000 82.1744627054361558 56209.7110153846151661
459 0.9459939841400055 60454.0000000000000000 82.2784810126582329 56226.4496307692315895
460 0.9460623461853979 60458.0000000000000000 82.3827629911280042 56233.8901230769261019
461 0.9463357943669675 60480.0000000000000000 82.8025477707006416 56274.8208615384646691
462 0.9463357943669675 60480.0000000000000000 82.8025477707006416 56274.8208615384646691
463 0.9464725184577523 60506.0000000000000000 83.0140485312899159 56323.2095692307702848
464 0.9465408805031447 60506.0000000000000000 83.1202046035805608 56323.2109538461518241
465 0.9466092425485371 60515.0000000000000000 83.2266325224071721 56339.9664615384608624
466 0.9467459666393219 60533.0000000000000000 83.4403080872913989 56373.4849538461567136
467 0.9468143286847143 60533.0000000000000000 83.5475578406169603 56373.4860615384604898
468 0.9468826907301067 60538.0000000000000000 83.6550836550836578 56382.7988307692285161
469 0.9468826907301067 60538.0000000000000000 83.6550836550836578 56382.7988307692285161
470 0.9469510527754991 60543.0000000000000000 83.7628865979381487 56392.1123692307664896
471 0.9469510527754991 60543.0000000000000000 83.7628865979381487 56392.1123692307664896
472 0.9470877768662839 60552.0000000000000000 83.9793281653746817 56408.8787384615352494
473 0.9471561389116763 60556.0000000000000000 84.0879689521345455 56416.3312923076955485
474 0.9471561389116763 60556.0000000000000000 84.0879689521345455 56416.3312923076955485
475 0.9471561389116763 60556.0000000000000000 84.0879689521345455 56416.3312923076955485
476 0.9471561389116763 60556.0000000000000000 84.0879689521345455 56416.3312923076955485
477 0.9471561389116763 60556.0000000000000000 84.0879689521345455 56416.3312923076955485
478 0.9471561389116763 60556.0000000000000000 84.0879689521345455 56416.3312923076955485
479 0.9471561389116763 60556.0000000000000000 84.0879689521345455 56416.3312923076955485
480 0.9473612250478535 60568.0000000000000000 84.4155844155844193 56438.6919076923077228
481 0.9474979491386383 60581.0000000000000000 84.6354166666666714 56462.9202153846126748
482 0.9474979491386383 60581.0000000000000000 84.6354166666666714 56462.9202153846126748
483 0.9474979491386383 60581.0000000000000000 84.6354166666666714 56462.9202153846126748
484 0.9474979491386383 60581.0000000000000000 84.6354166666666714 56462.9202153846126748
485 0.9475663111840307 60586.0000000000000000 84.7457627118644012 56472.2403692307707388
486 0.9476346732294231 60591.0000000000000000 84.8563968668407256 56481.5612923076914740
487 0.9476346732294231 60591.0000000000000000 84.8563968668407256 56481.5612923076914740
488 0.9477030352748155 60591.0000000000000000 84.9673202614379051 56481.5632923076918814
489 0.9477030352748155 60591.0000000000000000 84.9673202614379051 56481.5632923076918814
490 0.9477030352748155 60591.0000000000000000 84.9673202614379051 56481.5632923076918814
491 0.9478397593656002 60610.0000000000000000 85.1900393184796911 56516.9878769230781472
492 0.9478397593656002 60610.0000000000000000 85.1900393184796911 56516.9878769230781472
493 0.9479081214109926 60610.0000000000000000 85.3018372703412098 56516.9892615384596866
494 0.9479081214109926 60610.0000000000000000 85.3018372703412098 56516.9892615384596866
495 0.9479764834563850 60614.0000000000000000 85.4139290407358800 56524.4489538461566553
496 0.9480448455017774 60623.0000000000000000 85.5263157894736850 56541.2343692307695164
497 0.9481132075471698 60627.0000000000000000 85.6389986824769380 56548.6956615384624456
498 0.9481132075471698 60627.0000000000000000 85.6389986824769380 56548.6956615384624456
499 0.9481815695925622 60631.0000000000000000 85.7519788918205847 56556.1574461538475589
500 0.9483182936833470 60653.0000000000000000 85.9788359788359742 56597.2021846153875231
501 0.9483182936833470 60653.0000000000000000 85.9788359788359742 56597.2021846153875231
502 0.9483866557287394 60657.0000000000000000 86.0927152317880768 56604.6671692307718331
503 0.9484550177741318 60662.0000000000000000 86.2068965517241423 56613.9990153846156318
504 0.9485917418649166 60672.0000000000000000 86.4361702127659584 56632.6650153846130706
505 0.9486601039103090 60677.0000000000000000 86.5512649800266303 56641.9991692307667108
506 0.9486601039103090 60677.0000000000000000 86.5512649800266303 56641.9991692307667108
507 0.9486601039103090 60677.0000000000000000 86.5512649800266303 56641.9991692307667108
508 0.9488651900464862 60689.0000000000000000 86.8983957219251266 56664.4044615384627832
509 0.9490019141372710 60712.0000000000000000 87.1313672922252067 56707.3563692307725432
510 0.9490019141372710 60712.0000000000000000 87.1313672922252067 56707.3563692307725432
511 0.9490019141372710 60712.0000000000000000 87.1313672922252067 56707.3563692307725432
512 0.9490019141372710 60712.0000000000000000 87.1313672922252067 56707.3563692307725432
513 0.9491386382280558 60721.0000000000000000 87.3655913978494567 56724.1695384615377407
514 0.9492753623188406 60734.0000000000000000 87.6010781671159009 56748.4590461538464297
515 0.9492753623188406 60734.0000000000000000 87.6010781671159009 56748.4590461538464297
516 0.9494120864096254 60744.0000000000000000 87.8378378378378386 56767.1471999999994296
517 0.9494120864096254 60744.0000000000000000 87.8378378378378386 56767.1471999999994296
518 0.9494120864096254 60744.0000000000000000 87.8378378378378386 56767.1471999999994296
519 0.9494804484550178 60749.0000000000000000 87.9566982408660323 56776.4924307692272123
520 0.9494804484550178 60749.0000000000000000 87.9566982408660323 56776.4924307692272123
521 0.9496171725458026 60753.0000000000000000 88.1953867028493903 56783.9698461538428091
522 0.9496171725458026 60753.0000000000000000 88.1953867028493903 56783.9698461538428091
523 0.9496855345911950 60762.0000000000000000 88.3152173913043441 56800.7937538461555960
524 0.9496855345911950 60762.0000000000000000 88.3152173913043441 56800.7937538461555960
525 0.9497538966365874 60762.0000000000000000 88.4353741496598644 56800.7951384615371353
526 0.9498906207273722 60781.0000000000000000 88.6766712141882607 56836.3196923076902749
527 0.9500273448181570 60816.0000000000000000 88.9192886456908411 56901.7807692307687830
528 0.9500957068635494 60816.0000000000000000 89.0410958904109577 56901.7813846153876511
529 0.9501640689089418 60821.0000000000000000 89.1632373113854584 56911.1376923076895764
530 0.9501640689089418 60821.0000000000000000 89.1632373113854584 56911.1376923076895764
531 0.9501640689089418 60821.0000000000000000 89.1632373113854584 56911.1376923076895764
532 0.9501640689089418 60821.0000000000000000 89.1632373113854584 56911.1376923076895764
533 0.9501640689089418 60821.0000000000000000 89.1632373113854584 56911.1376923076895764
534 0.9501640689089418 60821.0000000000000000 89.1632373113854584 56911.1376923076895764
535 0.9501640689089418 60821.0000000000000000 89.1632373113854584 56911.1376923076895764
536 0.9502324309543342 60825.0000000000000000 89.2857142857142918 56918.6233538461528951
537 0.9503007929997266 60830.0000000000000000 89.4085281980742792 56927.9810461538436357
538 0.9503007929997266 60830.0000000000000000 89.4085281980742792 56927.9810461538436357
539 0.9503007929997266 60830.0000000000000000 89.4085281980742792 56927.9810461538436357
540 0.9503007929997266 60830.0000000000000000 89.4085281980742792 56927.9810461538436357
541 0.9504375170905114 60839.0000000000000000 89.6551724137931103 56944.8268923076902865
542 0.9504375170905114 60839.0000000000000000 89.6551724137931103 56944.8268923076902865
543 0.9505742411812962 60857.0000000000000000 89.9031811894882367 56978.5248307692309027
544 0.9506426032266886 60861.0000000000000000 90.0277008310249300 56986.0149230769238784
545 0.9506426032266886 60861.0000000000000000 90.0277008310249300 56986.0149230769238784
546 0.9506426032266886 60861.0000000000000000 90.0277008310249300 56986.0149230769238784
547 0.9506426032266886 60861.0000000000000000 90.0277008310249300 56986.0149230769238784
548 0.9507109652720810 60861.0000000000000000 90.1525658807212267 56986.0155384615354706
549 0.9507109652720810 60861.0000000000000000 90.1525658807212267 56986.0155384615354706
550 0.9507793273174734 60861.0000000000000000 90.2777777777777715 56986.0169230769242859
551 0.9508476893628658 60865.0000000000000000 90.4033379694019459 56993.5075076923094457
552 0.9508476893628658 60865.0000000000000000 90.4033379694019459 56993.5075076923094457
553 0.9508476893628658 60865.0000000000000000 90.4033379694019459 56993.5075076923094457
554 0.9509844134536505 60874.0000000000000000 90.6555090655509019 57010.3652000000001863
555 0.9509844134536505 60874.0000000000000000 90.6555090655509019 57010.3652000000001863
556 0.9510527754990429 60874.0000000000000000 90.7821229050279328 57010.3665846153817256
557 0.9511211375444353 60888.0000000000000000 90.9090909090909065 57036.5892307692338363
558 0.9511211375444353 60888.0000000000000000 90.9090909090909065 57036.5892307692338363
559 0.9511211375444353 60888.0000000000000000 90.9090909090909065 57036.5892307692338363
560 0.9511894995898277 60892.0000000000000000 91.0364145658263340 57044.0831384615376010
561 0.9511894995898277 60892.0000000000000000 91.0364145658263340 57044.0831384615376010
562 0.9512578616352201 60896.0000000000000000 91.1640953716690063 57051.5775384615408257
563 0.9512578616352201 60896.0000000000000000 91.1640953716690063 57051.5775384615408257
564 0.9514629477713973 60910.0000000000000000 91.5492957746478879 57077.8116615384642500
565 0.9515313098167897 60914.0000000000000000 91.6784203102961897 57085.3082769230750273
566 0.9515313098167897 60914.0000000000000000 91.6784203102961897 57085.3082769230750273
567 0.9516680339075745 60932.0000000000000000 91.9377652050919352 57119.0472615384642268
568 0.9518047579983593 60940.0000000000000000 92.1985815602836851 57134.0463999999992666
569 0.9518047579983593 60940.0000000000000000 92.1985815602836851 57134.0463999999992666
570 0.9518047579983593 60940.0000000000000000 92.1985815602836851 57134.0463999999992666
571 0.9518731200437517 60944.0000000000000000 92.3295454545454533 57141.5467076923087006
572 0.9519414820891441 60949.0000000000000000 92.4608819345661459 57150.9227076923052664
573 0.9519414820891441 60949.0000000000000000 92.4608819345661459 57150.9227076923052664
574 0.9520098441345365 60953.0000000000000000 92.5925925925925952 57158.4241230769257527
575 0.9520098441345365 60953.0000000000000000 92.5925925925925952 57158.4241230769257527
576 0.9520782061799289 60962.0000000000000000 92.7246790299572012 57175.3034153846165282
577 0.9522149302707137 60993.0000000000000000 92.9899856938483538 57233.4591076923097717
578 0.9522149302707137 60993.0000000000000000 92.9899856938483538 57233.4591076923097717
579 0.9522149302707137 60993.0000000000000000 92.9899856938483538 57233.4591076923097717
580 0.9523516543614985 61002.0000000000000000 93.2568149210903812 57250.3500923076935578
581 0.9523516543614985 61002.0000000000000000 93.2568149210903812 57250.3500923076935578
582 0.9524200164068909 61006.0000000000000000 93.3908045977011483 57257.8580307692318456
583 0.9524883784522833 61011.0000000000000000 93.5251798561151020 57267.2435692307699355
584 0.9524883784522833 61011.0000000000000000 93.5251798561151020 57267.2435692307699355
585 0.9524883784522833 61011.0000000000000000 93.5251798561151020 57267.2435692307699355
586 0.9525567404976757 61016.0000000000000000 93.6599423631123926 57276.6298769230779726
587 0.9526934645884605 61026.0000000000000000 93.9306358381502946 57295.4047999999966123
588 0.9527618266338529 61039.0000000000000000 94.0665701881331415 57319.8151999999972759
589 0.9528301886792453 61043.0000000000000000 94.2028985507246404 57327.3276923076919047
590 0.9528301886792453 61043.0000000000000000 94.2028985507246404 57327.3276923076919047
591 0.9528301886792453 61043.0000000000000000 94.2028985507246404 57327.3276923076919047
592 0.9528985507246377 61047.0000000000000000 94.3396226415094361 57334.8406769230787177
593 0.9528985507246377 61047.0000000000000000 94.3396226415094361 57334.8406769230787177
594 0.9528985507246377 61047.0000000000000000 94.3396226415094361 57334.8406769230787177
595 0.9530352748154225 61057.0000000000000000 94.6142649199417747 57353.6251384615388815
596 0.9531036368608149 61071.0000000000000000 94.7521865889212762 57379.9266153846183443
597 0.9533087229969921 61090.0000000000000000 95.1683748169838992 57415.6331999999965774
598 0.9533087229969921 61090.0000000000000000 95.1683748169838992 57415.6331999999965774
599 0.9535138091331693 61113.0000000000000000 95.5882352941176521 57458.8706153846142115
600 0.9535138091331693 61113.0000000000000000 95.5882352941176521 57458.8706153846142115
601 0.9536505332239541 61117.0000000000000000 95.8702064896755104 57466.3936000000030617
602 0.9537188952693465 61131.0000000000000000 96.0118168389955713 57492.7209230769221904
603 0.9537872573147389 61136.0000000000000000 96.1538461538461604 57502.1256923076944076
604 0.9537872573147389 61136.0000000000000000 96.1538461538461604 57502.1256923076944076
605 0.9537872573147389 61136.0000000000000000 96.1538461538461604 57502.1256923076944076
606 0.9538556193601313 61145.0000000000000000 96.2962962962962905 57519.0556615384630277
607 0.9538556193601313 61145.0000000000000000 96.2962962962962905 57519.0556615384630277
608 0.9539239814055237 61150.0000000000000000 96.4391691394658750 57528.4625846153867315
609 0.9539239814055237 61150.0000000000000000 96.4391691394658750 57528.4625846153867315
610 0.9539923434509161 61155.0000000000000000 96.5824665676077245 57537.8702769230803824
611 0.9540607054963085 61164.0000000000000000 96.7261904761904816 57554.8055076923046727
612 0.9540607054963085 61164.0000000000000000 96.7261904761904816 57554.8055076923046727
613 0.9540607054963085 61164.0000000000000000 96.7261904761904816 57554.8055076923046727
614 0.9541290675417008 61169.0000000000000000 96.8703427719821093 57564.2153538461570861
615 0.9541290675417008 61169.0000000000000000 96.8703427719821093 57564.2153538461570861
616 0.9541974295870932 61173.0000000000000000 97.0149253731343322 57571.7438461538476986
617 0.9542657916324856 61178.0000000000000000 97.1599402092675604 57581.1550769230743754
618 0.9543341536778780 61178.0000000000000000 97.3053892215568794 57581.1564615384631907
619 0.9544025157232704 61183.0000000000000000 97.4512743628185945 57590.5684615384598146
620 0.9544708777686628 61183.0000000000000000 97.5975975975975985 57590.5704615384602221
621 0.9545392398140552 61201.0000000000000000 97.7443609022556359 57624.4564307692271541
622 0.9546076018594476 61205.0000000000000000 97.8915662650602343 57631.9888615384625155
623 0.9546076018594476 61205.0000000000000000 97.8915662650602343 57631.9888615384625155
624 0.9546759639048400 61209.0000000000000000 98.0392156862745168 57639.5217846153827850
625 0.9548126879956248 61218.0000000000000000 98.3358547655068094 57656.4725846153814928
626 0.9548126879956248 61218.0000000000000000 98.3358547655068094 57656.4725846153814928
627 0.9548810500410172 61223.0000000000000000 98.4848484848484844 57665.8907384615376941
628 0.9548810500410172 61223.0000000000000000 98.4848484848484844 57665.8907384615376941
629 0.9548810500410172 61223.0000000000000000 98.4848484848484844 57665.8907384615376941
630 0.9548810500410172 61223.0000000000000000 98.4848484848484844 57665.8907384615376941
631 0.9548810500410172 61223.0000000000000000 98.4848484848484844 57665.8907384615376941
632 0.9548810500410172 61223.0000000000000000 98.4848484848484844 57665.8907384615376941
633 0.9548810500410172 61223.0000000000000000 98.4848484848484844 57665.8907384615376941
634 0.9548810500410172 61223.0000000000000000 98.4848484848484844 57665.8907384615376941
635 0.9548810500410172 61223.0000000000000000 98.4848484848484844 57665.8907384615376941
636 0.9550177741318020 61232.0000000000000000 98.7841945288753749 57682.8454153846178087
637 0.9550177741318020 61232.0000000000000000 98.7841945288753749 57682.8454153846178087
638 0.9550861361771944 61241.0000000000000000 98.9345509893455102 57699.8019692307716468
639 0.9550861361771944 61241.0000000000000000 98.9345509893455102 57699.8019692307716468
640 0.9551544982225868 61245.0000000000000000 99.0853658536585300 57707.3393230769215734
641 0.9552228602679792 61250.0000000000000000 99.2366412213740432 57716.7616307692296687
642 0.9552912223133716 61255.0000000000000000 99.3883792048929706 57726.1847076923077111
643 0.9552912223133716 61255.0000000000000000 99.3883792048929706 57726.1847076923077111
644 0.9552912223133716 61255.0000000000000000 99.3883792048929706 57726.1847076923077111
645 0.9552912223133716 61255.0000000000000000 99.3883792048929706 57726.1847076923077111
646 0.9553595843587640 61260.0000000000000000 99.5405819295558985 57735.6085538461557007
647 0.9553595843587640 61260.0000000000000000 99.5405819295558985 57735.6085538461557007
648 0.9555646704949412 61274.0000000000000000 100.0000000000000000 57761.9994769230761449
649 0.9557013945857260 61283.0000000000000000 100.3086419753086460 57778.9682769230785198
650 0.9557013945857260 61283.0000000000000000 100.3086419753086460 57778.9682769230785198
651 0.9559064807219032 61291.0000000000000000 100.7751937984496067 57794.0544307692325674
652 0.9559748427672956 61291.0000000000000000 100.9316770186335361 57794.0583076923066983
653 0.9559748427672956 61291.0000000000000000 100.9316770186335361 57794.0583076923066983
654 0.9560432048126880 61296.0000000000000000 101.0886469673405941 57803.4876923076953972
655 0.9561115668580804 61296.0000000000000000 101.2461059190031136 57803.4883076923069893
656 0.9561799289034728 61300.0000000000000000 101.4040561622464907 57811.0324307692280854
657 0.9561799289034728 61300.0000000000000000 101.4040561622464907 57811.0324307692280854
658 0.9562482909488652 61304.0000000000000000 101.5625000000000000 57818.5770461538486416
659 0.9562482909488652 61304.0000000000000000 101.5625000000000000 57818.5770461538486416
660 0.9563166529942576 61308.0000000000000000 101.7214397496087628 57826.1221538461541058
661 0.9563850150396500 61312.0000000000000000 101.8808777429467085 57833.6677538461517543
662 0.9564533770850424 61312.0000000000000000 102.0408163265306172 57833.6683692307706224
663 0.9564533770850424 61312.0000000000000000 102.0408163265306172 57833.6683692307706224
664 0.9564533770850424 61312.0000000000000000 102.0408163265306172 57833.6683692307706224
665 0.9565217391304348 61321.0000000000000000 102.2012578616352272 57850.6470769230800215
666 0.9565217391304348 61321.0000000000000000 102.2012578616352272 57850.6470769230800215
667 0.9565901011758272 61326.0000000000000000 102.3622047244094517 57860.0810769230738515
668 0.9565901011758272 61326.0000000000000000 102.3622047244094517 57860.0810769230738515
669 0.9565901011758272 61326.0000000000000000 102.3622047244094517 57860.0810769230738515
670 0.9566584632212196 61330.0000000000000000 102.5236593059936894 57867.6288923076936044
671 0.9566584632212196 61330.0000000000000000 102.5236593059936894 57867.6288923076936044
672 0.9566584632212196 61330.0000000000000000 102.5236593059936894 57867.6288923076936044
673 0.9566584632212196 61330.0000000000000000 102.5236593059936894 57867.6288923076936044
674 0.9567268252666120 61335.0000000000000000 102.6856240126382289 57877.0642769230762497
675 0.9568635493573968 61344.0000000000000000 103.0110935023771788 57894.0499692307712394
676 0.9568635493573968 61344.0000000000000000 103.0110935023771788 57894.0499692307712394
677 0.9569319114027892 61349.0000000000000000 103.1746031746031775 57903.4875076923053712
678 0.9569319114027892 61349.0000000000000000 103.1746031746031775 57903.4875076923053712
679 0.9570002734481816 61354.0000000000000000 103.3386327503974513 57912.9258153846167261
680 0.9570686354935740 61363.0000000000000000 103.5031847133758021 57929.9161538461557939
681 0.9570686354935740 61363.0000000000000000 103.5031847133758021 57929.9161538461557939
682 0.9570686354935740 61363.0000000000000000 103.5031847133758021 57929.9161538461557939
683 0.9570686354935740 61363.0000000000000000 103.5031847133758021 57929.9161538461557939
684 0.9570686354935740 61363.0000000000000000 103.5031847133758021 57929.9161538461557939
685 0.9570686354935740 61363.0000000000000000 103.5031847133758021 57929.9161538461557939
686 0.9571369975389664 61368.0000000000000000 103.6682615629984099 57939.3566153846186353
687 0.9572053595843588 61386.0000000000000000 103.8338658146964804 57973.3450461538450327
688 0.9572737216297512 61390.0000000000000000 104.0000000000000000 57980.9002461538475472
689 0.9572737216297512 61390.0000000000000000 104.0000000000000000 57980.9002461538475472
690 0.9572737216297512 61390.0000000000000000 104.0000000000000000 57980.9002461538475472
691 0.9572737216297512 61390.0000000000000000 104.0000000000000000 57980.9002461538475472
692 0.9572737216297512 61390.0000000000000000 104.0000000000000000 57980.9002461538475472
693 0.9572737216297512 61390.0000000000000000 104.0000000000000000 57980.9002461538475472
694 0.9573420836751435 61395.0000000000000000 104.1666666666666714 57990.3448615384622826
695 0.9573420836751435 61395.0000000000000000 104.1666666666666714 57990.3448615384622826
696 0.9573420836751435 61395.0000000000000000 104.1666666666666714 57990.3448615384622826
697 0.9574788077659283 61408.0000000000000000 104.5016077170418072 58014.9039692307705991
698 0.9574788077659283 61408.0000000000000000 104.5016077170418072 58014.9039692307705991
699 0.9574788077659283 61408.0000000000000000 104.5016077170418072 58014.9039692307705991
700 0.9575471698113207 61430.0000000000000000 104.6698872785829337 58056.4724615384620847
701 0.9575471698113207 61430.0000000000000000 104.6698872785829337 58056.4724615384620847
702 0.9575471698113207 61430.0000000000000000 104.6698872785829337 58056.4724615384620847
703 0.9575471698113207 61430.0000000000000000 104.6698872785829337 58056.4724615384620847
704 0.9575471698113207 61430.0000000000000000 104.6698872785829337 58056.4724615384620847
705 0.9576838939021055 61439.0000000000000000 105.0080775444264987 58073.4844615384645294
706 0.9578206179928903 61448.0000000000000000 105.3484602917341988 58090.4989538461522898
707 0.9578206179928903 61448.0000000000000000 105.3484602917341988 58090.4989538461522898
708 0.9578889800382827 61453.0000000000000000 105.5194805194805241 58099.9524923076896812
709 0.9578889800382827 61453.0000000000000000 105.5194805194805241 58099.9524923076896812
710 0.9579573420836751 61458.0000000000000000 105.6910569105691025 58109.4067999999970198
711 0.9579573420836751 61458.0000000000000000 105.6910569105691025 58109.4067999999970198
712 0.9579573420836751 61458.0000000000000000 105.6910569105691025 58109.4067999999970198
713 0.9580257041290675 61463.0000000000000000 105.8631921824104296 58118.8618769230743055
714 0.9580940661744599 61472.0000000000000000 106.0358890701468226 58135.8824000000022352
715 0.9580940661744599 61472.0000000000000000 106.0358890701468226 58135.8824000000022352
716 0.9582307902652447 61486.0000000000000000 106.3829787234042499 58162.3640307692330680
717 0.9582307902652447 61486.0000000000000000 106.3829787234042499 58162.3640307692330680
718 0.9582307902652447 61486.0000000000000000 106.3829787234042499 58162.3640307692330680
719 0.9582991523106371 61490.0000000000000000 106.5573770491803316 58169.9315384615401854
720 0.9582991523106371 61490.0000000000000000 106.5573770491803316 58169.9315384615401854
721 0.9582991523106371 61490.0000000000000000 106.5573770491803316 58169.9315384615401854
722 0.9582991523106371 61490.0000000000000000 106.5573770491803316 58169.9315384615401854
723 0.9582991523106371 61490.0000000000000000 106.5573770491803316 58169.9315384615401854
724 0.9582991523106371 61490.0000000000000000 106.5573770491803316 58169.9315384615401854
725 0.9583675143560295 61495.0000000000000000 106.7323481116584531 58179.3915384615393123
726 0.9583675143560295 61495.0000000000000000 106.7323481116584531 58179.3915384615393123
727 0.9584358764014219 61499.0000000000000000 106.9078947368421098 58186.9601538461574819
728 0.9584358764014219 61499.0000000000000000 106.9078947368421098 58186.9601538461574819
729 0.9584358764014219 61499.0000000000000000 106.9078947368421098 58186.9601538461574819
730 0.9584358764014219 61499.0000000000000000 106.9078947368421098 58186.9601538461574819
731 0.9585042384468143 61503.0000000000000000 107.0840197693574964 58194.5292615384605597
732 0.9585726004922067 61508.0000000000000000 107.2607260726072553 58203.9912615384600940
733 0.9585726004922067 61508.0000000000000000 107.2607260726072553 58203.9912615384600940
734 0.9585726004922067 61508.0000000000000000 107.2607260726072553 58203.9912615384600940
735 0.9586409625375991 61530.0000000000000000 107.4380165289256155 58245.6274461538487230
736 0.9586409625375991 61530.0000000000000000 107.4380165289256155 58245.6274461538487230
737 0.9586409625375991 61530.0000000000000000 107.4380165289256155 58245.6274461538487230
738 0.9587776866283839 61540.0000000000000000 107.7943615257048151 58264.5605230769215268
739 0.9587776866283839 61540.0000000000000000 107.7943615257048151 58264.5605230769215268
740 0.9587776866283839 61540.0000000000000000 107.7943615257048151 58264.5605230769215268
741 0.9588460486737763 61545.0000000000000000 107.9734219269103050 58274.0282153846128494
742 0.9588460486737763 61545.0000000000000000 107.9734219269103050 58274.0282153846128494
743 0.9588460486737763 61545.0000000000000000 107.9734219269103050 58274.0282153846128494
744 0.9589144107191687 61550.0000000000000000 108.1530782029950046 58283.4966769230741193
745 0.9590511348099535 61558.0000000000000000 108.5141903171953288 58298.6479384615377057
746 0.9590511348099535 61558.0000000000000000 108.5141903171953288 58298.6479384615377057
747 0.9590511348099535 61558.0000000000000000 108.5141903171953288 58298.6479384615377057
748 0.9590511348099535 61558.0000000000000000 108.5141903171953288 58298.6479384615377057
749 0.9590511348099535 61558.0000000000000000 108.5141903171953288 58298.6479384615377057
750 0.9591878589007383 61567.0000000000000000 108.8777219430485701 58315.6953846153846825
751 0.9591878589007383 61567.0000000000000000 108.8777219430485701 58315.6953846153846825
752 0.9591878589007383 61567.0000000000000000 108.8777219430485701 58315.6953846153846825
753 0.9591878589007383 61567.0000000000000000 108.8777219430485701 58315.6953846153846825
754 0.9592562209461307 61572.0000000000000000 109.0604026845637549 58325.1672307692278991
755 0.9593245829915231 61577.0000000000000000 109.2436974789915922 58334.6398461538483389
756 0.9593929450369155 61577.0000000000000000 109.4276094276094256 58334.6404615384599310
757 0.9593929450369155 61577.0000000000000000 109.4276094276094256 58334.6404615384599310
758 0.9594613070823079 61582.0000000000000000 109.6121416526138290 58344.1138461538430420
759 0.9595296691277003 61586.0000000000000000 109.7972972972972912 58351.6931692307698540
760 0.9595296691277003 61586.0000000000000000 109.7972972972972912 58351.6931692307698540
761 0.9595296691277003 61586.0000000000000000 109.7972972972972912 58351.6931692307698540
762 0.9595980311730927 61586.0000000000000000 109.9830795262267316 58351.6937846153814462
763 0.9596663932184851 61591.0000000000000000 110.1694915254237230 58361.1685538461533724
764 0.9596663932184851 61591.0000000000000000 110.1694915254237230 58361.1685538461533724
765 0.9597347552638775 61596.0000000000000000 110.3565365025466889 58370.6440923076952458
766 0.9597347552638775 61596.0000000000000000 110.3565365025466889 58370.6440923076952458
767 0.9598031173092699 61596.0000000000000000 110.5442176870748341 58370.6447076923068380
768 0.9598031173092699 61596.0000000000000000 110.5442176870748341 58370.6447076923068380
769 0.9598031173092699 61596.0000000000000000 110.5442176870748341 58370.6447076923068380
770 0.9598714793546623 61600.0000000000000000 110.7325383304940374 58378.2257538461562945
771 0.9598714793546623 61600.0000000000000000 110.7325383304940374 58378.2257538461562945
772 0.9598714793546623 61600.0000000000000000 110.7325383304940374 58378.2257538461562945
773 0.9598714793546623 61600.0000000000000000 110.7325383304940374 58378.2257538461562945
774 0.9598714793546623 61600.0000000000000000 110.7325383304940374 58378.2257538461562945
775 0.9598714793546623 61600.0000000000000000 110.7325383304940374 58378.2257538461562945
776 0.9598714793546623 61600.0000000000000000 110.7325383304940374 58378.2257538461562945
777 0.9598714793546623 61600.0000000000000000 110.7325383304940374 58378.2257538461562945
778 0.9598714793546623 61600.0000000000000000 110.7325383304940374 58378.2257538461562945
779 0.9599398414000547 61600.0000000000000000 110.9215017064846478 58378.2268615384600707
780 0.9600082034454471 61604.0000000000000000 111.1111111111111143 58385.8084000000017113
781 0.9600082034454471 61604.0000000000000000 111.1111111111111143 58385.8084000000017113
782 0.9600082034454471 61604.0000000000000000 111.1111111111111143 58385.8084000000017113
783 0.9600082034454471 61604.0000000000000000 111.1111111111111143 58385.8084000000017113
784 0.9600082034454471 61604.0000000000000000 111.1111111111111143 58385.8084000000017113
785 0.9600082034454471 61604.0000000000000000 111.1111111111111143 58385.8084000000017113
786 0.9600082034454471 61604.0000000000000000 111.1111111111111143 58385.8084000000017113
787 0.9600082034454471 61604.0000000000000000 111.1111111111111143 58385.8084000000017113
788 0.9600082034454471 61604.0000000000000000 111.1111111111111143 58385.8084000000017113
789 0.9600082034454471 61604.0000000000000000 111.1111111111111143 58385.8084000000017113
790 0.9600082034454471 61604.0000000000000000 111.1111111111111143 58385.8084000000017113
791 0.9600082034454471 61604.0000000000000000 111.1111111111111143 58385.8084000000017113
792 0.9600082034454471 61604.0000000000000000 111.1111111111111143 58385.8084000000017113
793 0.9600082034454471 61604.0000000000000000 111.1111111111111143 58385.8084000000017113
794 0.9600082034454471 61604.0000000000000000 111.1111111111111143 58385.8084000000017113
795 0.9600765654908395 61609.0000000000000000 111.3013698630137043 58395.2859384615367162
796 0.9600765654908395 61609.0000000000000000 111.3013698630137043 58395.2859384615367162
797 0.9600765654908395 61609.0000000000000000 111.3013698630137043 58395.2859384615367162
798 0.9601449275362319 61614.0000000000000000 111.4922813036020557 58404.7642461538489442
799 0.9602132895816243 61623.0000000000000000 111.6838487972508602 58421.8265846153881284
800 0.9602132895816243 61623.0000000000000000 111.6838487972508602 58421.8265846153881284
801 0.9602132895816243 61623.0000000000000000 111.6838487972508602 58421.8265846153881284
802 0.9602132895816243 61623.0000000000000000 111.6838487972508602 58421.8265846153881284
803 0.9602816516270167 61623.0000000000000000 111.8760757314974228 58421.8271999999997206
804 0.9603500136724091 61627.0000000000000000 112.0689655172413808 58429.4115692307677818
805 0.9603500136724091 61627.0000000000000000 112.0689655172413808 58429.4115692307677818
806 0.9603500136724091 61627.0000000000000000 112.0689655172413808 58429.4115692307677818
807 0.9603500136724091 61627.0000000000000000 112.0689655172413808 58429.4115692307677818
808 0.9603500136724091 61627.0000000000000000 112.0689655172413808 58429.4115692307677818
809 0.9603500136724091 61627.0000000000000000 112.0689655172413808 58429.4115692307677818
810 0.9604183757178015 61631.0000000000000000 112.2625215889464556 58436.9964307692280272
811 0.9604183757178015 61631.0000000000000000 112.2625215889464556 58436.9964307692280272
812 0.9604183757178015 61631.0000000000000000 112.2625215889464556 58436.9964307692280272
813 0.9604867377631938 61636.0000000000000000 112.4567474048442932 58446.4781230769222020
814 0.9604867377631938 61636.0000000000000000 112.4567474048442932 58446.4781230769222020
815 0.9605550998085862 61640.0000000000000000 112.6516464471403793 58454.0640923076934996
816 0.9605550998085862 61640.0000000000000000 112.6516464471403793 58454.0640923076934996
817 0.9605550998085862 61640.0000000000000000 112.6516464471403793 58454.0640923076934996
818 0.9605550998085862 61640.0000000000000000 112.6516464471403793 58454.0640923076934996
819 0.9606234618539786 61645.0000000000000000 112.8472222222222285 58463.5471692307692138
820 0.9606234618539786 61645.0000000000000000 112.8472222222222285 58463.5471692307692138
821 0.9606234618539786 61645.0000000000000000 112.8472222222222285 58463.5471692307692138
822 0.9606234618539786 61645.0000000000000000 112.8472222222222285 58463.5471692307692138
823 0.9606234618539786 61645.0000000000000000 112.8472222222222285 58463.5471692307692138
824 0.9606234618539786 61645.0000000000000000 112.8472222222222285 58463.5471692307692138
825 0.9606918238993710 61649.0000000000000000 113.0434782608695627 58471.1342461538442876
826 0.9607601859447634 61654.0000000000000000 113.2404181184669056 58480.6187076923088171
827 0.9607601859447634 61654.0000000000000000 113.2404181184669056 58480.6187076923088171
828 0.9607601859447634 61654.0000000000000000 113.2404181184669056 58480.6187076923088171
829 0.9608285479901558 61658.0000000000000000 113.4380453752181523 58488.2068923076949432
830 0.9608969100355482 61667.0000000000000000 113.6363636363636402 58505.2814153846120462
831 0.9608969100355482 61667.0000000000000000 113.6363636363636402 58505.2814153846120462
832 0.9609652720809406 61676.0000000000000000 113.8353765323992945 58522.3584307692290167
833 0.9609652720809406 61676.0000000000000000 113.8353765323992945 58522.3584307692290167
834 0.9609652720809406 61676.0000000000000000 113.8353765323992945 58522.3584307692290167
835 0.9609652720809406 61676.0000000000000000 113.8353765323992945 58522.3584307692290167
836 0.9609652720809406 61676.0000000000000000 113.8353765323992945 58522.3584307692290167
837 0.9609652720809406 61676.0000000000000000 113.8353765323992945 58522.3584307692290167
838 0.9610336341263330 61680.0000000000000000 114.0350877192982466 58529.9493230769221555
839 0.9610336341263330 61680.0000000000000000 114.0350877192982466 58529.9493230769221555
840 0.9610336341263330 61680.0000000000000000 114.0350877192982466 58529.9493230769221555
841 0.9610336341263330 61680.0000000000000000 114.0350877192982466 58529.9493230769221555
842 0.9610336341263330 61680.0000000000000000 114.0350877192982466 58529.9493230769221555
