63.334865
51.572342
50.407063
20.453340
26.640875
39.272826
28.406218
86.756889
65.122166
37.482249
34.069231
56.756714
28.184195
61.749116
43.447872
70.393608
33.038164
43.798683
53.265321
45.194911
69.448634
66.294703
41.058429
44.776636
45.458197
16.833890
35.825004
65.364487
52.762040
27.568718
38.490912
75.637512
73.446378
28.126297
58.080648
36.104504
60.638011
140.652567
36.255351
29.865365
75.580358
71.274672
44.296160
42.313236
85.839608
74.315934
52.239341
44.728633
79.792821
54.689219
53.814242
60.552088
87.832406
61.404763
40.654841
60.972604
82.075981
43.396146
118.089789
22.469084
45.020987
30.884106
45.937642
29.758864
27.356260
48.196032
59.899567
46.377691
48.190452
36.632191
57.870157
43.501516
56.940601
86.259998
76.237591
35.214834
48.618497
52.904326
46.059833
49.382983
97.700988
32.743204
76.173742
95.653487
58.973352
63.374895
58.225737
48.468273
48.807004
76.561965
35.172890
41.224076
48.666015
51.791410
54.906762
49.914027
46.144985
72.896616
42.497960
59.530734
43.386169
29.918960
33.313687
82.164596
35.640937
94.376744
88.544089
68.030370
47.861313
36.451615
75.004477
40.813140
46.365469
34.906755
50.574184
54.723289
31.886680
44.778642
48.188324
71.421608
44.585101
26.044301
93.501483
59.832669
43.877274
54.392158
35.532548
61.156772
77.974058
45.370908
64.687108
45.964226
61.676699
62.333514
68.637113
27.582782
47.171556
38.212320
38.828660
50.096950
58.067144
85.267833
93.201423
25.145182
41.648516
31.705149
49.737194
51.681793
80.979019
38.691517
35.620635
46.003371
68.232643
55.597738
28.551537
116.121104
73.642679
23.349461
90.453511
34.683086
93.700112
68.242066
25.634541
60.377439
38.339005
60.611899
33.198332
77.145330
23.786236
34.979274
33.547624
69.963239
109.647756
58.912238
63.348608
33.929645
48.897408
28.088598
65.972798
41.208860
32.617525
39.470748
58.340454
62.461400
35.149145
51.529220
63.405272
112.784232
38.795500
101.251947
59.491942
50.922616
53.341354
69.728500
48.053176
46.395559
88.166763
31.766081
38.398749
49.960208
55.968008
87.877834
32.385956
21.732396
33.019033
35.499896
35.788689
69.574438
24.612138
56.840795
72.870129
28.775056
22.236229
46.292309
59.341936
79.293873
55.377669
39.188887
63.719515
87.251085
81.602522
49.202979
69.473662
66.735846
36.237368
64.375720
63.148424
30.373325
63.420237
91.533161
73.488579
31.653928
52.276418
35.843612
88.762130
48.143176
67.458337
78.062344
36.038902
70.584555
34.589401
55.060250
74.309185
43.818059
76.599804
34.410474
38.936275
64.641116
48.332832
70.148195
30.386844
95.984580
28.788820
39.008521
74.338628
29.002470
26.195096
65.838473
38.332298
40.527718
103.854107
102.263631
79.194433
49.796195
51.140014
34.322722
51.566137
30.372106
33.737698
30.919273
36.343138
56.710658
65.480556
32.935024
29.820762
27.711816
68.355174
36.618368
77.828633
42.977308
37.077430
25.439256
58.816500
57.996736
49.471500
67.394030
38.051883
53.107506
67.542609
40.963268
41.503462
139.392511
46.355596
62.404359
40.385375
44.549764
51.248613
68.779641
42.620854
77.635261
78.404900
44.658179
40.246373
58.355424
70.411596
51.069619
58.515952
92.907609
26.856722
63.698929
55.967235
29.054846
63.056421
64.690933
38.382912
32.399422
57.049284
49.314559
69.699257
32.845283
52.390561
34.384590
43.503257
56.922063
28.866753
46.093300
35.245163
46.346676
55.180571
58.077157
48.764761
59.649986
38.885350
70.210256
92.684662
34.178805
104.051339
70.669826
40.905942
43.332446
35.853119
52.518645
39.575028
63.377815
38.096956
47.025313
56.813740
52.078409
45.677262
69.392169
51.756562
47.473988
46.216605
40.173524
38.533771
70.302224
55.383886
34.358190
32.140185
60.751622
58.634790
44.251384
50.711591
58.963822
46.625876
52.213159
49.828849
71.514804
97.688243
30.815865
88.589230
54.670685
75.469804
57.916569
39.632253
53.907318
49.677621
25.804886
32.220978
28.813451
53.258530
75.917392
32.851386
57.045418
36.924722
100.965029
32.052415
52.143188
27.009031
53.491298
64.365140
74.900441
50.844309
89.682970
50.953595
59.759556
52.428127
96.747542
25.591868
55.431213
92.906455
64.609173
23.055633
56.069678
43.877211
33.737277
35.022489
98.610457
68.938712
42.060295
33.862255
57.229926
73.083137
75.294657
55.449484
47.115208
108.200879
84.990127
28.110224
26.806336
44.524880
47.348802
73.720832
39.815928
59.951073
85.669643
56.362884
34.035486
69.396074
64.475260
73.327950
67.992500
51.564003
44.636553
43.889320
41.609677
75.030859
19.804227
42.782028
47.554069
51.699799
40.284214
70.467225
53.581885
35.642612
79.956154
51.223142
45.879797
41.418000
89.178276
66.367402
32.990065
75.427354
93.017947
86.370351
42.749291
33.579028
51.565640
50.807319
26.147590
43.031909
39.697293
39.447624
70.391208
56.168365
62.061521
34.970649
88.007044
21.559491
44.277216
77.356171
44.461962
41.297784
42.158992
78.781010
39.183096
61.519662
58.580894
48.506816
66.215162
39.553192
64.986935
44.385440
41.428939
34.864793
58.684203
58.845264
40.837054
58.818239
51.635983
47.206635
65.069829
42.247296
45.989655
57.432044
64.806139
44.851062
61.206877
40.674936
99.547933
35.450401
88.595380
52.786680
35.777982
75.888492
16.589442
29.033132
30.940361
56.652553
96.910814
66.690839
39.788619
53.597454
44.379684
30.127632
33.557810
73.023553
43.160532
27.191860
46.540621
56.207316
47.804154
53.927236
75.110198
64.073246
35.673340
40.427776
28.873539
117.360144
45.698838
93.586136
32.671340
42.390065
36.079314
35.482964
49.051427
112.827124
98.621418
90.522030
76.538946
112.622093
45.366217
31.853641
55.096428
40.273456
37.326016
90.184896
98.556358
51.319745
72.970041
81.138208
57.077095
46.300579
67.436044
46.800621
46.823038
58.808017
38.097568
102.901874
58.308434
35.190382
62.495825
39.759208
40.483115
40.840101
48.294759
46.856890
50.897473
50.171177
44.805843
51.014260
62.661330
68.749880
27.669391
92.025327
32.057352
43.927211
48.125665
63.807337
54.773458
50.626318
39.144336
63.941992
88.718789
42.153932
51.667783
36.468073
107.507102
57.195601
60.579171
81.405710
99.701435
39.054055
92.375901
26.160623
65.231571
40.628381
59.515670
60.325432
36.718595
51.533774
65.178918
46.585148
35.386778
80.623829
30.657395
49.980601
54.817052
50.755314
78.266317
82.674220
48.710815
49.082391
118.434745
29.178756
43.746331
58.928513
19.364866
56.553123
64.757903
56.988525
29.768758
66.508233
54.973484
33.502099
46.498353
88.209833
66.348347
61.860384
66.475951
82.541701
59.721107
46.111543
74.072771
37.451491
51.234248
54.997543
73.669280
56.438034
43.868002
74.095271
30.552749
66.464816
39.453451
28.414223
68.221692
63.967446
18.749841
53.896361
43.972566
62.325375
31.954253
52.659358
106.196450
29.505104
60.740058
41.246448
71.707360
32.991347
40.194315
34.444253
23.138886
81.809252
90.544874
52.664922
36.645946
56.803792
85.900231
33.353279
88.887214
72.229032
56.121211
41.756276
43.312460
66.642494
44.299587
64.965820
90.313709
57.807556
98.529983
58.545818
68.421836
45.882252
70.924137
46.636102
54.259866
30.938124
31.900563
34.374180
47.912282
48.578275
80.380845
44.789517
52.464469
66.250950
35.547986
39.543579
74.178058
76.595604
46.005715
53.974311
67.610072
63.258287
67.413987
49.665893
48.639315
34.563055
32.588649
25.965077
82.363066
60.848544
89.677488
56.524926
50.276816
37.972425
58.421333
29.201555
76.021133
54.176277
43.347966
35.833599
33.990626
130.853359
41.661952
43.133296
30.777583
35.421352
44.634631
29.208096
56.471546
69.481117
39.990471
20.702504
26.856223
44.379474
72.313036
42.068154
46.689215
72.774179
40.287994
72.471398
35.856042
61.127866
34.028034
78.170658
30.186000
46.200834
21.866199
27.988047
83.885866
75.191996
60.425752
56.639180
56.412861
47.583047
54.439965
58.821455
74.063033
54.400580
42.310917
64.100473
46.660687
88.057328
46.865463
32.374123
71.170484
40.297059
52.805692
58.148845
47.360753
19.947487
27.037529
34.938331
24.683372
58.960560
89.354608
79.170305
51.676584
49.129502
56.558040
37.431289
28.120806
76.167758
59.377251
40.109365
41.972469
34.515188
58.921817
67.168459
65.736728
136.013407
54.542502
57.753436
95.018536
36.815960
55.989083
91.270512
60.034537
89.854078
50.213450
66.038315
52.250718
38.837593
51.825439
26.996737
92.523356
33.139651
43.044320
77.376793
26.928605
43.395246
52.517170
110.850092
58.363658
28.553789
75.109837
135.409409
40.514001
51.228324
49.015119
54.316241
64.535569
40.437623
52.482062
30.909613
39.117404
35.657104
48.315565
75.567139
67.622098
65.890227
73.434323
38.374620
37.935640
38.595847
31.235028
55.176471
44.042174
43.389358
74.110668
53.305371
52.626388
59.892078
77.447305
46.948734
47.898385
33.308608
59.382648
42.063165
30.401782
21.269366
63.391532
53.385282
54.904249
50.473074
58.146140
40.098019
50.658235
66.225077
40.442414
50.176304
59.276158
74.014140
34.371328
44.884588
60.390262
103.458483
77.455107
33.683350
36.781400
31.854244
46.616112
43.700349
64.160919
71.040538
42.064095
79.327702
50.467400
93.685799
59.522277
46.099086
61.296821
34.565398
58.966650
44.289869
105.740223
65.870422
91.358421
50.689110
57.872664
44.718941
52.271987
66.315302
103.593592
29.526767
53.671579
63.351878
63.060276
68.878659
27.191119
37.782755
33.517726
40.121658
86.455576
64.835981
45.688256
47.648168
37.406750
69.802577
43.225270
51.131849
72.079983
18.759011
54.930541
99.028071
64.059372
44.214184
44.189785
44.620619
53.922493
62.377402
94.911138
35.594411
53.842327
62.774545
84.234413
40.724556
95.679303
39.222493
53.643902
84.935826
43.887251
54.232433
77.719635
65.045949
14.269189
67.675927
40.114197
89.078595
45.749899
53.250926
20.979600
53.498431
29.719050
71.249455
35.785495
57.901021
40.190621
39.442318
54.485362
47.057773
102.751633
59.969028
50.362033
100.927605
53.901488
41.420490
36.057628
42.470878
52.827813
44.540742
42.890149
54.896046
61.273290
77.539782
54.380452
48.809380
51.989252
34.819851
89.364161
63.347626
109.580051
49.219128
75.241390
34.508234
92.254134
68.120771
41.726711
100.035730
43.045019
67.562484
44.895730
37.036108
65.112458
59.359517
47.433023
55.106242
47.921935
42.105169
23.990201
22.532710
42.961004
49.457788
66.402243
47.844177
67.794392
43.215695
77.987113
32.907520
70.397237
38.707269
75.482702
19.675193
64.410054
29.835067
45.751621
71.654482
59.807460
69.426048
34.824473
23.892943
44.194200
36.029448
35.707842
63.520098
47.178951
45.714656
42.737346
127.174678
35.995156
39.035700
39.541769
42.923755
42.642349
87.285736
52.681539
37.798912
64.544168
91.729024
45.185402
62.642542
35.979790
44.685646
41.331236
43.872490
90.783925
28.242611
35.369965
38.696080
74.067803
47.028445
69.207931
63.339420
61.534811
37.651071
37.527623
20.320267
36.353435
69.191753
76.205450
66.814951
53.923907
80.994348
40.315845
31.034320
63.814256
28.633904
60.586286
33.829028
52.523023
65.098682
33.061449
57.606346
56.117372
34.779813
76.494426
30.719493
36.297611
89.397628
36.178825
31.277876
60.478556
57.944454
97.551225
51.906900
48.673219
64.497462
24.403461
45.059324
40.194256
34.538016
60.850415
50.466119
58.795299
54.760151
50.123976
36.715720
78.418792
65.084550
56.556102
59.122523
61.211312
36.796558
62.790965
89.395027
33.298885
55.286656
33.349510
31.024874
63.399280
80.155865
66.687160
111.194238
66.264569
47.692983
107.076116
31.473857
45.945064
46.464428
51.943300
140.726573
71.490198
39.607912
15.778086
62.844110
49.311288
79.633976
49.004580
50.186057
76.200272
44.157426
39.805514
46.255178
39.358631
35.624841
37.116533
49.449917
31.287222
77.928226
31.717268
31.662832
45.415708
19.167241
23.415427
51.058108
51.386731
46.701712
39.775393
62.500123
53.593488
52.426302
43.388397
51.132427
49.851687
71.180583
53.212504
48.962879
86.885545
87.589076
36.958919
27.035702
31.684037
75.562446
40.914247
51.766112
23.084157
39.195639
83.814985
42.983429
27.569282
35.624086
33.513587
51.113831
56.910825
54.785322
41.261464
40.263217
43.475700
24.822104
42.432801
40.850352
55.082658
50.728275
37.748699
36.190413
68.481646
50.801533
39.159143
63.047934
67.842926
72.410687
40.545275
58.055476
42.051879
52.500847
64.639518
40.340541
32.485819
38.666218
84.173752
43.750443
52.451318
22.981025
79.894399
57.538561
69.920957
83.185301
47.434354
38.538773
50.999436
38.088720
92.389106
38.855456
66.486907
78.150187
54.723257
31.486506
100.605939
47.997187
59.507450
55.816523
74.094550
46.219034
93.740669
78.656716
98.034907
59.293685
45.754836
63.003261
36.555827
48.974831
61.988136
43.529540
70.771688
59.537628
69.236562
46.524369
56.923812
48.868024
68.598077
50.200232
60.170315
72.381297
69.282833
50.700923
85.529002
90.698358
51.683876
54.932328
63.157345
67.533234
56.210223
45.874039
56.184611
70.443185
50.266273
61.180437
41.708217
78.700287
37.185552
79.791786
41.864002
64.213258
41.727405
26.138670
34.027492
80.150764
58.877165
53.037426
50.595803
51.886130
69.461880
57.739137
87.153298
104.177066
79.372105
46.739639
75.397362
59.531001
39.785452
57.066936
46.795299
45.777823
47.342266
72.208269
84.317691
19.892621
59.192376
66.188649
66.408101
54.053181
26.291742
69.268247
82.975462
23.046718
85.393985
54.290425
86.976544
70.244233
88.420298
67.585421
54.578569
90.037160
27.699066
74.074112
32.770813
68.643834
42.540651
61.834765
64.062800
53.304699
47.610990
18.437856
61.259492
51.899286
78.067253
56.435785
60.022876
39.833420
36.651395
51.163434
46.308638
31.245372
66.229684
43.510917
31.442857
48.461659
62.874149
96.090333
54.012958
39.441854
74.628777
38.995897
34.390076
62.825002
48.216138
59.723332
40.610762
71.410612
37.026895
28.499924
32.570000
48.004178
51.025257
53.617814
42.460351
35.681744
59.676442
45.990888
63.587734
71.470226
55.874598
57.541844
