dangling strand data
2 216
3 1277
4 764
6 308
7 55
8 30
9 208
10 160
11 2
12 86
13 23
14 16
15 62
16 56
17 1
18 36
19 14
20 6
21 31
22 20
23 2
24 15
25 3
26 2
27 13
28 11
29 1
30 8
31 3
32 4
33 9
34 6
35 1
36 3
37 1
38 2
40 3
42 1
43 1
44 2
45 2
46 1
47 2
52 1
55 1
56 1
57 2
58 1
63 1
64 1
69 2
82 1
89 1
primary loop_size data
secondary loop_size data
tertiary loop_size data
quaternary loop_size data
5 100
6 126
7 61
8 70
9 61
10 45
11 70
12 54
13 47
14 60
15 47
16 43
17 39
18 41
19 47
20 42
21 47
22 59
23 40
24 53
25 64
26 71
27 63
28 82
29 85
30 98
31 87
32 99
33 88
34 109
35 109
36 142
37 135
38 144
39 152
40 184
41 182
42 220
43 199
44 232
45 270
46 311
47 342
48 397
49 459
50 461
