62.679804
40.307057
82.149672
62.923648
100.763801
20.154280
91.926446
40.844249
75.369324
30.285578
45.130023
42.910259
37.491902
50.085078
77.788402
95.476009
98.799262
121.966133
109.231867
54.586078
49.763625
112.809045
37.988488
163.521050
73.785709
90.089195
104.690963
34.602738
148.680059
80.013581
59.583947
122.764312
42.855705
91.661289
56.245892
68.540303
58.510957
42.873349
68.643212
153.672732
96.012233
102.356391
70.939681
83.757018
49.106415
69.366903
102.167250
64.670047
97.720573
135.107406
39.182231
61.188116
54.007487
81.183331
109.801313
55.754126
48.852283
118.990304
46.995717
47.999976
35.606065
43.971235
57.742383
49.823478
127.216941
80.599259
147.768170
71.745085
91.735568
33.937864
72.428929
103.073565
104.937222
48.837594
79.930769
105.051517
88.006034
43.843361
144.255212
35.298141
57.975067
42.728366
64.666053
41.131481
136.468542
49.716866
76.491734
34.638553
58.447638
87.716939
100.889671
62.439376
63.661488
74.073957
60.498857
84.003281
87.952833
101.560234
52.595467
62.550934
70.768859
75.616064
105.419577
149.977305
26.181913
172.724983
102.359540
63.848576
62.941738
84.606975
80.965991
106.064821
96.630222
60.181079
64.159271
36.187449
48.199327
43.041457
75.803557
60.099238
51.741474
35.001743
40.715107
34.076653
119.648000
71.800223
78.374850
40.189228
32.780610
48.809395
80.356526
123.092916
41.325182
75.946426
97.072308
72.731017
46.685809
140.248206
49.192535
71.534665
53.183321
69.047341
65.918827
97.977707
67.706950
81.928161
71.532680
106.598233
48.281070
26.779990
77.133931
75.848407
126.895070
87.787878
64.153015
39.559919
99.203793
79.352123
99.888812
43.749437
123.627654
70.615064
50.448743
100.533194
46.197581
108.869543
75.705691
73.514102
55.355929
62.436731
80.525183
81.764371
107.185752
126.774552
54.429073
95.190407
68.086970
77.405409
54.149158
66.559754
42.052304
38.678484
63.625378
67.535294
62.232614
65.913968
131.376990
45.307947
56.339431
167.475060
61.164338
54.302298
59.683427
146.769338
46.779318
38.306672
35.903093
39.226789
98.895588
46.228042
44.972425
38.662746
51.423125
37.071460
53.881795
87.002800
224.035983
51.373471
44.513898
53.609797
41.900728
48.090301
50.486529
119.284699
101.760814
45.447073
91.209095
73.888022
71.988114
78.829765
64.373260
48.037850
85.127232
94.383304
72.054840
83.599056
77.885823
61.019446
63.942108
117.135612
82.140042
51.040757
68.297801
69.355170
47.102509
68.301915
66.132360
40.790063
37.693957
63.229334
31.051094
52.388285
70.062790
34.798124
60.308635
109.015363
49.300049
36.234434
50.416685
78.512501
59.113193
83.764625
59.738063
38.554277
98.052908
59.479983
37.635603
20.520611
59.929900
54.732133
73.588994
61.489181
49.123377
80.195285
39.582110
66.244823
88.825176
123.379139
50.406349
86.626334
71.725598
60.625714
293.735228
48.205154
46.439375
29.876898
116.400545
72.937110
57.178206
59.886487
46.889065
50.474042
69.845707
100.527320
69.972615
96.822201
63.288855
74.584657
114.431379
42.795267
68.126868
87.835949
84.940118
131.043830
139.902326
76.574120
61.531695
72.857891
23.638347
34.675311
85.958111
42.382746
28.285636
37.563282
48.310920
48.503213
44.071341
80.563679
88.083621
15.421399
62.388522
29.091852
43.329427
74.015137
50.017716
53.086678
47.027686
83.816032
86.977354
162.612169
77.441229
59.006941
62.017636
76.311339
71.222061
75.966186
87.806698
63.778994
51.443617
50.172001
75.949437
86.305088
78.206055
88.650601
96.196023
100.860623
115.857302
52.517577
53.947151
45.442574
93.503630
86.977818
58.079918
32.524753
154.822200
95.358460
89.831494
47.661772
58.089514
112.228348
85.196456
71.150075
35.288931
43.034600
62.877538
188.267863
89.229129
35.468103
74.124350
66.044069
157.539989
46.002496
98.846287
116.461349
72.664308
63.601472
89.974936
32.106228
63.487759
70.929188
101.180271
46.031802
46.359669
84.214075
75.689980
71.005725
90.974834
82.186816
103.154014
141.694804
61.743095
89.950907
138.055649
76.747515
113.480101
98.478630
123.591570
38.945586
95.965154
69.928519
84.117825
35.625141
54.517804
72.873179
96.496392
173.769871
59.989805
56.474956
60.410446
37.816339
121.101178
51.169833
52.651296
68.668452
45.444824
89.371149
70.562500
42.499059
85.949189
79.901756
73.113910
63.604711
74.636749
59.292820
281.164582
32.102987
125.223413
66.907244
66.559487
53.813269
60.913307
174.407951
31.866011
65.704672
80.991983
112.625926
99.974077
85.279465
58.230161
68.041777
77.834582
116.368801
33.257816
80.526824
85.915210
46.248140
42.565687
73.368971
137.151063
70.063721
45.095879
140.675348
65.963090
73.745096
102.388779
37.168096
126.488299
87.974097
59.478834
50.135962
95.587953
88.414040
49.389497
71.063948
100.038524
85.815653
83.701550
156.202209
114.022627
91.483393
104.980168
41.819779
47.981305
69.966933
142.283642
43.159431
106.075500
67.076560
84.463279
80.424015
59.697900
39.534221
37.866291
34.340278
74.024984
63.630719
95.369000
44.109701
89.396873
55.164891
105.416718
54.192962
40.049708
54.761390
59.227772
123.970284
86.599777
61.339675
76.861248
54.046133
115.661403
121.563783
29.765518
88.790013
51.818832
87.515462
93.948702
47.318749
111.563981
82.769856
83.223903
76.385573
59.988901
47.479063
48.757822
43.793090
94.437176
97.080396
47.105088
146.211650
44.212157
53.906195
119.107492
104.605129
125.476721
54.768890
90.825032
59.437073
106.379769
92.355384
85.706232
37.060881
93.378270
95.862090
31.791651
60.018149
38.090122
62.834927
122.512282
71.744105
33.986594
104.863750
16.326243
112.197371
101.060827
80.136916
54.999332
62.177579
89.112772
52.341328
90.934000
68.653986
88.769608
73.334779
58.591868
103.655254
76.451413
92.533273
85.816629
56.869425
35.397892
47.990058
92.701408
70.923458
80.652144
51.144536
135.834283
43.413007
87.996805
62.925928
101.471548
66.495296
115.216506
69.764302
135.973798
48.492357
79.105492
49.082120
60.799759
68.466897
51.010855
93.432251
126.240777
83.290085
98.549308
40.468857
53.656725
50.256024
74.319165
50.794244
80.131042
78.778378
83.910962
59.576691
73.367022
86.794984
91.797427
93.793212
27.770085
46.289601
29.556630
55.436841
70.903195
68.631961
40.218310
126.672956
92.589141
61.376206
114.977767
94.444093
72.780352
74.950671
127.372248
94.284699
66.717168
98.476166
100.453094
57.779937
57.009012
80.967821
102.162918
31.414540
43.964992
101.964990
82.226147
30.398760
66.278623
42.138410
52.567454
153.172506
82.917935
52.514661
88.837858
55.231144
57.784302
62.785244
21.069821
65.677223
53.502422
51.722378
32.958394
86.978907
74.145996
44.311941
42.239108
174.024266
98.827637
71.622628
60.659274
101.701195
76.369373
146.004675
116.469779
74.412839
74.218882
98.094793
48.807254
51.604757
74.524808
103.858073
91.781424
103.052035
59.117732
58.222476
62.089661
67.938588
116.937287
48.437838
70.422444
61.907279
117.732690
80.155344
28.165820
89.982618
58.631520
44.997158
100.551564
60.554185
48.562323
105.387111
61.279740
67.805826
155.680632
95.956030
23.829024
54.198879
68.696945
78.214496
58.840945
41.354336
47.885065
38.727925
83.905890
54.859940
46.428338
62.456973
28.191854
68.949742
119.124453
32.311352
32.391148
32.908184
51.214537
81.861994
62.225783
46.082141
47.368510
69.335588
69.640555
47.748134
69.832551
98.111414
21.512727
69.873515
70.445290
69.755922
40.110628
125.853258
81.495781
107.039657
35.271496
85.363953
59.157301
50.662454
41.682930
29.337786
65.107480
59.938379
44.881745
149.071341
46.360323
36.581383
44.290447
47.444812
54.446117
48.348204
92.375684
87.727619
31.542658
48.797259
132.017235
204.961842
70.320239
46.630763
106.168466
98.891186
74.708253
48.624336
61.551567
28.584433
124.380562
42.767484
62.472383
67.076355
153.433113
114.890631
83.202822
67.563730
124.738503
70.923395
71.248224
75.765540
86.086814
58.066193
88.278663
82.922509
72.137363
111.892866
120.088561
115.147190
35.806917
36.574954
87.651709
27.641085
46.242621
81.557747
65.961431
79.230872
54.825122
63.215070
100.840813
86.845711
31.998102
64.236246
122.090597
67.057775
90.110500
46.295116
102.708735
80.274467
85.147533
27.771323
124.778217
59.693139
30.844326
54.331109
79.770118
46.829856
67.244883
30.939174
32.680497
38.607744
71.825037
75.164698
52.756389
52.057812
34.097004
107.330737
37.544323
142.045551
45.756738
22.014226
49.746206
77.804886
136.550762
41.893343
45.228342
109.929024
85.177403
88.065347
73.159243
52.527572
59.335054
70.653327
91.573997
48.913506
55.851012
89.574721
53.757314
77.877276
62.211236
111.858693
45.607182
78.729530
79.571139
30.028096
95.156750
59.606339
91.694788
45.214397
54.779042
93.810597
55.483722
48.006638
61.532900
39.694000
89.925675
49.241905
79.360049
48.231177
23.643337
38.141891
63.013651
41.143096
42.228916
62.084258
66.980668
74.622379
70.380993
35.471144
50.096253
88.881984
90.470775
94.275240
41.273818
82.661139
91.923177
59.094781
72.643566
119.726257
53.810900
126.617469
76.373533
61.992484
60.951391
110.908569
91.847115
18.794509
53.166244
93.624448
125.338595
155.440034
107.421655
137.264406
49.261716
40.456561
38.563339
91.020167
119.695845
88.059342
46.258566
34.717437
93.975005
49.772469
75.057531
64.008180
40.789772
90.485592
58.670591
31.097392
65.640560
102.665965
57.003576
71.584256
70.190365
33.225791
36.389665
45.967530
68.084251
56.216010
53.377893
63.608171
76.622741
61.371368
34.426755
57.175699
89.983260
95.073273
41.688438
34.297701
80.798494
71.985201
87.579460
43.253783
107.252227
57.047269
66.891759
35.641055
96.399419
36.056586
35.757882
59.680940
46.274057
93.713487
49.462762
47.219736
80.773066
181.672274
71.736876
61.895218
60.038285
68.561181
110.317232
61.150424
41.411746
47.434384
56.645063
50.128992
108.147000
69.323071
40.940009
102.160260
47.307023
111.365442
58.879659
51.951113
74.127392
62.041673
113.374540
64.834378
70.975268
45.344299
86.295693
73.829476
96.828047
48.575373
54.123098
50.152184
147.755034
67.434407
56.493374
