39.637735
37.050654
56.009434
37.733143
74.812401
83.966688
46.345841
46.048118
47.094571
39.604420
89.356088
29.887463
44.374357
32.464306
60.465734
55.308934
47.937748
32.063197
58.022322
31.263577
84.989627
42.658818
33.991335
42.060278
48.862209
47.121188
17.743875
31.693969
45.524575
34.944826
56.214542
89.728300
102.107385
54.308288
57.861747
23.557032
78.224389
22.941436
60.709749
79.715329
39.212018
34.676122
22.206161
45.952312
63.178702
53.944621
56.302884
49.142045
56.103088
22.622064
126.840191
52.761665
59.563487
86.274514
47.571349
46.124419
33.180709
45.493841
52.948093
34.199321
17.398515
40.941944
42.814053
90.715081
71.223628
57.381775
45.325902
45.602653
79.867381
73.220574
73.646299
29.814225
42.299925
59.851196
18.332795
43.404714
36.802124
41.018776
63.043624
34.295990
56.492999
71.078781
73.539462
42.073985
19.069722
98.869428
104.020186
73.633356
64.387703
39.454276
23.894599
56.748622
46.233906
45.529318
45.732465
37.885147
72.434505
24.287119
38.752263
18.487469
68.549617
26.696496
78.623270
70.409189
46.916406
52.489826
62.989884
28.644516
54.084998
46.454681
63.435499
36.667484
37.119110
69.998600
44.420557
50.241323
26.260598
47.214012
40.073890
40.306241
38.224532
48.608587
129.741625
45.170730
62.189345
47.442770
52.455707
28.229001
22.635661
98.454627
130.511455
72.167054
46.982589
49.556950
36.769645
46.865048
50.876991
25.095238
45.141112
39.894306
40.561988
42.510639
43.578808
47.908808
27.799093
36.539870
33.948148
36.914390
133.199204
44.576852
74.829808
32.464941
103.703724
53.046917
39.186804
23.123530
48.014006
45.160715
66.360417
60.240960
70.990373
105.756690
86.395156
28.873479
53.375888
31.055623
52.767452
55.648562
41.549353
46.622462
27.558346
33.671027
31.626832
23.235131
31.505728
47.924484
24.090216
49.043967
73.725107
67.437389
58.776401
75.845493
32.436168
69.048371
58.423564
27.711036
34.571673
38.897222
85.415621
53.511934
87.468529
44.343200
106.724454
56.585251
22.677780
82.880284
26.803472
47.230290
80.640821
57.149848
28.943825
39.344227
76.264495
55.787552
62.698100
75.600751
56.412422
47.393199
48.148263
32.923421
18.122047
30.650219
44.273524
46.885008
54.215620
81.886422
63.882337
38.870961
43.379178
33.023477
49.694727
66.191686
41.532934
36.388562
30.645463
41.965199
34.444738
30.846423
57.342627
64.486177
54.295289
84.719529
34.953082
32.741960
49.323904
42.648073
47.296984
49.264527
15.804009
53.356638
29.275190
44.785646
53.316293
68.801542
49.470474
22.438982
34.609402
58.975201
53.739931
46.696850
53.180283
29.350241
70.684732
54.728169
31.251501
67.470145
36.151304
48.035611
57.682242
47.483452
65.809187
64.310638
35.870708
59.942297
84.994806
59.889737
24.568919
39.620035
39.169460
46.262783
76.038213
68.158380
42.269129
32.857747
55.699983
33.618679
43.674844
59.483923
40.917523
48.894183
50.139007
128.839713
66.776031
38.988182
60.617322
101.431462
68.518012
33.496027
78.006286
45.124742
86.364223
35.081631
39.079911
43.435170
46.274927
72.044621
30.262280
34.191180
50.011159
28.543321
43.688102
80.284378
30.705328
121.614295
49.923997
46.918246
47.071210
40.634047
82.598485
71.707318
49.157008
41.768061
73.792419
31.324681
29.470781
42.240681
38.516673
33.737947
44.997797
46.840727
65.667817
37.477469
71.557171
50.424220
27.253815
27.546987
14.541707
43.970023
47.602148
40.798771
91.908529
72.383037
61.318530
49.310180
83.700251
38.998930
34.263405
36.139130
43.532239
29.028049
47.893165
27.578640
52.995455
30.728779
58.061481
38.681031
39.131121
54.754127
40.346412
30.562126
51.442353
13.369155
61.569169
24.034024
48.219046
32.337858
30.150045
48.017570
60.645417
51.707317
30.150659
25.365023
34.104740
86.130847
35.457804
33.563879
48.746253
98.673689
35.500855
26.717009
73.186601
39.664794
53.175085
48.635939
66.778943
27.033348
84.897379
95.216495
58.016537
48.404567
68.766157
44.606697
70.538237
26.520210
37.183439
38.405959
45.089331
66.534858
46.743290
40.058454
31.877126
30.484950
26.566809
31.062597
66.009154
53.400084
23.719265
34.269081
34.289592
51.195297
55.361826
30.946362
62.789577
46.738815
65.993186
48.135052
39.722255
88.523330
40.969455
34.171676
63.905485
83.394435
58.851738
56.158397
69.532015
89.298566
68.236411
49.158485
50.061894
34.114872
35.347951
93.426522
45.158041
42.870283
80.461047
25.139768
28.937005
77.373447
41.919942
84.358683
41.494731
27.757305
62.709593
45.200597
38.992912
55.297794
108.362211
11.578566
36.430461
105.740343
34.464929
51.570803
35.324351
46.138103
53.200708
58.987589
28.064133
32.313832
98.902399
48.728533
35.244145
23.667590
32.016009
59.435103
51.706912
62.943802
30.273818
28.352912
91.162933
57.095275
34.523346
43.518928
34.325862
56.222265
40.834821
37.148504
15.813023
52.781348
28.550186
46.436483
50.773362
38.234786
81.601602
31.369878
36.225902
36.471140
55.348898
63.910275
77.575279
48.464591
60.736308
53.342299
74.006192
48.980391
20.952487
41.946537
62.191311
81.223940
34.957650
110.166875
88.772987
56.094493
22.235274
64.438563
29.006189
122.827545
47.447758
47.154941
69.289521
73.883088
94.237143
45.877307
113.717136
25.231317
52.933333
72.402556
38.139284
64.758788
30.073686
47.931449
50.110180
44.214887
57.526299
50.599885
65.584075
68.903687
81.583298
28.136142
59.087639
18.685712
24.976569
77.168552
104.383883
31.751683
67.962741
32.729108
25.770622
65.110345
32.571005
43.844129
23.905223
39.861289
30.200523
59.682952
43.694385
38.692385
30.610105
37.604272
59.000428
63.152904
37.599314
44.490342
59.744725
66.742552
49.677888
37.504848
52.843292
52.453557
43.131204
27.746841
43.278989
48.604540
76.953153
37.854576
41.647311
50.718538
62.655498
28.938825
111.895991
45.032114
39.685077
94.426604
58.403827
27.941132
28.221374
33.636333
65.944589
103.398389
52.003341
38.489600
39.577014
43.867863
63.277765
64.934802
27.959783
111.088297
41.871423
20.122928
33.812737
105.202222
39.672987
65.814087
65.030146
56.818557
59.257676
58.549667
37.508550
35.569071
38.606476
54.940615
51.978004
46.200803
50.396477
59.452991
24.806948
58.175360
49.384074
38.600541
41.989737
55.283857
61.431636
32.934006
50.912955
31.082556
46.620603
46.321992
36.075795
36.969564
33.888466
54.372447
13.570350
74.980655
95.498178
97.990203
35.513621
14.692623
62.844987
69.237346
95.064473
29.253566
53.810859
55.284044
40.801854
63.582005
50.503460
36.415600
42.693115
38.165728
57.255027
47.732598
42.420578
95.223243
33.335891
59.367224
29.533824
59.848901
77.340323
37.699821
61.467022
39.614718
54.735933
29.166693
53.164693
53.245101
40.308754
40.973199
72.431945
45.584742
60.776380
44.166166
38.239155
60.827435
31.862670
82.581271
57.714256
48.764695
41.475755
54.295199
25.808218
36.496147
43.017440
41.900725
57.996869
49.359923
71.188058
60.987786
26.293970
25.455207
41.493534
29.969430
57.457362
34.780563
84.062600
35.955537
34.924764
39.515434
35.535795
39.243201
46.031620
49.560841
39.879424
50.629224
61.098725
41.880495
24.708657
31.731590
66.649486
42.201567
41.927265
60.422786
54.489276
38.623954
108.960647
51.903107
89.473328
50.517706
26.658107
91.135349
18.120932
84.069618
58.995027
129.047154
22.914705
47.601938
39.834142
24.584070
42.057552
83.691712
32.489288
24.306399
54.158556
86.242585
59.349976
24.854582
50.877168
83.191381
28.774898
79.333692
64.151638
54.927700
18.505847
28.043164
49.991553
46.118296
37.067594
93.728779
78.261150
86.274903
26.053470
23.535178
41.572498
74.641416
46.618692
44.154911
44.556776
41.047676
39.298101
44.992191
45.020940
62.083780
103.896512
28.582946
46.069073
64.239491
60.911496
24.777237
26.904142
63.146200
42.791234
46.227577
109.381745
56.586364
40.346764
57.203696
50.538106
65.942787
64.636996
35.761517
60.094208
32.640032
60.017739
49.677226
43.786713
35.484372
54.479499
49.602142
47.270831
35.481546
56.936452
91.917367
25.877851
61.555108
31.037650
30.189204
32.149913
52.971766
40.699196
66.608716
80.166048
60.607837
23.823537
42.693359
115.025932
70.874680
56.467551
45.700266
31.283323
64.848484
33.081387
22.812336
75.953520
30.675352
54.742621
115.530215
38.119559
37.440595
41.293464
76.393113
61.839045
28.501616
47.879195
60.735095
38.745354
49.643656
69.112765
78.539364
30.762928
104.457483
76.559270
27.953950
27.641296
62.777951
39.776491
36.184869
51.871616
62.936689
73.635488
90.921329
51.768544
59.589493
34.416772
52.624975
24.508989
31.069589
57.047416
32.234373
33.399513
69.702955
27.170558
57.728118
51.875306
38.184340
37.523005
43.950522
116.322275
42.273089
57.397245
38.219703
43.826801
48.108293
46.951301
66.322828
48.190407
30.003598
29.168299
29.696952
68.790273
25.975492
95.072717
60.709651
52.464716
94.490394
43.598123
36.992096
88.723547
69.674905
39.722571
20.014838
67.830104
41.190211
39.743245
20.604074
40.099958
32.503824
55.110868
67.239947
41.336939
39.235395
78.331059
25.635536
39.904024
20.192374
49.996539
38.089998
54.209180
97.406081
57.911439
115.404082
47.281404
51.447774
50.770498
47.690892
35.680059
67.362014
31.033877
52.826709
89.946576
80.447561
52.670574
21.165612
58.357483
80.407535
34.071675
63.759784
56.655404
39.420218
56.914064
92.909569
148.225634
61.860481
55.643464
49.287532
50.524666
53.284409
49.421206
51.525745
82.675398
50.676184
35.535063
32.296773
33.244354
93.620115
80.855941
30.618454
24.154473
61.084663
37.209110
90.978779
29.923670
65.660241
72.024801
100.942902
40.406954
55.747017
38.169562
59.146544
38.537958
42.059165
46.854886
36.288124
49.638846
67.107780
42.913329
52.023850
34.111431
29.022482
15.287711
50.793664
34.301432
85.021055
64.930234
21.314275
31.333127
56.356089
40.859376
62.374390
36.402364
65.794178
68.957303
42.164552
54.591827
46.690779
44.956378
65.569081
53.477535
157.046495
30.746385
22.628798
45.052222
31.401120
30.966184
28.478536
81.574480
80.339385
63.809822
62.346533
65.717235
68.220038
54.415723
60.352526
40.302734
71.046492
28.217424
37.450963
56.645835
78.558889
37.273119
40.169379
49.630908
25.811454
55.049513
61.669123
107.502802
26.258365
70.414786
51.918244
74.645028
32.760512
47.780395
32.554788
78.890230
43.817083
82.942198
34.010855
40.757563
37.193545
63.300639
54.097736
75.639548
56.010942
23.117870
41.521428
69.809940
55.955413
54.267590
55.209246
59.071993
47.375219
98.974673
51.090781
44.277409
61.160052
54.490823
30.760443
35.982303
38.772016
26.628074
38.463717
61.539237
26.153928
52.586839
47.286345
26.753229
32.548333
53.880428
74.524410
30.500628
34.199846
75.022180
43.051652
53.902181
26.587445
114.135675
113.766423
31.702378
47.576488
65.052612
51.524763
56.559313
50.323701
47.581694
44.085407
30.623580
39.098727
55.316152
56.682557
52.450621
34.453909
34.073012
48.010957
26.079334
30.735709
62.435035
31.904232
48.024843
69.734291
105.579328
27.566927
41.151104
73.831190
48.324712
54.676367
50.408275
95.363740
49.632723
53.120509
64.793963
39.508311
56.352652
25.121892
29.569693
39.783309
35.605741
46.580785
65.605142
41.487404
25.618703
41.105006
38.293661
21.206246
89.398430
21.980806
102.221876
47.840543
48.962959
77.071002
50.382266
20.062027
61.033822
38.935558
75.918887
61.023805
43.459589
103.075420
82.992888
27.590870
45.200142
54.893723
67.950519
72.586096
36.498232
23.343061
58.744815
119.957344
71.048189
41.301983
55.850247
57.839023
38.831919
59.677715
84.983333
41.986657
81.433917
37.972489
121.439551
46.284966
64.489077
51.855700
61.674186
50.835727
47.776849
45.069896
84.847864
38.898157
63.057407
61.467334
63.968072
21.098002
51.806474
91.228774
45.319552
52.863865
27.918580
42.757977
27.298953
43.428815
101.847156
72.382462
44.921740
53.002678
66.309128
23.230571
62.077284
51.165751
18.113698
28.507415
71.837640
55.610421
37.872294
35.806576
39.212067
46.418643
69.975658
53.972272
35.343324
31.339715
38.569388
68.022773
41.338849
88.364280
46.650260
100.360277
32.502822
53.011099
47.664284
52.930064
98.662135
37.763427
28.103545
46.688650
70.086527
56.398705
75.142023
53.196202
43.579037
120.581902
49.503633
37.239383
37.852285
37.158542
48.058038
39.688691
49.724981
38.014149
16.254458
46.958570
32.485757
36.611786
24.015956
43.775922
60.777216
32.555817
84.528270
55.825403
44.754102
62.710454
45.985263
30.080700
18.386789
35.215694
53.729789
51.242687
77.356108
80.286827
38.998923
49.342408
42.692802
43.117255
67.555102
54.610553
45.117974
90.964682
56.674531
88.586705
41.013692
65.056013
52.176589
27.579602
36.919668
57.103304
78.495725
40.513765
35.567181
41.757704
53.561462
40.240945
31.679397
43.990104
48.923491
52.933452
53.383527
47.841262
42.854122
47.258378
29.682035
40.427440
59.871214
78.821886
49.109138
58.942902
31.483603
23.666583
28.540403
26.717093
47.932096
52.040446
72.329196
49.542854
26.435161
86.125060
135.494242
16.669184
39.600438
70.872106
26.980693
29.761205
79.290606
60.071049
44.941336
67.833442
46.726441
36.374131
71.962342
49.282653
68.360165
30.654042
30.164250
91.343117
47.686587
31.637049
34.340918
40.235510
57.429408
32.997452
102.296416
43.448981
19.835340
46.451113
78.788819
49.926010
29.740380
80.008124
39.333579
67.747714
31.798328
74.463615
66.461358
30.191538
67.125976
34.676775
27.804187
62.007037
48.060125
39.996815
45.261116
45.074973
93.694782
21.831699
38.602399
50.921357
33.274282
56.080189
58.668907
59.860087
48.487216
43.034549
40.047068
48.125365
73.098347
100.159315
25.885040
45.274332
17.413554
66.961727
30.724608
44.115718
47.248347
48.518985
63.733762
55.220492
36.382716
36.247687
57.225545
55.003872
75.163538
39.794363
43.072963
38.146379
37.497584
87.171638
28.160371
56.355487
87.345077
43.375267
55.004660
76.487541
37.924621
62.986524
77.202873
75.602495
55.293000
57.809861
46.646625
63.741979
56.476383
42.535781
81.819397
29.488998
67.375423
32.636839
23.652057
34.982906
42.706388
81.857676
36.975697
30.080072
78.641915
42.660991
39.288886
53.077124
90.677124
42.868944
53.520528
89.697175
26.032721
45.516243
68.719409
53.044627
25.772024
55.924891
58.277384
40.208939
