10.126639
9.902272
8.524276
5.346389
7.865712
17.669121
18.683214
11.373853
12.123017
3.540062
5.541255
13.142816
5.774945
13.601750
13.793870
16.804198
11.678192
11.453450
10.678025
9.242337
12.629103
16.259728
2.682334
13.606449
11.132861
14.519738
13.405157
17.819574
8.083998
8.462858
6.333955
13.115142
8.593292
7.694305
8.194350
12.209096
4.081533
5.926199
4.324327
8.793413
10.038646
10.029060
21.756816
12.259112
16.179280
4.597436
6.973285
5.990875
14.261980
19.882415
12.734546
5.365864
4.026930
9.049847
4.784422
9.662863
9.118671
12.354618
19.063657
15.579077
14.093573
13.512734
14.098418
29.464988
21.176469
9.259844
4.152214
12.560348
23.327020
12.676972
8.629018
19.078672
9.601739
13.048636
7.833271
9.510141
18.888316
7.086534
35.072494
4.589908
8.084821
7.577379
14.813201
9.820581
6.195727
9.249733
10.085113
12.560149
11.204277
11.268010
11.779941
13.845204
14.122367
9.395772
4.430977
13.600746
12.461964
18.587593
9.515721
8.904392
11.923127
11.400875
13.553144
10.671153
7.761360
5.217446
3.236925
15.141322
14.755724
30.709463
5.116647
7.061475
7.224819
9.050079
20.872772
8.287305
9.745701
10.283450
11.303301
3.991593
15.329543
8.653736
13.423420
13.446228
5.980037
7.284157
26.795068
15.309578
10.853789
9.736078
27.470898
7.378594
5.153053
6.383479
4.957062
6.495771
8.621236
9.249230
12.596132
6.700906
12.258123
12.096510
16.671829
9.242880
3.871551
13.037531
7.205183
7.983459
4.679193
21.092318
12.549708
11.726739
18.635531
12.314589
11.080439
19.715214
4.049890
8.567303
5.073375
4.808736
13.357493
8.582570
10.650971
7.873761
32.443045
8.729292
12.409277
12.252546
32.845034
9.907643
16.083660
6.483494
8.945413
11.731769
8.047488
23.924729
5.037569
4.472944
19.696403
11.163731
6.771025
20.364587
5.144092
4.764979
10.782958
17.769885
10.502901
13.686559
16.460868
10.666380
19.566274
5.801432
6.028708
8.000494
5.988896
8.496571
10.054860
13.195637
8.240391
12.203181
26.202026
13.454250
9.750937
7.759422
5.760129
16.337506
19.644382
7.889210
13.949995
9.070824
7.886641
4.148200
6.634616
7.427138
12.060862
11.122481
15.344775
7.169962
9.069392
20.173992
11.290460
22.863749
13.158569
7.061224
9.916013
7.435927
16.296981
13.025067
12.976400
15.243086
15.717738
6.332101
5.442325
14.112027
3.081012
17.182245
11.992636
11.122918
8.017563
6.903122
13.051864
13.868911
3.352124
8.435957
18.499592
9.971038
21.698844
9.235294
14.571054
6.874109
6.445863
9.587840
10.153203
6.511096
11.033588
28.338519
10.861180
10.625730
5.923684
4.546896
12.162034
24.674824
6.501440
8.950128
15.466403
9.272297
13.477864
14.628367
12.440850
4.911287
3.830339
12.086329
11.487969
6.000632
9.323799
18.581328
17.393729
4.524851
6.219900
4.397414
4.140861
19.350825
14.963894
4.046234
4.888563
7.578377
16.181502
9.691452
21.963072
10.821766
13.226475
4.118852
11.764027
6.286072
26.137737
8.027547
11.934944
13.344492
15.116873
9.868542
15.011649
18.400660
3.542047
7.360402
5.912337
12.827177
7.388919
8.601909
10.698426
8.261794
15.159076
40.992971
10.983987
24.173983
8.118979
5.756170
8.192739
4.112365
6.599818
13.290871
17.071319
16.745293
8.420065
4.633601
8.718052
14.425528
19.712872
8.885200
4.856572
19.592127
12.731299
13.202608
7.191772
8.031464
13.624502
23.805648
8.338752
11.921450
11.809967
16.947096
15.144597
17.155359
5.373298
11.621008
6.959475
15.843237
7.192235
22.114011
19.485411
10.687145
12.786304
15.823929
10.567581
5.618392
23.349200
22.209439
16.968643
3.985427
10.495965
12.079069
4.695317
4.414718
16.917880
4.232278
6.947815
4.034674
4.630013
14.844582
15.845956
5.429964
10.005311
5.469327
6.133387
11.382318
10.389440
4.493719
8.381033
5.065256
10.323853
26.114784
12.053054
23.651396
7.365803
8.987737
6.596324
4.502984
11.918532
6.124295
16.370556
12.437307
7.225091
12.035782
23.673909
10.413244
12.436896
8.003185
13.019660
3.962692
7.028367
7.846820
17.538407
8.957660
4.821507
12.850711
5.660598
10.621967
9.849630
14.405787
12.619205
14.151531
9.592002
6.254789
3.363841
9.145615
8.436891
9.853445
17.081367
11.535962
9.570902
9.261828
7.418200
5.172066
11.831849
17.688696
42.620401
6.429564
6.401910
8.987943
10.585427
7.776964
17.323837
5.098905
25.343472
10.923789
19.191876
16.547152
9.746953
9.362391
12.735134
9.019318
5.865810
12.575917
5.763383
6.470238
10.972307
18.893664
8.824025
6.909993
15.006915
4.840017
4.903803
21.265570
7.787081
6.940733
9.000724
6.535868
8.650769
5.310290
14.460794
6.408732
18.002799
10.363015
9.675513
6.806614
33.348865
11.999166
11.406484
10.192356
4.189921
16.286713
6.279385
12.698884
6.753279
4.532282
15.601554
23.390886
12.737419
20.123447
5.721112
6.023175
15.553986
8.808163
9.780909
17.217921
14.174541
11.619246
24.157413
7.718537
19.026998
14.936829
23.382548
14.621335
9.822479
15.480504
12.519534
7.815657
9.905244
3.983735
5.582223
12.528059
15.059657
5.847335
4.816354
5.772588
8.117150
25.945985
7.077873
20.159136
22.876764
19.420117
20.866521
8.226287
16.270612
8.308388
5.127906
6.288271
12.151015
22.997927
20.362780
10.893735
5.451325
15.119888
6.004477
5.852508
8.886513
25.718821
4.829617
5.347308
6.136969
5.056575
11.288734
5.157027
9.258141
10.886528
35.950661
25.336011
7.414936
6.587995
7.171016
6.921990
9.682107
6.346625
16.978855
3.384079
11.251828
23.077603
8.713623
16.380366
17.353015
11.332794
10.722876
12.821936
6.950861
8.878108
3.027892
16.835018
6.656466
7.284170
17.583579
15.134504
7.136013
4.096689
20.465757
6.526259
3.930114
10.269826
20.943195
8.730696
7.945400
6.128395
6.364252
10.643478
16.142934
10.395032
10.274174
10.504049
16.299267
9.428529
17.220108
50.037300
11.125136
14.528045
5.594770
14.841417
15.887337
12.268044
20.492051
6.258053
14.147802
13.380139
4.567704
14.019431
9.032305
21.443611
31.109260
12.766791
9.230532
16.101036
16.355244
8.282611
7.631949
17.522476
12.439985
7.630045
7.342314
9.191127
11.971660
14.086416
31.704848
5.206960
11.161677
13.391135
12.777970
14.594719
18.672204
12.411859
9.760376
9.435571
14.783040
19.483695
6.942962
15.129231
8.994679
13.347808
12.517269
14.654318
22.885066
4.071624
6.133393
6.435553
16.070534
16.983224
30.744507
11.616857
17.507229
7.274815
24.890518
5.255009
4.413233
9.691477
11.443013
6.823294
7.928431
13.388743
4.895669
4.549484
11.853595
16.435668
17.323043
16.873396
4.771352
5.100169
7.781433
3.599190
7.470831
16.283487
6.610442
5.308741
5.105806
10.495522
12.488785
7.371447
8.281900
16.233058
10.223835
17.181554
12.566751
16.093302
5.056262
6.392937
6.587949
9.015798
8.492987
15.469031
6.052302
4.654104
4.031537
8.206614
22.175727
18.180880
7.490764
11.007443
17.234079
17.809075
26.136990
8.796505
5.791270
7.423108
7.064525
4.480043
10.911955
14.136867
4.798206
4.478635
9.290751
6.307032
4.627050
4.931671
5.381264
5.188018
25.516022
28.193524
30.660624
30.965163
5.987280
17.970275
10.065410
7.054676
7.284479
13.450849
8.341774
9.830293
12.404556
6.740284
15.827895
12.317277
13.333682
19.872283
34.772458
10.300775
14.907060
10.127991
18.215258
17.599676
11.309219
9.387151
6.143379
3.828130
9.501574
10.754051
6.104891
8.269250
16.128578
4.454570
19.657888
27.528564
4.578691
22.021987
8.357015
11.192040
31.934588
10.811354
10.581511
10.235980
12.497753
11.544227
8.033538
5.338034
12.653929
17.586403
11.325170
8.975599
3.917267
11.234238
12.609238
12.676575
25.458785
12.503493
7.832207
8.502276
7.832624
14.484929
7.416401
10.075696
22.387458
11.800964
16.746742
12.552944
13.561746
3.941379
5.400092
14.073273
10.948459
9.700721
7.028368
17.671022
14.548228
8.340581
8.343179
8.851364
8.908219
5.497688
7.164263
26.906855
9.301069
6.969153
6.376213
6.765646
6.301009
6.071896
5.890774
4.740778
13.892047
14.011029
24.335597
6.503647
12.169936
10.949395
10.035689
6.429738
9.565104
5.855572
5.635731
8.805613
8.297008
4.002425
7.965726
13.206091
10.302583
5.363364
10.552970
14.893601
14.047851
15.769201
16.729256
10.072892
20.547912
9.763182
20.215186
12.206706
9.575361
7.928994
22.063939
21.090336
4.696529
6.643397
16.103783
11.236764
11.214483
15.813649
5.685134
8.692854
8.712532
18.542226
7.927681
16.621317
5.497465
8.149432
16.634503
10.114718
18.606850
6.969221
23.901377
26.883239
15.525713
10.805513
5.538639
10.386909
14.385919
7.454917
9.847256
5.132569
5.222484
6.831790
14.217602
11.110979
13.179969
5.170316
9.003970
13.660041
9.402272
5.349295
8.261884
14.912080
8.604708
10.209855
10.909249
3.368607
3.734444
20.619636
5.910858
4.403969
5.559756
18.732530
5.162666
3.914615
5.882085
6.985995
4.477645
9.397461
23.595661
21.614083
22.094477
10.962796
4.734676
14.671975
8.446914
9.543266
16.358695
12.202760
10.755931
5.467143
4.750995
21.725069
4.528488
29.889967
6.777522
14.293247
10.733543
18.100503
9.544024
8.824463
12.845547
14.704640
6.470919
8.412397
14.937629
3.605774
4.626558
23.979956
19.773884
12.988094
7.014866
7.405116
15.470838
16.249826
17.970040
4.681826
14.951100
2.201405
4.598541
15.277827
13.476204
13.462170
13.457354
8.907312
6.853933
6.766544
5.378824
9.923051
5.518893
3.795236
12.624025
9.678437
22.059178
6.221550
5.604547
8.187169
15.997839
9.300414
15.924536
8.184310
3.751852
8.099278
7.343562
3.079870
4.848629
5.990688
4.416320
8.809009
13.099466
9.843943
16.493180
10.965239
7.263229
10.575275
5.603602
13.618848
6.430381
3.767328
3.943495
3.105799
17.496549
9.644282
11.844196
6.954192
9.271875
4.073319
5.513969
5.936702
18.290591
9.496217
17.860696
14.243936
6.472413
21.300016
7.456682
2.612018
24.314349
15.048141
11.555480
15.848489
17.624909
19.271587
14.279193
10.698467
11.484053
12.067301
6.600356
6.699356
7.520650
8.040953
11.643050
14.060373
8.259776
8.712359
10.978067
15.391908
4.824994
16.072078
5.794353
9.310745
9.099084
17.923140
18.392992
9.100181
4.810568
3.051920
4.534166
9.742629
3.726610
10.200774
7.925682
6.186283
5.267736
11.603395
9.263794
10.990365
11.796229
10.052434
13.035530
15.314375
10.117969
13.210616
42.999086
10.938277
7.926444
7.134810
15.411628
15.074957
16.257962
7.243295
10.007701
16.608179
13.218853
5.234167
12.604218
7.816663
15.860535
13.180309
5.321617
22.221417
15.116768
13.715655
9.823258
26.060981
17.437070
29.153808
12.939377
7.695218
13.142060
16.095733
15.039643
9.154795
10.473639
9.689865
7.762307
5.299503
27.099674
6.540593
11.848446
19.156597
13.343624
23.582896
9.045563
7.926467
6.184212
25.524895
12.523576
13.231595
10.386067
21.782989
10.575421
13.135336
23.138477
6.789371
3.505515
9.264040
5.623778
11.476592
9.557836
7.102264
14.289234
8.061898
6.034932
4.872551
20.187363
10.575534
5.891017
8.468015
5.147871
15.455180
8.920145
5.139467
5.206343
4.365921
7.870822
11.941043
22.641941
6.564149
6.495350
7.251501
4.331033
6.540400
6.320008
11.406279
13.660429
9.207877
10.696248
13.692839
5.303907
5.651731
5.309908
14.316108
5.101048
7.699739
8.455631
7.657863
8.461805
18.346761
27.324845
22.147840
9.255950
10.512108
16.776188
15.634264
21.338659
4.664892
4.111903
11.168446
12.771403
8.054213
9.000766
4.611873
3.067583
22.198327
11.596158
8.091396
6.418908
13.859116
15.937344
13.994646
4.700679
15.689159
9.137325
3.621159
10.303238
5.343009
6.818347
13.934076
10.952691
10.961240
12.818603
25.365613
14.516321
14.305230
11.457634
20.547227
17.685272
12.114905
12.786978
13.208862
11.453679
6.447933
4.299051
5.149485
8.285340
9.290601
20.607754
17.634562
14.316933
4.860794
28.682670
5.237836
5.085991
8.910489
6.646926
7.672970
4.736677
6.458402
15.060064
14.742679
17.734899
12.854194
7.738142
10.836944
9.576044
3.888017
12.277914
14.751661
4.356886
7.112773
6.644706
6.740275
15.381916
15.830052
12.050948
8.112198
3.937066
4.410607
9.229554
13.317752
17.068866
3.804451
2.766484
6.342095
5.135185
15.677920
8.944980
8.934836
9.643568
19.655984
8.418241
21.422965
7.825014
10.290604
11.724413
10.134626
13.323143
16.787220
9.749010
7.166821
5.542712
19.030705
13.192138
10.361877
5.952766
14.852228
7.562014
12.992133
8.445390
7.732145
5.388411
13.574704
16.366603
6.338283
4.896406
5.788069
4.498971
3.263248
15.363908
13.901426
5.018494
5.691726
6.408859
5.012384
21.797946
5.387222
10.855849
10.694077
7.732104
7.291667
10.210311
11.711661
11.311508
3.594291
13.452350
11.461124
7.207743
19.154747
5.787003
4.033809
3.111969
10.613529
12.572119
3.602007
12.984141
6.518501
4.783834
11.673549
12.404807
9.935576
10.313581
13.595420
11.407658
8.192840
6.056100
8.945686
8.602691
6.414120
11.631222
16.210459
13.530263
17.460079
14.206593
21.462927
11.769456
9.052789
13.173919
11.198054
10.561843
8.189369
7.985357
4.620177
12.053112
6.014124
20.278403
6.914905
22.760101
12.364067
15.836587
13.181266
9.123348
16.128855
9.814214
10.725589
18.066740
8.224588
14.798874
12.501673
10.155430
4.913676
6.194185
12.779432
19.655709
18.556510
18.313740
9.557666
13.445723
11.528644
32.065968
8.651785
2.405644
11.731050
23.384200
8.783897
5.649055
4.527319
9.412625
15.575867
9.923599
13.191732
9.370287
18.108547
7.913615
6.403803
4.799086
5.551111
6.443033
17.181683
20.913424
11.620742
8.961990
6.889899
12.380456
13.737198
9.345962
5.356644
13.321230
8.657943
11.888747
12.907920
10.154260
13.565219
5.026491
3.475565
9.226931
9.136007
4.712613
7.169887
7.860740
12.754908
5.944741
8.847402
4.929126
3.491511
13.459137
6.284340
7.024625
37.799478
11.317702
7.557525
10.960214
7.085426
5.283853
4.879634
6.409298
14.483013
15.247088
7.722563
16.967546
16.332573
6.927293
8.842848
9.689815
6.490922
14.033394
41.429322
22.168739
13.080535
8.797257
11.640433
11.845203
4.950193
7.443170
7.189118
8.145718
13.988048
9.878819
14.485580
26.114798
8.930694
34.723450
8.258414
9.907570
8.693275
19.595925
6.167123
2.319422
3.805698
7.812714
5.937448
6.996737
7.012009
13.676760
10.807687
6.710443
6.499228
8.234621
15.505766
6.197593
7.937718
13.839260
11.002628
12.979782
8.075183
5.925144
6.364066
5.892915
13.641050
7.663766
5.004086
17.142833
10.562495
19.990984
7.701984
12.746825
25.932797
13.816880
18.581712
7.905765
4.546538
10.701671
8.728541
15.144860
7.939500
15.823722
4.790419
18.207674
8.185850
9.432902
6.139020
15.781068
8.701992
10.355805
4.512408
14.973214
14.886406
15.695051
9.665183
5.716072
11.253461
5.826764
20.964144
12.404532
13.770526
6.233718
4.481840
17.655764
8.098519
6.644055
14.936338
8.588697
6.363870
4.466455
4.528878
11.765257
6.642923
7.562863
5.207189
9.721279
17.274654
17.585473
10.486563
13.197742
10.378690
6.942158
6.821738
6.861241
11.455765
6.226896
10.568996
10.401986
8.014845
9.560421
4.477136
6.716156
10.067021
8.610211
4.885581
3.515594
22.651685
20.087397
7.005476
10.988341
11.923959
6.382253
5.938822
16.382088
24.079497
10.054951
4.438521
15.938961
19.297317
7.295763
11.872685
11.043597
15.429278
13.317319
14.444913
8.617218
10.337930
8.032340
12.767700
11.415062
7.229994
7.866710
8.246375
9.096127
32.382560
7.295972
5.735687
5.664713
16.669325
7.622926
11.744176
7.953482
11.368523
4.765607
9.178772
9.513596
11.342895
3.497668
4.905446
6.024141
10.372849
9.410103
9.024517
6.354212
13.515306
15.060859
36.656629
11.038001
14.916084
12.916700
8.070605
9.095026
22.429891
11.343039
7.504263
6.875701
22.289864
7.220668
6.871759
17.499117
23.794913
16.591703
15.638630
28.762491
14.824549
8.431140
16.852123
18.043467
18.870383
6.977108
8.699246
11.329546
8.577429
3.509108
10.773720
3.906336
21.435475
18.700938
9.570286
8.545791
8.780774
22.389199
12.355326
7.786498
7.948701
13.582133
14.158350
9.896565
14.112923
19.683831
13.457627
27.912617
11.897126
13.394549
15.107999
15.429004
23.270128
15.794694
13.649493
8.619023
7.984100
8.487455
19.480197
4.035195
8.585976
21.329719
20.226524
12.014510
4.066871
7.749483
10.092865
4.722141
4.799665
20.607339
12.404226
12.379908
10.992736
6.352639
10.674052
14.497414
12.900650
6.436731
5.268022
14.580958
16.949100
22.407499
8.435586
12.268736
21.758956
5.721836
3.047501
2.394379
5.462715
9.978969
16.047742
6.672180
5.711571
11.636283
7.882080
15.249948
20.640088
6.595881
17.317881
11.953738
6.694339
4.785226
7.656605
6.619359
13.542270
6.523762
20.074430
10.840600
9.983859
17.165312
17.188040
10.744695
29.441336
6.859152
8.759472
11.773468
12.901769
6.216504
13.307712
9.816896
7.976226
6.962032
3.425970
5.624011
28.372312
20.187769
19.574392
7.806906
8.245885
6.527088
7.485775
16.316428
8.848313
7.372888
5.062635
9.784725
5.609804
8.304620
19.022047
17.160320
10.980640
5.522684
17.883884
26.619262
14.028687
4.539690
9.772149
10.786935
11.418781
5.628232
2.546444
34.929679
7.582486
10.056132
15.940538
4.352117
11.226097
15.128655
3.607372
5.850215
9.303182
5.410683
10.323268
7.957585
19.410516
5.734545
4.042342
5.929849
8.738997
28.612382
13.040058
7.125368
5.904829
8.444792
9.306439
11.903515
9.163618
20.258233
9.611938
9.751365
13.480321
28.057807
12.109526
16.282261
11.139460
3.577897
4.499101
9.558300
13.535971
2.504826
13.690163
30.085751
10.174165
15.236936
21.622287
18.182607
3.669826
4.998588
6.795289
12.344465
5.681532
13.923291
13.149977
7.934532
5.851686
6.191979
7.028865
5.286525
17.270111
8.948521
8.588807
31.998350
5.690345
10.382333
9.387602
5.052447
10.565814
10.382567
14.055754
6.006761
10.549137
23.664375
14.561404
5.886115
5.790614
8.757102
8.405916
6.567708
19.870070
10.225174
8.012231
10.819076
10.318073
6.533705
16.071746
12.030494
6.965216
6.591282
4.993289
3.479939
11.313770
14.387314
7.664678
12.771957
14.015287
7.833166
13.761667
11.464858
7.933469
10.611690
8.899599
12.522332
23.461955
15.903440
15.116809
14.150052
20.419329
6.409721
5.408573
11.667274
27.811189
14.785362
10.753052
18.545618
29.939897
11.743929
12.796462
16.623452
5.246542
4.775517
7.520959
8.634903
6.044895
8.319886
11.631538
16.853924
8.335372
10.715324
7.579925
15.586215
14.890555
7.071791
4.851452
8.347041
18.168346
8.738754
16.274639
6.633282
14.376119
12.208983
9.693448
13.130910
2.803725
4.412030
7.584833
7.336251
6.237831
6.878183
9.441427
15.781616
32.903649
2.881810
2.570318
11.921876
12.988628
5.072934
12.026287
5.861432
7.168524
9.414555
7.499870
3.577914
3.497679
17.376991
20.368276
8.402414
6.161900
6.105533
4.344772
7.060577
20.889277
13.049967
17.671287
12.474319
8.189267
10.917920
6.440085
12.281302
11.882332
7.116485
11.067150
5.047130
8.590350
7.206546
7.210435
18.056702
10.132596
10.707973
26.518746
5.731199
11.087663
10.387795
9.233306
11.051238
4.502490
5.661963
15.223755
5.663943
16.606022
12.494068
8.927823
5.340494
8.947462
10.498710
18.430157
7.454024
12.829610
5.866435
2.857798
10.063649
11.099279
42.972676
21.589264
8.336710
15.972748
10.333941
7.807215
6.330777
9.454510
7.617828
18.503445
28.109006
17.079463
18.795681
10.451414
14.199599
21.594162
8.983667
11.218453
10.492484
6.053382
11.715397
11.854548
18.305464
10.017587
7.951458
4.805656
8.528612
13.691570
8.198472
10.238890
8.021197
10.281847
7.776440
10.777454
2.513846
8.251151
11.427097
10.039487
9.691849
4.945452
10.123689
14.186171
11.447655
10.371224
17.848069
12.151213
18.321076
4.891827
8.172293
15.320607
8.672982
6.574022
13.460412
13.442747
6.940335
5.709676
6.545325
11.519943
4.334009
8.303333
18.884795
7.608858
7.320765
21.970744
7.479950
7.028834
9.033420
12.354100
7.949607
19.424424
7.202882
8.152114
13.632032
18.575255
10.541546
9.462799
5.637159
18.931674
9.402884
8.187884
5.099371
13.770499
14.545771
4.337691
12.163012
9.171527
8.205629
11.172302
5.278137
15.761927
9.469990
7.794613
10.272953
6.095766
12.513798
9.551111
7.367378
4.118681
17.609151
10.277604
11.654452
9.257822
7.948628
6.345150
18.271544
8.307499
12.808573
15.634939
10.670833
11.813928
21.244415
2.632877
6.409016
10.618668
6.510787
8.745909
16.582300
20.300778
15.345879
10.032380
13.271539
22.634589
14.604587
7.373044
3.633283
15.908786
6.478063
5.154135
10.395865
11.400561
6.376841
8.636144
25.124275
17.982199
27.105464
9.906513
11.143952
11.573795
21.698431
14.421371
13.018494
11.205736
8.644450
6.318939
26.880467
11.556725
8.397564
10.776712
15.930055
7.684120
7.552700
4.735425
7.647519
6.636090
11.520665
4.387735
5.706892
11.512460
9.521030
5.663690
4.260446
12.521646
24.876609
8.709860
3.776499
2.751521
12.938927
17.816037
3.801286
5.966297
5.552745
7.517482
4.533109
5.678532
27.550450
6.277205
12.588617
3.219432
7.402109
5.925245
3.236199
13.912474
8.504384
15.380600
6.301600
14.016734
4.828078
8.097636
9.808189
6.949095
5.231357
8.897725
6.325090
4.800083
23.922397
5.414187
7.083625
15.779813
17.586999
12.094161
16.945741
26.410752
27.836831
5.893205
3.921832
4.514726
5.695177
4.326627
6.468218
7.425627
4.820795
14.513354
6.584716
7.082363
12.170723
9.401886
24.902715
12.056018
11.659872
7.368718
6.305483
5.831751
8.703842
13.188359
14.857719
15.867132
7.424548
6.792144
5.640816
17.989041
5.896734
5.673138
8.758816
12.349597
5.191728
6.961233
13.109371
22.452268
8.020820
19.264679
7.252724
8.274437
16.814196
9.491322
6.126960
5.501798
7.171381
19.565860
16.847645
11.097577
5.967407
7.554963
11.051063
8.605431
10.606491
11.085899
14.483017
6.848197
9.460175
9.986936
9.772552
9.956210
8.337376
12.166229
13.448638
18.094508
10.469501
16.105929
20.357691
35.974471
5.088980
11.521374
4.788088
8.713265
10.028046
13.006429
18.866356
9.832729
7.147942
5.403656
11.631137
9.805822
10.318149
11.261358
13.349079
8.242518
22.351405
6.926223
6.636506
12.599395
17.796383
11.216812
10.428034
11.674316
5.513443
6.036040
4.516392
5.143823
5.949892
12.944324
14.812399
17.232949
11.022780
16.785469
10.913271
11.633693
10.720725
10.002351
9.450063
15.628237
4.852576
8.750336
7.785589
11.983843
6.029914
5.355318
5.647972
10.640333
6.944571
8.645254
8.946358
6.707151
6.317671
5.757598
3.700818
11.783711
10.400657
3.695143
10.702734
7.434373
6.344183
10.296092
10.639664
7.846676
4.385528
6.831697
8.599913
9.535701
8.232699
3.555943
6.207614
7.193786
9.835706
3.945764
5.669224
11.715430
6.695375
19.161614
6.732006
7.290533
6.452267
5.658569
10.335952
16.669404
12.959445
13.947066
20.158449
11.191896
13.725088
9.934510
7.466370
6.749518
8.283416
4.476198
6.484977
16.378178
16.743455
15.280432
14.730440
8.880966
18.795490
7.601337
13.401877
6.025414
7.154861
11.116311
8.470019
12.236180
5.286954
8.321393
18.059919
7.652503
11.407210
14.348349
18.970255
10.748363
27.369792
9.465997
10.324717
9.828711
6.340436
13.792536
17.521942
5.918578
15.329877
19.919459
13.540012
12.731098
8.127344
9.774737
8.494235
7.826907
9.380522
15.798059
11.417001
10.861429
16.394803
12.586257
11.254615
8.161096
29.857089
4.042030
16.986619
12.121282
7.906991
10.211961
11.553053
9.875653
7.367271
6.750588
6.876993
6.332472
8.561231
12.561314
13.387809
9.678595
9.622012
17.699325
16.024389
21.873162
13.327909
2.986629
3.788795
7.496554
10.864526
7.299156
10.659822
13.436217
8.456678
5.657949
25.541699
7.821979
5.501903
19.236619
7.586168
6.671045
5.110160
10.686166
5.324668
24.769232
11.298475
25.151580
11.346970
9.210600
20.520480
9.094962
11.546235
14.359920
3.983993
5.475536
6.194023
6.927196
3.824658
4.653943
6.914258
8.345856
17.369151
3.831487
7.225707
10.824206
10.140303
7.331781
6.708137
15.094396
7.018478
3.702381
10.841714
19.965342
7.807105
7.180993
14.319558
5.586461
3.135173
12.313215
16.367751
19.344697
5.813819
8.580559
16.343693
6.418592
16.649131
12.427996
16.166790
17.776819
13.305674
11.920189
7.126550
7.958386
13.998740
16.906183
9.964847
14.380915
2.761371
7.733905
16.671010
17.792682
13.237611
12.162509
11.374836
6.960272
7.744784
15.716103
4.164387
4.494665
11.432010
9.420020
20.261352
5.573188
4.263508
5.994609
10.653250
6.732590
15.369246
3.748295
6.310534
8.271758
8.828546
13.138015
15.857590
7.578755
16.291001
6.378357
7.913167
16.500956
10.190793
9.949094
22.689946
9.777617
4.348579
10.922986
14.012758
27.805328
10.909526
11.222164
5.857532
6.105890
9.740926
15.482665
10.381676
11.414349
15.118428
7.613237
8.209869
11.237248
11.742367
4.090503
8.765319
9.678183
15.112617
5.814046
3.918960
7.257763
5.256176
6.977141
10.993193
8.732353
10.403588
5.831727
10.610264
10.880100
6.815756
6.929239
12.653911
19.694397
11.731983
14.038786
24.161776
11.151711
9.377184
12.182537
10.461714
24.036649
8.298095
6.571252
4.370901
4.837076
8.746781
6.653561
10.106836
5.014427
5.754533
15.601117
13.634540
6.070349
11.041618
12.408208
27.653365
6.737743
3.841717
13.174182
12.417882
13.259025
13.456631
9.844717
18.217901
5.626169
18.854542
10.176588
7.000592
16.904317
12.864720
8.063447
10.631567
25.934964
17.831892
23.527765
6.837288
6.721342
11.816090
7.743151
5.550317
11.438662
6.016499
4.025639
17.152898
24.193159
8.756570
6.549892
11.264739
22.524679
21.708526
25.199704
5.975289
12.501251
13.522407
6.910901
10.558534
22.837980
10.664322
10.656385
13.485035
13.829821
15.008361
12.148803
10.764593
14.565260
7.626596
6.058767
5.817198
5.371614
14.361438
8.113824
20.227676
16.104510
19.125158
9.466088
9.052872
6.389753
10.032447
12.052044
5.249502
25.133277
9.114728
14.060184
4.171396
8.730319
11.139625
12.003593
11.772258
8.936159
8.956284
9.210087
4.407183
8.151287
8.295033
10.599142
12.861846
11.681367
5.302521
8.261754
6.342857
5.980040
10.171054
10.526255
9.116936
27.008181
16.215572
5.623189
18.722917
16.498288
9.098913
10.409455
10.511776
13.305656
9.277434
11.214956
8.762003
13.142437
15.713404
5.608600
22.681578
7.818634
8.030991
8.387448
11.264945
4.593491
4.911898
18.126010
22.701638
25.263037
11.769462
9.283082
10.023985
3.917881
6.538690
11.451102
8.319494
9.314983
8.095682
10.360435
17.528014
6.757593
4.056681
6.467200
15.182871
14.305873
8.247621
19.462710
5.464330
17.035850
9.411176
9.022830
3.616679
13.004552
20.590588
14.796969
5.868173
8.539382
6.327137
3.157885
6.247659
8.816068
10.631191
14.252993
20.134746
12.987790
5.347537
7.498200
17.920553
14.678711
11.024534
6.163446
4.829521
10.180414
10.089335
11.269484
10.976960
5.370577
9.039230
16.547284
7.945435
20.025361
17.603567
13.582003
9.869133
8.223980
11.444409
16.955368
11.888383
9.653085
16.200741
11.867282
8.512872
5.596120
3.985502
6.508782
9.436624
21.659714
3.881931
14.770966
8.897507
11.370036
6.568270
9.688533
4.783812
16.626469
4.646783
11.182068
11.391135
17.837589
12.274946
9.664993
17.462944
11.377220
9.035758
28.287760
12.518780
18.287700
16.648271
16.000232
11.288986
9.113124
6.362993
4.489266
3.562687
21.842211
10.430594
11.412696
6.167783
4.706797
6.503196
3.977290
6.592540
2.996350
9.832063
15.037011
12.603513
20.327307
8.726612
16.842483
23.169621
7.815891
11.975471
19.658768
4.047384
3.324221
11.649054
11.175331
9.158289
9.320820
14.630855
15.172425
14.467538
13.609052
14.557422
6.288580
5.611261
15.212797
4.564792
6.109239
14.451365
13.803407
16.150330
10.150281
31.394640
10.091547
7.911074
7.404869
8.707179
22.693298
11.370409
21.060873
7.964232
12.362237
13.050765
4.659266
6.193485
7.514308
8.950761
7.149980
9.608224
5.603050
2.953476
3.311752
6.845973
17.376191
10.576575
9.931881
9.658096
5.313766
9.646016
8.786428
25.074989
13.461883
7.703642
6.315144
9.210782
6.693642
9.964108
9.293296
19.639132
9.140938
24.665114
7.924015
11.403284
14.133229
9.346726
4.672426
10.465839
11.187786
24.067007
9.558841
17.001024
8.157824
7.359604
12.370937
12.287498
16.078026
27.908262
7.736232
6.401637
10.520052
10.926328
6.761842
3.129847
8.896552
8.828994
10.393857
13.864126
15.532181
6.509430
12.312701
18.124103
12.830099
7.496036
11.878498
7.593719
17.612487
12.671241
7.812500
14.093927
10.077359
13.908423
7.566492
10.973341
7.839629
5.513872
5.955870
6.582103
3.517096
5.016520
20.682141
10.782562
11.010474
5.382275
8.393785
6.388360
9.220005
10.089793
9.557604
24.320185
7.602512
11.107331
16.589104
7.517297
14.079348
4.099132
4.283089
5.106255
6.115657
11.520979
6.653386
6.907505
8.936985
7.491580
12.144296
6.281544
7.226562
4.486548
3.629876
14.372163
13.988241
11.761398
6.761512
6.145137
9.962932
10.725689
13.819056
13.034493
10.590396
4.916217
9.251096
7.850529
8.569556
10.362627
8.310398
10.537732
23.075984
12.403833
7.579391
9.371931
20.602686
10.471166
6.250519
6.918987
13.831760
10.667106
15.767795
7.380819
13.041409
12.487451
7.620317
8.268832
13.746042
4.711048
6.288356
13.965104
7.975379
5.881416
3.881596
16.749811
8.932624
11.716876
6.770522
19.662734
7.479050
7.436075
7.721528
7.923075
7.805148
9.943294
12.998929
2.819380
7.684567
6.246544
8.507097
15.874933
13.253013
16.698087
12.903092
9.714390
12.761120
11.750318
14.082537
4.540254
4.931927
22.514371
6.063755
4.534855
6.460556
3.551208
7.744229
8.860755
23.308269
14.443514
4.600934
17.372173
12.818612
14.331954
20.774390
15.292351
7.281941
5.784365
9.002732
23.365355
6.274839
24.815074
23.975361
7.216128
10.077415
4.939438
17.426719
13.234950
30.772109
14.675359
8.440425
10.088759
9.178341
14.066183
25.661120
23.945374
9.871772
5.766343
15.362234
7.760586
12.147459
11.304772
12.027769
5.133185
9.827195
11.569035
4.883447
8.101420
9.060401
14.921308
21.145975
8.633570
12.521300
17.519840
15.108358
8.818331
20.477512
12.474928
12.804721
11.328303
9.731179
3.790983
4.810997
12.094118
6.970202
5.867457
10.669113
14.553278
7.972442
8.884508
6.760962
6.535862
7.170901
12.633196
26.905849
6.990360
9.223472
17.062757
15.151460
12.748886
10.631737
19.055766
9.048001
6.404666
13.735126
7.751921
8.269536
8.507926
19.776579
6.162359
13.096702
16.736433
6.794845
10.324820
10.423294
13.371398
8.446010
15.476182
10.260847
5.610871
9.040442
16.588505
6.865517
8.482134
7.870916
4.471616
9.199474
7.305972
5.673981
8.437702
4.879468
5.232582
10.976056
8.970336
16.683871
25.945339
5.148112
6.573064
6.430768
20.687469
6.194751
23.383493
8.630909
7.599732
15.937418
6.236298
9.142911
14.291529
8.457022
8.152913
10.600430
28.002559
8.269281
4.540415
6.798646
5.862781
7.932015
15.510719
9.469177
11.371411
10.337216
9.614435
6.568782
3.684917
6.843408
8.864417
19.865059
12.096872
7.826582
7.186796
21.170909
9.592039
8.051914
6.345465
19.245323
7.030569
10.606668
10.040239
13.205099
7.332551
6.608337
10.348149
28.978000
8.895881
16.521287
7.634858
6.409185
6.220248
8.153925
4.623291
8.644924
9.088139
12.248415
8.583731
5.088171
9.161782
23.127056
7.073377
8.993063
7.057181
10.190636
5.576666
5.399602
11.573801
9.092774
15.535995
6.557478
11.454145
12.596926
4.697222
6.673047
3.937685
8.826724
10.297029
14.525909
7.034830
7.614723
8.641000
7.425276
7.101388
10.297284
15.136959
19.516953
8.298823
3.989928
5.031503
13.566648
10.259882
9.707375
17.830810
11.688809
11.751790
15.131608
10.470438
9.677845
7.110638
12.621106
16.965145
8.132585
8.865201
6.572961
15.702156
11.484792
19.533759
23.132041
12.116425
13.224321
13.367589
6.783749
24.508841
16.933928
16.145691
24.058911
18.340746
5.323105
5.512500
17.768000
11.539312
16.278291
12.129117
10.781170
9.960049
6.856191
7.793992
7.014693
10.986028
9.411386
7.560544
5.684136
49.479330
12.646920
12.596818
19.611586
10.344490
7.600541
7.469221
14.936302
17.148056
15.738834
18.179615
5.870614
8.882545
3.403159
6.147593
27.361436
14.533886
9.939462
5.698581
5.488095
7.784187
16.124480
12.169955
19.199573
18.763782
8.473603
5.872917
6.049047
8.517953
19.405021
19.900949
34.931996
9.827201
7.893972
7.325846
21.092836
10.844490
11.557483
11.083544
7.930030
13.386047
10.315134
13.774325
10.438678
12.767575
4.278193
9.672132
8.475325
14.524926
6.859576
12.082394
10.865256
24.361894
10.608083
9.161045
3.721246
6.209674
7.624508
34.736588
4.641228
9.161579
11.225546
20.877719
12.647602
6.281767
12.494536
10.934579
10.284484
15.337674
12.873392
10.214006
8.823110
14.605864
33.968771
6.213203
9.269659
6.093749
6.290127
10.566541
31.240758
7.167562
5.171663
6.302337
17.950123
9.918278
4.817406
13.644590
21.151334
10.151239
11.222176
6.663755
13.698810
6.840800
18.647820
16.074182
9.620825
12.140686
13.246197
39.172470
16.046771
7.311896
16.571447
9.516463
6.590513
5.592518
17.535927
19.029022
10.210573
7.151016
7.220567
6.936431
3.848840
15.182778
12.832106
14.137547
4.681322
12.556983
16.347494
26.952724
10.212976
8.996758
4.402026
4.230956
7.654683
10.031033
14.965936
16.857892
10.932781
5.981675
14.886644
6.752827
7.708911
12.729638
16.363807
6.706005
7.909390
21.143310
5.730994
15.954807
18.845905
7.875023
7.884710
7.593640
4.121545
8.347544
14.182420
11.862953
12.527930
15.792932
14.439848
5.485860
18.933537
7.581886
7.820886
6.568663
5.632771
6.136991
12.185590
10.394720
6.654099
7.428389
8.107117
17.635317
10.645952
10.057858
13.070055
5.657186
13.453988
15.449707
47.212760
6.098981
9.383935
21.043120
20.624462
15.398099
4.637044
3.515263
3.337021
12.174249
24.449948
9.461128
6.858579
4.685820
49.270132
16.961239
9.841824
16.823373
5.670392
5.544059
14.174605
4.206008
4.348084
11.108307
11.403448
19.191625
4.712443
4.663681
23.175338
6.162168
11.710314
7.276577
9.351733
10.571194
8.719967
13.252073
10.463187
16.097994
5.802250
11.072946
13.808719
14.116545
6.194076
4.996946
8.791314
15.178029
8.146913
9.378492
17.704343
16.730158
8.336670
11.844358
10.559930
9.420514
4.413196
4.937960
16.658679
5.014460
5.805037
6.435877
9.298848
6.087858
18.936817
10.033636
11.057934
13.343147
14.364094
15.145345
17.828855
9.722481
8.989872
13.343192
8.020029
24.358002
20.675482
13.797283
9.360429
3.873431
3.105201
8.772053
8.576292
6.359546
5.351276
4.224556
5.577860
4.402164
4.639778
11.940289
7.076223
14.218532
10.235272
8.198979
12.237742
10.670213
9.245425
4.229903
5.309237
11.087508
8.513780
37.069550
3.507245
11.072810
27.099412
6.297173
20.658389
12.472057
5.875158
9.105676
24.220064
7.358204
13.085967
31.699954
6.590106
4.290336
5.547886
11.905059
3.760385
10.816314
9.033586
10.700744
16.478287
9.395454
6.352504
7.350312
14.184874
6.803636
5.116145
4.808711
4.084518
4.944135
6.570442
5.844575
13.161547
9.724324
9.172796
7.291162
13.037956
8.119079
9.315094
15.137804
20.894190
15.402893
9.920942
7.048948
14.559212
17.544295
5.972320
8.266849
7.150619
20.610141
19.101236
11.112412
7.102534
13.341504
17.950886
13.575183
10.129394
16.697810
13.451080
7.383487
10.433297
6.488558
7.465900
5.149505
9.710866
14.998134
14.923554
7.963919
9.213848
10.612218
22.445972
7.659771
8.420660
8.437875
17.953385
6.254732
9.233054
6.847150
8.050700
27.056400
9.348135
10.471873
7.569246
21.997370
12.311385
7.777992
6.569349
6.464738
5.782338
11.516665
7.903138
7.289142
8.625120
9.574526
15.175249
9.876392
9.295686
9.742509
13.177589
15.401520
10.838742
22.445792
9.260875
12.563028
8.954096
10.218123
15.662954
2.513892
7.360773
18.933725
19.693162
10.484124
19.306326
7.293342
11.387278
12.649227
12.647183
10.607840
4.080380
8.834168
5.127566
4.007187
7.254792
11.708006
4.327740
10.623311
11.597567
25.543420
35.122040
13.819024
4.965034
6.559747
9.961793
13.756864
16.531616
6.401213
6.345610
17.204652
13.571939
7.420380
16.935693
17.693598
10.435174
12.539760
5.818805
8.248037
5.484107
6.942559
5.101201
4.123200
5.136034
7.833978
10.904174
15.339965
18.113367
11.146762
10.404672
10.277184
10.053308
17.129627
10.998748
5.595193
6.391276
17.619620
10.222262
15.440262
12.868070
23.956766
5.008462
11.650069
14.788599
5.719105
4.769810
10.441743
14.682130
6.668228
11.258848
12.530836
16.570507
7.647942
4.756714
15.701162
8.931332
10.916469
10.459439
21.103924
9.256448
3.510118
3.951087
8.572315
8.923663
8.668076
6.960885
4.437865
14.500595
5.359661
8.166140
11.540001
13.918627
17.878075
9.472545
4.279111
3.385765
18.701114
15.707960
7.727136
11.767566
5.738863
16.581880
9.898649
12.057864
10.438082
18.416388
19.598592
6.420386
15.819837
22.493707
9.638823
8.870341
6.324680
18.089038
5.701143
6.630146
10.853483
10.277241
4.352130
5.906423
7.588952
5.617054
5.203161
10.490030
6.540599
9.392881
27.927165
7.840230
19.747560
7.185786
12.299499
3.105656
3.979106
13.633577
31.592197
12.976450
9.178835
13.265435
3.991030
5.377391
13.177328
11.916166
15.648011
9.254467
13.751366
8.419436
9.434084
7.656595
16.173414
21.716320
18.167450
11.664371
5.874331
7.303268
8.239713
5.163011
12.209974
8.638172
4.186183
9.177022
10.800915
7.769291
9.629600
8.983689
7.558766
16.933473
18.526555
11.141127
18.306356
5.644065
7.402277
20.867978
13.703515
19.146083
6.222431
8.372247
13.305012
10.827022
8.678492
11.922230
14.944548
8.495897
13.008406
6.047702
13.027796
7.068796
10.652883
9.249142
6.843423
12.038045
13.963403
6.773501
3.784308
13.014997
14.359681
8.636788
26.691492
9.667179
11.130794
14.722699
6.281261
10.255194
5.270131
13.507751
4.747308
12.441516
11.011608
16.425884
10.869257
33.048889
11.437565
9.621238
9.718904
12.862285
12.064121
7.919728
9.181702
14.647292
8.009802
12.763634
3.889199
10.762004
4.556751
16.553221
11.303904
9.954039
11.890182
10.910395
8.847683
17.653559
10.932114
8.109608
7.338008
7.153852
5.355334
15.262391
10.178548
5.669831
7.408638
5.485260
8.389820
12.116696
10.487040
11.793406
5.279902
7.955798
8.932492
23.908903
14.811690
5.862511
10.291967
12.267441
16.220859
19.179914
28.903566
3.773026
4.665529
26.808652
7.977023
6.223103
6.621623
5.551765
18.067228
13.117618
6.456723
9.643111
9.547350
19.369591
13.811714
5.435762
7.090512
12.435344
14.867405
12.955493
14.707364
2.995430
4.417030
9.582842
19.070008
15.543159
11.340938
18.315165
8.034464
7.752855
6.654308
22.971266
6.594103
18.668648
8.326654
6.909493
6.436013
10.578281
3.366345
7.397309
11.052940
6.454233
9.596248
4.865052
13.688127
9.945613
8.182105
13.420903
8.475369
16.961098
13.767156
9.896208
9.001906
13.038982
14.436178
22.444668
29.747002
20.737427
4.964904
9.367249
6.938221
7.667758
6.276813
13.627774
16.688948
3.525930
17.754579
14.857907
9.977503
27.759668
24.048081
32.575260
12.772226
5.319583
7.601937
21.477997
3.694832
12.442570
20.769081
11.910718
13.896822
10.724497
13.053122
18.896591
7.769291
7.105410
4.561121
10.774322
16.257989
12.567838
15.676949
8.289660
11.782506
8.924748
8.772651
4.187589
5.642644
6.521998
11.617479
11.284032
8.072801
9.150796
7.936865
12.462113
8.927439
5.766475
5.442570
15.089153
10.203635
8.969468
5.935294
12.093848
17.440945
27.283641
19.694192
11.452617
17.654157
6.773075
7.927055
25.107941
5.144804
4.864356
8.470452
8.115883
5.790775
5.664683
3.797196
17.616105
12.028546
18.823487
6.318040
11.323013
14.178151
12.651776
14.373385
16.996241
7.336307
17.504819
5.595860
5.723535
13.560003
9.828368
22.331044
6.186076
6.117461
7.579121
9.496209
8.762129
25.487190
23.349977
5.401123
23.147363
13.001200
14.192075
5.286708
31.862109
7.978079
7.837138
11.023249
13.233360
13.422595
15.850040
7.565338
24.280471
13.015047
10.579324
28.194800
7.201637
4.884128
6.279630
4.915309
11.144949
8.710864
11.151712
6.534814
4.051852
9.622425
18.017443
12.063278
8.899285
13.491558
6.319524
6.634188
8.389356
9.976038
18.352213
24.267241
4.914191
15.356665
5.043493
5.721440
27.795165
16.734593
15.054864
9.717860
16.765068
27.450355
6.859132
9.747430
6.761864
8.177804
16.752571
11.373727
15.693109
8.079775
18.148293
14.686200
10.694644
7.608673
9.128394
11.636236
24.371025
4.440344
15.362106
7.758721
14.432298
25.964164
10.752635
5.083223
24.871953
5.324531
5.577231
5.639992
4.609795
10.158961
8.429587
5.606824
16.062834
13.773166
22.515663
29.934268
14.995783
6.802510
6.560659
6.821903
7.063527
7.849537
5.730506
10.192911
15.459412
21.247696
13.658374
9.318505
6.553144
24.137273
19.001201
9.815416
5.442033
8.213008
5.332599
10.444661
6.049780
11.111306
4.657839
17.506600
12.237037
14.290640
8.324672
3.497860
22.985284
12.318284
9.814138
6.951603
11.693175
7.346816
7.087132
6.400498
13.409680
18.880829
5.798384
5.068954
5.616311
5.248393
5.472620
10.361259
18.239965
7.356479
8.862446
24.037081
5.300749
11.729375
18.713608
19.465564
10.266479
12.420088
9.205935
12.038933
28.555867
6.962282
9.836616
4.191488
4.791214
7.057506
4.518852
5.138625
10.037565
8.777182
11.070079
11.488647
13.060201
3.861904
5.088455
9.477409
8.982009
10.400957
8.949042
14.832880
8.428461
14.300121
8.423747
9.020128
3.882560
4.055830
25.228651
22.803124
23.113698
9.480977
10.693333
7.910156
15.810605
13.218000
7.724179
8.798692
6.272442
24.476133
4.611288
2.520998
18.695869
9.760781
6.885001
8.851699
18.725258
3.463593
5.548900
8.996090
6.103768
12.735768
4.468150
4.765501
5.606980
6.398174
10.076565
10.246680
5.196926
5.560371
12.589596
12.982111
13.116034
15.070960
23.058971
9.826764
8.670228
8.646596
8.293902
13.755220
8.084919
3.243402
4.244640
21.969547
14.411122
3.973613
8.089612
8.230152
5.591917
18.358750
23.329550
28.390494
13.044115
13.114478
6.705037
3.345258
6.617821
9.837426
12.767817
8.868819
12.483023
8.745439
6.338701
34.503549
12.558248
9.446705
15.460091
32.169248
7.388413
3.999597
11.210708
5.558899
12.943101
10.149693
11.614421
11.772323
18.253273
10.775372
5.405007
9.146139
18.404248
6.510298
6.643113
20.936083
7.005830
5.470931
6.615371
16.565157
27.404952
5.027837
5.631498
5.514901
25.437707
7.192818
13.719818
6.023304
19.891114
2.974301
6.775175
5.850903
11.759704
8.720952
10.313599
14.631049
3.767091
11.283791
8.328531
25.730250
9.857865
11.437709
11.465400
12.644460
9.445973
6.847960
25.733470
9.362471
12.755596
8.230489
10.548877
4.446739
5.781375
5.732306
9.329017
17.550759
8.015684
10.103410
18.363840
10.629043
6.616965
9.881811
13.539020
13.931671
9.372282
9.072417
13.178637
21.721043
4.026018
50.479112
10.730025
15.919338
7.105276
17.265961
11.332198
9.411677
10.679340
26.539192
6.530732
13.654869
9.312535
8.386742
5.209851
5.848667
9.175356
10.492966
11.555112
6.665421
25.159729
6.948726
13.173827
22.744897
14.527080
5.264946
11.194292
13.683615
6.821516
3.913564
6.909421
11.887871
19.096422
14.994480
7.160654
11.886376
15.709966
21.980738
16.541158
7.767322
8.672123
12.079368
6.285252
11.349973
5.534289
7.879670
6.983869
8.094585
25.336358
24.691434
11.328417
9.116361
8.229345
8.589574
19.509126
10.180967
7.152220
6.813668
8.769886
15.507368
5.625599
11.141453
6.373240
9.877051
17.361645
5.472857
8.682668
10.321274
6.675000
8.200189
9.591728
10.404603
16.016358
9.315139
13.296428
3.529093
10.241497
20.311914
7.363876
11.879080
8.815640
3.210415
7.239174
13.843849
18.973709
17.400748
10.602595
7.344624
13.400012
7.090090
18.970063
7.336967
12.658251
11.033450
13.555780
16.033868
8.453841
22.091643
15.029385
12.198268
10.574898
14.664748
6.402888
9.876737
16.031035
7.695988
20.143336
4.500906
10.398583
8.188780
9.822633
3.557692
15.771284
14.991342
24.379003
14.880830
4.655686
3.191085
6.220875
9.389485
6.453229
10.102591
14.662776
9.145104
2.939241
9.389768
3.906079
5.956137
5.662485
5.279890
22.030104
6.709712
6.598566
3.574144
8.242223
11.853862
19.231272
4.213870
10.184099
6.822303
5.569693
7.525890
8.697939
4.795587
4.658090
16.445226
11.568745
7.427253
4.966575
19.922291
10.973263
5.249680
9.857524
10.178688
11.150176
11.853441
30.774658
21.254022
15.026835
18.352856
10.518092
12.345811
17.180757
24.984392
9.736214
6.774404
22.754440
6.904063
10.886337
11.152653
4.674523
4.856087
3.549501
3.700143
10.220049
7.358607
12.189836
7.950974
15.390818
9.759283
9.835802
5.606708
4.793987
14.230759
9.233358
13.207635
11.026460
10.587954
4.347427
6.093908
22.326352
4.296649
9.236005
5.877021
6.856297
3.701573
14.737760
14.186447
14.218252
5.349936
4.495807
9.083618
4.948523
4.830609
5.359369
6.846832
12.721836
11.241943
6.985218
14.023552
6.817117
9.124462
6.947706
20.282919
12.439616
5.069859
12.118512
27.470956
6.569326
6.225336
6.601827
14.465225
7.016397
4.905265
7.865114
7.777477
9.382807
8.725168
8.454447
5.995337
14.055664
8.094953
7.414979
15.648364
12.368440
18.662523
8.708928
4.870165
12.844169
13.368040
8.902313
6.479387
8.304234
10.624083
16.239732
8.416993
17.177425
6.806487
10.331301
5.695926
4.554394
7.294721
25.306807
10.649213
6.076377
7.912496
6.441492
16.391231
7.896819
6.864685
5.628817
10.678194
10.316893
12.043350
4.045155
3.511371
4.778241
10.138547
15.311762
7.228882
7.323699
6.630427
19.510681
7.753350
14.427014
10.573850
9.215042
8.239174
6.222819
21.069488
9.313123
14.897903
9.907986
7.049650
10.874237
11.025852
6.654326
8.859511
14.964580
5.669749
11.142244
16.652030
6.143086
15.217629
2.592328
6.211595
14.448145
6.592698
10.821507
7.071815
11.148985
9.999160
19.947606
6.217068
8.466882
12.809739
30.552181
11.373029
6.276319
4.384771
13.371761
18.232221
8.971791
7.381704
31.064594
19.629320
27.828258
8.645622
11.459013
5.260172
7.905302
8.251653
12.170654
16.123903
14.309747
14.699214
11.936599
16.524558
7.594475
8.903996
14.284781
10.307842
6.454522
18.324459
23.011873
6.594904
10.415687
11.060427
31.028775
20.044664
7.856802
9.907996
6.808716
17.108324
9.719693
5.454228
8.309041
12.272776
4.615843
9.465582
32.488244
18.207875
3.444235
20.480711
7.662403
8.579040
4.133804
6.362108
7.014903
18.044706
6.760601
11.826058
11.381916
10.851687
12.373276
23.416884
7.675240
6.730210
12.755154
12.829833
11.498679
16.045549
17.379682
7.178258
6.722271
11.242322
11.327216
13.574451
14.171058
10.775318
13.028070
10.112959
10.328385
8.218801
8.637774
12.194231
8.273851
15.872730
5.699082
10.142575
13.309648
14.657501
8.288166
9.280027
5.553181
4.743255
10.545403
6.128841
17.435128
5.818862
6.810951
13.894091
21.329539
8.873151
7.607311
5.788314
5.318691
8.086330
18.885089
13.827943
20.367191
8.982295
7.391474
3.566908
6.128761
17.726440
8.464398
6.442712
17.292467
7.201742
4.918306
8.353848
11.540210
16.349429
22.490494
23.857456
8.353884
6.673031
3.420049
21.663226
11.860697
7.716411
15.547063
27.558712
18.842207
11.617421
6.686832
10.909424
6.820414
10.703398
12.790816
13.740504
16.767336
3.211977
5.307256
11.494897
12.393401
7.566100
10.267551
3.911799
3.588703
6.079252
16.021446
9.556197
8.533059
11.050641
16.272657
9.177354
14.398341
6.128936
12.370297
11.438356
8.323983
15.023422
15.905285
5.373710
7.746323
9.174812
19.139067
9.816175
24.976137
7.003720
6.224259
10.532918
18.362129
12.912546
9.787669
10.849777
12.889897
5.454582
36.021463
3.895041
7.709023
8.236082
14.412315
21.341976
9.792198
13.754292
18.641912
7.445088
10.479084
11.909470
17.222589
10.376038
17.909513
8.859399
9.524565
21.535459
10.229483
15.174037
11.333659
13.821236
8.769190
5.406124
17.233449
22.030288
8.141660
15.654265
9.118657
9.301128
8.566264
16.614652
10.225868
5.345788
9.529171
3.899587
17.084163
3.715280
8.251146
12.699791
5.001495
10.394644
16.820692
13.802949
6.618624
23.020755
7.847265
7.610351
8.724233
11.258263
2.943662
9.772794
21.888232
8.748489
11.961320
12.853173
11.596821
10.077837
15.183129
6.608255
6.214483
8.382825
5.157401
17.064493
18.302298
5.813743
17.237286
8.622830
11.006310
12.704659
12.089730
10.072336
12.747992
3.837550
10.564613
18.466949
29.399563
6.206196
16.587049
9.542888
11.819583
7.262789
11.447923
6.719431
11.037436
9.399234
7.950192
8.991387
11.500488
8.332582
13.052766
16.485399
12.432878
21.142067
21.249993
2.961317
5.051809
22.085188
3.277584
7.420905
7.489371
6.342431
21.989017
6.141561
8.560441
32.447847
33.509967
6.451182
11.978661
9.338449
15.062650
6.258697
12.040150
15.886213
6.505816
4.863043
13.249279
12.660741
6.389518
9.368060
19.890803
14.084934
6.538050
15.479815
16.280297
14.372977
8.822822
7.939366
8.222561
6.161101
15.030485
8.437186
7.626444
5.683057
5.905218
8.574317
7.821875
6.265758
13.217321
8.736136
5.104875
5.325354
7.264238
9.775426
9.586946
7.453683
4.725604
6.885148
9.481639
18.433800
16.305482
21.977265
8.580515
19.711281
5.796325
3.619011
17.759116
16.170344
11.783604
17.300115
21.324857
14.551524
25.937456
4.656304
5.673607
17.046768
12.875820
7.597937
11.387174
14.692793
17.078608
23.075934
8.635095
10.553316
7.520235
6.382372
4.573011
3.646818
8.451376
13.578798
20.393269
6.196428
4.196987
1.976836
10.908546
3.876981
21.312701
10.010855
7.397041
6.059827
10.726713
17.423944
13.248001
6.796902
4.090002
9.233060
16.290720
23.701191
7.924524
10.512509
6.303227
17.068913
6.947553
11.376305
3.669659
2.614728
12.364564
7.833721
12.485202
11.160104
6.379067
8.266860
6.372977
6.764887
9.584405
7.496252
10.841765
6.864349
7.368782
13.928686
10.461262
6.846990
13.805200
12.661456
12.507682
9.968590
15.564930
6.775877
8.025298
6.429736
13.051287
19.448606
9.782592
6.509475
10.524147
13.411552
9.120226
10.822559
10.368904
8.399805
19.822063
19.456506
11.374399
9.880122
6.501090
14.508542
6.364128
6.448338
13.775413
9.974988
10.732512
6.587612
5.915538
7.227282
12.315170
8.348081
4.983714
9.489260
3.333947
5.163863
4.990832
15.651294
10.303933
12.388791
7.470312
22.318890
11.617008
12.905349
6.734715
14.246897
7.420049
11.671093
7.733448
22.133369
8.745829
15.268924
5.978869
5.420686
4.305265
16.816712
17.749134
9.197063
8.719817
8.663925
17.245787
8.958673
13.167841
6.800463
10.583964
7.222607
10.489112
7.802296
13.827783
7.249519
13.650534
24.170855
8.049030
12.583319
13.371512
18.358409
8.075526
8.686262
7.627745
7.754108
9.448308
15.223745
10.909772
12.505253
6.299628
12.146655
5.713460
6.671363
7.725277
11.162542
13.720084
12.189732
6.908265
12.710864
6.024556
9.379617
6.392468
9.901928
9.544362
7.720243
8.151414
4.261595
8.079175
8.197282
11.866755
5.752474
10.626755
14.169699
7.403024
7.410563
10.022597
11.923096
14.819523
5.673857
5.366841
26.944012
5.195743
16.040535
10.040056
18.467636
9.400847
6.807338
5.876058
4.247361
5.169501
11.941850
7.948566
10.560130
5.671910
14.737953
10.968348
6.625670
20.260843
4.520462
4.396348
11.199036
11.667073
12.399176
16.953451
12.238464
8.142459
19.381215
13.461932
28.581820
9.893306
4.583554
10.849508
5.513927
21.000507
6.554564
16.618043
12.194967
13.760816
5.664192
12.327450
5.409385
11.719641
4.602126
19.833824
10.668814
14.163342
9.524232
6.361762
16.173259
5.909622
18.184126
18.410199
22.662686
5.953168
5.530860
14.615493
5.283750
8.573526
13.331317
7.465227
5.737001
4.745939
6.254364
4.668418
18.817013
9.254235
11.319695
6.789757
5.318226
7.722999
10.664128
47.940997
6.583931
9.537144
4.469183
13.244956
10.545500
5.819437
8.839955
5.788003
9.831005
10.635734
5.243818
16.862676
14.061656
17.444673
18.501142
7.049725
3.408299
3.390245
16.944002
19.337214
5.376216
9.804050
10.416418
19.700747
7.462985
12.773951
13.735645
12.422902
4.517975
8.307740
7.849809
19.543758
17.610051
7.134101
6.310994
17.568370
15.733373
12.631529
12.771312
8.922942
5.866053
6.768749
8.387543
3.421990
3.689900
7.597882
5.934070
5.193339
14.008776
12.628486
11.826161
14.097315
10.418383
12.752924
17.080310
11.694141
12.774619
13.720114
7.203619
9.404181
8.626942
28.747566
2.891683
14.521362
6.443084
9.796618
7.233813
15.926262
8.350739
11.133188
24.118202
6.248509
9.015917
4.373495
3.396003
5.901339
6.509104
15.684218
4.057042
5.283236
11.182665
10.089995
12.124036
8.445389
6.030787
13.557430
10.380929
9.892626
10.186346
5.865420
5.379248
8.669087
6.381404
14.210060
5.982583
16.055458
7.578569
10.921673
6.414529
16.952626
18.249171
7.918309
8.377295
17.299637
4.710179
7.346626
18.062928
6.635296
6.866638
3.486873
21.700913
19.025490
5.639635
6.832888
11.430604
5.577430
10.665587
16.566219
21.619915
4.580547
20.881854
12.048125
15.869359
12.611898
10.293522
6.261101
7.825773
6.528365
13.693581
18.651525
22.098854
23.824929
23.945509
5.745705
14.717193
23.723205
8.985919
4.707815
28.174370
6.488904
10.721928
14.436485
14.182330
17.312082
27.514450
14.216560
10.667191
13.783600
20.831835
10.820658
12.093360
11.814379
7.057648
15.695604
5.841890
7.600806
18.039803
12.323006
19.347124
6.837895
7.797327
8.563773
12.478191
5.968790
10.587943
10.930658
7.921711
13.370685
11.703817
12.640443
20.167568
7.311204
12.358731
10.355898
11.496843
12.081405
9.438748
15.065735
15.540809
9.072264
7.299150
3.903019
6.911265
8.900705
11.371552
11.107940
6.308307
11.091688
4.921181
3.271246
2.614259
3.436444
12.888794
6.965962
9.107374
9.144068
6.510436
9.992789
9.991592
29.561487
9.757637
7.590991
10.301412
4.834429
6.468973
9.632450
6.188522
7.206783
10.771640
8.757129
16.507894
11.845846
12.847895
11.201149
13.116055
6.715207
10.735404
9.320116
8.320000
8.081883
6.824363
16.236894
10.755806
13.334426
6.092728
10.857072
6.192140
5.581932
5.675191
7.978815
16.696658
7.528220
8.900398
11.025713
6.154591
15.828524
19.367043
8.049991
8.036659
5.945657
5.096815
7.644928
11.735200
11.939383
13.037517
28.692148
8.189287
4.335755
21.092974
8.457511
21.204764
5.978203
8.533338
5.658956
5.772269
9.703001
14.519905
22.289012
7.345528
2.657415
3.921532
4.507904
20.591329
9.790723
5.158486
27.658473
9.063517
6.832591
21.605282
5.546986
5.246761
8.786111
17.310302
14.900204
18.875382
6.247553
8.839938
7.543397
18.095114
10.783043
11.902693
5.297696
18.548429
10.733768
6.713224
15.520035
6.705318
6.358974
6.118433
14.496914
9.964762
8.440117
7.840632
5.745361
5.266089
8.772201
8.164672
16.807733
18.668959
14.109636
5.169531
5.385036
5.501657
5.906977
6.656633
4.906744
8.752352
7.943696
7.506724
11.071953
14.740970
6.944794
6.940793
6.966314
8.985182
4.960444
14.316233
9.035333
18.411980
24.656503
10.603686
6.514191
9.887650
17.161897
13.004596
11.631644
8.248942
4.687417
6.613672
22.962493
17.361459
14.191104
19.436480
11.357318
10.739568
4.556667
24.133695
24.697290
5.972699
6.849480
6.507508
6.674459
11.764595
11.853343
20.539309
6.761964
10.435590
7.383053
31.578445
10.178942
26.945362
7.998337
7.374134
20.336737
10.795831
5.844364
6.381750
8.069520
11.017724
5.700764
8.346942
10.914050
22.971373
6.099517
9.801127
13.700942
11.777040
9.092900
7.603068
9.784275
7.233168
9.973483
9.349973
8.402383
8.053106
19.367844
13.979987
5.627094
7.511298
4.438630
13.581048
9.528154
16.578834
4.864630
7.100013
4.261235
17.820104
5.538753
12.486565
6.803469
6.966444
9.212218
10.121491
19.427569
13.571457
15.941889
14.345961
6.610652
18.382047
15.361243
17.687508
10.942094
12.653500
11.535459
9.000762
5.583895
2.955510
2.968120
8.009114
10.734411
6.011544
7.651039
7.609330
13.203512
10.807135
6.340338
10.573103
14.019791
5.815902
5.020069
11.597687
11.123981
17.043813
12.998406
12.340786
17.238745
20.305985
11.469297
20.637480
11.745442
13.238995
15.559670
28.754239
9.843308
19.473287
9.635788
7.039225
12.504650
4.546417
14.790378
12.398547
9.013523
11.394368
10.760743
24.590246
12.362563
18.868790
12.412320
7.712297
13.009068
4.802130
12.345428
10.391664
11.777337
6.789560
17.034040
6.660657
8.500536
16.391945
15.601573
8.733436
24.287361
7.009747
12.051572
22.487162
19.558334
18.450883
11.880718
11.505754
7.861469
11.697635
10.978041
7.281799
12.162104
11.369595
10.253887
5.586997
13.739041
13.957867
14.227440
5.371286
19.362056
10.060386
7.409950
13.666525
21.332510
15.230811
18.015009
19.563951
7.448129
12.142954
14.973886
16.541102
24.248232
9.428485
16.619283
6.536397
10.428826
28.576918
8.335864
23.884100
12.986982
5.812263
8.301053
10.159335
12.820092
14.714744
8.094251
10.476647
17.807009
12.998114
12.148552
10.289966
13.588172
15.099795
4.257828
8.961252
12.173692
10.987186
41.935038
4.563170
22.708196
12.491908
15.604968
8.419486
9.732916
11.975534
11.113544
15.730079
17.982356
21.345496
25.436410
13.148354
15.232441
11.707403
12.797026
13.598526
11.461807
14.896010
9.998245
12.975269
10.080025
5.812730
15.245668
7.672221
12.277256
11.093115
16.114766
9.264743
10.148067
13.383686
15.041368
7.686925
9.382972
12.074897
25.426930
7.670200
10.536692
15.861836
16.708780
7.168465
14.491209
17.282158
9.424379
32.919124
8.938809
25.595403
7.922732
25.478418
16.897365
17.981169
11.088522
18.904905
10.731683
11.902280
22.067817
12.756777
18.402603
23.962461
18.723133
15.814447
12.205713
15.994096
12.458537
8.840368
19.291700
18.497443
15.138418
12.137008
16.147739
7.680158
10.650560
8.940312
17.370467
10.746127
11.870961
11.371247
12.124675
13.701113
6.600978
13.187707
12.246302
13.030125
15.793258
20.070964
8.202636
14.385110
15.001381
10.853177
14.609362
15.911390
10.257912
14.444344
11.785391
11.380427
9.427634
9.241312
17.157367
8.389915
20.169446
11.950134
11.658364
10.732778
9.227690
19.271816
20.611232
20.944074
14.423349
10.224945
16.841990
9.956331
7.456803
12.721953
26.276239
11.544172
13.734709
10.970776
13.002493
16.453190
12.137212
8.793545
12.767999
13.604888
26.934049
12.573632
15.841572
11.613202
12.635211
18.054992
14.518682
10.126635
11.500334
8.440639
13.045309
6.906493
15.752346
15.747974
21.580886
26.921677
11.610934
21.000771
13.431950
16.535748
12.123855
8.864417
13.023703
13.292625
18.466146
24.218944
10.598713
8.137454
13.822878
18.921325
15.280548
18.551382
13.391648
8.893741
7.297620
6.929080
20.973440
10.074757
29.816295
12.579507
14.927180
14.199810
7.749556
22.603349
14.861974
30.106962
13.953400
22.893910
12.068912
17.829046
6.848638
28.920531
8.080761
16.937514
9.064078
10.773607
15.666923
14.732891
14.977815
12.414994
10.260081
15.982904
5.535278
11.013835
14.659182
6.282580
8.942023
13.601523
16.096661
8.779434
8.361750
11.909158
17.146834
8.952339
17.656480
11.436288
16.687165
18.224271
12.404464
11.201194
20.560561
8.728757
8.524574
22.504750
8.310436
8.971895
25.442367
15.598920
14.667484
8.828706
6.263607
17.182539
16.212270
29.491803
8.307940
13.076126
16.085097
24.171653
29.213903
11.223479
14.826158
14.175003
7.202699
13.805675
12.082360
21.287960
17.835940
6.722623
10.231721
5.545061
23.812944
10.780037
8.945408
14.641493
16.419591
15.806468
12.452704
8.553374
15.378495
15.604149
13.776915
21.624316
6.601333
12.711802
10.392321
14.849693
18.359038
7.600309
17.526135
4.956735
23.659360
8.293662
18.169486
26.163299
18.406169
10.968343
8.105502
36.051218
12.019691
9.661633
14.277966
8.487997
8.928147
17.124920
14.599956
12.290188
7.296787
14.345314
13.159395
16.441604
12.447209
12.725160
5.491333
21.190740
7.765590
7.675941
19.530900
13.393489
12.571877
15.800377
16.591907
16.790500
14.498118
20.034928
10.909151
16.157909
13.450301
17.722534
7.816629
10.954697
18.748934
14.168720
14.594800
12.948504
10.411412
24.456172
5.602403
16.783900
17.227741
14.511151
15.129363
20.438054
11.521001
10.328934
18.689345
17.165191
22.014528
9.687090
18.700243
15.606236
12.332987
15.102975
16.602917
9.889256
14.236885
17.198964
23.976182
10.642524
9.350282
16.742503
9.303934
8.963880
13.690167
14.933067
6.393026
11.347584
12.158710
6.347933
16.879971
17.449770
19.029025
12.199166
13.136954
9.559288
11.428973
12.183501
13.671602
18.265736
12.727074
7.556215
12.687442
17.841025
5.332168
20.214629
11.966486
7.082809
9.734734
10.467970
16.594368
19.370173
11.236396
17.676554
21.963208
11.334610
14.292365
19.981901
7.017792
7.296603
20.392997
15.116391
20.573248
11.960136
19.321188
18.110137
18.465538
13.992833
12.453070
19.496950
34.226593
15.536327
18.580196
18.718167
17.259652
9.159003
13.352540
10.746237
15.689195
26.623269
26.238583
12.771334
7.505926
22.680700
15.069974
13.151799
18.191167
11.014569
17.053964
7.772389
14.403143
9.830928
7.807999
9.284857
6.508601
19.953563
8.676721
16.597355
7.376579
15.188142
11.173402
20.017542
13.079745
21.660440
12.668776
9.773581
18.830756
19.452071
20.116983
11.150280
9.776378
9.891190
9.885657
22.745061
21.720682
10.459502
6.744082
11.616799
8.298814
11.781245
12.803857
11.034387
27.899348
15.434522
17.502758
21.105737
10.566459
12.052279
18.762579
8.684976
7.833489
10.433138
15.898562
11.887652
6.887634
13.620158
12.855801
13.781518
8.059258
10.630228
12.253092
18.524323
8.468125
15.655313
12.659407
11.310552
12.449443
7.276488
12.669713
19.124336
20.129235
18.332425
12.182350
17.254403
5.225568
17.957714
7.865561
14.411235
11.366033
12.111060
15.628254
17.285866
7.752909
18.269747
11.182725
13.433966
13.910333
16.269633
13.554202
7.242471
7.893208
6.822745
9.071406
8.826237
13.123449
17.153718
10.169888
9.852135
19.237952
15.457749
6.552423
17.032062
11.126886
23.385149
8.743687
14.286020
17.333768
17.333042
12.721091
17.919641
10.518994
13.170136
25.203120
29.275090
5.448689
11.632297
10.222030
17.538408
18.466098
17.384196
13.236997
7.571706
7.982328
26.670313
10.661819
14.400041
6.114966
16.430564
18.569733
8.098979
17.831801
22.179753
10.655723
15.294322
12.104169
17.629319
17.717700
7.408343
6.499067
11.312859
13.175933
12.335274
10.458229
12.529130
18.777610
15.485144
28.090287
7.574928
15.620600
13.865064
11.289767
23.300125
12.122620
7.045347
13.871647
8.926263
21.434804
14.760779
12.076355
10.576500
18.389053
10.039238
25.449764
11.823248
13.150231
17.108916
5.752810
9.146159
13.087843
9.085106
8.741320
15.549709
5.995056
