0.0019969984392341497 0.06992681095512365
0.002994502644722785 0.10299806157469939
0.003991012825057218 0.12640722932272366
0.00498653095938577 0.14978605978043824
0.005981059020951764 0.16742910674215472
0.00697459897711705 0.17288315689242972
0.007967152789385165 0.1820936088812399
0.008958722413424845 0.19377714763164253
0.009949309799092962 0.2015478121852204
0.010938916890457624 0.20774037558089772
0.011927545625820877 0.2197595194804997
0.012915245659590232 0.22954995268910167
0.013901971149785624 0.24014101721728143
0.01488772401764003 0.2567826416621363
0.015872506178710673 0.2797212881191383
0.01685631954290133 0.2994089141627172
0.01783911829263629 0.32276701476955105
0.018820952095397577 0.34556378970169643
0.01980182284416935 0.3496738030485674
0.02078173242637083 0.3564487292094194
0.021760682723878204 0.3656583444883576
0.02273867561304608 0.37376977334263134
0.023715712964729414 0.3789618063338841
0.02469179664430467 0.38991181724058604
0.02566692851169135 0.3924955534350585
0.026641110421373192 0.39627328535207085
0.027614344222419485 0.40075383742824777
0.028586631758505832 0.41047409171984867
0.02955797486793541 0.4197167690946437
0.03052837538365965 0.43016870249415906
0.03149783513329908 0.4368934714780933
0.0324663559391638 0.43373252135487156
0.033433939618274344 0.42981220162691025
0.03440058798238177 0.42810984907257954
0.035366302837988375 0.4356146285997185
0.036331085986367626 0.4397108398092593
0.037294939223584615 0.4460276389522081
0.03825786434051581 0.4548603550268274
0.039219863122869375 0.4621559955671211
0.04018093735120466 0.4690628978958546
0.04114108880095234 0.4797827405818893
0.04210031924243375 0.4856030510114636
0.04305863044088082 0.4857121900413746
0.04401602415645518 0.48921677506008204
0.044972502144267984 0.48699303054253557
0.045928066154398796 0.4852433667423777
0.04688271793191513 0.4926355193214653
0.04783645921689139 0.49317160947627037
0.048789291744428025 0.500013747917488
0.04974121724467024 0.5045152858746642
0.05069223744282719 0.5056242734859705
0.05164235405919039 0.5075322311158968
0.05259156880915268 0.5116425675110265
0.05353988340322656 0.5118012723979393
0.054487299547062926 0.5140392491433468
0.05543381894146921 0.5215443716413113
0.056379443282428 0.5294024693576802
0.05732417426111495 0.5388233532196619
0.058268013563917254 0.5574570528722536
0.05921096287245138 0.5622086085196836
0.060153023863581415 0.5645908966642359
0.061094198209436526 0.5649716027820979
0.06203448757742921 0.5666697182315609
0.06297389363027264 0.5606775415088064
0.06391241802599856 0.5685622904670147
0.06485006241797475 0.5803149290350499
0.06578682845492256 0.5873030192519286
0.06672271778093408 0.5871239223960539
0.06765777721988903 0.592331414382654
0.06859196318016389 0.5978689079369539
0.06952527729214557 0.6048196325961657
0.07045772118166042 0.6079893093032767
0.07138929646999125 0.6215421738189049
0.07231995958949512 0.6286070760731076
0.07324975737892775 0.6244442418617634
0.07417869144596416 0.6332874595882787
0.07510676339380308 0.6465938227735393
0.07603397482118388 0.6519189258702077
0.07696032732240275 0.6617148395443588
0.07788582248732946 0.6776222844366454
0.07881046190142346 0.668543218327015
0.07973424714575042 0.6653568108301542
0.0806571797969982 0.6700167744420543
0.0815792614274933 0.6691984315214222
0.08250049360521661 0.6714506022393989
0.08342087789381963 0.6823838577802777
0.08434041585264035 0.6882094001470955
0.08525910903671907 0.6909190298610137
0.08617695899681413 0.6923501466041195
0.0870939672794177 0.6871824324527523
0.08801013542677144 0.682153062286843
0.08892546497688195 0.681611808484475
0.0898399574635363 0.6868312271677115
0.09075361441631759 0.6935355178437945
0.09166643736062006 0.7076202720377123
0.09257842781766457 0.7094295157915962
0.09348958730451364 0.7151135186041664
0.09439991733408674 0.7122518336820909
0.0953094194151754 0.7136038106797085
0.09621809505245793 0.7156785153237412
0.09712594574651473 0.7244608128677477
0.09803297299384287 0.7308925513958
0.09893917828687109 0.7345790760411329
0.09984456311397429 0.7362694365291057
0.10074912895948854 0.7327223406007436
0.10165287730372531 0.7363307264294721
0.10255580962298634 0.7397623227285915
0.10345792738957783 0.7506875720928989
0.10435923207182508 0.7564122437424449
0.10525972513408662 0.765778339709497
0.10615940803676867 0.7707958882873879
0.10705828223633918 0.771567508668456
0.10795634918534215 0.7714579185831866
0.10885361033241155 0.7783032342668817
0.10975006712228551 0.7851588798796361
0.11064572099582005 0.7900976159536277
0.1115405733900033 0.7985409922772049
0.11243462573796889 0.7993563789570719
0.11332787946901021 0.8010455660551934
0.11422033600859377 0.797682624374896
0.11511199677837301 0.7938334063277057
0.11600286319620176 0.7965801442732149
0.11689293667614796 0.795246628263728
0.11778221862850691 0.7954184845826449
0.11867071045981488 0.8028570184345161
0.11955841357286226 0.8096166288636156
0.12044537223190702 0.8025764673783606
0.1213315449291878 0.8042965227850158
0.12221693305640413 0.8068426981926314
0.1231015380015624 0.8073971344882096
0.123985361148989 0.8119914502333072
0.12486836101414314 0.823292298776792
0.12575058187712995 0.8279584334355072
0.12663202511124633 0.8382385517795553
0.12751269208616076 0.8388983814508026
0.12839258416792634 0.8431004035643804
0.12927170271899335 0.8405255685390387
0.13015004909822192 0.8398871425548995
0.13102762466089468 0.8266079543071292
0.13190443075872926 0.8230663674533764
0.13278046873989088 0.8243856940824202
0.13365573994900465 0.8310233824996542
0.13453024572716799 0.8358798564970276
0.13540398741196305 0.8424429562971056
0.13627696633746883 0.8498351434744336
0.1371491838342736 0.8502520601117043
0.13802064122948687 0.8509367886912668
0.1388913398467517 0.8518184558879252
0.1397612810062565 0.8543268507449308
0.1406304660247474 0.8540802668378715
0.14149889621553985 0.8534856128910988
0.14236657288853072 0.8515335848420087
0.14323349735021013 0.8517504384608827
0.14409967090367332 0.857614531884539
0.14496509484863215 0.861834571073973
0.14582977048142717 0.8643605754213319
0.14669369909503893 0.8750336198084461
0.14755688197909977 0.8872842823940433
0.14841932041990544 0.8852093684721911
0.14928101570042634 0.888562046042944
0.15014196910031913 0.8977288598747701
0.15100218189593823 0.88533252338468
0.15186165536034696 0.8807331492791196
0.15272039076332905 0.8863849967964395
0.15357838937139967 0.8915753494871406
0.1544356524478169 0.8828147537473303
0.15529218125259264 0.8872237293134111
0.156147977042504 0.887236036381087
0.15700304107110394 0.8817565468675107
0.15785737458873275 0.8786312265104332
0.1587109788425288 0.883191930539232
0.15956385507643944 0.8971877873667004
0.16041600453123192 0.9044647588921855
0.1612674284445042 0.91754888913074
0.16211812805069586 0.9274972346401565
0.16296810458109853 0.9303143524829637
0.163817359263867 0.9216255800558535
0.16466589332402953 0.9227609701938767
0.1655137079834986 0.9185336726398076
0.16636080446108142 0.9171365428231437
0.16720718397249054 0.9205381772505256
0.16805284773035412 0.9289483883304016
0.16889779694422663 0.9245262446406247
0.16974203282059894 0.9334354553353406
0.1705855973353635 0.9266480161570072
0.17142845088216935 0.9216304387979889
0.17227059465843664 0.9150817460152457
0.17311202985856286 0.9246053634865892
0.17395275767393314 0.9183474218978435
0.17479273852047583 0.9222688269918977
0.17563201439032747 0.9399233297831322
0.1764705864658391 0.9398923808234616
0.1773084559263897 0.9426760761244147
0.17814562394839625 0.9500768358782413
0.1789820917053237 0.9492676230194754
0.17981786036769465 0.9365982736159397
0.1806529311030992 0.9430190453781087
0.18148730507620514 0.9382594869887402
0.18232098344876696 0.9301131547903556
0.18315396737963627 0.9292533222222451
0.18398625802477095 0.9327853885845716
0.18481785653724528 0.9390560219608569
0.1856487640672589 0.9460166505550152
0.1864789817621469 0.947552522923582
0.18730851076638905 0.9518608845528552
0.1881373522216193 0.9524667971003219
0.1889655072666353 0.9467774302073951
0.18979297703740777 0.9387365084006345
0.19061976266708958 0.9441856695381059
0.19144586528602558 0.9508540760737048
0.19227128602176136 0.956386608374307
0.19309602599905282 0.9566356490344237
0.1939200863398752 0.9650573278250106
0.19474346816343235 0.9624553156787176
0.19556617258616563 0.9603132134690628
0.19638820072176333 0.9576351911122828
0.1972095536811694 0.9672185253910405
0.19803023257259272 0.9665568719107054
0.19885023850151579 0.9662014424472927
0.199669572570704 0.9679872938688163
0.2004882358802142 0.9573949763898857
0.20130622952740373 0.9461971524802086
0.20212355460693932 0.938332403955586
0.20294021221080571 0.9471932748851437
0.20375620342831446 0.9452958590962521
0.2045715293461128 0.9532484941093566
0.20538619104819203 0.9597578182326478
0.2062001896158965 0.9595204339074151
0.20701352612793192 0.9580083648303586
0.20782620166037416 0.9585646955031912
0.2086382172866777 0.9654082756674424
0.20944957407768416 0.9666129928098516
0.2102602731016307 0.9699009751193711
0.2110703154241586 0.9681912817643052
0.21187970210832152 0.9666761583272616
0.21268843421459388 0.9665072469341424
0.2134965128008793 0.9676009481434283
0.21430393892251898 0.9739524188325044
0.21511071363229967 0.9796181643536171
0.2159168379804621 0.9890920454069994
0.21672231301470923 0.9925164404186668
0.21752713978021435 0.9980993443444913
0.21833135819416846 1.0046555752899469
0.21913493039099632 1.0070628891136681
0.21993785740838073 1.0097531185505115
0.22074014028150724 1.0131908132482863
0.22154178004307185 1.011739821239556
0.22234273884874978 1.0061976814419904
0.22314305663199585 0.9980406246294752
0.22394273441803556 0.9996927464564106
0.22474177322963682 1.00330864211738
0.22554017408711788 1.0047370113559064
0.226337938008355 1.015540918181945
0.22713506600879024 1.026458570509744
0.22793155910143942 1.0213393627103255
0.22872741829689947 1.0199305338273388
0.22952264460335667 1.018478948383078
0.23031723902659365 1.0128868418995571
0.23111120256999762 1.0079443954235798
0.23190453623456764 1.0112052502277218
0.23269724101892222 1.0063083139580504
0.23348931791930697 1.0033689332503226
0.234280767929602 1.0062904011633693
0.23507159204132957 1.0138889021396356
0.23586179124366125 1.0112505645397332
0.2366513665234257 1.0068343674549955
0.23744031886511577 1.0055326992949443
0.2382286492508961 0.9907993243288739
0.23901635866061022 0.9872690445913571
0.2398034480717881 0.9861304020514056
0.24058991845965308 0.9885772465048988
0.24137577079712966 0.9853069296457626
0.24216100605485014 0.9816522034965154
0.2429456252011623 0.9732392572767103
0.24372962920213612 0.9763178194250945
0.2445130190215713 0.9694462409419928
0.24529579562100418 0.965261396835318
0.2460779599597149 0.977312162694072
0.24685951299473424 0.9775418671564086
0.24764045568085105 0.9759984381129014
0.24842078897061873 0.9817656607651216
0.24920051381436276 0.987265127757426
0.24997963116018712 0.9896807684743744
0.2507581419539817 0.9912939151577199
0.2515360471394288 0.9890457863607959
0.25231334765801017 0.9890114025173304
0.2530900444490137 0.9981009768027708
0.25386613844954053 0.9960304677376463
0.2546416305945115 0.9938685259964556
0.25541652181667424 0.9905509301198547
0.2561908130466095 0.9849257785828999
0.2569645052127382 0.9775271998862156
0.25773759924132794 0.9787209586542883
0.25851009605649977 0.9747469919339417
0.25928199658023454 0.9721922348214657
0.26005330173238 0.9692850288885027
0.26082401243065684 0.9624014904316129
0.26159412959066564 0.952164398881002
0.26236365412589313 0.9578452399533087
0.26313258694771885 0.950371445972247
0.26390096611087865 0.9593466490907221
0.26466875534863604 0.9609034312579623
0.2654359555661313 0.9550640491864483
0.26620256766642303 0.9433110319495048
0.2669685925504945 0.9392142791603801
0.2677339939718032 0.930332221114425
0.2684988100011222 0.9250809620751717
0.2692630415332036 0.9282954339185092
0.27002668946074976 0.9249126673407978
0.27078975467441946 0.9271193477253175
0.27155223806283435 0.9261197094864917
0.2723141405125845 0.9288008592817989
0.2730754629082354 0.9290344698962548
0.2738362061323336 0.9347712049409795
0.2745963710654131 0.9333708288160552
0.27535595858600126 0.9340847761822726
0.2761149695706251 0.930397119417256
0.27687340489381695 0.9326556287687521
0.2776312654281214 0.9269862940504051
0.2783885520441001 0.92770096353502
0.2791452656103389 0.9214422820187245
0.279901406993453 0.9195864804609498
0.2806569770580934 0.9177978016458028
0.2814119766669525 0.9162973577791365
0.2821664066807704 0.9181215480596926
0.28292026795834035 0.9176837518597507
0.283673561356515 0.9167270185560501
0.28442628773021184 0.9110931867923135
0.2851784479324194 0.9173921047495444
0.2859300428142029 0.9186610425384019
0.28668107322471004 0.9131692983701257
0.2874315400111766 0.9024959040979236
0.2881814440189325 0.8901389464733108
0.28893078609140715 0.8852771576816998
0.28967956707013554 0.8727124982310019
0.2904277877947635 0.8689510551976873
0.29117544910305365 0.8672134547586353
0.29192255183089083 0.8628286541178188
0.29266909681228787 0.8542911543904689
0.29341508487939105 0.8488691102958792
0.2941605168624858 0.8425960276593024
0.2949053935900021 0.8465131300833729
0.29564971588852 0.845145935291579
0.2963934845827755 0.8410705454744181
0.29713670049566515 0.8444782819711354
0.2978793644482527 0.8448287743447409
0.2986214772597735 0.8378198771294281
0.2993630397476406 0.8343715828198425
0.3001040527274498 0.8281777081879533
0.30084451701298504 0.8264868285540388
0.301584433416224 0.8345845200616101
0.3023238027473434 0.8380549852162865
0.30306262581472393 0.8482863813623176
0.3038009034249561 0.848581406711171
0.30453863638284506 0.8387050598081627
0.30527582549141624 0.8274849657029257
0.30601247155192035 0.8219122868139442
0.3067485753638388 0.8174941615400318
0.30748417328852734 0.8176434397382923
0.30821923053221323 0.8155662425770545
0.30895374788913904 0.8108896051450827
0.30968772615179835 0.8073203366572496
0.31042116611094117 0.7986714272770608
0.3111540329919403 0.7951827568302771
0.3118863631718045 0.7966006972791538
0.31261815743604526 0.7960194442835133
0.31334941656845056 0.798178648164312
0.3140801413510904 0.7978281276710203
0.31481033256432167 0.8008009400344934
0.3155399909867928 0.7980029123383879
0.3162691173954491 0.7859266639352182
0.3169977125655378 0.7807977325911115
0.3177257772706127 0.7844962979731882
0.3184533122825389 0.7860405672721205
0.31918031837149896 0.7845443161468125
0.31990679630599583 0.7905821516295161
0.3206327468528594 0.7895267317585402
0.32135817077725065 0.7803040517539056
0.3220830688426664 0.7680175471665256
0.32280744181094434 0.7639824502150927
0.3235312904422679 0.7627194018035075
0.3242546154951708 0.7585782604111481
0.324977417726542 0.7524927286688696
0.32569969789163034 0.7501077554960528
0.32642145674404943 0.7531516781874341
0.32714269503578225 0.754840473469572
0.3278634135171858 0.7580878356898494
0.32858361293699584 0.7669872897211351
0.3293032940423317 0.7739761341319226
0.3300224575787007 0.7781039907150122
0.33074110429000303 0.7909117083738838
0.3314592349185359 0.7872439058768996
0.33217685020499876 0.7917107566473404
0.33289395088849755 0.7898117888837104
0.3336105377065492 0.7849767787124107
0.3343266113950863 0.7719846814811095
0.33504217268846176 0.763492066808577
0.335757222319453 0.7468042464904509
0.3364717610192668 0.7494641690683208
0.3371857895175434 0.7515061205641915
0.3378993085423616 0.7498641820933081
0.33861231882024234 0.7564623082472561
0.339324821076154 0.7574352882350529
0.3400368160335161 0.7486719488666048
0.34074830441420434 0.7376476275141935
0.34145928693855454 0.7394752010237511
0.3421697643253672 0.735896743767479
0.3428797372919118 0.7371698701931195
0.3435892065539312 0.7363974084720211
0.34429817282564584 0.7363723149542031
0.3450066368197584 0.7276178578576704
0.3457145992474577 0.7311218247547484
0.34642206081842297 0.7321407412258694
0.34712902224082864 0.7226657077480512
0.3478354842213481 0.717439663558416
0.34854144746515786 0.7192066390658642
0.34924694678698176 0.7137551134763126
0.3499519487539715 0.7138397205905884
0.35065645406687285 0.7261046874304968
0.3513604634249516 0.7231076580366673
0.3520639775259978 0.7174095064108235
0.3527669629552905 0.7146711546722438
0.35346945454272494 0.7118129210856311
0.354171452981655 0.7049669561179722
0.3548729589639753 0.7072549475957051
0.35557397318012546 0.7058314190970191
0.3562744963190941 0.6915297215757766
0.35697452906842275 0.6817750595983237
0.35767407211421015 0.6701658836615229
0.35837312614111627 0.6699909959889182
0.3590716918323659 0.6727307000843837
0.3597697698697535 0.684668716443946
0.3604673609336463 0.6842080877734894
0.3611644657029887 0.6816494634733112
0.3618610848553063 0.6783722508212007
0.3625572190667097 0.6779984062929453
0.36325286901189857 0.673619024265686
0.3639480353641653 0.675217264769254
0.36464271879539945 0.6747229226185714
0.36533691997609075 0.667425002801124
0.3660306395753341 0.6613560537968879
0.3667238782608325 0.6556054382166895
0.36741663669890146 0.6490716419269158
0.36810891555447256 0.6495648168931988
0.3688007154910974 0.6567853922860892
0.36949203717095147 0.6571220099878837
0.37018288125483767 0.664795149197708
0.3708732484021906 0.670427096227269
0.3715631392710797 0.6828745237427045
0.37225255451821365 0.6865943666289449
0.3729414947989438 0.6893095182230708
0.37362996076726773 0.6887901226260664
0.3743179530758334 0.6924606926074497
0.37500547237594234 0.6832701730402998
0.37569251931755415 0.6796307881826358
0.37637909454928914 0.6643180181085133
0.37706519871843297 0.6586776134220554
0.37775083247093966 0.6499809727588819
0.37843599645143555 0.6493990840918511
0.3791206913032229 0.6470260438007642
0.3798049176682834 0.6559782808392526
0.3804886761872818 0.6577966111705208
0.3811719674995698 0.6501918892816048
0.3818547922431891 0.64687203377428
0.38253715105487546 0.6438804830721503
0.38321904457006206 0.6442436318562028
0.383900473422883 0.6376866976713331
0.38458143824617713 0.646142275753729
0.38526193967149097 0.6360643008905293
0.38594197832908295 0.6391291485435451
0.3866215548479263 0.6372114284681729
0.38730066985571315 0.6415444360040496
0.3879793239788573 0.6390966153373774
0.38865751784249825 0.6469453104908776
0.389335284842951 0.646583638728177
0.3900125928082114 0.6468266542435543
0.3906894423596461 0.6520698914251278
0.39136583411736087 0.6608376428547823
0.3920417687002042 0.6700492976078598
0.3927172139533239 0.6649705070984627
0.3933922032876688 0.6637438894108593
0.3940667373183054 0.6603200602771179
0.39474081665905664 0.653662903395602
0.39541444192250486 0.6414421766293891
0.39608761371999524 0.6460727482492932
0.39676033266163924 0.6492474263669687
0.3974325993563177 0.6474372777546555
0.39810441441168454 0.6484049069091856
0.3987757784341696 0.6554726417358402
0.39944669202898236 0.6607667354827753
0.4001171558001146 0.6546368339151466
0.4007871703503444 0.6559212501555269
0.40145673628123885 0.6548373736119997
0.4021258541931576 0.6548725271444243
0.4027945246852558 0.6560713304905381
0.40346274835548773 0.6616007075582956
