r g(r)
0.25975000858306885 0.0
0.27924999594688416 0.0
0.29874998331069946 0.0
0.31825000047683716 0.0
0.33775001764297485 0.0
0.3572499752044678 0.0
0.37674999237060547 0.0
0.39625000953674316 0.0
0.41575002670288086 0.0
0.4352499842643738 0.0
0.4547500014305115 0.0
0.47425001859664917 0.0
0.4937499761581421 0.0
0.5132499933242798 0.0
0.5327500104904175 0.0
0.5522500276565552 0.0
0.5717500448226929 0.0
0.5912500023841858 0.0
0.6107499599456787 0.0
0.6302499771118164 0.0
0.6497499942779541 0.0
0.6692500114440918 0.0
0.6887500286102295 0.0
0.7082500457763672 0.0
0.7277500033378601 0.0
0.7472500205039978 0.0
0.7667499780654907 0.0
0.7862499952316284 0.0
0.8057500123977661 0.0
0.8252500295639038 0.0
0.8447500467300415 0.0
0.8642500042915344 0.0025841332972049713
0.8837500214576721 0.06919796019792557
0.903249979019165 0.693183183670044
0.9227499961853027 1.9200447797775269
0.9422500133514404 3.1762478351593018
0.9617500305175781 3.697744131088257
0.9812500476837158 3.0450692176818848
1.000749945640564 1.98126220703125
1.0202499628067017 1.0940501689910889
1.0397499799728394 0.8462916612625122
1.059249997138977 0.7638112306594849
1.0787500143051147 0.6767345666885376
1.0982500314712524 0.7473344802856445
1.1177500486373901 0.670504629611969
1.1372500658035278 0.743221640586853
1.1567500829696655 0.6044183969497681
1.1762499809265137 0.6459308862686157
1.1957499980926514 0.6655312776565552
1.215250015258789 0.631275475025177
1.2347500324249268 0.5823745727539062
1.2542500495910645 0.5460026264190674
1.2737500667572021 0.5389310121536255
1.2932500839233398 0.5597366690635681
1.312749981880188 0.5533077716827393
1.3322499990463257 0.5361421704292297
1.3517500162124634 0.5947307348251343
1.371250033378601 0.55843186378479
1.3907500505447388 0.6157324314117432
1.4102500677108765 0.6871414184570312
1.4297499656677246 0.7081877589225769
1.4492499828338623 0.8464062213897705
1.46875 1.059406042098999
1.4882500171661377 1.3167942762374878
1.5077500343322754 1.5606045722961426
1.527250051498413 1.9066367149353027
1.5467500686645508 2.043623447418213
1.5662500858306885 2.125262498855591
1.5857499837875366 2.097862482070923
1.6052500009536743 1.9415793418884277
1.624750018119812 1.7804639339447021
1.6442500352859497 1.5971182584762573
1.6637500524520874 1.416953206062317
1.683250069618225 1.1976429224014282
1.7027499675750732 1.0758477449417114
1.722249984741211 0.9826316237449646
1.7417500019073486 0.9461212754249573
1.7612500190734863 0.8786213994026184
1.780750036239624 0.899044394493103
1.8002500534057617 0.8862292170524597
1.8197500705718994 0.9192131757736206
1.839250087738037 0.936919629573822
1.8587499856948853 0.9045079946517944
1.878250002861023 0.931786835193634
1.8977500200271606 0.989913284778595
1.9172500371932983 0.9451985955238342
1.936750054359436 1.014256238937378
1.9562500715255737 1.0662620067596436
1.9757499694824219 1.0695582628250122
1.9952499866485596 1.0724992752075195
2.0147500038146973 1.1027355194091797
2.034250020980835 1.1045266389846802
2.0537500381469727 1.1262412071228027
2.0732500553131104 1.0727957487106323
2.092750072479248 1.0374916791915894
2.1122498512268066 1.0275014638900757
2.1317501068115234 1.043192744255066
2.151249885559082 1.0172767639160156
2.170750141143799 1.0097321271896362
2.1902499198913574 1.0191951990127563
2.209750175476074 1.0064263343811035
2.229249954223633 0.9780167937278748
2.2487502098083496 1.031363606452942
2.268249988555908 0.9593135714530945
2.287750244140625 1.00682532787323
2.3072500228881836 1.0138111114501953
2.3267500400543213 1.0115197896957397
2.346250057220459 1.0143988132476807
2.3657498359680176 1.0322375297546387
2.3852500915527344 1.0412102937698364
2.404749870300293 1.0434203147888184
2.4242501258850098 1.0713675022125244
2.4437499046325684 1.0485197305679321
2.463250160217285 1.01735258102417
2.4827499389648438 1.0155264139175415
2.5022501945495605 0.9532068967819214
2.521749973297119 1.0259461402893066
2.541250228881836 0.9866394400596619
2.5607500076293945 0.9657900929450989
2.5802502632141113 0.9741504192352295
2.59975004196167 1.0221465826034546
2.6192498207092285 1.0213252305984497
2.6387500762939453 1.0176457166671753
2.658249855041504 0.9956684112548828
2.6777501106262207 1.0008774995803833
2.6972498893737793 0.9901710748672485
2.716750144958496 0.9919564723968506
2.7362499237060547 0.9845730066299438
2.7557501792907715 0.9905167818069458
2.77524995803833 0.9711285829544067
2.794750213623047 0.9823382496833801
2.8142499923706055 0.9829103350639343
2.8337502479553223 0.9992356896400452
2.853250026702881 0.9801681637763977
2.8727502822875977 0.9933388829231262
2.8922500610351562 1.0067641735076904
2.911749839782715 1.0028799772262573
2.9312500953674316 0.9859853386878967
2.9507498741149902 1.0013726949691772
2.970250129699707 0.9965862035751343
2.9897499084472656 1.008237361907959
3.0092501640319824 0.9930846691131592
3.028749942779541 0.9908599853515625
3.048250198364258 0.9906927347183228
3.0677499771118164 1.0150457620620728
3.087250232696533 1.0288013219833374
3.106750011444092 1.0031263828277588
3.1262502670288086 1.0127673149108887
3.145750045776367 1.0152803659439087
3.165250062942505 0.9943369626998901
3.1847500801086426 1.0088244676589966
3.204249858856201 1.010317087173462
3.223750114440918 1.001278042793274
3.2432498931884766 1.0043331384658813
3.2627501487731934 0.9934493899345398
3.282249927520752 1.0092676877975464
3.3017501831054688 1.0253565311431885
3.3212499618530273 0.9988309144973755
3.340750217437744 1.0044950246810913
3.3602499961853027 1.01356041431427
3.3797502517700195 1.034002423286438
3.399250030517578 1.0170016288757324
3.418750286102295 1.0252387523651123
3.4382500648498535 1.0164436101913452
3.457749843597412 1.026139736175537
3.477250099182129 1.0098785161972046
3.4967498779296875 1.0437928438186646
3.5162501335144043 1.0011816024780273
3.535749912261963 1.0185775756835938
3.5552501678466797 1.0320185422897339
3.5747499465942383 1.0076547861099243
3.594250202178955 1.004370093345642
3.6137499809265137 0.9956268072128296
3.6332502365112305 1.0044169425964355
3.652750015258789 0.9834492206573486
3.672250270843506 0.9982265830039978
3.6917500495910645 1.015322208404541
3.711250066757202 1.003857970237732
3.73075008392334 0.9944842457771301
3.7502498626708984 1.0076383352279663
3.7697501182556152 1.0144898891448975
3.789249897003174 1.0129499435424805
3.8087501525878906 0.990363359451294
3.828249931335449 0.9963671565055847
3.847750186920166 1.0049351453781128
3.8672499656677246 1.00799560546875
3.8867502212524414 0.9844852089881897
3.90625 1.006691336631775
3.925750255584717 1.0071111917495728
3.9452500343322754 1.0213570594787598
3.964750289916992 0.9980749487876892
3.984250068664551 1.0096211433410645
4.003749847412109 1.0177265405654907
4.023250102996826 0.9893038272857666
4.042749881744385 1.006246566772461
4.062250137329102 0.9936521649360657
4.08174991607666 0.9945051670074463
4.101250171661377 1.004468560218811
4.1207499504089355 0.992721438407898
4.140250205993652 0.982365071773529
4.159749984741211 1.003838300704956
4.179250240325928 0.995405375957489
4.198750019073486 1.0186971426010132
4.218250274658203 1.0088409185409546
4.237750053405762 1.0209767818450928
4.2572503089904785 1.0072946548461914
4.276750087738037 0.9977078437805176
4.296250343322754 1.0052838325500488
4.3157501220703125 1.010540246963501
4.335249900817871 0.9752564430236816
4.354750156402588 1.0063556432724
4.374250411987305 0.9834626317024231
4.393750190734863 1.0164738893508911
4.413249969482422 1.0118772983551025
4.4327497482299805 0.9920611381530762
4.452250003814697 0.9944164752960205
4.471750259399414 0.992013156414032
4.491250038146973 1.00908362865448
4.510749816894531 0.9903976321220398
4.530250072479248 0.9990314245223999
4.549750328063965 1.0024006366729736
4.569250106811523 1.0039560794830322
4.588749885559082 1.007250189781189
4.608250141143799 1.006943702697754
4.627750396728516 0.999442458152771
4.647250175476074 1.0141608715057373
4.666749954223633 1.0056707859039307
4.68625020980835 1.0058711767196655
4.705749988555908 0.9852688908576965
4.725250244140625 1.0085065364837646
4.744750022888184 1.0092657804489136
4.764249801635742 1.0144269466400146
4.783750057220459 0.9963255524635315
4.803250312805176 1.0073133707046509
4.822750091552734 1.0118943452835083
4.842249870300293 1.014446496963501
4.86175012588501 1.0007939338684082
4.881250381469727 1.0080153942108154
4.900750160217285 1.0252819061279297
4.920249938964844 1.0128296613693237
4.9397501945495605 1.0226761102676392
4.959249973297119 1.0189666748046875
4.978750228881836 1.0186045169830322
4.9982500076293945 1.0208244323730469
5.017749786376953 0.9899598956108093
5.03725004196167 1.0012695789337158
5.056750297546387 1.0099939107894897
5.076250076293945 1.002874493598938
5.095749855041504 1.0020270347595215
5.115250110626221 1.0078517198562622
5.1347503662109375 1.0130692720413208
5.154250144958496 0.9928075671195984
5.173749923706055 1.0179038047790527
5.1932501792907715 1.0256916284561157
5.212750434875488 1.0046476125717163
5.232250213623047 1.0153114795684814
5.2517499923706055 1.0209602117538452
5.271249771118164 0.9977494478225708
5.290750026702881 1.0006475448608398
5.310250282287598 1.014225721359253
5.329750061035156 1.0078011751174927
5.349249839782715 1.0043553113937378
5.368750095367432 1.0134243965148926
5.388250350952148 1.015336513519287
5.407750129699707 1.009432315826416
5.427249908447266 1.005441665649414
5.446750164031982 1.0069260597229004
5.466250419616699 0.9978626370429993
5.485750198364258 1.0083246231079102
5.505249977111816 1.01957106590271
5.524750232696533 1.0064646005630493
5.544250011444092 1.0052958726882935
5.563750267028809 1.010586142539978
5.583250045776367 1.001957654953003
5.602749824523926 1.0090454816818237
5.622250080108643 1.0049018859863281
5.641750335693359 1.0145429372787476
5.661250114440918 1.005499243736267
5.680749893188477 1.004257321357727
5.700250148773193 1.011330008506775
5.71975040435791 1.0098319053649902
5.739250183105469 0.9995026588439941
5.758749961853027 1.01280677318573
5.778250217437744 1.0062912702560425
5.797749996185303 1.0092337131500244
5.8172502517700195 1.0352065563201904
5.836750030517578 1.0054851770401
5.856249809265137 1.0109840631484985
5.8757500648498535 1.0166643857955933
5.89525032043457 1.0061578750610352
5.914750099182129 1.0117425918579102
5.9342498779296875 1.0074450969696045
5.953750133514404 1.0121020078659058
5.973250389099121 0.9907580018043518
5.99275016784668 0.9964397549629211
6.012249946594238 1.0077894926071167
6.031750202178955 0.9938419461250305
6.051250457763672 0.9974822998046875
6.0707502365112305 1.0052034854888916
6.090250015258789 1.0022574663162231
6.109749794006348 1.0155504941940308
6.1292500495910645 1.0015156269073486
6.148750305175781 0.9994916915893555
6.16825008392334 1.009138584136963
6.187749862670898 1.0116820335388184
6.207250118255615 1.0029557943344116
6.226750373840332 1.0109983682632446
6.246250152587891 1.0050723552703857
6.265749931335449 1.0038038492202759
6.285250186920166 1.0095912218093872
6.304750442504883 1.0102263689041138
6.324250221252441 1.0086115598678589
6.34375 0.9945001006126404
6.363249778747559 1.0052766799926758
6.382750034332275 1.0102492570877075
6.402250289916992 1.0004173517227173
6.421750068664551 0.9964149594306946
6.441249847412109 1.0065325498580933
6.460750102996826 0.9855789542198181
6.480250358581543 1.0012567043304443
6.499750137329102 1.000194787979126
6.51924991607666 1.0077379941940308
6.538750171661377 0.9933196902275085
6.558250427246094 0.9978609085083008
6.577750205993652 1.010491967201233
6.597249984741211 1.0117700099945068
6.616750240325928 1.0130692720413208
6.636250019073486 1.0055073499679565
6.655750274658203 1.009521484375
6.675250053405762 0.9976929426193237
6.69474983215332 1.0085302591323853
6.714250087738037 1.002951979637146
6.733750343322754 1.0106947422027588
6.7532501220703125 1.0101392269134521
6.772749900817871 0.9905643463134766
6.792250156402588 0.9998864531517029
6.811750411987305 1.0177289247512817
6.831250190734863 0.9976489543914795
6.850749969482422 1.0034348964691162
6.870250225067139 0.9977567195892334
6.8897504806518555 1.0012481212615967
6.909250259399414 1.0039132833480835
6.928750038146973 0.9980319738388062
6.948249816894531 0.9998100996017456
6.967750072479248 1.0060136318206787
6.987250328063965 0.9950041174888611
7.006750106811523 0.9910578727722168
7.026249885559082 1.001707673072815
7.045750141143799 1.0059126615524292
7.065250396728516 1.0087320804595947
7.084750175476074 1.0112828016281128
7.104249954223633 0.9994499087333679
7.12375020980835 1.0034654140472412
7.143250465393066 0.9946306347846985
7.162750244140625 0.9926435947418213
7.182250022888184 1.005581259727478
7.201749801635742 1.0019230842590332
7.221250057220459 1.0123194456100464
7.240750312805176 1.0024420022964478
7.260250091552734 1.015228033065796
7.279749870300293 1.013142466545105
7.29925012588501 0.9995680451393127
7.318750381469727 1.0031964778900146
7.338250160217285 1.001914620399475
7.357749938964844 1.013057827949524
7.3772501945495605 1.0023002624511719
7.396750450134277 1.0114881992340088
7.416250228881836 1.014238953590393
7.4357500076293945 1.0010967254638672
7.455250263214111 1.0038442611694336
7.47475004196167 1.004408836364746
7.494250297546387 0.9994752407073975
7.513750076293945 1.0050326585769653
7.533249855041504 1.0015815496444702
7.552750110626221 0.997406005859375
7.5722503662109375 0.9905778169631958
7.591750144958496 1.0042425394058228
7.611249923706055 0.9985535740852356
7.6307501792907715 1.005083441734314
7.650250434875488 1.0103391408920288
7.669750213623047 1.0064549446105957
7.6892499923706055 0.9954948425292969
7.708750247955322 0.9887570738792419
7.728250026702881 1.006858229637146
7.747750282287598 0.9974656701087952
7.767250061035156 1.0034632682800293
7.786749839782715 1.0103187561035156
7.806250095367432 0.998310387134552
7.825750350952148 1.008265495300293
7.845250129699707 0.9950036406517029
7.864749908447266 1.0003037452697754
7.884250164031982 1.0054538249969482
7.903750419616699 0.9925872683525085
7.923250198364258 1.0096827745437622
7.942749977111816 1.0102920532226562
7.962250232696533 0.992139995098114
7.98175048828125 1.0122774839401245
8.001250267028809 0.9964944124221802
8.020750045776367 1.0036591291427612
8.040250778198242 1.0045499801635742
8.059749603271484 1.0037940740585327
8.07925033569336 1.0032635927200317
8.098750114440918 0.9956981539726257
8.118249893188477 1.001855492591858
8.137750625610352 0.9873960018157959
8.157249450683594 1.0041000843048096
8.176750183105469 1.0044106245040894
8.196250915527344 1.0071831941604614
8.215749740600586 1.0033917427062988
8.235250473022461 0.9926145672798157
8.254751205444336 1.006689190864563
8.274250030517578 0.9982553720474243
8.293750762939453 1.0082110166549683
8.313249588012695 0.9897216558456421
8.33275032043457 1.0082257986068726
8.352250099182129 1.0118459463119507
8.371749877929688 1.0053311586380005
8.391250610351562 1.0021625757217407
8.410749435424805 0.9969357848167419
8.43025016784668 0.9932314157485962
8.449750900268555 0.9994629621505737
8.469249725341797 1.0075585842132568
8.488750457763672 1.0047264099121094
8.50825023651123 0.9968398809432983
8.527750015258789 1.002341628074646
8.547250747680664 1.0015270709991455
8.566749572753906 0.9937881827354431
8.586250305175781 0.9996286630630493
8.60575008392334 1.0029109716415405
8.625249862670898 1.0003690719604492
8.644750595092773 0.9953047037124634
8.664249420166016 1.0040252208709717
8.68375015258789 1.0020554065704346
8.703250885009766 0.9942471981048584
8.722749710083008 0.9989238977432251
8.742250442504883 0.9937573671340942
8.761750221252441 0.992619514465332
8.78125 0.9968541860580444
8.800750732421875 1.0002108812332153
8.820249557495117 1.010648488998413
8.839750289916992 0.9955476522445679
8.85925006866455 1.0032384395599365
8.87874984741211 0.9933871626853943
8.898250579833984 1.006667137145996
8.917749404907227 1.0001949071884155
8.937250137329102 0.9996436238288879
8.956750869750977 1.0019831657409668
8.976249694824219 1.0066072940826416
8.995750427246094 1.0025935173034668
9.015250205993652 1.0078586339950562
9.034749984741211 1.0083930492401123
9.054250717163086 1.00049889087677
9.073749542236328 1.0002576112747192
9.093250274658203 1.0087080001831055
9.112751007080078 0.9987897872924805
9.13224983215332 1.0029431581497192
9.151750564575195 1.0021483898162842
9.171249389648438 0.9936178922653198
9.190750122070312 0.992924153804779
9.210250854492188 0.9986352920532227
9.22974967956543 0.9974641799926758
9.249250411987305 0.9996742606163025
9.268750190734863 0.9974819421768188
9.288249969482422 0.997640073299408
9.307750701904297 1.0022374391555786
9.327249526977539 0.9953144788742065
9.346750259399414 0.992874264717102
9.366250991821289 0.9965234994888306
9.385749816894531 0.995428204536438
9.405250549316406 1.00390625
9.424749374389648 0.9968019127845764
9.444250106811523 1.0096919536590576
9.463750839233398 1.000230312347412
9.48324966430664 1.0005769729614258
9.502750396728516 1.0018481016159058
9.522250175476074 1.0014774799346924
9.541749954223633 1.0000349283218384
9.561250686645508 1.012143850326538
9.58074951171875 1.0121785402297974
9.600250244140625 0.9997277855873108
9.6197509765625 1.0064053535461426
9.639249801635742 1.0038535594940186
9.658750534057617 0.9951253533363342
9.67824935913086 1.0019214153289795
9.697750091552734 0.9953076839447021
9.71725082397461 1.005885362625122
9.736749649047852 1.0047767162322998
9.756250381469727 0.9995822906494141
9.775750160217285 1.0068745613098145
9.795249938964844 1.0073479413986206
9.814750671386719 0.9985547661781311
9.834249496459961 0.9928156733512878
9.853750228881836 1.008865475654602
9.873250961303711 0.9926366209983826
9.892749786376953 1.0121837854385376
9.912250518798828 1.0124986171722412
9.931750297546387 1.0035417079925537
9.951250076293945 0.9977413415908813
9.97075080871582 1.0013408660888672
9.990249633789062 1.0049394369125366
