frame conversion largest_molecule average_molecule
0 0.0000000000000000 13.0000000000000000 3.5948464281605892
1 0.0086276314275854 17.0000000000000000 3.6261313529821306
2 0.0137466927412861 17.0000000000000000 3.6449524698197937
3 0.0185781663407339 17.0000000000000000 3.6628963253824063
4 0.0248475785114460 21.0000000000000000 3.6864456765365103
5 0.0288738065109858 21.0000000000000000 3.7017294479981047
6 0.0330150695962268 21.0000000000000000 3.7175826790387818
7 0.0377890256528241 26.0000000000000000 3.7360272580548748
8 0.0419878062809157 26.0000000000000000 3.7524015369836694
9 0.0463016219947084 26.0000000000000000 3.7693745853687957
10 0.0500977798228460 26.0000000000000000 3.7844383893430216
11 0.0537789025652824 26.0000000000000000 3.7991611452191356
12 0.0584953410790291 26.0000000000000000 3.8181929256521472
13 0.0625790866214195 26.0000000000000000 3.8348263590624616
14 0.0667778672495111 26.0000000000000000 3.8520801232665640
15 0.0704589899919475 26.0000000000000000 3.8673349421446694
16 0.0740250776486829 44.0000000000000000 3.8822287098577553
17 0.0790291038766824 44.0000000000000000 3.9033225081189107
18 0.0828252617048200 44.0000000000000000 3.9194782390568168
19 0.0863913493615553 44.0000000000000000 3.9347771342231175
20 0.0902450247325434 50.0000000000000000 3.9514446481633687
21 0.0945013229034856 50.0000000000000000 3.9700184208854727
22 0.0983549982744737 50.0000000000000000 3.9869864761418730
23 0.1020936385597607 50.0000000000000000 4.0035872141438729
24 0.1055446911307949 50.0000000000000000 4.0190341457141017
25 0.1091107787875302 50.0000000000000000 4.0351216992704497
26 0.1122742436443115 50.0000000000000000 4.0495011014642994
27 0.1161279190152997 50.0000000000000000 4.0671568946443681
28 0.1192913838720810 50.0000000000000000 4.0817659352142108
29 0.1233176118716208 50.0000000000000000 4.1005117438656340
30 0.1265385942712527 50.0000000000000000 4.1156328197023573
31 0.1303922696422409 50.0000000000000000 4.1338712877835837
32 0.1340158748418268 50.0000000000000000 4.1511689691817217
33 0.1376394800414126 50.0000000000000000 4.1686120189421727
34 0.1414356378695502 54.0000000000000000 4.1870436122462653
35 0.1458644886690441 54.0000000000000000 4.2087542087542085
36 0.1493730587829288 54.0000000000000000 4.2261140036513627
37 0.1529391464396641 54.0000000000000000 4.2439057513410745
38 0.1563326814678477 54.0000000000000000 4.2609762748841016
39 0.1607040147244910 54.0000000000000000 4.2831688596491224
40 0.1633498216956172 60.0000000000000000 4.2967138732297538
41 0.1669734268952030 64.0000000000000000 4.3154042670717390
42 0.1708846198090418 64.0000000000000000 4.3357613596947626
43 0.1741056022086736 64.0000000000000000 4.3526707988021451
44 0.1775566547797078 64.0000000000000000 4.3709350304217081
45 0.1808926722650408 64.0000000000000000 4.3887367460150273
46 0.1848038651788796 64.0000000000000000 4.4097932688915540
47 0.1886575405498677 64.0000000000000000 4.4307386927548560
48 0.1919360404923502 64.0000000000000000 4.4487152110470500
49 0.1954446106062349 64.0000000000000000 4.4681155275950815
50 0.1990682158058208 64.0000000000000000 4.4883303411131061
51 0.2029218911768089 64.0000000000000000 4.5100303074036656
52 0.2062003911192914 64.0000000000000000 4.5286573436707487
53 0.2097089612331761 64.0000000000000000 4.5487627365356627
54 0.2131600138042103 97.0000000000000000 4.5687134502923978
55 0.2166110663752444 97.0000000000000000 4.5888399412628491
56 0.2198895663177269 97.0000000000000000 4.6081250460812502
57 0.2229379960888071 97.0000000000000000 4.6262028127313100
58 0.2262740135741401 97.0000000000000000 4.6461492714837940
59 0.2299551363165765 97.0000000000000000 4.6683597251269795
60 0.2331761187162084 97.0000000000000000 4.6879687968796881
61 0.2364546186586909 97.0000000000000000 4.7080979284369118
62 0.2393880133440699 103.0000000000000000 4.7262552934059290
63 0.2421488554008973 103.0000000000000000 4.7434729811778995
64 0.2460025307718854 103.0000000000000000 4.7677168357616901
65 0.2497986886000230 103.0000000000000000 4.7918423675534774
66 0.2530771885425054 107.0000000000000000 4.8128754042815336
67 0.2567007937420913 107.0000000000000000 4.8363383115375687
68 0.2599792936845738 107.0000000000000000 4.8577646510181873
69 0.2632577936270563 107.0000000000000000 4.8793816847529081
70 0.2662487058552859 111.0000000000000000 4.8992709884769150
71 0.2694696882549177 111.0000000000000000 4.9208723722541530
72 0.2721154952260439 111.0000000000000000 4.9387593836428287
73 0.2749913723685724 111.0000000000000000 4.9583498611662042
74 0.2783273898539054 111.0000000000000000 4.9812704232087350
75 0.2813758196249856 122.0000000000000000 5.0024011525532259
76 0.2847118371103187 122.0000000000000000 5.0257317465422968
77 0.2873576440814448 122.0000000000000000 5.0443906376109764
78 0.2904060738525250 122.0000000000000000 5.0660614411931588
79 0.2936270562521569 122.0000000000000000 5.0891621203485062
80 0.2965604509375360 122.0000000000000000 5.1103843008994279
81 0.2996088807086161 122.0000000000000000 5.1326270838465957
82 0.3021971701368917 122.0000000000000000 5.1516650181338610
83 0.3047854595651674 122.0000000000000000 5.1708447091916936
84 0.3070286437363396 122.0000000000000000 5.1875830013280213
85 0.3095594156217646 122.0000000000000000 5.2065978007330891
86 0.3124928103071437 122.0000000000000000 5.2288128503304607
87 0.3158863453353273 122.0000000000000000 5.2547502942660165
88 0.3188197400207063 122.0000000000000000 5.2773790424723463
89 0.3219256873346371 122.0000000000000000 5.3015522945118327
90 0.3250316346485678 122.0000000000000000 5.3259480187473374
91 0.3277924767053951 122.0000000000000000 5.3478223667322666
92 0.3304958012193719 122.0000000000000000 5.3694158075601370
93 0.3338893362475555 122.0000000000000000 5.3967705724894222
94 0.3366501783043828 122.0000000000000000 5.4192317697043269
95 0.3393535028183596 122.0000000000000000 5.4414069301758659
96 0.3422868975037386 122.0000000000000000 5.4656755574989067
97 0.3449327044748648 122.0000000000000000 5.4877513390113268
98 0.3476360289888416 122.0000000000000000 5.5104919767236815
99 0.3507419763027723 122.0000000000000000 5.5368532955350815
100 0.3535028183595997 122.0000000000000000 5.5604982206405698
101 0.3561486253307259 122.0000000000000000 5.5833482222619262
102 0.3591970551018061 122.0000000000000000 5.6099093438650032
103 0.3617278269872311 122.0000000000000000 5.6321528340993066
104 0.3641435637869550 122.0000000000000000 5.6535504296698322
105 0.3666168181295295 122.0000000000000000 5.6756265891754447
106 0.3686874496721500 122.0000000000000000 5.6942419825072887
107 0.3716783619003796 122.0000000000000000 5.7213474917612599
108 0.3744967215000575 122.0000000000000000 5.7471264367816088
109 0.3768549407569309 122.0000000000000000 5.7688757614916009
110 0.3789830898424019 122.0000000000000000 5.7886449939798093
111 0.3816864143563787 122.0000000000000000 5.8139534883720927
112 0.3841021511561026 122.0000000000000000 5.8367575644378036
113 0.3865754054986771 122.0000000000000000 5.8602906704172524
114 0.3891061773841021 122.0000000000000000 5.8845683080689204
115 0.3914643966409755 122.0000000000000000 5.9073724007561434
116 0.3951455193834119 122.0000000000000000 5.9433244579688091
117 0.3977913263545381 122.0000000000000000 5.9694364851957973
118 0.4009547912113194 122.0000000000000000 6.0009601536245798
119 0.4036581157252962 122.0000000000000000 6.0281635802469138
120 0.4059012998964684 122.0000000000000000 6.0509245812760186
121 0.4090647647532498 122.0000000000000000 6.0833171111543702
122 0.4114229840101231 122.0000000000000000 6.1076908042607254
123 0.4139537558955481 122.0000000000000000 6.1340661497693594
124 0.4168871505809272 122.0000000000000000 6.1649240481357266
125 0.4192453698378005 122.0000000000000000 6.1899574130929977
126 0.4210284136661682 122.0000000000000000 6.2090204649314522
127 0.4235016680087427 122.0000000000000000 6.2356579866307493
128 0.4253997469228115 122.0000000000000000 6.2562562562562567
129 0.4284481766938916 122.0000000000000000 6.2896246352017711
130 0.4308639134936156 122.0000000000000000 6.3163213744315314
131 0.4336822730932934 122.0000000000000000 6.3477554336786515
132 0.4359254572644657 122.0000000000000000 6.3729988783521971
133 0.4384562291498907 122.0000000000000000 6.4017207825463487
134 0.4411595536638675 122.0000000000000000 6.4326883491148621
135 0.4435177729207408 122.0000000000000000 6.4599483204134369
136 0.4458184746347636 122.0000000000000000 6.4867669953295275
137 0.4484067640630393 122.0000000000000000 6.5172054223149116
138 0.4508800184056137 122.0000000000000000 6.5465591285220492
139 0.4526630622339813 122.0000000000000000 6.5678856662463216
140 0.4551938341194064 122.0000000000000000 6.5983952702702702
141 0.4577246060048314 165.0000000000000000 6.6291896478574461
142 0.4607730357759117 165.0000000000000000 6.6666666666666670
143 0.4624985620614288 165.0000000000000000 6.6880684858212947
144 0.4646842286897504 165.0000000000000000 6.7153755237992909
145 0.4670999654894743 195.0000000000000000 6.7458175930922826
146 0.4686529391464397 233.0000000000000000 6.7655336652955187
147 0.4705510180605085 233.0000000000000000 6.7897881586094515
148 0.4721615092603244 286.0000000000000000 6.8105045221750027
149 0.4744622109743472 286.0000000000000000 6.8403195797307648
150 0.4760151846313125 286.0000000000000000 6.8605927552140509
151 0.4778557460025308 286.0000000000000000 6.8847763824630972
152 0.4799263775451513 294.0000000000000000 6.9121875691218753
153 0.4826297020591280 294.0000000000000000 6.9483046136742637
154 0.4855630967445071 321.0000000000000000 6.9879248658318422
155 0.4878637984585298 321.0000000000000000 7.0193171608265947
156 0.4897043598297481 321.0000000000000000 7.0446348061316497
157 0.4917749913723686 321.0000000000000000 7.0733363512901768
158 0.4936730702864374 321.0000000000000000 7.0998523230716799
159 0.4956286667433567 321.0000000000000000 7.1273805451020644
160 0.4971241228574715 321.0000000000000000 7.1485760036600707
161 0.4990797193143909 326.0000000000000000 7.1764840969112411
162 0.5005751754285057 326.0000000000000000 7.1979730507888977
163 0.5030484297710802 326.0000000000000000 7.2337962962962967
164 0.5054641665708041 326.0000000000000000 7.2691323563619443
165 0.5074197630277234 326.0000000000000000 7.2979915927136849
166 0.5100080524559991 326.0000000000000000 7.3365418476346989
167 0.5119061313700679 326.0000000000000000 7.3650718831015789
168 0.5138617278269872 330.0000000000000000 7.3946994794131564
169 0.5157598067410560 334.0000000000000000 7.4236845231025059
170 0.5177729207408259 334.0000000000000000 7.4546755725190836
171 0.5201886575405499 352.0000000000000000 7.4922081035722847
172 0.5217416311975153 352.0000000000000000 7.5165363800360794
173 0.5239848153686875 352.0000000000000000 7.5519574673755434
174 0.5254802714828023 352.0000000000000000 7.5757575757575761
175 0.5269757275969170 352.0000000000000000 7.5997081712062258
176 0.5288738065109858 356.0000000000000000 7.6303259675253328
177 0.5308869205107558 356.0000000000000000 7.6630701324178521
178 0.5330150695962268 356.0000000000000000 7.6979923635915757
179 0.5352582537673991 356.0000000000000000 7.7351485148514856
180 0.5369262625100656 356.0000000000000000 7.7630108061110423
181 0.5385942712527321 356.0000000000000000 7.7910745450012469
182 0.5406649027953526 356.0000000000000000 7.8261958427247684
183 0.5425054641665707 358.0000000000000000 7.8576816696002014
184 0.5448636834234442 358.0000000000000000 7.8983950461266268
185 0.5464166570804095 358.0000000000000000 7.9254374841491249
186 0.5487173587944323 358.0000000000000000 7.9658424674993631
187 0.5502703324513977 358.0000000000000000 7.9933495331883870
188 0.5523409639940182 358.0000000000000000 8.0303224977515093
189 0.5539514551938342 438.0000000000000000 8.0593165699548681
190 0.5559645691936040 503.0000000000000000 8.0958549222797931
191 0.5576325779362705 503.0000000000000000 8.1263814848524252
192 0.5593581042217877 503.0000000000000000 8.1582038898316149
193 0.5610836305073047 503.0000000000000000 8.1902765037347667
194 0.5631542620499252 503.0000000000000000 8.2290980908492433
195 0.5647647532497412 503.0000000000000000 8.2595480375313866
196 0.5663177269067066 503.0000000000000000 8.2891246684350133
197 0.5682158058207754 503.0000000000000000 8.3255628080458237
198 0.5695962268491890 503.0000000000000000 8.3522651343044227
199 0.5719544461060624 534.0000000000000000 8.3982800322493958
200 0.5737374899344300 534.0000000000000000 8.4334097962488190
201 0.5752904635913954 534.0000000000000000 8.4642470205850486
202 0.5765558495341079 534.0000000000000000 8.4895408856289052
203 0.5779937881053722 534.0000000000000000 8.5184680387079190
204 0.5795467617623375 534.0000000000000000 8.5499316005471950
205 0.5817324283906592 534.0000000000000000 8.5946094609460939
206 0.5832278845047739 534.0000000000000000 8.6254485233232128
207 0.5850684458759922 534.0000000000000000 8.6637094538397559
208 0.5870815598757622 534.0000000000000000 8.7059479036077452
209 0.5882894282756240 534.0000000000000000 8.7314892428052531
210 0.5894397791326355 534.0000000000000000 8.7559540487531518
211 0.5908777177038997 534.0000000000000000 8.7867285252354836
212 0.5926032439894168 583.0000000000000000 8.8239446562191155
213 0.5940987001035316 583.0000000000000000 8.8564545841008933
214 0.5957091913033475 583.0000000000000000 8.8917342438469191
215 0.5974922351317151 622.0000000000000000 8.9311231780508713
216 0.5991027263315312 622.0000000000000000 8.9670014347202294
217 0.6008857701598987 622.0000000000000000 9.0070615362444162
218 0.6022086736454618 622.0000000000000000 9.0370156159629840
219 0.6043368227309329 762.0000000000000000 9.0856229103067303
220 0.6051420683308409 803.0000000000000000 9.1041514930808454
221 0.6064649718164040 803.0000000000000000 9.1347559193218348
222 0.6079029103876682 803.0000000000000000 9.1682558310107094
223 0.6092833314160819 838.0000000000000000 9.2006477255998824
224 0.6106637524444956 840.0000000000000000 9.2332693159994097
225 0.6123317611871620 840.0000000000000000 9.2729970326409497
226 0.6133670769584724 840.0000000000000000 9.2978280273728053
227 0.6148050155297365 844.0000000000000000 9.3325369568463490
228 0.6165305418152537 844.0000000000000000 9.3745312734363289
229 0.6175083400437134 844.0000000000000000 9.3984962406015029
230 0.6192338663292304 844.0000000000000000 9.4410876132930515
231 0.6209593926147475 844.0000000000000000 9.4840667678300452
232 0.6224548487288623 844.0000000000000000 9.5216331505179763
233 0.6237777522144254 844.0000000000000000 9.5551138969576517
234 0.6255607960427930 844.0000000000000000 9.6006144393241168
235 0.6269412170712068 852.0000000000000000 9.6361393771199513
236 0.6283791556424709 852.0000000000000000 9.6734251663829127
237 0.6295295064994824 864.0000000000000000 9.7034621953112872
238 0.6314275854135512 864.0000000000000000 9.7534332084893887
239 0.6322328310134591 941.0000000000000000 9.7747888645605254
240 0.6329230415276660 941.0000000000000000 9.7931682858038229
241 0.6336707695847233 941.0000000000000000 9.8131574815512632
242 0.6345335327274819 941.0000000000000000 9.8363235757003462
243 0.6359714712987461 941.0000000000000000 9.8751777531995568
244 0.6372943747843092 941.0000000000000000 9.9111956866476376
245 0.6385597607270217 945.0000000000000000 9.9458943348185862
246 0.6395950764983320 945.0000000000000000 9.9744653686562401
247 0.6408604624410446 945.0000000000000000 10.0096092248558612
248 0.6427585413551133 945.0000000000000000 10.0627918209628078
249 0.6445415851834809 945.0000000000000000 10.1132686084142396
250 0.6456919360404924 977.0000000000000000 10.1461038961038970
251 0.6471298746117566 977.0000000000000000 10.1874490627546859
252 0.6484527780973197 1020.0000000000000000 10.2257853403141361
253 0.6498907166685839 1020.0000000000000000 10.2677838015442742
254 0.6517887955826527 1020.0000000000000000 10.3237528906508089
255 0.6531692166110664 1020.0000000000000000 10.3648424543946938
256 0.6544921200966295 1020.0000000000000000 10.4045280506076239
257 0.6562176463821465 1020.0000000000000000 10.4567508783670746
258 0.6570228919820545 1020.0000000000000000 10.4813013583766566
259 0.6583457954676176 1031.0000000000000000 10.5218855218855225
260 0.6598412515817325 1049.0000000000000000 10.5681433885694958
261 0.6611641550672955 1049.0000000000000000 10.6094041758614832
262 0.6627171287242609 1385.0000000000000000 10.6582537517053204
263 0.6639825146669734 1385.0000000000000000 10.6983909619993156
264 0.6653629356953871 1385.0000000000000000 10.7425232038501210
265 0.6662832163809962 1385.0000000000000000 10.7721475353326444
266 0.6680087426665133 1385.0000000000000000 10.8281358281358280
267 0.6690440584378236 1385.0000000000000000 10.8620090371915197
268 0.6703094443805361 1385.0000000000000000 10.9036985345429169
269 0.6714022776946968 1385.0000000000000000 10.9399614913355503
270 0.6728402162659611 1451.0000000000000000 10.9880450070323494
271 0.6742781548372253 1451.0000000000000000 11.0365530637471299
272 0.6757160934084896 1451.0000000000000000 11.0854913089748131
273 0.6771540319797539 1455.0000000000000000 11.1348654908248701
274 0.6779017600368112 1455.0000000000000000 11.1607142857142865
275 0.6784194179224664 1470.0000000000000000 11.1786800214630659
276 0.6789945933509720 1470.0000000000000000 11.1987099086185271
277 0.6802599792936845 1643.0000000000000000 11.2430293218204707
278 0.6811227424364431 1643.0000000000000000 11.2734487734487736
279 0.6824456459220062 1643.0000000000000000 11.3204129686650976
280 0.6831933739790637 1643.0000000000000000 11.3471314451706604
281 0.6845737950074773 1647.0000000000000000 11.3967906637490888
282 0.6860692511215921 1656.0000000000000000 11.4510809820447044
283 0.6875647072357068 1656.0000000000000000 11.5058910162002945
284 0.6886575405498677 1656.0000000000000000 11.5462774801404020
285 0.6897503738640285 1656.0000000000000000 11.5869484612532450
286 0.6907856896353388 1658.0000000000000000 11.6257440476190474
287 0.6918210054066490 1662.0000000000000000 11.6648002986188875
288 0.6927412860922582 1662.0000000000000000 11.6997379258704601
289 0.6937190843207178 1692.0000000000000000 11.7370892018779340
290 0.6951570228919820 1696.0000000000000000 11.7924528301886795
291 0.6960197860347406 1696.0000000000000000 11.8259224219489116
292 0.6967675140917980 1696.0000000000000000 11.8550834597875561
293 0.6979753824916599 1698.0000000000000000 11.9024947629023039
294 0.6990106982629702 1781.0000000000000000 11.9434358876361557
295 0.7001610491199816 1781.0000000000000000 11.9892576251678502
296 0.7008512596341884 1821.0000000000000000 12.0169198231109409
297 0.7017715403197975 1821.0000000000000000 12.0540019286403091
298 0.7027493385482572 1821.0000000000000000 12.0936532507739933
299 0.7039572069481191 1821.0000000000000000 12.1429959199533712
300 0.7048774876337283 1821.0000000000000000 12.1808614305203662
301 0.7057977683193374 1821.0000000000000000 12.2189638318670575
302 0.7066030139192454 1821.0000000000000000 12.2524995099000193
303 0.7076383296905556 1821.0000000000000000 12.2958882549675383
304 0.7083860577476130 1821.0000000000000000 12.3274161735700201
305 0.7090762682618199 1821.0000000000000000 12.3566627125345985
306 0.7100540664902796 1821.0000000000000000 12.3983336639555652
307 0.7112044173472909 1834.0000000000000000 12.4477195777733520
308 0.7121246980329000 1834.0000000000000000 12.4875124875124879
309 0.7132750488899114 1847.0000000000000000 12.5376128385155461
310 0.7144829172897734 1847.0000000000000000 12.5906526994359389
311 0.7162084435752905 1866.0000000000000000 12.6672071341710577
312 0.7171287242608996 1866.0000000000000000 12.7084180561203741
313 0.7186241803750144 1866.0000000000000000 12.7759607522485688
314 0.7200621189462786 1866.0000000000000000 12.8415861927265258
315 0.7215000575175429 1866.0000000000000000 12.9078893019413474
316 0.7227079259174048 1866.0000000000000000 12.9641153287699655
317 0.7238582767744162 1914.0000000000000000 13.0181212247448457
318 0.7252962153456805 1914.0000000000000000 13.0862646566164162
319 0.7259289083170367 1914.0000000000000000 13.1164742917103876
320 0.7278269872311055 1918.0000000000000000 13.2079459002535931
321 0.7285747152881629 2031.0000000000000000 13.2443314261496088
322 0.7298401012308754 2155.0000000000000000 13.3063657653821590
323 0.7305878292879329 2155.0000000000000000 13.3432963279248504
324 0.7323133555734499 2375.0000000000000000 13.4293081220455530
325 0.7333486713447601 2375.0000000000000000 13.4814495254529767
326 0.7342114344875187 2377.0000000000000000 13.5252109932914948
327 0.7354193028873807 2383.0000000000000000 13.5869565217391308
328 0.7365696537443921 2383.0000000000000000 13.6462882096069862
329 0.7377200046014034 2538.0000000000000000 13.7061403508771935
330 0.7388128379155643 2550.0000000000000000 13.7634882184540857
331 0.7399631887725756 2550.0000000000000000 13.8243751382437505
332 0.7413436098009893 2550.0000000000000000 13.8981543251056259
333 0.7426089957437019 2559.0000000000000000 13.9664804469273740
334 0.7437018290578626 2572.0000000000000000 14.0260323159784566
335 0.7444495571149200 2580.0000000000000000 14.0670717983344584
336 0.7455999079719314 2584.0000000000000000 14.1306805335744965
337 0.7467502588289429 2966.0000000000000000 14.1948671360436069
338 0.7474979868860002 2982.0000000000000000 14.2369020501138959
339 0.7486483377430116 4186.0000000000000000 14.3020594965675052
340 0.7495686184286208 4192.0000000000000000 14.3546164446485989
341 0.7506614517427815 4192.0000000000000000 14.4175317185697800
342 0.7516392499712412 4213.0000000000000000 14.4742936544696619
343 0.7522144253997469 4213.0000000000000000 14.5078922934076129
344 0.7534798113424594 4213.0000000000000000 14.5823611759216050
345 0.7539399516852640 4213.0000000000000000 14.6096306685366990
346 0.7551478200851259 4213.0000000000000000 14.6817007282123555
347 0.7561831358564363 4270.0000000000000000 14.7440434064637884
348 0.7567583112849419 4276.0000000000000000 14.7789075431544106
349 0.7577361095134015 4282.0000000000000000 14.8385565052231723
350 0.7583688024847578 4282.0000000000000000 14.8774101404427519
351 0.7594616357989187 4282.0000000000000000 14.9450023912003829
352 0.7602093638559760 4596.0000000000000000 14.9916047013672351
353 0.7613021971701369 8865.0000000000000000 15.0602409638554224
354 0.7622799953985966 8867.0000000000000000 15.1221872731671905
355 0.7632577936270563 8921.0000000000000000 15.1846452866861021
356 0.7641780743126654 8930.0000000000000000 15.2439024390243905
357 0.7652133900839756 9195.0000000000000000 15.3111219990200880
358 0.7661336707695847 9195.0000000000000000 15.3713723561239544
359 0.7671689865408949 9519.0000000000000000 15.4397233201581034
360 0.7683193373979064 9519.0000000000000000 15.5163853028798417
361 0.7688945128264121 9565.0000000000000000 15.5550024888003975
362 0.7695272057977683 9565.0000000000000000 15.5977040179685549
363 0.7705625215690786 9614.0000000000000000 15.6680872399097524
364 0.7713102496261359 9614.0000000000000000 15.7193158953722332
365 0.7721154952260439 11782.0000000000000000 15.7748611812216044
366 0.7731508109973542 11782.0000000000000000 15.8468559837728193
367 0.7741861267686645 11822.0000000000000000 15.9195109526235345
368 0.7749338548257219 11851.0000000000000000 15.9723996933299262
369 0.7758541355113310 11915.0000000000000000 16.0379779317423647
370 0.7761417232255838 11924.0000000000000000 16.0585817060637197
371 0.7770620039111930 11928.0000000000000000 16.1248710010319911
372 0.7775221442539975 11992.0000000000000000 16.1582213029989674
373 0.7778672495111009 11992.0000000000000000 16.1833247022268267
374 0.7788450477395605 12050.0000000000000000 16.2548764629388813
375 0.7798803635108709 12481.0000000000000000 16.3313300235171148
376 0.7806856091107788 12495.0000000000000000 16.3912929451875158
377 0.7817209248820890 12505.0000000000000000 16.4690382081686444
378 0.7825261704819970 12527.0000000000000000 16.5300185136207354
379 0.7834464511676061 15564.0000000000000000 16.6002656042496675
380 0.7844242493960658 15643.0000000000000000 16.6755602988260421
381 0.7852294949959737 15675.0000000000000000 16.7380824852704890
382 0.7860922581387323 15690.0000000000000000 16.8055929013175600
383 0.7867249511100886 15731.0000000000000000 16.8554476806903999
384 0.7871850914528932 15801.0000000000000000 16.8918918918918912
385 0.7881628896813528 16098.0000000000000000 16.9698615259299501
386 0.7889106177384102 16100.0000000000000000 17.0299727520435979
387 0.7894282756240654 16664.0000000000000000 17.0718382955476642
388 0.7904635913953756 18158.0000000000000000 17.1561899533351649
389 0.7912113194524329 18160.0000000000000000 17.2176308539944891
390 0.7920165650523410 18188.0000000000000000 17.2842920353982308
391 0.7929368457379501 18192.0000000000000000 17.3611111111111107
392 0.7934545036236051 18392.0000000000000000 17.4046226677805613
393 0.7942597492235132 18422.0000000000000000 17.4727425216662020
394 0.7946623720234671 18457.0000000000000000 17.5070028011204499
395 0.7950649948234212 18461.0000000000000000 17.5413976985686233
396 0.7963303807661337 18469.0000000000000000 17.6503812482349609
397 0.7968480386517888 18506.0000000000000000 17.6953567383918475
398 0.7973081789945934 18623.0000000000000000 17.7355278093076052
399 0.7980559070516507 18733.0000000000000000 17.8011962403873554
400 0.7989761877372599 18759.0000000000000000 17.8826895565092983
401 0.7996088807086161 18806.0000000000000000 17.9391504018369687
402 0.8000690210514206 18849.0000000000000000 17.9804372842347533
403 0.8008167491084781 18956.0000000000000000 18.0479353161998262
404 0.8020246175083401 19010.0000000000000000 18.1580476467170264
405 0.8028873806510985 19023.0000000000000000 18.2375255325357450
406 0.8034050385367537 19023.0000000000000000 18.2855471035693391
407 0.8039802139652594 19097.0000000000000000 18.3392018779342720
408 0.8048429771080180 19113.0000000000000000 18.4202770409666954
409 0.8055907051650754 19127.0000000000000000 18.4911242603550292
410 0.8059933279650293 19135.0000000000000000 18.5294989623480575
411 0.8065109858506845 19181.0000000000000000 18.5790725326991684
412 0.8070861612791902 19221.0000000000000000 18.6344663088849138
413 0.8074887840791442 19291.0000000000000000 18.6734389005079180
414 0.8084090647647533 19301.0000000000000000 18.7631341939357554
415 0.8089842401932590 19771.0000000000000000 18.8196326407708519
416 0.8097894857931669 19852.0000000000000000 18.8993045055941948
417 0.8104796963073737 20109.0000000000000000 18.9681335356600904
418 0.8112274243644312 20203.0000000000000000 19.0432663010359526
419 0.8119176348786380 20223.0000000000000000 19.1131498470947996
420 0.8124352927642932 20305.0000000000000000 19.1659000306654406
421 0.8127803980213966 20317.0000000000000000 19.2012288786482337
422 0.8133555734499022 20357.0000000000000000 19.2604006163328201
423 0.8138732313355573 20445.0000000000000000 19.3139678615574795
424 0.8143908892212125 20763.0000000000000000 19.3678339014564607
425 0.8146784769354654 20763.0000000000000000 19.3978895096213542
426 0.8149660646497182 20877.0000000000000000 19.4280385452284747
427 0.8154837225353733 20890.0000000000000000 19.4825436408977559
428 0.8158288277924767 20906.0000000000000000 19.5190505933791378
429 0.8162314505924307 20945.0000000000000000 19.5618153364632228
430 0.8165765558495341 20949.0000000000000000 19.5986202571338985
431 0.8170942137351892 20959.0000000000000000 19.6540880503144670
432 0.8174393189922926 20959.0000000000000000 19.6912413358538139
433 0.8177269067065455 20996.0000000000000000 19.7223098769327869
434 0.8184746347636029 21015.0000000000000000 19.8035487959442342
435 0.8193373979063614 21666.0000000000000000 19.8981216173193260
436 0.8199125733348671 21682.0000000000000000 19.9616735867135091
437 0.8203151961348211 21686.0000000000000000 20.0064020486555698
438 0.8208903715633268 21692.0000000000000000 20.0706486833654481
439 0.8214080294489819 21810.0000000000000000 20.1288244766505642
440 0.8215805820775336 21852.0000000000000000 20.1482914248871694
441 0.8224433452202922 21929.0000000000000000 20.2461937155814695
442 0.8228459680202461 22026.0000000000000000 20.2922077922077939
443 0.8235936960773036 22212.0000000000000000 20.3782197587218796
444 0.8243989416772115 22356.0000000000000000 20.4716672125777919
445 0.8251466697342690 22880.0000000000000000 20.5592105263157912
446 0.8260094328770274 22958.0000000000000000 20.6611570247933898
447 0.8265270907626826 23279.0000000000000000 20.7228116710875341
448 0.8272173012768894 23333.0000000000000000 20.8055925432756332
449 0.8279075117910962 23481.0000000000000000 20.8890374331550817
450 0.8286552398481537 23650.0000000000000000 20.9801946962067802
451 0.8289428275624066 23766.0000000000000000 21.0154673839946184
452 0.8296905556194639 24522.0000000000000000 21.1077338736913198
453 0.8304958012193719 24656.0000000000000000 21.2080081438751264
454 0.8314735994478316 25075.0000000000000000 21.3310580204778155
455 0.8318187047049350 25097.0000000000000000 21.3748290013679885
456 0.8322213275048890 25107.0000000000000000 21.4261227288309897
457 0.8326814678476936 25131.0000000000000000 21.4850464077002421
458 0.8331416081904981 25415.0000000000000000 21.5442950706652887
459 0.8338318187047049 26135.0000000000000000 21.6337833160263067
460 0.8346370643046129 26261.0000000000000000 21.7391304347826093
461 0.8352122397331186 26283.0000000000000000 21.8150087260034908
462 0.8358449327044749 26481.0000000000000000 21.8990889978976888
463 0.8363625905901300 26547.0000000000000000 21.9683655536028120
464 0.8367076958472334 26589.0000000000000000 22.0147939415287084
465 0.8372253537328885 27004.0000000000000000 22.0848056537102480
466 0.8376279765328425 27204.0000000000000000 22.1395678356358481
467 0.8383181870470493 27247.0000000000000000 22.2340803984347204
468 0.8388358449327045 27263.0000000000000000 22.3054960742326926
469 0.8393535028183596 27306.0000000000000000 22.3773720014321533
470 0.8396410905326125 27314.0000000000000000 22.4175035868005743
471 0.8400437133325664 27463.0000000000000000 22.4739302409205308
472 0.8409064764753250 27761.0000000000000000 22.5958062183658726
473 0.8411940641895779 27765.0000000000000000 22.6367258239768212
474 0.8415391694466813 27854.0000000000000000 22.6860254083484563
475 0.8420568273323363 27997.0000000000000000 22.7603787327021116
476 0.8426895203036926 28074.0000000000000000 22.8519195612431432
477 0.8432071781893478 28424.0000000000000000 22.9273661041819530
478 0.8437248360750029 28473.0000000000000000 23.0033124769966868
479 0.8441849764178074 28501.0000000000000000 23.0712440014765612
480 0.8445300816749108 28574.0000000000000000 23.1224565297817257
481 0.8451627746462671 28745.0000000000000000 23.2169390787518566
482 0.8457954676176234 28948.0000000000000000 23.3121969414397618
483 0.8460830553318762 29045.0000000000000000 23.3557548579970096
484 0.8463706430461291 29108.0000000000000000 23.3994758517409203
485 0.8468883009317842 29148.0000000000000000 23.4785875281743053
486 0.8474634763602898 29316.0000000000000000 23.5671191553544510
487 0.8478085816173933 29331.0000000000000000 23.6205593348450478
488 0.8480961693316461 29337.0000000000000000 23.6652783036728529
489 0.8487288623030024 29409.0000000000000000 23.7642585551330789
490 0.8493040377315081 29564.0000000000000000 23.8549618320610683
491 0.8497066605314620 29564.0000000000000000 23.9188672024492917
492 0.8504543885885195 29597.0000000000000000 24.0384615384615401
493 0.8511445991027263 29761.0000000000000000 24.1499227202472966
494 0.8517197745312320 29771.0000000000000000 24.2435996896819255
495 0.8520073622454849 29804.0000000000000000 24.2907112320248721
496 0.8529851604739446 30514.0000000000000000 24.4522691705790294
497 0.8532727481881974 30647.0000000000000000 24.5001960015680140
498 0.8536753709881514 30780.0000000000000000 24.5676100628930811
499 0.8543655815023582 30956.0000000000000000 24.6840442338072670
500 0.8547106867594616 30981.0000000000000000 24.7426761678543166
501 0.8549982744737145 30983.0000000000000000 24.7917493058310185
502 0.8553433797308179 31102.0000000000000000 24.8508946322067601
503 0.8555734499022202 31151.0000000000000000 24.8904818797291902
504 0.8558035200736225 31157.0000000000000000 24.9301954527323488
505 0.8560335902450247 31172.0000000000000000 24.9700359568517776
506 0.8564937305878293 31203.0000000000000000 25.0501002004008022
507 0.8567238007592316 31205.0000000000000000 25.0903251706142107
508 0.8571264235591856 31358.0000000000000000 25.1610305958132052
509 0.8575865639019901 31368.0000000000000000 25.2423263327948320
510 0.8579316691590935 31472.0000000000000000 25.3036437246963573
511 0.8582192568733463 31491.0000000000000000 25.3549695740365095
512 0.8586218796733004 31562.0000000000000000 25.4271765663140776
513 0.8588519498447026 31586.0000000000000000 25.4686226568867156
514 0.8594271252732083 31653.0000000000000000 25.5728314238952521
515 0.8599447831588635 31821.0000000000000000 25.6673511293634498
516 0.8602323708731163 31852.0000000000000000 25.7201646090534979
517 0.8606925112159208 31957.0000000000000000 25.8051197357555751
518 0.8611526515587254 32082.0000000000000000 25.8906379453189714
519 0.8614977568158289 32235.0000000000000000 25.9551495016611291
520 0.8617278269872312 32239.0000000000000000 25.9983361064891838
521 0.8621304497871851 32335.0000000000000000 26.0742594910304533
522 0.8625905901299896 33094.0000000000000000 26.1615738802846387
523 0.8628206603013919 33164.0000000000000000 26.2054507337526204
524 0.8631657655584953 33200.0000000000000000 26.2715426649852866
525 0.8635108708155987 33210.0000000000000000 26.3379688158449206
526 0.8638559760727021 33216.0000000000000000 26.4047317279256433
527 0.8639134936155527 33216.0000000000000000 26.4158918005071861
528 0.8642585988726562 33239.0000000000000000 26.4830508474576263
529 0.8645461865869090 33245.0000000000000000 26.5392781316348199
530 0.8646612216726102 33251.0000000000000000 26.5618359541011486
531 0.8651788795582652 33493.0000000000000000 26.6638225255972685
532 0.8654089497296675 33501.0000000000000000 26.7094017094017104
533 0.8658115725296215 33513.0000000000000000 26.7895413630518640
534 0.8662717128724261 33645.0000000000000000 26.8817204301075279
535 0.8668468883009318 33860.0000000000000000 26.9978401727861765
536 0.8671344760151847 34025.0000000000000000 27.0562770562770574
537 0.8673645461865869 34500.0000000000000000 27.1032090199479612
538 0.8676521339008397 34571.0000000000000000 27.1621034332898752
539 0.8681122742436443 34704.0000000000000000 27.2568687309201927
540 0.8685148970435983 34761.0000000000000000 27.3403324584426954
541 0.8686874496721501 34763.0000000000000000 27.3762593079281658
542 0.8689750373864028 34790.0000000000000000 27.4363476733977159
543 0.8692051075578051 34884.0000000000000000 27.4846086191732617
544 0.8693776601863569 34949.0000000000000000 27.5209158960810214
545 0.8696077303577591 34953.0000000000000000 27.5694750771945287
546 0.8698378005291614 34961.0000000000000000 27.6182059213433497
547 0.8700103531577131 35006.0000000000000000 27.6548672566371678
548 0.8701253882434142 35012.0000000000000000 27.6793622674933566
549 0.8702979408719660 35054.0000000000000000 27.7161862527716174
550 0.8704704935005176 35054.0000000000000000 27.7531083481349903
551 0.8708155987576210 35079.0000000000000000 27.8272484416740866
552 0.8712182215575751 35593.0000000000000000 27.9142474318892369
553 0.8712757391004257 35593.0000000000000000 27.9267202859696155
554 0.8716208443575291 35616.0000000000000000 28.0017921146953412
555 0.8719659496146325 35832.0000000000000000 28.0772686433063789
556 0.8723685724145864 36124.0000000000000000 28.1658404686795869
557 0.8726561601288393 36398.0000000000000000 28.2294489611562796
558 0.8730012653859427 36406.0000000000000000 28.3061594202898554
559 0.8731738180144945 36416.0000000000000000 28.3446712018140587
560 0.8734038881858966 36424.0000000000000000 28.3961835529304878
561 0.8736914759001495 36529.0000000000000000 28.4608378870673953
562 0.8740365811572529 36665.0000000000000000 28.5388127853881279
563 0.8742666513286552 36865.0000000000000000 28.5910338517840792
564 0.8746117565857586 36871.0000000000000000 28.6697247706422012
565 0.8750143793857127 36926.0000000000000000 28.7620800736309263
566 0.8751869320142643 36930.0000000000000000 28.8018433179723488
567 0.8754745197285172 37210.0000000000000000 28.8683602771362580
568 0.8758196249856206 37245.0000000000000000 28.9485873089393237
569 0.8761647302427240 37352.0000000000000000 29.0292614955875514
570 0.8763948004141263 37401.0000000000000000 29.0832945556072602
571 0.8769124582997815 37446.0000000000000000 29.2056074766355138
572 0.8772575635568849 37508.0000000000000000 29.2877225866916575
573 0.8775451512711377 37553.0000000000000000 29.3565054015969942
574 0.8777752214425399 37569.0000000000000000 29.4117647058823515
575 0.8779477740710917 37581.0000000000000000 29.4533459000942521
576 0.8783503968710457 37617.0000000000000000 29.5508274231678492
577 0.8785804670424480 37818.0000000000000000 29.6068214116532467
578 0.8789830898424019 37849.0000000000000000 29.7053231939163496
579 0.8794432301852065 37863.0000000000000000 29.8187022900763345
580 0.8798458529851605 37916.0000000000000000 29.9186213499281948
581 0.8800184056137121 37935.0000000000000000 29.9616490891658671
582 0.8800759231565628 37960.0000000000000000 29.9760191846522766
583 0.8803059933279650 37964.0000000000000000 30.0336376741950986
584 0.8805935810422179 37972.0000000000000000 30.1059730250481685
585 0.8806510985850684 37972.0000000000000000 30.1204819277108449
586 0.8809962038421718 38146.0000000000000000 30.2078298695021736
587 0.8812262740135741 38284.0000000000000000 30.2663438256658601
588 0.8814563441849764 38293.0000000000000000 30.3250849102377487
589 0.8816864143563787 38309.0000000000000000 30.3840544482255694
590 0.8819164845277809 38386.0000000000000000 30.4432537749634697
591 0.8820890371563327 38408.0000000000000000 30.4878048780487809
592 0.8822040722420338 38483.0000000000000000 30.5175781250000000
593 0.8826642125848384 38619.0000000000000000 30.6372549019607838
594 0.8830668353847924 38912.0000000000000000 30.7427447122479087
595 0.8832393880133441 38930.0000000000000000 30.7881773399014769
596 0.8836995283561486 39023.0000000000000000 30.9099901088031643
597 0.8840446336132520 39111.0000000000000000 31.0019841269841265
598 0.8843322213275049 39182.0000000000000000 31.0790651417205375
599 0.8845622914989072 39217.0000000000000000 31.1410064773293485
600 0.8850799493845622 39240.0000000000000000 31.2812812812812808
601 0.8853675370988151 39366.0000000000000000 31.3597591570496732
602 0.8857126423559185 39372.0000000000000000 31.4544539506794152
603 0.8860002300701714 39388.0000000000000000 31.5338042381432899
604 0.8864028528701254 39392.0000000000000000 31.6455696202531662
605 0.8869780282986310 39896.0000000000000000 31.8066157760814257
606 0.8873231335557344 39935.0000000000000000 31.9040326697294532
607 0.8874956861842862 39968.0000000000000000 31.9529652351738243
608 0.8877832738985391 40045.0000000000000000 32.0348539210661230
609 0.8881283791556425 40225.0000000000000000 32.1336760925449880
610 0.8886460370412976 40346.0000000000000000 32.2830578512396684
611 0.8891636949269527 40399.0000000000000000 32.4338349766476384
612 0.8895663177269068 40450.0000000000000000 32.5520833333333357
613 0.8900264580697113 40979.0000000000000000 32.6882845188284534
614 0.8903140457839641 41001.0000000000000000 32.7739905610907201
615 0.8906591510410675 41011.0000000000000000 32.8774329300368251
616 0.8906591510410675 41011.0000000000000000 32.8774329300368251
617 0.8909467387553204 41049.0000000000000000 32.9641350210970430
618 0.8910617738410215 41055.0000000000000000 32.9989440337909201
619 0.8912343264695732 41095.0000000000000000 33.0512956107879461
620 0.8914068790981249 41115.0000000000000000 33.1038135593220346
621 0.8914643966409755 41125.0000000000000000 33.1213566507684121
622 0.8920395720694811 41168.0000000000000000 33.2978156632924893
623 0.8922121246980329 41215.0000000000000000 33.3511205976520841
624 0.8924997124122858 41225.0000000000000000 33.4403424291064724
625 0.8926722650408374 41257.0000000000000000 33.4941050375133997
626 0.8928448176693892 41276.0000000000000000 33.5480407944176093
627 0.8929023352122397 41288.0000000000000000 33.5660580021482247
628 0.8931899229264926 41344.0000000000000000 33.6564351103931045
629 0.8933624755550443 41437.0000000000000000 33.7108953613807998
630 0.8937075808121477 41481.0000000000000000 33.8203463203463173
631 0.8940526860692511 41493.0000000000000000 33.9305103148751357
632 0.8944553088692051 41569.0000000000000000 34.0599455040871959
633 0.8945703439549062 41571.0000000000000000 34.0971085651936718
634 0.8949729667548603 41613.0000000000000000 34.2278203723986891
635 0.8953755895548142 41634.0000000000000000 34.3595382078064873
636 0.8955481421833660 41636.0000000000000000 34.4162995594713621
637 0.8957782123547682 41659.0000000000000000 34.4922737306843246
638 0.8963533877832739 41742.0000000000000000 34.6836847946725868
639 0.8965834579546762 41756.0000000000000000 34.7608453837597295
640 0.8968710456689291 41837.0000000000000000 34.8577802565532622
641 0.8970435982974807 42308.0000000000000000 34.9162011173184368
642 0.8971011158403313 42323.0000000000000000 34.9357182783678013
643 0.8974462210974348 42355.0000000000000000 35.0532809871003934
644 0.8976187737259864 42418.0000000000000000 35.1123595505617985
645 0.8976762912688370 42418.0000000000000000 35.1320966835300723
646 0.8978488438973887 42423.0000000000000000 35.1914414414414409
647 0.8980789140687910 42479.0000000000000000 35.2708803611738162
648 0.8985965719544461 42513.0000000000000000 35.4509359047078831
649 0.8988266421258484 42533.0000000000000000 35.5315520181921514
650 0.8991717473829518 42563.0000000000000000 35.6531660011409031
651 0.8995743701829058 42705.0000000000000000 35.7961053837342504
652 0.8999194754400092 42744.0000000000000000 35.9195402298850581
653 0.9001495456114115 43224.0000000000000000 36.0023041474654377
654 0.9003796157828138 43228.0000000000000000 36.0854503464203233
655 0.9005521684113654 43232.0000000000000000 36.1480624638519359
656 0.9007247210399172 43242.0000000000000000 36.2108922363847014
657 0.9009547912113195 43365.0000000000000000 36.2950058072009298
658 0.9010123087541700 43369.0000000000000000 36.3160952934340528
659 0.9011273438398711 43379.0000000000000000 36.3583478766724824
660 0.9012998964684229 43430.0000000000000000 36.4219114219114246
661 0.9015299666398251 43445.0000000000000000 36.5070093457943941
662 0.9018175543540780 43470.0000000000000000 36.6139425893380164
663 0.9018750718969286 43480.0000000000000000 36.6354044548651814
664 0.9019901069826297 43511.0000000000000000 36.6784037558685441
665 0.9023352122397331 43526.0000000000000000 36.8080094228504109
666 0.9026803174968365 43562.0000000000000000 36.9385342789598141
667 0.9031404578396411 43572.0000000000000000 37.1140142517814695
668 0.9034280455538939 43582.0000000000000000 37.2245384157236430
669 0.9035430806395951 43582.0000000000000000 37.2689326177698277
670 0.9037731508109974 43586.0000000000000000 37.3580394500896560
671 0.9039457034395491 43590.0000000000000000 37.4251497005988014
672 0.9041757736109514 43590.0000000000000000 37.5150060024009591
673 0.9043483262395030 43615.0000000000000000 37.5826819001803969
674 0.9046359139537559 43640.0000000000000000 37.6960193003618826
675 0.9048659841251582 43661.0000000000000000 37.7871825876662655
676 0.9052110893822616 43679.0000000000000000 37.9247572815533971
677 0.9053836420108133 43745.0000000000000000 37.9939209726443750
678 0.9055561946393650 43767.0000000000000000 38.0633373934226569
679 0.9057862648107673 43806.0000000000000000 38.1562881562881557
680 0.9057862648107673 43806.0000000000000000 38.1562881562881557
681 0.9060163349821696 43888.0000000000000000 38.2496940024479812
682 0.9062464051535718 43906.0000000000000000 38.3435582822085905
683 0.9064764753249741 43947.0000000000000000 38.4378843788437905
684 0.9068215805820775 44142.0000000000000000 38.5802469135802468
685 0.9069941332106293 44159.0000000000000000 38.6518243661100769
686 0.9074542735534338 44217.0000000000000000 38.8440024860161586
687 0.9076843437248361 44239.0000000000000000 38.9408099688473541
688 0.9079144138962384 44316.0000000000000000 39.0381011867582757
689 0.9079719314390889 44340.0000000000000000 39.0625000000000000
690 0.9084320717818934 44482.0000000000000000 39.2587939698492434
691 0.9086621419532958 44490.0000000000000000 39.3576826196473561
692 0.9090072472103992 44580.0000000000000000 39.5069532237673826
693 0.9090647647532497 44672.0000000000000000 39.5319418089816565
694 0.9095824226389049 44861.0000000000000000 39.7582697201017794
695 0.9099275278960083 44881.0000000000000000 39.9106002554278447
696 0.9101000805245600 44926.0000000000000000 39.9872040946897016
697 0.9102151156102611 44946.0000000000000000 40.0384368994234450
698 0.9102726331531117 44946.0000000000000000 40.0641025641025621
699 0.9102726331531117 44946.0000000000000000 40.0641025641025621
700 0.9103876682388128 44986.0000000000000000 40.1155327342747086
701 0.9105027033245140 44992.0000000000000000 40.1670951156812350
702 0.9107902910387669 45210.0000000000000000 40.2965828497743388
703 0.9110778787530197 45251.0000000000000000 40.4269081500646834
704 0.9114229840101231 45317.0000000000000000 40.5844155844155878
705 0.9115380190958242 45371.0000000000000000 40.6371911573472033
706 0.9115955366386748 45447.0000000000000000 40.6636304489264830
707 0.9115955366386748 45447.0000000000000000 40.6636304489264830
708 0.9119981594386288 45635.0000000000000000 40.8496732026143761
709 0.9121707120671805 45707.0000000000000000 40.9299279633267830
710 0.9124582997814333 45731.0000000000000000 41.0643889618922486
711 0.9127458874956862 45747.0000000000000000 41.1997363216875385
712 0.9129759576670885 45753.0000000000000000 41.3086582947785885
713 0.9131485102956401 45882.0000000000000000 41.3907284768211952
714 0.9134360980098930 45939.0000000000000000 41.5282392026578080
715 0.9137812032669964 46063.0000000000000000 41.6944629753168812
716 0.9140112734383987 46193.0000000000000000 41.8060200668896300
717 0.9140687909812493 46193.0000000000000000 41.8340026773761693
718 0.9141838260669504 46211.0000000000000000 41.8900804289544268
719 0.9144138962383527 46231.0000000000000000 42.0026881720430083
720 0.9146439664097550 46243.0000000000000000 42.1159029649595666
721 0.9148165190383066 46255.0000000000000000 42.2012153950033735
722 0.9151041067525595 46296.0000000000000000 42.3441734417344193
723 0.9151616242954101 46296.0000000000000000 42.3728813559322006
724 0.9152766593811112 46298.0000000000000000 42.4304141208418173
725 0.9155067295525136 46306.0000000000000000 42.5459496255956466
726 0.9157943172667664 46366.0000000000000000 42.6912568306010911
727 0.9159093523524675 46381.0000000000000000 42.7496580027359769
728 0.9160819049810192 46396.0000000000000000 42.8375599725839606
729 0.9162544576095709 46419.0000000000000000 42.9258241758241752
730 0.9164845277809732 46537.0000000000000000 43.0440771349862246
731 0.9167721154952261 46583.0000000000000000 43.1928127159640667
732 0.9168871505809272 46589.0000000000000000 43.2525951557093435
733 0.9170021856666283 46597.0000000000000000 43.3125433125433119
734 0.9171747382951800 46633.0000000000000000 43.4027777777777786
735 0.9174623260094329 46701.0000000000000000 43.5540069686411115
736 0.9176348786379845 46730.0000000000000000 43.6452513966480424
737 0.9176923961808352 46764.0000000000000000 43.6757512229210363
738 0.9179224663522374 46853.0000000000000000 43.7981779957953776
739 0.9180375014379386 46935.0000000000000000 43.8596491228070207
740 0.9184401242378926 46939.0000000000000000 44.0761636107193198
741 0.9186701944092949 46987.0000000000000000 44.2008486562941982
742 0.9191303347520994 47079.0000000000000000 44.4523470839260284
743 0.9193028873806511 47108.0000000000000000 44.5473984319315761
744 0.9195904750949040 47146.0000000000000000 44.7067238912732492
745 0.9199355803520074 47174.0000000000000000 44.8994252873563227
746 0.9200506154377085 47178.0000000000000000 44.9640287769784166
747 0.9201656505234096 47227.0000000000000000 45.0288184438040346
748 0.9203957206948119 47248.0000000000000000 45.1589595375722510
749 0.9205107557805130 47250.0000000000000000 45.2243125904486263
750 0.9205682733233637 47268.0000000000000000 45.2570601013758136
751 0.9206257908662142 47268.0000000000000000 45.2898550724637659
752 0.9210284136661682 47303.0000000000000000 45.5207574654042233
753 0.9210859312090187 47307.0000000000000000 45.5539358600583100
754 0.9212584838375705 47365.0000000000000000 45.6537618699780836
755 0.9214310364661221 47377.0000000000000000 45.7540263543191799
756 0.9216035890946739 47405.0000000000000000 45.8547322083639060
757 0.9216611066375244 47407.0000000000000000 45.8883994126284875
758 0.9219486943517773 47454.0000000000000000 46.0574797347089202
759 0.9221212469803290 47465.0000000000000000 46.1595273264401769
760 0.9224663522374325 47495.0000000000000000 46.3649851632047501
761 0.9225813873231336 47495.0000000000000000 46.4338781575037132
762 0.9227539399516853 47505.0000000000000000 46.5376023827252396
763 0.9229264925802370 47525.0000000000000000 46.6417910447761201
764 0.9230990452087887 47560.0000000000000000 46.7464472700074793
765 0.9231565627516393 47564.0000000000000000 46.7814371257485035
766 0.9232140802944898 47570.0000000000000000 46.8164794007490670
767 0.9232140802944898 47570.0000000000000000 46.8164794007490670
768 0.9233291153801909 47574.0000000000000000 46.8867216804201021
769 0.9233866329230416 47578.0000000000000000 46.9219219219219212
770 0.9235016680087427 47597.0000000000000000 46.9924812030075216
771 0.9236742206372944 47638.0000000000000000 47.0987189148455130
772 0.9237892557229955 47682.0000000000000000 47.1698113207547181
773 0.9239042908086966 47688.0000000000000000 47.2411186696900955
774 0.9239618083515472 47698.0000000000000000 47.2768532526475056
775 0.9242493960658000 48011.0000000000000000 47.4563401670463207
776 0.9243644311515012 48015.0000000000000000 47.5285171102661579
777 0.9244794662372023 48015.0000000000000000 47.6009139375476025
778 0.9247670539514552 48017.0000000000000000 47.7828746177370007
779 0.9249396065800070 48219.0000000000000000 47.8927203065134108
780 0.9251696767514092 48246.0000000000000000 48.0399692544196739
781 0.9251696767514092 48246.0000000000000000 48.0399692544196739
782 0.9251696767514092 48246.0000000000000000 48.0399692544196739
783 0.9252271942942597 48246.0000000000000000 48.0769230769230802
784 0.9253422293799609 48262.0000000000000000 48.1510015408320484
785 0.9255722995513632 48274.0000000000000000 48.2998454404945932
786 0.9256873346370643 48288.0000000000000000 48.3746130030959733
787 0.9257448521799149 48298.0000000000000000 48.4120836560805543
788 0.9258598872656160 48304.0000000000000000 48.4871993793638509
789 0.9260324398941677 48313.0000000000000000 48.6003110419906719
790 0.9261474749798688 48504.0000000000000000 48.6760124610591873
791 0.9262049925227195 48581.0000000000000000 48.7139516757599367
792 0.9262049925227195 48581.0000000000000000 48.7139516757599367
793 0.9263200276084206 48587.0000000000000000 48.7900078064012490
794 0.9263775451512711 48597.0000000000000000 48.8281250000000000
795 0.9264350626941217 48601.0000000000000000 48.8663017982799062
796 0.9266076153226734 48601.0000000000000000 48.9811912225705299
797 0.9267801679512251 48688.0000000000000000 49.0966221523959163
798 0.9271252732083285 48793.0000000000000000 49.3291239147592719
799 0.9274703784654320 48847.0000000000000000 49.5638382236320396
800 0.9276429310939837 48896.0000000000000000 49.6820349761526217
801 0.9278154837225354 48914.0000000000000000 49.8007968127490059
802 0.9278730012653860 48914.0000000000000000 49.8405103668261589
803 0.9279880363510871 48918.0000000000000000 49.9201277955271578
804 0.9283331416081905 49061.0000000000000000 50.1605136436597121
805 0.9287357644081445 49132.0000000000000000 50.4439063761097657
806 0.9289658345795467 49154.0000000000000000 50.6072874493927145
807 0.9289658345795467 49154.0000000000000000 50.6072874493927145
808 0.9290233521223973 49160.0000000000000000 50.6482982171798994
809 0.9292534222937996 49211.0000000000000000 50.8130081300813004
810 0.9294259749223514 49247.0000000000000000 50.9372453137734311
811 0.9295985275509030 49271.0000000000000000 51.0620915032679719
812 0.9295985275509030 49271.0000000000000000 51.0620915032679719
813 0.9298861152651559 49277.0000000000000000 51.2715340442986047
814 0.9300011503508571 49283.0000000000000000 51.3557929334428920
815 0.9302887380651098 49310.0000000000000000 51.5676567656765670
816 0.9304037731508110 49386.0000000000000000 51.6528925619834709
817 0.9305188082365121 49392.0000000000000000 51.7384105960264904
818 0.9307488784079144 49432.0000000000000000 51.9102990033222582
819 0.9309789485793167 49446.0000000000000000 52.0833333333333357
820 0.9310939836650178 49448.0000000000000000 52.1702838063439032
821 0.9311515012078684 49467.0000000000000000 52.2138680033416875
822 0.9313240538364201 49479.0000000000000000 52.3450586264656650
823 0.9313240538364201 49479.0000000000000000 52.3450586264656650
824 0.9314966064649718 49504.0000000000000000 52.4769101595298082
825 0.9314966064649718 49504.0000000000000000 52.4769101595298082
826 0.9317266766363741 49542.0000000000000000 52.6537489469250204
827 0.9317266766363741 49542.0000000000000000 52.6537489469250204
828 0.9318417117220752 49548.0000000000000000 52.7426160337552759
829 0.9320142643506270 49582.0000000000000000 52.8764805414551589
830 0.9320717818934775 49582.0000000000000000 52.9212531752751900
831 0.9320717818934775 49582.0000000000000000 52.9212531752751900
832 0.9320717818934775 49582.0000000000000000 52.9212531752751900
833 0.9320717818934775 49582.0000000000000000 52.9212531752751900
834 0.9321292994363281 49582.0000000000000000 52.9661016949152526
835 0.9322443345220293 49643.0000000000000000 53.0560271646859078
836 0.9323593696077304 49667.0000000000000000 53.1462585034013628
837 0.9324168871505809 49667.0000000000000000 53.1914893617021249
838 0.9325319222362821 49681.0000000000000000 53.2821824381926703
839 0.9325319222362821 49681.0000000000000000 53.2821824381926703
840 0.9326469573219832 49681.0000000000000000 53.3731853116994017
841 0.9327044748648338 49681.0000000000000000 53.4188034188034209
842 0.9329345450362361 49695.0000000000000000 53.6020583190394504
843 0.9330495801219372 49705.0000000000000000 53.6941580756013721
844 0.9331070976647877 49707.0000000000000000 53.7403267411865855
845 0.9333371678361900 49739.0000000000000000 53.9257981018119068
846 0.9335097204647418 49762.0000000000000000 54.0657439446366794
847 0.9336247555504429 49793.0000000000000000 54.1594454072790299
848 0.9337397906361440 49815.0000000000000000 54.2534722222222214
849 0.9337397906361440 49815.0000000000000000 54.2534722222222214
850 0.9337397906361440 49815.0000000000000000 54.2534722222222214
851 0.9337973081789946 49928.0000000000000000 54.3006081668114717
852 0.9339123432646957 49936.0000000000000000 54.3951261966927788
853 0.9339698608075463 49936.0000000000000000 54.4425087108013912
854 0.9341424134360981 49974.0000000000000000 54.5851528384279447
855 0.9343724836075002 50026.0000000000000000 54.7765118317265589
856 0.9346600713217531 50051.0000000000000000 55.0176056338028161
857 0.9347175888646037 50051.0000000000000000 55.0660792951541822
858 0.9348326239503049 50079.0000000000000000 55.1632833186231224
859 0.9349476590360060 50083.0000000000000000 55.2608311229000861
860 0.9350626941217072 50093.0000000000000000 55.3587245349867132
861 0.9350626941217072 50093.0000000000000000 55.3587245349867132
862 0.9353502818359599 50306.0000000000000000 55.6049822064056940
863 0.9354653169216611 50353.0000000000000000 55.7040998217468797
864 0.9356953870930634 50422.0000000000000000 55.9033989266547380
865 0.9357529046359140 50426.0000000000000000 55.9534467323187101
866 0.9359254572644656 50539.0000000000000000 56.1041292639138263
867 0.9359254572644656 50539.0000000000000000 56.1041292639138263
868 0.9359254572644656 50539.0000000000000000 56.1041292639138263
869 0.9360404923501668 50547.0000000000000000 56.2050359712230190
870 0.9361555274358679 50596.0000000000000000 56.3063063063063041
871 0.9362705625215690 50608.0000000000000000 56.4079422382671467
872 0.9363855976072702 50668.0000000000000000 56.5099457504520828
873 0.9364431151501208 50672.0000000000000000 56.5610859728506767
874 0.9364431151501208 50672.0000000000000000 56.5610859728506767
875 0.9365581502358219 50678.0000000000000000 56.6636446056210303
876 0.9369607730357760 50731.0000000000000000 57.0255474452554765
877 0.9371333256643276 50788.0000000000000000 57.1820677035681584
878 0.9371908432071782 50793.0000000000000000 57.2344322344322336
879 0.9371908432071782 50793.0000000000000000 57.2344322344322336
880 0.9371908432071782 50793.0000000000000000 57.2344322344322336
881 0.9373633958357299 50830.0000000000000000 57.3921028466482994
882 0.9373633958357299 50830.0000000000000000 57.3921028466482994
883 0.9376509835499828 50877.0000000000000000 57.6568265682656858
884 0.9377660186356839 50881.0000000000000000 57.7634011090572983
885 0.9377660186356839 50881.0000000000000000 57.7634011090572983
886 0.9379960888070862 50907.0000000000000000 57.9777365491651224
887 0.9380536063499367 50911.0000000000000000 58.0315691736304515
888 0.9380536063499367 50911.0000000000000000 58.0315691736304515
889 0.9381111238927873 50915.0000000000000000 58.0855018587360590
890 0.9381686414356378 50919.0000000000000000 58.1395348837209269
891 0.9382261589784885 50919.0000000000000000 58.1936685288640589
892 0.9382261589784885 50919.0000000000000000 58.1936685288640589
893 0.9382836765213390 50925.0000000000000000 58.2479030754892833
894 0.9385137466927412 50941.0000000000000000 58.4658559401309645
895 0.9386862993212930 50960.0000000000000000 58.6303939962476548
896 0.9386862993212930 50960.0000000000000000 58.6303939962476548
897 0.9387438168641435 50962.0000000000000000 58.6854460093896719
898 0.9388013344069941 50966.0000000000000000 58.7406015037594003
899 0.9389738870355459 51022.0000000000000000 58.9066918001885043
900 0.9390314045783964 51022.0000000000000000 58.9622641509433976
901 0.9392039572069482 51040.0000000000000000 59.1296121097445635
902 0.9392039572069482 51040.0000000000000000 59.1296121097445635
903 0.9393765098354998 51054.0000000000000000 59.2979127134724848
904 0.9394915449212010 51097.0000000000000000 59.4106463878326991
905 0.9396065800069021 51136.0000000000000000 59.5238095238095255
906 0.9396640975497527 51138.0000000000000000 59.5805529075309792
907 0.9399516852640055 51211.0000000000000000 59.8659003831417635
908 0.9399516852640055 51211.0000000000000000 59.8659003831417635
909 0.9400667203497066 51221.0000000000000000 59.9808061420345524
910 0.9401817554354078 51229.0000000000000000 60.0961538461538467
911 0.9402392729782584 51266.0000000000000000 60.1539942252165574
912 0.9402967905211089 51266.0000000000000000 60.2119460500963370
913 0.9404693431496607 51326.0000000000000000 60.3864734299516925
914 0.9405843782353618 51336.0000000000000000 60.5033881897386223
915 0.9406418957782123 51340.0000000000000000 60.5620155038759691
916 0.9406994133210629 51340.0000000000000000 60.6207565470417080
917 0.9408144484067641 51361.0000000000000000 60.7385811467444086
918 0.9408144484067641 51361.0000000000000000 60.7385811467444086
919 0.9410445185781663 51367.0000000000000000 60.9756097560975618
920 0.9412170712067180 51371.0000000000000000 61.1545988258317053
921 0.9412745887495686 51375.0000000000000000 61.2144955925563181
922 0.9414471413781204 51435.0000000000000000 61.3948919449901780
923 0.9416772115495226 51445.0000000000000000 61.6370808678501021
924 0.9419072817209249 51491.0000000000000000 61.8811881188118846
925 0.9421373518923272 51499.0000000000000000 62.1272365805169002
926 0.9421948694351777 51503.0000000000000000 62.1890547263681626
927 0.9423099045208788 51593.0000000000000000 62.3130608175473597
928 0.9423674220637295 51628.0000000000000000 62.3752495009980024
929 0.9425399746922811 51738.0000000000000000 62.5625625625625617
930 0.9427125273208329 51756.0000000000000000 62.7510040160642575
931 0.9427700448636834 51781.0000000000000000 62.8140703517587937
932 0.9428850799493845 51793.0000000000000000 62.9405840886203407
933 0.9428850799493845 51793.0000000000000000 62.9405840886203407
934 0.9429425974922351 51798.0000000000000000 63.0040322580645196
935 0.9430001150350857 51811.0000000000000000 63.0676084762865798
936 0.9430576325779363 51815.0000000000000000 63.1313131313131279
937 0.9431151501207868 51815.0000000000000000 63.1951466127401389
938 0.9432301852064879 51840.0000000000000000 63.3232016210739630
939 0.9432301852064879 51840.0000000000000000 63.3232016210739630
940 0.9432877027493386 51840.0000000000000000 63.3874239350912774
941 0.9433452202921891 51868.0000000000000000 63.4517766497461935
942 0.9433452202921891 51868.0000000000000000 63.4517766497461935
943 0.9434602553778902 51885.0000000000000000 63.5808748728382511
944 0.9437478430921431 51933.0000000000000000 63.9059304703476485
945 0.9439779132635454 51949.0000000000000000 64.1683778234086191
946 0.9440354308063960 51949.0000000000000000 64.2343268242548788
947 0.9442079834349476 51968.0000000000000000 64.4329896907216551
948 0.9442655009777983 51989.0000000000000000 64.4994840041279645
949 0.9443230185206488 51989.0000000000000000 64.5661157024793368
950 0.9445530886920511 52041.0000000000000000 64.8340248962655608
951 0.9445530886920511 52041.0000000000000000 64.8340248962655608
952 0.9446106062349017 52045.0000000000000000 64.9013499480789164
953 0.9447256413206028 52085.0000000000000000 65.0364203954214304
954 0.9448406764063039 52085.0000000000000000 65.1720542231491180
955 0.9448981939491545 52089.0000000000000000 65.2400835073068919
956 0.9449557114920051 52091.0000000000000000 65.3082549634273732
957 0.9450132290348556 52185.0000000000000000 65.3765690376569069
958 0.9450707465777062 52201.0000000000000000 65.4450261780104654
959 0.9451282641205567 52205.0000000000000000 65.5136268343815544
960 0.9452432992062579 52213.0000000000000000 65.6512605042016872
961 0.9453583342919590 52235.0000000000000000 65.7894736842105203
962 0.9454733693776601 52241.0000000000000000 65.9282700421940859
963 0.9456459220062119 52263.0000000000000000 66.1375661375661394
964 0.9457034395490624 52263.0000000000000000 66.2076271186440692
965 0.9458759921776142 52286.0000000000000000 66.4187035069075478
966 0.9460485448061658 52313.0000000000000000 66.6311300639658839
967 0.9462210974347176 52321.0000000000000000 66.8449197860962556
968 0.9462786149775682 52327.0000000000000000 66.9164882226980779
969 0.9463936500632693 52339.0000000000000000 67.0600858369098773
970 0.9463936500632693 52339.0000000000000000 67.0600858369098773
971 0.9464511676061199 52339.0000000000000000 67.1321160042964493
972 0.9465086851489705 52343.0000000000000000 67.2043010752688161
973 0.9465086851489705 52343.0000000000000000 67.2043010752688161
974 0.9465086851489705 52343.0000000000000000 67.2043010752688161
975 0.9466237202346716 52376.0000000000000000 67.3491379310344769
976 0.9466812377775221 52376.0000000000000000 67.4217907227615996
977 0.9466812377775221 52376.0000000000000000 67.4217907227615996
978 0.9467387553203727 52395.0000000000000000 67.4946004319654378
979 0.9467962728632233 52437.0000000000000000 67.5675675675675649
980 0.9468537904060739 52441.0000000000000000 67.6406926406926345
981 0.9469113079489244 52445.0000000000000000 67.7139761646803890
982 0.9469688254917750 52445.0000000000000000 67.7874186550976106
983 0.9469688254917750 52445.0000000000000000 67.7874186550976106
984 0.9469688254917750 52445.0000000000000000 67.7874186550976106
985 0.9469688254917750 52445.0000000000000000 67.7874186550976106
986 0.9469688254917750 52445.0000000000000000 67.7874186550976106
987 0.9470838605774762 52449.0000000000000000 67.9347826086956559
988 0.9471988956631773 52455.0000000000000000 68.0827886710239625
989 0.9473714482917289 52471.0000000000000000 68.3060109289617543
990 0.9474289658345796 52475.0000000000000000 68.3807439824945362
991 0.9475440009202807 52506.0000000000000000 68.5307017543859587
992 0.9477740710916830 52570.0000000000000000 68.8325991189427242
993 0.9479466237202346 52641.0000000000000000 69.0607734806629878
994 0.9479466237202346 52641.0000000000000000 69.0607734806629878
995 0.9480041412630852 52645.0000000000000000 69.1371681415929231
996 0.9481191763487864 52666.0000000000000000 69.2904656319290524
997 0.9482917289773380 52757.0000000000000000 69.5216907675194591
998 0.9483492465201887 52761.0000000000000000 69.5991091314031110
999 0.9485217991487404 52822.0000000000000000 69.8324022346368736
1000 0.9485793166915909 52826.0000000000000000 69.9105145413870304
1001 0.9487518693201427 52863.0000000000000000 70.1459034792368072
1002 0.9488093868629932 52875.0000000000000000 70.2247191011235969
1003 0.9489244219486943 52886.0000000000000000 70.3828828828828819
1004 0.9489244219486943 52886.0000000000000000 70.3828828828828819
1005 0.9489819394915450 52971.0000000000000000 70.4622322435174766
1006 0.9490394570343955 52979.0000000000000000 70.5417607223476324
1007 0.9491544921200966 52987.0000000000000000 70.7013574660633424
1008 0.9492695272057977 53003.0000000000000000 70.8616780045351504
1009 0.9493845622914989 53021.0000000000000000 71.0227272727272663
1010 0.9494995973772000 53025.0000000000000000 71.1845102505694740
1011 0.9495571149200506 53029.0000000000000000 71.2656784492588429
1012 0.9496721500057518 53060.0000000000000000 71.4285714285714306
1013 0.9496721500057518 53060.0000000000000000 71.4285714285714306
1014 0.9497296675486023 53082.0000000000000000 71.5102974828375295
1015 0.9497296675486023 53082.0000000000000000 71.5102974828375295
1016 0.9499022201771540 53117.0000000000000000 71.7566016073478750
1017 0.9500747728057057 53136.0000000000000000 72.0046082949308754
1018 0.9501322903485563 53177.0000000000000000 72.0876585928489106
1019 0.9501322903485563 53177.0000000000000000 72.0876585928489106
1020 0.9502473254342575 53251.0000000000000000 72.2543352601156101
1021 0.9502473254342575 53251.0000000000000000 72.2543352601156101
1022 0.9502473254342575 53251.0000000000000000 72.2543352601156101
1023 0.9502473254342575 53251.0000000000000000 72.2543352601156101
1024 0.9502473254342575 53251.0000000000000000 72.2543352601156101
1025 0.9503623605199586 53261.0000000000000000 72.4217844727694029
1026 0.9504773956056597 53269.0000000000000000 72.5900116144018597
1027 0.9504773956056597 53269.0000000000000000 72.5900116144018597
1028 0.9505349131485102 53273.0000000000000000 72.6744186046511658
1029 0.9505924306913609 53273.0000000000000000 72.7590221187427204
1030 0.9506499482342115 53297.0000000000000000 72.8438228438228492
1031 0.9507074657770620 53301.0000000000000000 72.9288214702450404
1032 0.9508800184056138 53315.0000000000000000 73.1850117096018806
1033 0.9509375359484643 53337.0000000000000000 73.2708089097303628
1034 0.9509950534913149 53376.0000000000000000 73.3568075117370881
1035 0.9511100885770160 53386.0000000000000000 73.5294117647058840
1036 0.9513401587484183 53449.0000000000000000 73.8770685579196282
1037 0.9514551938341194 53558.0000000000000000 74.0521327014217974
1038 0.9516277464626711 53562.0000000000000000 74.3162901307966735
1039 0.9516277464626711 53562.0000000000000000 74.3162901307966735
1040 0.9516277464626711 53562.0000000000000000 74.3162901307966735
1041 0.9516852640055217 53745.0000000000000000 74.4047619047618980
1042 0.9517427815483722 53755.0000000000000000 74.4934445768772378
1043 0.9518002990912228 53757.0000000000000000 74.5823389021479670
1044 0.9518578166340734 53757.0000000000000000 74.6714456391875814
1045 0.9518578166340734 53757.0000000000000000 74.6714456391875814
1046 0.9518578166340734 53757.0000000000000000 74.6714456391875814
1047 0.9519153341769240 53761.0000000000000000 74.7607655502392277
1048 0.9519728517197745 53763.0000000000000000 74.8502994011976028
1049 0.9521454043483263 53806.0000000000000000 75.1201923076923066
1050 0.9522029218911768 53810.0000000000000000 75.2105896510228575
1051 0.9523179569768779 53825.0000000000000000 75.3920386007237653
1052 0.9524905096054297 53843.0000000000000000 75.6658595641646485
1053 0.9524905096054297 53843.0000000000000000 75.6658595641646485
1054 0.9525480271482802 53872.0000000000000000 75.7575757575757507
1055 0.9526055446911308 53881.0000000000000000 75.8495145631067942
1056 0.9527205797768319 53934.0000000000000000 76.0340632603406306
1057 0.9528931324053836 53940.0000000000000000 76.3125763125763115
1058 0.9529506499482342 53950.0000000000000000 76.4058679706601538
1059 0.9530656850339353 53978.0000000000000000 76.5931372549019613
1060 0.9530656850339353 53978.0000000000000000 76.5931372549019613
1061 0.9531807201196365 53982.0000000000000000 76.7813267813267828
1062 0.9532382376624871 53986.0000000000000000 76.8757687576875810
1063 0.9533532727481882 54013.0000000000000000 77.0653514180024644
1064 0.9534107902910388 54013.0000000000000000 77.1604938271604937
1065 0.9535833429195905 54026.0000000000000000 77.4473358116480739
1066 0.9536408604624410 54026.0000000000000000 77.5434243176178626
1067 0.9536983780052917 54026.0000000000000000 77.6397515527950333
1068 0.9538134130909928 54066.0000000000000000 77.8331257783312509
1069 0.9539859657195444 54094.0000000000000000 78.1250000000000000
1070 0.9539859657195444 54094.0000000000000000 78.1250000000000000
1071 0.9540434832623951 54105.0000000000000000 78.2227784730913669
1072 0.9540434832623951 54105.0000000000000000 78.2227784730913669
1073 0.9543310709766479 54179.0000000000000000 78.7153652392947123
1074 0.9543310709766479 54179.0000000000000000 78.7153652392947123
1075 0.9543310709766479 54179.0000000000000000 78.7153652392947123
1076 0.9543885885194985 54190.0000000000000000 78.8146279949558703
1077 0.9545036236051996 54198.0000000000000000 79.0139064475347652
1078 0.9545611411480501 54223.0000000000000000 79.1139240506329173
1079 0.9546186586909007 54223.0000000000000000 79.2141951837769369
1080 0.9546761762337513 54227.0000000000000000 79.3147208121827418
1081 0.9547336937766019 54233.0000000000000000 79.4155019059720502
1082 0.9547912113194524 54233.0000000000000000 79.5165394402035588
1083 0.9548487288623030 54251.0000000000000000 79.6178343949044631
1084 0.9549637639480042 54273.0000000000000000 79.8212005108556895
1085 0.9550212814908547 54277.0000000000000000 79.9232736572890019
1086 0.9550212814908547 54277.0000000000000000 79.9232736572890019
1087 0.9551363165765558 54302.0000000000000000 80.1282051282051242
1088 0.9553663867479582 54322.0000000000000000 80.5412371134020617
1089 0.9555389393765098 54350.0000000000000000 80.8538163001293668
1090 0.9557114920050616 54402.0000000000000000 81.1688311688311757
1091 0.9557690095479121 54408.0000000000000000 81.2743823146944067
1092 0.9558265270907627 54408.0000000000000000 81.3802083333333286
1093 0.9558840446336132 54420.0000000000000000 81.4863102998696149
1094 0.9558840446336132 54420.0000000000000000 81.4863102998696149
1095 0.9559415621764639 54424.0000000000000000 81.5926892950391647
1096 0.9559990797193144 54435.0000000000000000 81.6993464052287521
1097 0.9561141148050155 54480.0000000000000000 81.9134993446919992
1098 0.9562291498907167 54526.0000000000000000 82.1287779237844973
1099 0.9562866674335673 54526.0000000000000000 82.2368421052631646
1100 0.9562866674335673 54526.0000000000000000 82.2368421052631646
1101 0.9562866674335673 54526.0000000000000000 82.2368421052631646
1102 0.9564017025192684 54569.0000000000000000 82.4538258575197887
1103 0.9564017025192684 54569.0000000000000000 82.4538258575197887
1104 0.9564592200621189 54883.0000000000000000 82.5627476882430642
1105 0.9564592200621189 54883.0000000000000000 82.5627476882430642
1106 0.9565167376049695 54883.0000000000000000 82.6719576719576708
1107 0.9565742551478201 54902.0000000000000000 82.7814569536423903
1108 0.9566317726906707 54902.0000000000000000 82.8912466843501363
1109 0.9566317726906707 54902.0000000000000000 82.8912466843501363
1110 0.9566892902335212 54913.0000000000000000 83.0013280212483409
1111 0.9568043253192223 54917.0000000000000000 83.2223701731025329
1112 0.9568043253192223 54917.0000000000000000 83.2223701731025329
1113 0.9568043253192223 54917.0000000000000000 83.2223701731025329
1114 0.9568618428620730 54917.0000000000000000 83.3333333333333286
1115 0.9568618428620730 54917.0000000000000000 83.3333333333333286
1116 0.9568618428620730 54917.0000000000000000 83.3333333333333286
1117 0.9569193604049235 54917.0000000000000000 83.4445927903871763
1118 0.9570919130334752 54927.0000000000000000 83.7801608579088537
1119 0.9570919130334752 54927.0000000000000000 83.7801608579088537
1120 0.9570919130334752 54927.0000000000000000 83.7801608579088537
1121 0.9570919130334752 54927.0000000000000000 83.7801608579088537
1122 0.9571494305763257 54933.0000000000000000 83.8926174496644279
1123 0.9571494305763257 54933.0000000000000000 83.8926174496644279
1124 0.9572644656620269 54941.0000000000000000 84.1184387617765879
1125 0.9573219832048775 54951.0000000000000000 84.2318059299191333
1126 0.9573219832048775 54951.0000000000000000 84.2318059299191333
1127 0.9574370182905786 54966.0000000000000000 84.4594594594594525
1128 0.9574370182905786 54966.0000000000000000 84.4594594594594525
1129 0.9575520533762798 55009.0000000000000000 84.6883468834688387
1130 0.9576670884619809 55019.0000000000000000 84.9184782608695627
1131 0.9576670884619809 55019.0000000000000000 84.9184782608695627
1132 0.9576670884619809 55019.0000000000000000 84.9184782608695627
1133 0.9577246060048314 55035.0000000000000000 85.0340136054421833
1134 0.9578396410905327 55043.0000000000000000 85.2660300136425633
1135 0.9578971586333832 55047.0000000000000000 85.3825136612021822
1136 0.9579546761762338 55090.0000000000000000 85.4993160054719539
1137 0.9580697112619349 55100.0000000000000000 85.7338820301783215
1138 0.9581272288047855 55100.0000000000000000 85.8516483516483504
1139 0.9581272288047855 55100.0000000000000000 85.8516483516483504
1140 0.9582997814333372 55112.0000000000000000 86.2068965517241423
1141 0.9583572989761877 55116.0000000000000000 86.3259668508287348
1142 0.9584723340618889 55128.0000000000000000 86.5650969529085899
1143 0.9585298516047395 55128.0000000000000000 86.6851595006934872
1144 0.9586448866904406 55137.0000000000000000 86.9262865090403380
1145 0.9587024042332911 55141.0000000000000000 87.0473537604456880
1146 0.9587599217761418 55145.0000000000000000 87.1687587168758711
1147 0.9588174393189923 55145.0000000000000000 87.2905027932960849
1148 0.9589324744046934 55186.0000000000000000 87.5350140056022354
1149 0.9589899919475440 55207.0000000000000000 87.6577840112202011
1150 0.9590475094903945 55207.0000000000000000 87.7808988764044926
1151 0.9591625445760957 55223.0000000000000000 88.0281690140845114
1152 0.9592200621189463 55229.0000000000000000 88.1523272214386395
1153 0.9592200621189463 55229.0000000000000000 88.1523272214386395
1154 0.9592775796617968 55251.0000000000000000 88.2768361581920971
1155 0.9592775796617968 55251.0000000000000000 88.2768361581920971
1156 0.9593926147474980 55257.0000000000000000 88.5269121813031177
1157 0.9593926147474980 55257.0000000000000000 88.5269121813031177
1158 0.9594501322903486 55261.0000000000000000 88.6524822695035510
1159 0.9595076498331991 55265.0000000000000000 88.7784090909090935
1160 0.9595651673760497 55269.0000000000000000 88.9046941678520568
1161 0.9595651673760497 55269.0000000000000000 88.9046941678520568
1162 0.9596226849189002 55269.0000000000000000 89.0313390313390300
1163 0.9596802024617508 55269.0000000000000000 89.1583452211126968
1164 0.9596802024617508 55269.0000000000000000 89.1583452211126968
1165 0.9596802024617508 55269.0000000000000000 89.1583452211126968
1166 0.9597377200046014 55307.0000000000000000 89.2857142857142918
1167 0.9597952375474520 55311.0000000000000000 89.4134477825464984
1168 0.9598527550903025 55375.0000000000000000 89.5415472779369566
1169 0.9598527550903025 55375.0000000000000000 89.5415472779369566
1170 0.9599102726331531 55379.0000000000000000 89.6700143472022972
1171 0.9600253077188543 55387.0000000000000000 89.9280575539568332
1172 0.9601978603474060 55417.0000000000000000 90.3179190751445020
1173 0.9602553778902565 55433.0000000000000000 90.4486251808972526
1174 0.9602553778902565 55433.0000000000000000 90.4486251808972526
1175 0.9602553778902565 55433.0000000000000000 90.4486251808972526
1176 0.9602553778902565 55433.0000000000000000 90.4486251808972526
1177 0.9602553778902565 55433.0000000000000000 90.4486251808972526
1178 0.9602553778902565 55433.0000000000000000 90.4486251808972526
1179 0.9602553778902565 55433.0000000000000000 90.4486251808972526
1180 0.9603704129759577 55437.0000000000000000 90.7111756168359875
1181 0.9604279305188083 55443.0000000000000000 90.8430232558139465
1182 0.9604854480616588 55523.0000000000000000 90.9752547307132460
1183 0.9605429656045094 55527.0000000000000000 91.1078717201166199
1184 0.9605429656045094 55527.0000000000000000 91.1078717201166199
1185 0.9606004831473599 55536.0000000000000000 91.2408759124087538
1186 0.9606580006902106 55536.0000000000000000 91.3742690058479496
1187 0.9607155182330611 55536.0000000000000000 91.5080527086383597
1188 0.9607155182330611 55536.0000000000000000 91.5080527086383597
1189 0.9607730357759117 55568.0000000000000000 91.6422287390029311
1190 0.9608305533187622 55572.0000000000000000 91.7767988252569751
1191 0.9608880708616128 55572.0000000000000000 91.9117647058823479
1192 0.9609455884044633 55576.0000000000000000 92.0471281296023562
1193 0.9610031059473140 55603.0000000000000000 92.1828908554572308
1194 0.9610031059473140 55603.0000000000000000 92.1828908554572308
1195 0.9611181410330151 55605.0000000000000000 92.4556213017751531
1196 0.9611181410330151 55605.0000000000000000 92.4556213017751531
1197 0.9611756585758656 55609.0000000000000000 92.5925925925925952
1198 0.9611756585758656 55609.0000000000000000 92.5925925925925952
1199 0.9611756585758656 55609.0000000000000000 92.5925925925925952
1200 0.9611756585758656 55609.0000000000000000 92.5925925925925952
1201 0.9612906936615668 55613.0000000000000000 92.8677563150074263
1202 0.9613482112044174 55640.0000000000000000 93.0059523809523796
1203 0.9614057287472679 55640.0000000000000000 93.1445603576751182
1204 0.9614632462901185 55644.0000000000000000 93.2835820895522403
1205 0.9615207638329690 55644.0000000000000000 93.4230194319880383
1206 0.9615207638329690 55644.0000000000000000 93.4230194319880383
1207 0.9616357989186702 55658.0000000000000000 93.7031484257871057
1208 0.9616357989186702 55658.0000000000000000 93.7031484257871057
1209 0.9616933164615208 55668.0000000000000000 93.8438438438438425
1210 0.9617508340043713 55670.0000000000000000 93.9849624060150433
1211 0.9617508340043713 55670.0000000000000000 93.9849624060150433
1212 0.9618083515472219 55672.0000000000000000 94.1265060240963862
1213 0.9618658690900724 55676.0000000000000000 94.2684766214178040
1214 0.9619809041757736 55680.0000000000000000 94.5537065052950112
1215 0.9619809041757736 55680.0000000000000000 94.5537065052950112
1216 0.9619809041757736 55680.0000000000000000 94.5537065052950112
1217 0.9620384217186242 55684.0000000000000000 94.6969696969697026
1218 0.9620384217186242 55684.0000000000000000 94.6969696969697026
1219 0.9620384217186242 55684.0000000000000000 94.6969696969697026
1220 0.9621534568043253 55692.0000000000000000 94.9848024316109445
1221 0.9622684918900265 55707.0000000000000000 95.2743902439024453
1222 0.9622684918900265 55707.0000000000000000 95.2743902439024453
1223 0.9623260094328770 55711.0000000000000000 95.4198473282442734
1224 0.9624410445185781 55732.0000000000000000 95.7120980091883666
1225 0.9624985620614287 55754.0000000000000000 95.8588957055214763
1226 0.9624985620614287 55754.0000000000000000 95.8588957055214763
1227 0.9624985620614287 55754.0000000000000000 95.8588957055214763
1228 0.9626711146899805 55789.0000000000000000 96.3020030816640968
1229 0.9627286322328310 55793.0000000000000000 96.4506172839506206
1230 0.9627286322328310 55793.0000000000000000 96.4506172839506206
1231 0.9627286322328310 55793.0000000000000000 96.4506172839506206
1232 0.9627861497756816 55799.0000000000000000 96.5996908809891863
1233 0.9627861497756816 55799.0000000000000000 96.5996908809891863
1234 0.9627861497756816 55799.0000000000000000 96.5996908809891863
1235 0.9627861497756816 55799.0000000000000000 96.5996908809891863
1236 0.9629011848613828 55813.0000000000000000 96.8992248062015449
1237 0.9629587024042333 55821.0000000000000000 97.0496894409937880
1238 0.9629587024042333 55821.0000000000000000 97.0496894409937880
1239 0.9629587024042333 55821.0000000000000000 97.0496894409937880
1240 0.9630162199470839 55829.0000000000000000 97.2006220839813437
1241 0.9631312550327850 55859.0000000000000000 97.5039001560062388
1242 0.9633038076613367 55859.0000000000000000 97.9623824451410599
1243 0.9633613252041873 55875.0000000000000000 98.1161695447409699
1244 0.9633613252041873 55875.0000000000000000 98.1161695447409699
1245 0.9634188427470378 55896.0000000000000000 98.2704402515723245
1246 0.9634763602898884 55896.0000000000000000 98.4251968503937036
1247 0.9635913953755896 55904.0000000000000000 98.7361769352290679
1248 0.9635913953755896 55904.0000000000000000 98.7361769352290679
1249 0.9636489129184401 55904.0000000000000000 98.8924050632911360
1250 0.9636489129184401 55904.0000000000000000 98.8924050632911360
1251 0.9637064304612907 55914.0000000000000000 99.0491283676703631
1252 0.9637064304612907 55914.0000000000000000 99.0491283676703631
1253 0.9637064304612907 55914.0000000000000000 99.0491283676703631
1254 0.9637639480041412 55920.0000000000000000 99.2063492063492021
1255 0.9638214655469919 55932.0000000000000000 99.3640699523052433
1256 0.9638214655469919 55932.0000000000000000 99.3640699523052433
1257 0.9638789830898424 55955.0000000000000000 99.5222929936305718
1258 0.9639365006326930 55955.0000000000000000 99.6810207336523177
1259 0.9639365006326930 55955.0000000000000000 99.6810207336523177
1260 0.9639940181755435 55970.0000000000000000 99.8402555910543157
1261 0.9639940181755435 55970.0000000000000000 99.8402555910543157
1262 0.9639940181755435 55970.0000000000000000 99.8402555910543157
1263 0.9640515357183941 56033.0000000000000000 100.0000000000000000
1264 0.9641090532612446 56046.0000000000000000 100.1602564102564088
1265 0.9641090532612446 56046.0000000000000000 100.1602564102564088
1266 0.9641090532612446 56046.0000000000000000 100.1602564102564088
1267 0.9641090532612446 56046.0000000000000000 100.1602564102564088
1268 0.9642240883469458 56060.0000000000000000 100.4823151125401921
1269 0.9642240883469458 56060.0000000000000000 100.4823151125401921
1270 0.9643391234326469 56071.0000000000000000 100.8064516129032313
1271 0.9643391234326469 56071.0000000000000000 100.8064516129032313
1272 0.9644541585183481 56091.0000000000000000 101.1326860841423922
1273 0.9644541585183481 56091.0000000000000000 101.1326860841423922
1274 0.9644541585183481 56091.0000000000000000 101.1326860841423922
1275 0.9645116760611987 56095.0000000000000000 101.2965964343597989
1276 0.9645116760611987 56095.0000000000000000 101.2965964343597989
1277 0.9645116760611987 56095.0000000000000000 101.2965964343597989
1278 0.9645691936040492 56095.0000000000000000 101.4610389610389660
1279 0.9646267111468998 56099.0000000000000000 101.6260162601626007
1280 0.9646267111468998 56099.0000000000000000 101.6260162601626007
1281 0.9646267111468998 56099.0000000000000000 101.6260162601626007
1282 0.9646267111468998 56099.0000000000000000 101.6260162601626007
1283 0.9646267111468998 56099.0000000000000000 101.6260162601626007
1284 0.9646267111468998 56099.0000000000000000 101.6260162601626007
1285 0.9646267111468998 56099.0000000000000000 101.6260162601626007
1286 0.9646267111468998 56099.0000000000000000 101.6260162601626007
1287 0.9646842286897503 56103.0000000000000000 101.7915309446254071
1288 0.9647417462326009 56103.0000000000000000 101.9575856443719459
1289 0.9647417462326009 56103.0000000000000000 101.9575856443719459
1290 0.9647417462326009 56103.0000000000000000 101.9575856443719459
1291 0.9647992637754516 56105.0000000000000000 102.1241830065359437
1292 0.9647992637754516 56105.0000000000000000 102.1241830065359437
1293 0.9648567813183021 56109.0000000000000000 102.2913256955810084
1294 0.9649142988611527 56113.0000000000000000 102.4590163934426243
1295 0.9649142988611527 56113.0000000000000000 102.4590163934426243
1296 0.9649142988611527 56113.0000000000000000 102.4590163934426243
1297 0.9649718164040032 56119.0000000000000000 102.6272577996715967
1298 0.9650868514897044 56123.0000000000000000 102.9654036243822048
1299 0.9651443690325550 56137.0000000000000000 103.1353135313531340
1300 0.9651443690325550 56137.0000000000000000 103.1353135313531340
1301 0.9651443690325550 56137.0000000000000000 103.1353135313531340
1302 0.9651443690325550 56137.0000000000000000 103.1353135313531340
1303 0.9652018865754055 56141.0000000000000000 103.3057851239669418
1304 0.9652594041182561 56145.0000000000000000 103.4768211920529808
1305 0.9653169216611066 56145.0000000000000000 103.6484245439469305
1306 0.9653744392039572 56149.0000000000000000 103.8205980066445164
1307 0.9654319567468078 56241.0000000000000000 103.9933444259567352
1308 0.9654894742896584 56241.0000000000000000 104.1666666666666714
1309 0.9655469918325089 56252.0000000000000000 104.3405676126878063
1310 0.9655469918325089 56252.0000000000000000 104.3405676126878063
1311 0.9655469918325089 56252.0000000000000000 104.3405676126878063
1312 0.9655469918325089 56252.0000000000000000 104.3405676126878063
1313 0.9656045093753595 56262.0000000000000000 104.5150501672240750
1314 0.9656620269182100 56268.0000000000000000 104.6901172529313300
1315 0.9656620269182100 56268.0000000000000000 104.6901172529313300
1316 0.9657195444610607 56274.0000000000000000 104.8657718120805384
1317 0.9658345795467618 56327.0000000000000000 105.2188552188552251
1318 0.9658345795467618 56327.0000000000000000 105.2188552188552251
1319 0.9658920970896123 56331.0000000000000000 105.3962900505902240
1320 0.9658920970896123 56331.0000000000000000 105.3962900505902240
1321 0.9658920970896123 56331.0000000000000000 105.3962900505902240
1322 0.9659496146324629 56333.0000000000000000 105.5743243243243228
1323 0.9659496146324629 56333.0000000000000000 105.5743243243243228
1324 0.9660071321753134 56337.0000000000000000 105.7529610829103177
1325 0.9661796848038652 56413.0000000000000000 106.2925170068027256
1326 0.9661796848038652 56413.0000000000000000 106.2925170068027256
1327 0.9661796848038652 56413.0000000000000000 106.2925170068027256
1328 0.9661796848038652 56413.0000000000000000 106.2925170068027256
1329 0.9661796848038652 56413.0000000000000000 106.2925170068027256
1330 0.9662372023467157 56413.0000000000000000 106.4735945485519579
1331 0.9663522374324169 56413.0000000000000000 106.8376068376068417
1332 0.9664097549752675 56429.0000000000000000 107.0205479452054789
1333 0.9664672725181180 56429.0000000000000000 107.2041166380789008
1334 0.9664672725181180 56429.0000000000000000 107.2041166380789008
1335 0.9664672725181180 56429.0000000000000000 107.2041166380789008
1336 0.9665247900609686 56431.0000000000000000 107.3883161512027442
1337 0.9665823076038191 56521.0000000000000000 107.5731497418244373
1338 0.9666398251466697 56531.0000000000000000 107.7586206896551744
1339 0.9666398251466697 56531.0000000000000000 107.7586206896551744
1340 0.9666398251466697 56531.0000000000000000 107.7586206896551744
1341 0.9666973426895203 56537.0000000000000000 107.9447322970639078
1342 0.9666973426895203 56537.0000000000000000 107.9447322970639078
1343 0.9666973426895203 56537.0000000000000000 107.9447322970639078
1344 0.9666973426895203 56537.0000000000000000 107.9447322970639078
1345 0.9667548602323709 56539.0000000000000000 108.1314878892733589
1346 0.9668698953180720 56549.0000000000000000 108.5069444444444429
1347 0.9669849304037732 56557.0000000000000000 108.8850174216027824
1348 0.9669849304037732 56557.0000000000000000 108.8850174216027824
1349 0.9669849304037732 56557.0000000000000000 108.8850174216027824
1350 0.9670424479466238 56561.0000000000000000 109.0750436300174471
1351 0.9670999654894743 56571.0000000000000000 109.2657342657342667
1352 0.9670999654894743 56571.0000000000000000 109.2657342657342667
1353 0.9671574830323248 56577.0000000000000000 109.4570928196147150
1354 0.9672150005751754 56585.0000000000000000 109.6491228070175481
1355 0.9672150005751754 56585.0000000000000000 109.6491228070175481
1356 0.9672150005751754 56585.0000000000000000 109.6491228070175481
1357 0.9672150005751754 56585.0000000000000000 109.6491228070175481
1358 0.9672725181180259 56589.0000000000000000 109.8418277680140562
1359 0.9672725181180259 56589.0000000000000000 109.8418277680140562
1360 0.9672725181180259 56589.0000000000000000 109.8418277680140562
1361 0.9673300356608766 56595.0000000000000000 110.0352112676056322
1362 0.9673300356608766 56595.0000000000000000 110.0352112676056322
1363 0.9673300356608766 56595.0000000000000000 110.0352112676056322
1364 0.9674450707465777 56618.0000000000000000 110.4240282685512398
1365 0.9675025882894283 56622.0000000000000000 110.6194690265486713
1366 0.9675025882894283 56622.0000000000000000 110.6194690265486713
1367 0.9677326584608306 56739.0000000000000000 111.4081996434937594
1368 0.9677326584608306 56739.0000000000000000 111.4081996434937594
1369 0.9678476935465317 56739.0000000000000000 111.8067978533094760
1370 0.9679627286322329 56760.0000000000000000 112.2082585278276525
1371 0.9679627286322329 56760.0000000000000000 112.2082585278276525
1372 0.9680202461750834 56784.0000000000000000 112.4100719424460380
1373 0.9680777637179340 56788.0000000000000000 112.6126126126126081
1374 0.9680777637179340 56788.0000000000000000 112.6126126126126081
1375 0.9680777637179340 56788.0000000000000000 112.6126126126126081
1376 0.9680777637179340 56788.0000000000000000 112.6126126126126081
1377 0.9680777637179340 56788.0000000000000000 112.6126126126126081
1378 0.9681352812607845 56790.0000000000000000 112.8158844765342934
1379 0.9681352812607845 56790.0000000000000000 112.8158844765342934
1380 0.9681927988036351 56796.0000000000000000 113.0198915009041656
1381 0.9682503163464857 56800.0000000000000000 113.2246376811594217
1382 0.9682503163464857 56800.0000000000000000 113.2246376811594217
1383 0.9682503163464857 56800.0000000000000000 113.2246376811594217
1384 0.9683078338893363 56802.0000000000000000 113.4301270417422813
1385 0.9683078338893363 56802.0000000000000000 113.4301270417422813
1386 0.9683078338893363 56802.0000000000000000 113.4301270417422813
1387 0.9683653514321868 56806.0000000000000000 113.6363636363636402
1388 0.9684228689750374 56806.0000000000000000 113.8433515482695810
1389 0.9684803865178879 56810.0000000000000000 114.0510948905109530
1390 0.9684803865178879 56810.0000000000000000 114.0510948905109530
1391 0.9685379040607385 56814.0000000000000000 114.2595978062157229
1392 0.9685379040607385 56814.0000000000000000 114.2595978062157229
1393 0.9685379040607385 56814.0000000000000000 114.2595978062157229
1394 0.9687104566892902 56953.0000000000000000 114.8897058823529420
1395 0.9687679742321408 56955.0000000000000000 115.1012891344383036
1396 0.9687679742321408 56955.0000000000000000 115.1012891344383036
1397 0.9687679742321408 56955.0000000000000000 115.1012891344383036
1398 0.9687679742321408 56955.0000000000000000 115.1012891344383036
1399 0.9688254917749913 56961.0000000000000000 115.3136531365313715
1400 0.9688254917749913 56961.0000000000000000 115.3136531365313715
1401 0.9688830093178420 56989.0000000000000000 115.5268022181145966
1402 0.9689405268606925 57003.0000000000000000 115.7407407407407476
1403 0.9689405268606925 57003.0000000000000000 115.7407407407407476
1404 0.9689405268606925 57003.0000000000000000 115.7407407407407476
1405 0.9689980444035431 57031.0000000000000000 115.9554730983302449
1406 0.9689980444035431 57031.0000000000000000 115.9554730983302449
1407 0.9689980444035431 57031.0000000000000000 115.9554730983302449
1408 0.9689980444035431 57031.0000000000000000 115.9554730983302449
1409 0.9689980444035431 57031.0000000000000000 115.9554730983302449
1410 0.9689980444035431 57031.0000000000000000 115.9554730983302449
1411 0.9689980444035431 57031.0000000000000000 115.9554730983302449
1412 0.9689980444035431 57031.0000000000000000 115.9554730983302449
1413 0.9689980444035431 57031.0000000000000000 115.9554730983302449
1414 0.9689980444035431 57031.0000000000000000 115.9554730983302449
1415 0.9690555619463936 57075.0000000000000000 116.1710037174721180
1416 0.9691130794892442 57081.0000000000000000 116.3873370577281179
1417 0.9691705970320947 57083.0000000000000000 116.6044776119402968
1418 0.9691705970320947 57083.0000000000000000 116.6044776119402968
1419 0.9691705970320947 57083.0000000000000000 116.6044776119402968
1420 0.9691705970320947 57083.0000000000000000 116.6044776119402968
1421 0.9691705970320947 57083.0000000000000000 116.6044776119402968
1422 0.9691705970320947 57083.0000000000000000 116.6044776119402968
1423 0.9691705970320947 57083.0000000000000000 116.6044776119402968
1424 0.9691705970320947 57083.0000000000000000 116.6044776119402968
1425 0.9692281145749454 57087.0000000000000000 116.8224299065420553
1426 0.9692281145749454 57087.0000000000000000 116.8224299065420553
1427 0.9692281145749454 57087.0000000000000000 116.8224299065420553
1428 0.9693431496606465 57103.0000000000000000 117.2607879924953096
1429 0.9694006672034970 57103.0000000000000000 117.4812030075188005
1430 0.9694581847463476 57105.0000000000000000 117.7024482109227819
1431 0.9694581847463476 57105.0000000000000000 117.7024482109227819
1432 0.9695157022891983 57123.0000000000000000 117.9245283018867951
1433 0.9695157022891983 57123.0000000000000000 117.9245283018867951
1434 0.9696307373748994 57125.0000000000000000 118.3712121212121247
1435 0.9696882549177499 57127.0000000000000000 118.5958254269449696
1436 0.9696882549177499 57127.0000000000000000 118.5958254269449696
1437 0.9697457724606005 57143.0000000000000000 118.8212927756653983
1438 0.9697457724606005 57143.0000000000000000 118.8212927756653983
1439 0.9697457724606005 57143.0000000000000000 118.8212927756653983
1440 0.9697457724606005 57143.0000000000000000 118.8212927756653983
1441 0.9697457724606005 57143.0000000000000000 118.8212927756653983
1442 0.9697457724606005 57143.0000000000000000 118.8212927756653983
1443 0.9698608075463017 57165.0000000000000000 119.2748091603053382
1444 0.9699183250891522 57179.0000000000000000 119.5028680688336493
1445 0.9699758426320028 57181.0000000000000000 119.7318007662835271
1446 0.9699758426320028 57181.0000000000000000 119.7318007662835271
1447 0.9699758426320028 57181.0000000000000000 119.7318007662835271
1448 0.9700333601748533 57181.0000000000000000 119.9616122840691048
1449 0.9700333601748533 57181.0000000000000000 119.9616122840691048
1450 0.9700333601748533 57181.0000000000000000 119.9616122840691048
1451 0.9700333601748533 57181.0000000000000000 119.9616122840691048
1452 0.9700333601748533 57181.0000000000000000 119.9616122840691048
1453 0.9700908777177039 57253.0000000000000000 120.1923076923076934
1454 0.9701483952605545 57276.0000000000000000 120.4238921001926741
1455 0.9701483952605545 57276.0000000000000000 120.4238921001926741
1456 0.9701483952605545 57276.0000000000000000 120.4238921001926741
1457 0.9701483952605545 57276.0000000000000000 120.4238921001926741
1458 0.9701483952605545 57276.0000000000000000 120.4238921001926741
