Simulation.timestep  Simulation.tps  md.compute.ThermodynamicQuantities.kinetic_temperature md.compute.ThermodynamicQuantities.pressure md.compute.ThermodynamicQuantities.kinetic_energy md.compute.ThermodynamicQuantities.potential_energy md.compute.ThermodynamicQuantities.volume
       9100             7.77655                             1.00446                                          -0.20442                                      9.79349e+04                                        7.76327e+05                                    7.98369e+04               
       10100            8.79133                             1.00897                                           0.02560                                      9.83742e+04                                        7.73753e+05                                    7.77597e+04               
       11100            8.77789                             1.00271                                          -0.07772                                      9.77646e+04                                        7.78087e+05                                    7.77051e+04               
       12100            8.77836                             1.00050                                          -0.03641                                      9.75491e+04                                        7.82446e+05                                    7.74137e+04               
       13100            8.77570                             1.00139                                           0.05160                                      9.76352e+04                                        7.86915e+05                                    7.73849e+04               
       14100            8.69758                             1.00099                                           0.06381                                      9.75962e+04                                        7.89916e+05                                    7.71298e+04               
Simulation.timestep  Simulation.tps  md.compute.ThermodynamicQuantities.kinetic_temperature md.compute.ThermodynamicQuantities.pressure md.compute.ThermodynamicQuantities.kinetic_energy md.compute.ThermodynamicQuantities.potential_energy md.compute.ThermodynamicQuantities.volume
      367100            6.93512                             1.01660                                           0.09618                                      9.91184e+04                                        1.18329e+06                                    7.29070e+04               
      368100            7.82155                             0.98501                                           0.04167                                      9.60382e+04                                        1.17804e+06                                    7.23791e+04               
      369100            7.86501                             0.99246                                           0.00047                                      9.67653e+04                                        1.17935e+06                                    7.25571e+04               
      370100            7.60758                             0.99896                                          -0.02618                                      9.73985e+04                                        1.17856e+06                                    7.23941e+04               
      371100            8.03348                             0.99583                                           0.11454                                      9.70939e+04                                        1.17923e+06                                    7.24641e+04               
      372100            7.80534                             0.99832                                           0.00839                                      9.73364e+04                                        1.17832e+06                                    7.23597e+04               
      373100            7.86601                             0.99970                                          -0.01145                                      9.74710e+04                                        1.17926e+06                                    7.24064e+04               
      374100            7.80434                             0.99306                                          -0.05605                                      9.68234e+04                                        1.17892e+06                                    7.23851e+04               
      375100            6.90149                             0.99366                                          -0.06214                                      9.68817e+04                                        1.17876e+06                                    7.24077e+04               
      376100            6.78275                             0.99073                                          -0.02309                                      9.65960e+04                                        1.18025e+06                                    7.26852e+04               
      377100            6.78639                             0.98444                                          -0.06331                                      9.59825e+04                                        1.17874e+06                                    7.24689e+04               
      378100            6.77608                             0.99008                                           0.01496                                      9.65332e+04                                        1.18009e+06                                    7.24546e+04               
      379100            6.68843                             0.99483                                          -0.00989                                      9.69956e+04                                        1.18004e+06                                    7.24837e+04               
      380100            6.71806                             0.99435                                          -0.02875                                      9.69488e+04                                        1.17904e+06                                    7.24454e+04               
      381100            6.83638                             0.99451                                          -0.02330                                      9.69644e+04                                        1.17996e+06                                    7.24917e+04               
      382100            6.70863                             0.98729                                          -0.11456                                      9.62606e+04                                        1.17990e+06                                    7.25362e+04               
      383100            6.70860                             0.98899                                           0.06141                                      9.64263e+04                                        1.17930e+06                                    7.22372e+04               
      384100            6.66305                             0.98396                                          -0.00735                                      9.59363e+04                                        1.17891e+06                                    7.22321e+04               
      385100            6.71325                             0.98859                                          -0.02284                                      9.63880e+04                                        1.18018e+06                                    7.23709e+04               
      386100            6.68209                             0.99110                                           0.04579                                      9.66322e+04                                        1.18015e+06                                    7.23483e+04               
      387100            6.70489                             0.99480                                          -0.06197                                      9.69932e+04                                        1.18072e+06                                    7.25494e+04               
      388100            6.70032                             0.99653                                           0.00095                                      9.71622e+04                                        1.18119e+06                                    7.24753e+04               
      389100            6.69344                             0.99489                                          -0.00162                                      9.70019e+04                                        1.18094e+06                                    7.24382e+04               
      390100            6.71961                             0.99576                                          -0.08203                                      9.70869e+04                                        1.18238e+06                                    7.27494e+04               
      391100            6.70622                             0.98508                                          -0.02439                                      9.60454e+04                                        1.18119e+06                                    7.25475e+04               
      392100            6.74441                             0.99563                                          -0.06307                                      9.70736e+04                                        1.18211e+06                                    7.26777e+04               
      393100            6.75427                             0.99796                                           0.02261                                      9.73013e+04                                        1.18136e+06                                    7.24918e+04               
      394100            6.91950                             0.99218                                          -0.13892                                      9.67376e+04                                        1.18200e+06                                    7.26698e+04               
      395100            6.74499                             0.98887                                          -0.05624                                      9.64150e+04                                        1.18079e+06                                    7.24376e+04               
      396100            6.74966                             0.98190                                          -0.06438                                      9.57354e+04                                        1.18076e+06                                    7.24596e+04               
      397100            6.72701                             1.00097                                           0.00449                                      9.75947e+04                                        1.18291e+06                                    7.25513e+04               
      398100            6.75291                             0.99602                                           0.04438                                      9.71119e+04                                        1.18197e+06                                    7.24352e+04               
      399100            6.83861                             1.00050                                           0.00315                                      9.75489e+04                                        1.18128e+06                                    7.23897e+04               
      400100            7.03619                             0.99097                                          -0.03278                                      9.66197e+04                                        1.18233e+06                                    7.24743e+04               
      401100            7.30220                             0.98910                                          -0.05433                                      9.64370e+04                                        1.18242e+06                                    7.24194e+04               
      402100            7.24398                             0.99245                                          -0.05542                                      9.67643e+04                                        1.18231e+06                                    7.24324e+04               
      403100            7.34346                             0.99042                                          -0.02696                                      9.65658e+04                                        1.18164e+06                                    7.24131e+04               
      404100            7.29396                             0.99464                                          -0.09212                                      9.69769e+04                                        1.18206e+06                                    7.24838e+04               
      405100            7.43755                             0.99076                                          -0.01793                                      9.65993e+04                                        1.18245e+06                                    7.25189e+04               
      406100            7.47415                             0.98590                                           0.02223                                      9.61248e+04                                        1.18284e+06                                    7.25028e+04               
      407100            7.69657                             0.99586                                           0.06923                                      9.70965e+04                                        1.18286e+06                                    7.24320e+04               
      408100            7.70412                             0.99426                                          -0.02294                                      9.69402e+04                                        1.18373e+06                                    7.26766e+04               
      409100            7.84566                             0.99582                                          -0.04619                                      9.70928e+04                                        1.18286e+06                                    7.24494e+04               
      410100            7.94258                             0.98954                                          -0.06776                                      9.64800e+04                                        1.18297e+06                                    7.25235e+04               
      411100            7.95576                             0.98988                                          -0.01094                                      9.65133e+04                                        1.18190e+06                                    7.23653e+04               
      412100            7.93911                             0.99130                                           0.04322                                      9.66516e+04                                        1.18236e+06                                    7.23107e+04               
      413100            7.92608                             0.99373                                           0.05314                                      9.68888e+04                                        1.18330e+06                                    7.23752e+04               
      414100            7.88699                             0.98835                                          -0.01831                                      9.63643e+04                                        1.18223e+06                                    7.24244e+04               
      415100            7.92106                             0.99065                                          -0.02496                                      9.65885e+04                                        1.18259e+06                                    7.24402e+04               
      416100            8.02544                             0.99486                                           0.01017                                      9.69987e+04                                        1.18250e+06                                    7.23410e+04               
      417100            7.98910                             0.99687                                           0.02534                                      9.71953e+04                                        1.18337e+06                                    7.24216e+04               
      418100            8.20831                             0.98804                                          -0.00430                                      9.63343e+04                                        1.18294e+06                                    7.24347e+04               
      419100            8.04463                             0.99664                                           0.00896                                      9.71721e+04                                        1.18368e+06                                    7.24031e+04               
      420100            8.02175                             1.00008                                           0.05698                                      9.75075e+04                                        1.18382e+06                                    7.23481e+04               
      421100            8.03465                             0.99068                                           0.04903                                      9.65918e+04                                        1.18227e+06                                    7.22339e+04               
      422100            8.06866                             0.99532                                        -3.11333e-04                                    9.70436e+04                                        1.18391e+06                                    7.24373e+04               
      423100            8.00653                             0.99324                                          -0.03912                                      9.68411e+04                                        1.18335e+06                                    7.24053e+04               
      424100            8.04822                             0.99010                                          -0.07483                                      9.65345e+04                                        1.18361e+06                                    7.24439e+04               
      425100            8.04172                             0.98590                                          -0.08420                                      9.61250e+04                                        1.18368e+06                                    7.25029e+04               
      426100            8.02477                             0.99451                                           0.05865                                      9.69646e+04                                        1.18385e+06                                    7.23545e+04               
      427100            8.02656                             0.99290                                           0.02773                                      9.68080e+04                                        1.18352e+06                                    7.23243e+04               
      428100            8.04748                             0.98893                                           0.00472                                      9.64203e+04                                        1.18302e+06                                    7.22640e+04               
      429100            8.03303                             0.99691                                          -0.04406                                      9.71990e+04                                        1.18436e+06                                    7.24911e+04               
      430100            7.99886                             0.99244                                          -0.02887                                      9.67627e+04                                        1.18433e+06                                    7.23984e+04               
      431100            8.07829                             0.99951                                           0.02844                                      9.74522e+04                                        1.18427e+06                                    7.24794e+04               
      432100            8.05467                             0.99017                                          -0.10482                                      9.65411e+04                                        1.18359e+06                                    7.24208e+04               
      433100            8.07933                             0.99603                                           0.00649                                      9.71133e+04                                        1.18400e+06                                    7.23180e+04               
      434100            8.00249                             0.99980                                          -0.04422                                      9.74809e+04                                        1.18455e+06                                    7.23540e+04               
      435100            8.06365                             0.99208                                          -0.06821                                      9.67278e+04                                        1.18466e+06                                    7.25887e+04               
      436100            8.06580                             0.99212                                          -0.01315                                      9.67313e+04                                        1.18531e+06                                    7.25372e+04               
      437100            8.06321                             1.00041                                           0.00498                                      9.75397e+04                                        1.18405e+06                                    7.22894e+04               
      438100            8.02943                             0.99604                                           0.03241                                      9.71137e+04                                        1.18536e+06                                    7.24491e+04               
      439100            7.97138                             0.99950                                          -0.05143                                      9.74513e+04                                        1.18496e+06                                    7.24749e+04               
      440100            8.00845                             0.98130                                          -0.05207                                      9.56765e+04                                        1.18476e+06                                    7.24655e+04               
      441100            8.02094                             0.99329                                           0.01900                                      9.68459e+04                                        1.18467e+06                                    7.24396e+04               
      442100            8.01759                             0.99231                                           0.02241                                      9.67502e+04                                        1.18534e+06                                    7.24775e+04               
      443100            7.98982                             0.99291                                           0.02807                                      9.68087e+04                                        1.18388e+06                                    7.22804e+04               
      444100            8.00288                             0.99616                                          -0.05270                                      9.71259e+04                                        1.18500e+06                                    7.25302e+04               
      445100            8.01579                             0.99412                                           0.04929                                      9.69268e+04                                        1.18550e+06                                    7.25054e+04               
      446100            8.03465                             0.99335                                           0.04321                                      9.68514e+04                                        1.18412e+06                                    7.22179e+04               
      447100            8.02655                             0.99289                                           0.08922                                      9.68068e+04                                        1.18519e+06                                    7.23871e+04               
      448100            8.04596                             1.00177                                          -0.03994                                      9.76727e+04                                        1.18613e+06                                    7.25992e+04               
      449100            8.21604                             0.98461                                          -0.05836                                      9.59995e+04                                        1.18562e+06                                    7.25769e+04               
      450100            8.04697                             0.99080                                          -0.00252                                      9.66031e+04                                        1.18396e+06                                    7.22812e+04               
      451100            8.03263                             0.99658                                           0.03743                                      9.71668e+04                                        1.18476e+06                                    7.23424e+04               
      452100            7.90221                             0.99771                                           0.05830                                      9.72767e+04                                        1.18501e+06                                    7.23129e+04               
      453100            8.03866                             0.99660                                           0.07002                                      9.71684e+04                                        1.18619e+06                                    7.23634e+04               
      454100            8.02428                             0.99899                                           0.04221                                      9.74014e+04                                        1.18524e+06                                    7.23025e+04               
      455100            8.23979                             0.99295                                           0.04981                                      9.68122e+04                                        1.18582e+06                                    7.23137e+04               
      456100            8.22784                             0.98846                                           0.00330                                      9.63748e+04                                        1.18472e+06                                    7.23432e+04               
      457100            8.25165                             0.99700                                          -0.04468                                      9.72080e+04                                        1.18518e+06                                    7.24564e+04               
      458100            8.04963                             0.99505                                           0.11620                                      9.70170e+04                                        1.18598e+06                                    7.23720e+04               
      459100            8.03764                             0.99415                                          -0.05401                                      9.69298e+04                                        1.18510e+06                                    7.22911e+04               
      460100            8.03177                             0.98979                                          -0.01810                                      9.65042e+04                                        1.18592e+06                                    7.25296e+04               
      461100            8.08528                             0.99629                                          -0.02958                                      9.71378e+04                                        1.18547e+06                                    7.23541e+04               
      462100            8.00458                             0.98248                                          -0.06892                                      9.57917e+04                                        1.18501e+06                                    7.23359e+04               
      463100            8.04725                             0.99313                                          -0.02946                                      9.68305e+04                                        1.18575e+06                                    7.24468e+04               
      464100            8.01795                             0.99308                                           0.00937                                      9.68253e+04                                        1.18574e+06                                    7.22945e+04               
      465100            8.03358                             0.99576                                           0.01199                                      9.70869e+04                                        1.18597e+06                                    7.23411e+04               
      466100            8.14446                             0.99392                                           0.05232                                      9.69075e+04                                        1.18579e+06                                    7.22673e+04               
      467100            8.38712                             0.99330                                          -0.02780                                      9.68464e+04                                        1.18603e+06                                    7.23632e+04               
      468100            8.23963                             0.98992                                           0.01300                                      9.65177e+04                                        1.18576e+06                                    7.23034e+04               
      469100            8.24492                             0.98845                                          -0.00708                                      9.63735e+04                                        1.18517e+06                                    7.22899e+04               
      470100            8.20607                             0.99228                                          -0.01498                                      9.67475e+04                                        1.18548e+06                                    7.22651e+04               
      471100            8.27761                             0.99034                                           0.01031                                      9.65582e+04                                        1.18518e+06                                    7.22694e+04               
      472100            8.29393                             0.99420                                          -0.09018                                      9.69341e+04                                        1.18693e+06                                    7.25840e+04               
      473100            8.46704                             0.98628                                          -0.12088                                      9.61625e+04                                        1.18644e+06                                    7.25572e+04               
      474100            8.15359                             0.98750                                          -0.03618                                      9.62808e+04                                        1.18656e+06                                    7.23819e+04               
      475100            8.27285                             0.98960                                        -8.16328e-04                                    9.64861e+04                                        1.18567e+06                                    7.23119e+04               
      476100            8.31531                             0.99547                                           0.01644                                      9.70586e+04                                        1.18653e+06                                    7.23916e+04               
      477100            8.26134                             0.98848                                          -0.06462                                      9.63767e+04                                        1.18691e+06                                    7.25222e+04               
      478100            8.05436                             0.99777                                          -0.01273                                      9.72825e+04                                        1.18647e+06                                    7.23550e+04               
      479100            8.32571                             0.98501                                          -0.02201                                      9.60381e+04                                        1.18642e+06                                    7.24146e+04               
      480100            8.32365                             0.99878                                           0.00390                                      9.73808e+04                                        1.18708e+06                                    7.24384e+04               
      481100            8.28641                             0.99197                                        -7.55117e-04                                    9.67168e+04                                        1.18612e+06                                    7.23912e+04               
      482100            8.27201                             0.98874                                          -0.05200                                      9.64020e+04                                        1.18637e+06                                    7.23715e+04               
      483100            8.25664                             0.99378                                          -0.01306                                      9.68936e+04                                        1.18762e+06                                    7.25234e+04               
      484100            8.31213                             0.99307                                          -0.08738                                      9.68246e+04                                        1.18764e+06                                    7.26427e+04               
      485100            8.33577                             0.99521                                          -0.03740                                      9.70334e+04                                        1.18693e+06                                    7.24890e+04               
      486100            8.25195                             0.99322                                          -0.02257                                      9.68392e+04                                        1.18625e+06                                    7.23826e+04               
      487100            8.31775                             1.00253                                          -0.00234                                      9.77464e+04                                        1.18660e+06                                    7.24162e+04               
      488100            8.37695                             0.99719                                           0.02641                                      9.72259e+04                                        1.18742e+06                                    7.25082e+04               
      489100            8.36549                             1.00043                                           0.02767                                      9.75416e+04                                        1.18756e+06                                    7.24716e+04               
      490100            8.29524                             0.99848                                           0.02616                                      9.73517e+04                                        1.18479e+06                                    7.20812e+04               
      491100            8.33854                             0.99790                                           0.02388                                      9.72956e+04                                        1.18843e+06                                    7.25575e+04               
      492100            8.50370                             0.99791                                          -0.04957                                      9.72962e+04                                        1.18741e+06                                    7.24550e+04               
      493100            8.37050                             0.99767                                          -0.00212                                      9.72732e+04                                        1.18762e+06                                    7.24728e+04               
      494100            8.34222                             0.99108                                           0.02011                                      9.66302e+04                                        1.18725e+06                                    7.24519e+04               
      495100            8.34921                             0.99190                                           0.07368                                      9.67106e+04                                        1.18715e+06                                    7.23814e+04               
      496100            8.27499                             0.99174                                          -0.04240                                      9.66950e+04                                        1.18772e+06                                    7.24152e+04               
      497100            8.35011                             0.99613                                           0.09037                                      9.71225e+04                                        1.18592e+06                                    7.20867e+04               
      498100            8.34534                             0.98994                                          -0.05714                                      9.65187e+04                                        1.18819e+06                                    7.25213e+04               
      499100            8.37285                             0.99766                                          -0.05151                                      9.72719e+04                                        1.18833e+06                                    7.25564e+04               
      500100            8.31841                             0.99225                                           0.00659                                      9.67442e+04                                        1.18682e+06                                    7.22729e+04               
      501100            8.34212                             0.98816                                           0.06545                                      9.63452e+04                                        1.18622e+06                                    7.21134e+04               
      502100            8.35629                             0.99495                                           0.01577                                      9.70071e+04                                        1.18710e+06                                    7.22559e+04               
      503100            8.33627                             0.99555                                          -0.01167                                      9.70662e+04                                        1.18819e+06                                    7.23380e+04               
      504100            8.35472                             0.99652                                           0.04761                                      9.71612e+04                                        1.18810e+06                                    7.23773e+04               
      505100            8.33059                             0.98424                                          -0.10905                                      9.59632e+04                                        1.18762e+06                                    7.24868e+04               
      506100            8.32575                             0.99298                                          -0.03346                                      9.68159e+04                                        1.18717e+06                                    7.22561e+04               
      507100            8.37500                             0.99164                                           0.13440                                      9.66847e+04                                        1.18713e+06                                    7.21141e+04               
      508100            8.57913                             0.99733                                          -0.07308                                      9.72400e+04                                        1.18837e+06                                    7.24516e+04               
      509100            8.52613                             0.99399                                           0.00206                                      9.69139e+04                                        1.18778e+06                                    7.24173e+04               
      510100            8.61675                             0.99260                                           0.03418                                      9.67783e+04                                        1.18851e+06                                    7.25297e+04               
      511100            8.40130                             0.99307                                          -0.02955                                      9.68242e+04                                        1.18769e+06                                    7.24067e+04               
      512100            8.44558                             0.99640                                           0.00805                                      9.71487e+04                                        1.18890e+06                                    7.24762e+04               
      513100            8.49825                             0.99342                                          -0.06578                                      9.68580e+04                                        1.18913e+06                                    7.26632e+04               
      514100            8.44283                             0.98913                                          -0.01856                                      9.64403e+04                                        1.18802e+06                                    7.24030e+04               
      515100            8.48517                             0.99232                                           0.00928                                      9.67510e+04                                        1.18774e+06                                    7.23120e+04               
      516100            8.44513                             0.99352                                          -0.06395                                      9.68682e+04                                        1.18894e+06                                    7.24711e+04               
      517100            8.69737                             0.98946                                          -0.02702                                      9.64722e+04                                        1.18778e+06                                    7.23977e+04               
      518100            8.44508                             0.99587                                          -0.03394                                      9.70969e+04                                        1.18926e+06                                    7.24500e+04               
      519100            8.47421                             0.99902                                           0.03007                                      9.74047e+04                                        1.18783e+06                                    7.22458e+04               
      520100            8.43490                             1.00509                                          -0.00675                                      9.79958e+04                                        1.18927e+06                                    7.24862e+04               
      521100            8.48272                             0.99627                                           0.07788                                      9.71361e+04                                        1.18820e+06                                    7.23246e+04               
      522100            8.47495                             0.99608                                          -0.05874                                      9.71179e+04                                        1.18819e+06                                    7.24130e+04               
      523100            8.48218                             0.99512                                           0.08925                                      9.70241e+04                                        1.18813e+06                                    7.23193e+04               
      524100            8.41387                             0.99347                                           0.05679                                      9.68632e+04                                        1.18866e+06                                    7.23547e+04               
      525100            8.45246                             1.00135                                          -0.05321                                      9.76319e+04                                        1.18902e+06                                    7.24299e+04               
      526100            8.45243                             0.99563                                           0.01191                                      9.70743e+04                                        1.18909e+06                                    7.24296e+04               
      527100            8.41585                             0.99633                                          -0.02595                                      9.71420e+04                                        1.18866e+06                                    7.23168e+04               
      528100            8.41188                             0.99807                                           0.04534                                      9.73120e+04                                        1.18878e+06                                    7.22801e+04               
      529100            8.47253                             0.99974                                           0.11567                                      9.74751e+04                                        1.18742e+06                                    7.20591e+04               
      530100            8.42132                             0.99469                                           0.11243                                      9.69818e+04                                        1.18870e+06                                    7.22546e+04               
      531100            8.46299                             1.00753                                           0.03962                                      9.82341e+04                                        1.18915e+06                                    7.23648e+04               
      532100            8.48283                             0.99305                                           0.04345                                      9.68223e+04                                        1.18874e+06                                    7.21925e+04               
      533100            8.39989                             0.99419                                           0.02039                                      9.69333e+04                                        1.18753e+06                                    7.20704e+04               
      534100            8.39815                             0.99030                                           0.10548                                      9.65541e+04                                        1.18898e+06                                    7.21353e+04               
      535100            8.46070                             0.99199                                           0.03257                                      9.67188e+04                                        1.18846e+06                                    7.22755e+04               
      536100            8.44421                             0.99480                                           0.00278                                      9.69931e+04                                        1.18900e+06                                    7.23157e+04               
      537100            8.44644                             0.99683                                           0.02768                                      9.71906e+04                                        1.18869e+06                                    7.23047e+04               
      538100            8.41274                             0.99193                                           0.02964                                      9.67136e+04                                        1.18894e+06                                    7.24133e+04               
      539100            8.45985                             0.99276                                          -0.06546                                      9.67944e+04                                        1.18850e+06                                    7.23437e+04               
      540100            8.40724                             0.99206                                           0.00516                                      9.67260e+04                                        1.18791e+06                                    7.22142e+04               
      541100            8.42764                             0.99346                                           0.02111                                      9.68625e+04                                        1.18849e+06                                    7.21806e+04               
      542100            8.43384                             1.00870                                          -0.03091                                      9.83484e+04                                        1.18981e+06                                    7.23706e+04               
      543100            8.44045                             1.00040                                           0.07061                                      9.75394e+04                                        1.18863e+06                                    7.22751e+04               
      544100            8.68599                             1.00107                                           0.01576                                      9.76047e+04                                        1.19037e+06                                    7.24065e+04               
      545100            8.67477                             0.99430                                          -0.04454                                      9.69447e+04                                        1.18870e+06                                    7.23360e+04               
      546100            8.65379                             0.99019                                          -0.01873                                      9.65437e+04                                        1.18933e+06                                    7.23292e+04               
      547100            8.42840                             0.98918                                           0.04903                                      9.64449e+04                                        1.18860e+06                                    7.22800e+04               
      548100            8.44453                             0.99160                                          -0.03233                                      9.66814e+04                                        1.18961e+06                                    7.24617e+04               
      549100            8.48654                             0.99603                                           0.05214                                      9.71125e+04                                        1.18917e+06                                    7.23287e+04               
      550100            8.48956                             1.00210                                           0.07814                                      9.77052e+04                                        1.18979e+06                                    7.22595e+04               
      551100            8.53712                             0.99770                                           0.12344                                      9.72761e+04                                        1.18872e+06                                    7.21449e+04               
      552100            8.49997                             0.99168                                          -0.07672                                      9.66892e+04                                        1.18984e+06                                    7.25004e+04               
      553100            8.49881                             0.98943                                          -0.07184                                      9.64691e+04                                        1.18895e+06                                    7.23478e+04               
      554100            8.72244                             0.98464                                          -0.11951                                      9.60021e+04                                        1.18976e+06                                    7.25116e+04               
      555100            8.51382                             0.99238                                          -0.09762                                      9.67567e+04                                        1.19014e+06                                    7.25785e+04               
      556100            8.50021                             0.98911                                          -0.06162                                      9.64386e+04                                        1.18986e+06                                    7.24838e+04               
      557100            8.70657                             0.98278                                           0.01486                                      9.58212e+04                                        1.18894e+06                                    7.23162e+04               
      558100            8.73244                             0.99327                                          -0.11502                                      9.68438e+04                                        1.19064e+06                                    7.26727e+04               
      559100            8.51946                             0.99937                                          -0.05693                                      9.74388e+04                                        1.19052e+06                                    7.25569e+04               
      560100            8.49879                             0.99345                                          -0.01502                                      9.68619e+04                                        1.18933e+06                                    7.23202e+04               
      561100            8.48764                             1.00277                                           0.02756                                      9.77705e+04                                        1.18908e+06                                    7.21909e+04               
      562100            8.49696                             0.99037                                           0.00284                                      9.65614e+04                                        1.18874e+06                                    7.22086e+04               
      563100            8.51103                             0.99173                                           0.04664                                      9.66938e+04                                        1.18946e+06                                    7.22775e+04               
      564100            8.46638                             0.99408                                           0.01668                                      9.69230e+04                                        1.18915e+06                                    7.21330e+04               
      565100            8.49273                             0.99450                                           0.01511                                      9.69636e+04                                        1.18981e+06                                    7.23108e+04               
      566100            8.49471                             0.98872                                          -0.01242                                      9.64005e+04                                        1.18960e+06                                    7.23043e+04               
      567100            8.50624                             0.98780                                           0.01309                                      9.63110e+04                                        1.18902e+06                                    7.22702e+04               
      568100            8.50699                             0.98530                                          -0.01723                                      9.60666e+04                                        1.18906e+06                                    7.23470e+04               
      569100            8.47220                             0.99484                                          -0.04088                                      9.69973e+04                                        1.18943e+06                                    7.22751e+04               
      570100            8.69852                             0.99201                                           0.03221                                      9.67207e+04                                        1.19019e+06                                    7.22859e+04               
      571100            8.50644                             0.99518                                          -0.03480                                      9.70299e+04                                        1.18916e+06                                    7.22619e+04               
      572100            8.48623                             0.99699                                          -0.04054                                      9.72062e+04                                        1.19091e+06                                    7.25035e+04               
      573100            8.48101                             0.99672                                           0.04655                                      9.71805e+04                                        1.19070e+06                                    7.24075e+04               
      574100            8.46969                             0.99871                                           0.03754                                      9.73738e+04                                        1.19054e+06                                    7.22961e+04               
      575100            8.50233                             0.98450                                          -0.06547                                      9.59888e+04                                        1.18963e+06                                    7.22807e+04               
      576100            8.47806                             0.99615                                          -0.04003                                      9.71247e+04                                        1.19036e+06                                    7.25257e+04               
      577100            8.49373                             0.99229                                          -0.03938                                      9.67482e+04                                        1.19111e+06                                    7.25049e+04               
      578100            8.52576                             0.98768                                          -0.04816                                      9.62992e+04                                        1.19026e+06                                    7.24354e+04               
      579100            8.75930                             0.99051                                           0.01646                                      9.65747e+04                                        1.19036e+06                                    7.24643e+04               
      580100            8.54106                             0.99958                                           0.01152                                      9.74587e+04                                        1.19161e+06                                    7.24949e+04               
      581100            8.48940                             0.99665                                          -0.05654                                      9.71735e+04                                        1.19148e+06                                    7.25286e+04               
      582100            8.53303                             0.99983                                        -5.21957e-04                                    9.74830e+04                                        1.19079e+06                                    7.24330e+04               
      583100            8.49340                             0.99678                                          -0.04180                                      9.71863e+04                                        1.19161e+06                                    7.24204e+04               
      584100            8.71874                             0.99109                                           0.10237                                      9.66314e+04                                        1.18944e+06                                    7.20442e+04               
      585100            8.39871                             0.99502                                           0.05036                                      9.70144e+04                                        1.19004e+06                                    7.23422e+04               
      586100            8.44218                             0.98605                                          -0.02329                                      9.61404e+04                                        1.18926e+06                                    7.22308e+04               
      587100            8.50348                             0.98705                                          -0.09977                                      9.62378e+04                                        1.19045e+06                                    7.25357e+04               
      588100            8.50850                             0.98831                                          -0.09845                                      9.63604e+04                                        1.19017e+06                                    7.24108e+04               
      589100            8.46801                             0.99846                                           0.09173                                      9.73500e+04                                        1.19017e+06                                    7.21153e+04               
      590100            8.51636                             0.99348                                           0.03170                                      9.68644e+04                                        1.18977e+06                                    7.22235e+04               
      591100            8.52232                             0.98906                                          -0.05868                                      9.64337e+04                                        1.19015e+06                                    7.23052e+04               
      592100            8.48129                             0.99265                                          -0.09259                                      9.67834e+04                                        1.19211e+06                                    7.24763e+04               
      593100            8.47490                             0.99458                                          -0.00441                                      9.69713e+04                                        1.19196e+06                                    7.24622e+04               
      594100            8.49712                             0.99638                                           0.04949                                      9.71467e+04                                        1.18991e+06                                    7.21655e+04               
      595100            8.52898                             0.99577                                           0.07197                                      9.70874e+04                                        1.19082e+06                                    7.23404e+04               
      596100            8.51331                             0.99571                                           0.02603                                      9.70819e+04                                        1.19071e+06                                    7.23615e+04               
      597100            8.48726                             0.99625                                           0.00627                                      9.71341e+04                                        1.19115e+06                                    7.23152e+04               
      598100            8.48257                             0.99610                                           0.02498                                      9.71202e+04                                        1.19213e+06                                    7.24021e+04               
      599100            8.52268                             0.99888                                           0.07939                                      9.73904e+04                                        1.19103e+06                                    7.22295e+04               
      600100            8.51099                             0.99469                                           0.08396                                      9.69826e+04                                        1.19105e+06                                    7.22268e+04               
      601100            8.47052                             0.99472                                          -0.06015                                      9.69848e+04                                        1.19094e+06                                    7.24409e+04               
      602100            8.48917                             0.99744                                           0.02258                                      9.72507e+04                                        1.19106e+06                                    7.23985e+04               
