600.151280
810.892715
958.833906
414.950733
765.807014
212.996498
343.460402
868.613776
294.790309
264.690921
662.911824
782.668027
464.822017
622.027032
751.434457
507.845121
830.479791
605.071911
345.463063
380.805505
518.333936
373.512962
818.605437
275.676874
766.317941
669.432654
406.556660
386.939726
558.118554
334.961776
219.066668
373.920572
210.178995
283.211339
542.276782
536.529604
322.813739
581.506733
379.384251
1005.915183
861.167792
392.444261
308.930246
517.200171
631.919046
562.159510
308.227748
259.847577
564.714507
412.695465
661.468515
205.755186
555.180907
760.162328
648.787790
215.189653
1232.778941
395.443629
481.918938
317.059046
328.249504
104.442614
488.078972
117.163146
437.500314
341.054074
450.466294
285.856954
257.640871
502.602839
256.600274
1138.101475
282.106703
1092.255342
736.989119
968.303366
289.616954
997.991879
356.967612
561.686820
696.304067
448.703870
1240.684256
362.022572
367.740982
546.702251
394.124030
294.345329
300.334038
287.346878
314.247467
366.570833
264.477167
607.988138
700.330406
627.881178
379.695649
175.819214
297.364087
986.832889
364.646341
808.721516
568.699359
442.940401
523.123183
233.331724
550.236435
470.767620
416.065480
590.022563
263.370529
388.093398
406.774770
388.426686
695.177238
385.598639
519.310258
519.481638
467.024578
418.320973
511.569087
606.465570
684.567637
484.963524
439.842796
844.981708
592.926663
567.514714
438.978922
936.335883
460.349466
739.608638
501.556888
654.595854
