14.038413
9.757372
7.052840
5.989773
17.575072
10.569086
4.225710
6.132625
17.069764
21.586316
9.613786
7.543757
13.494831
23.054872
16.086164
7.175433
11.818266
16.039584
15.810368
21.390401
6.057199
13.015866
8.482171
7.505533
14.905494
19.146683
8.617620
4.704261
19.990583
5.992937
10.635363
5.763131
10.092940
13.716871
13.361165
5.399935
7.297334
15.000358
7.234920
11.401039
28.509828
17.075304
4.672081
7.031685
9.388747
11.007458
17.183149
8.185950
9.465666
8.344878
16.768991
21.501352
12.202887
6.197480
8.963014
9.706467
12.055825
14.517294
9.550454
4.575491
9.915777
7.453097
22.965806
12.514467
15.945868
3.087304
11.524956
7.614116
7.732909
24.779890
8.063913
6.823510
9.558357
14.938454
13.846554
13.657963
6.218416
9.698080
22.242513
12.779158
16.186581
14.802580
6.585789
10.523546
18.997189
4.321829
6.368005
29.268910
13.265502
9.497809
19.034617
14.104383
9.465893
9.380976
5.658286
8.888228
9.882091
13.269738
13.632291
5.074994
5.228920
11.992241
9.233245
12.037167
13.502513
12.739764
12.522956
8.611327
23.878028
14.595859
17.495353
10.154144
9.378962
6.201539
9.548530
8.598871
5.770782
9.265503
17.136641
8.456429
22.606724
5.816937
16.214344
6.697137
13.995108
12.961944
19.214461
13.233874
14.617584
6.931622
29.627769
11.912782
10.889923
10.287610
9.152504
29.104771
7.117071
17.890188
18.867975
24.410292
12.565655
13.548654
9.742032
16.392801
27.861755
16.876687
17.130261
19.097063
37.207437
17.510675
8.420572
11.670670
20.896947
17.847728
10.574829
15.785707
19.538075
4.572962
7.042864
16.133552
28.916606
9.236546
7.412068
9.599885
15.134486
23.242084
4.526962
8.368913
16.794548
12.566420
19.279284
22.328145
20.097754
21.748668
16.270686
10.922622
6.024784
10.023005
20.404248
15.009322
15.073613
8.967059
9.006091
22.896805
17.463629
13.908816
29.795130
13.026603
9.079507
17.750031
14.024981
16.042353
8.804911
10.245593
10.474737
18.353000
9.061341
8.383055
11.074105
9.468036
7.276577
14.031760
8.019762
14.710355
18.051737
22.972968
24.643223
29.588307
28.366129
7.053703
9.389510
7.905753
5.804679
12.722391
13.134807
58.247221
12.296984
21.559912
20.083229
7.866450
3.962498
14.210717
41.379231
15.349665
11.602168
16.087197
12.613811
15.029445
25.359943
5.162930
19.497790
8.234275
18.269170
10.892299
8.826090
32.340402
3.928842
7.818815
12.614831
17.847388
21.116581
7.393112
11.938072
12.444313
5.712926
12.230215
6.803207
19.673376
31.517633
13.386088
13.635598
8.755307
15.162447
13.169836
26.001371
32.150419
36.579026
21.347952
6.687839
5.440503
8.979021
9.836677
11.215642
9.909624
13.634290
12.195844
10.282154
7.474245
38.308194
13.174346
13.172317
12.982807
7.426089
5.098826
9.010682
13.252551
10.653111
14.953619
16.156449
5.178658
14.242761
18.328999
22.872698
6.444150
7.591010
7.947791
14.816343
31.651697
11.462873
16.209069
3.870197
7.960235
23.197347
24.827120
17.325319
12.383389
6.831653
11.611869
14.146480
5.390436
4.315431
17.919301
11.288262
18.836739
8.872990
11.040910
9.552002
13.242003
13.995517
10.612903
9.941523
10.517591
16.686018
17.965236
7.996639
11.961225
17.477143
41.553993
32.942232
24.105521
11.915446
8.009948
18.989935
11.395809
12.956795
14.075429
11.147772
13.626083
10.459853
7.026508
9.504795
8.947750
13.265625
6.596860
4.571534
15.148010
9.182761
15.607061
11.592236
11.223060
9.234279
16.321663
8.968916
29.962328
26.320790
19.133791
14.044463
9.867620
17.176461
10.552776
14.338129
12.210227
17.120169
16.848193
5.852264
18.433854
24.625804
18.638917
16.412740
19.334090
5.877771
6.911980
9.999431
12.702593
21.130656
7.663730
18.718749
15.968611
12.852310
11.809102
11.553419
6.088625
12.112042
6.780025
19.206089
17.548218
14.622478
18.738340
22.385936
7.171635
7.805001
25.330293
9.969184
7.606368
10.658964
12.758638
6.118923
5.265739
6.822222
5.486048
27.331614
4.693440
13.738933
11.568360
39.071414
12.244647
53.685360
17.022074
13.654713
7.390562
8.043610
22.707953
16.322662
36.598145
18.856942
11.487619
11.566044
9.303770
13.018820
15.904903
10.577697
31.777324
4.668306
7.643665
9.509310
15.928573
14.460188
14.851641
21.541491
9.109272
5.274783
11.825150
12.234379
12.759125
14.592643
3.551884
5.882949
9.727835
15.145284
17.147428
12.323112
4.692407
9.119658
12.933009
34.904107
22.127486
30.138078
9.980626
13.165019
4.585320
13.215265
10.672100
7.942342
11.055968
8.539612
18.124567
13.343656
15.028615
30.744493
6.683813
19.950923
6.100427
11.390776
7.212682
9.353312
17.283051
9.094587
10.544923
9.854715
13.937477
6.559006
9.095002
18.762105
19.342092
25.028355
4.512531
12.177192
12.548661
11.168223
2.493756
6.617583
13.957754
5.610979
3.595696
8.127297
8.812818
20.813677
12.202546
28.817294
8.158170
26.189477
9.868632
8.588339
14.408712
12.421330
9.781913
25.908900
8.999895
8.568468
19.439588
17.341600
24.105080
16.349195
7.788957
20.249553
25.892088
16.498546
9.007960
18.506233
23.175529
11.650998
14.861305
4.887683
6.261787
21.657860
13.653242
8.584542
19.116864
18.616586
30.358944
14.574669
11.189102
6.540636
5.661904
11.722207
25.405651
8.458455
4.557275
6.623685
9.960166
21.713278
19.826339
17.852094
7.813803
5.700749
34.614961
17.519245
4.185746
10.283455
18.771166
13.094084
13.502178
19.905839
12.805571
8.238711
12.093629
8.346539
12.675881
6.755436
5.265780
14.710276
9.297768
7.220001
10.457208
9.804647
6.755916
29.303165
12.240641
10.851538
22.671706
10.524910
19.759710
24.549382
30.312491
25.292258
27.139826
17.648645
7.201795
4.025279
5.464484
6.139470
7.814753
16.704054
20.682714
9.146547
13.200886
43.103470
7.590187
5.815228
25.412501
14.193496
14.215472
15.605950
45.913887
18.736408
10.816594
6.181835
13.409778
8.065266
11.723334
3.774300
29.832920
35.435496
3.854389
11.262855
10.722311
10.621397
9.894019
3.838487
11.459625
19.120092
10.090377
22.152615
22.380129
16.963173
14.001536
11.591031
10.254287
9.707865
6.988326
16.161874
21.208911
20.809007
8.854959
19.577172
6.996041
10.459626
12.664424
5.495118
5.828477
15.674181
19.014011
20.225269
8.923203
14.550240
5.849028
6.189365
19.780838
6.644978
14.211853
7.501539
13.216868
23.675749
7.956875
17.216361
20.049103
5.467566
12.430693
3.718407
6.136912
3.866868
8.428158
12.427886
20.608086
6.942184
13.133445
10.238223
41.875906
11.380655
15.835169
19.039835
9.964735
13.394349
9.644049
9.174278
15.521228
15.124985
8.050229
4.010682
15.400078
7.502424
11.777499
8.024881
15.930083
27.582298
15.468024
11.731005
20.994241
7.816473
14.089836
17.901289
12.458803
22.367102
10.255679
17.529310
26.033733
16.903273
17.637075
7.413302
5.154850
8.438323
11.048998
21.228901
7.861798
4.777988
12.889172
6.002770
5.217791
8.063443
5.598182
16.329675
6.781153
11.557050
12.902133
19.327601
11.714323
6.688621
11.075877
13.470991
11.043832
9.781984
6.337492
7.294746
5.373975
15.681899
13.400396
20.125865
7.903143
5.100391
9.045691
8.304095
9.043862
6.531529
9.246731
16.585037
20.676672
22.337691
5.703116
7.090147
9.573235
13.186904
9.469295
17.431991
31.561348
7.745696
13.126726
4.881420
9.850812
12.583841
6.433367
8.704469
5.394956
10.774179
33.329299
20.984537
11.890901
19.347974
9.338234
5.045154
13.659303
9.807764
7.609824
8.347945
25.473452
10.656590
8.981846
8.744314
7.358030
7.379272
11.596050
13.916197
4.555110
3.452252
8.975486
10.119418
17.993827
11.198318
11.324555
7.075713
7.707138
37.454699
6.866755
14.109356
12.467394
6.974233
5.739845
8.589932
9.373818
28.973970
5.912911
10.073598
7.700165
21.244541
21.394156
13.004384
17.012568
24.628553
19.765208
4.131601
5.661223
4.333614
6.359247
21.123616
15.327992
9.663011
7.458224
14.972946
32.466810
19.326316
22.247269
11.659295
5.797221
10.168055
13.610327
13.891143
25.566542
30.455905
11.908072
21.100789
23.373419
10.921810
7.310892
12.285651
17.753141
25.160480
11.961974
11.448507
7.005025
12.896059
23.048326
21.283948
7.417684
11.550380
22.458509
25.510125
34.005665
13.396125
13.356970
14.283975
13.105545
9.748323
12.528061
8.814590
12.552574
16.241299
10.721093
9.926715
10.389273
10.890671
11.638487
8.589692
18.054446
14.049079
19.594398
18.873155
24.277290
7.965911
16.629391
41.560262
13.617490
10.460281
24.780172
12.451625
12.541765
7.732372
6.050225
23.487480
12.903486
8.998538
24.094411
23.074560
8.028209
20.524330
16.053799
14.711053
7.400465
20.974193
22.396015
25.352981
13.633193
15.994511
7.717613
13.685827
15.449243
22.446993
9.508570
8.733663
24.787547
21.313122
18.083656
5.239386
9.415956
9.354498
9.777096
12.706599
23.829557
12.844048
4.537451
12.414106
9.947083
22.424741
20.769497
12.944129
21.164645
23.181918
27.374772
5.844269
14.441434
24.878352
15.313172
9.720503
15.098141
4.493824
6.322159
3.852418
31.000634
20.149419
31.067613
20.544267
13.005362
17.242295
10.774153
10.440814
14.902737
10.202305
10.860495
6.780743
15.769304
14.204155
27.328919
8.471232
34.857521
5.479874
4.419446
8.910089
16.628867
9.468873
14.421242
8.171108
20.790176
8.697397
12.454787
16.423661
8.017778
24.281736
22.254679
7.831310
3.668764
5.732492
26.717621
16.815208
6.774648
13.602936
10.701426
12.674177
29.051343
11.357983
10.251105
4.701461
10.016072
18.006536
9.033737
8.329548
4.877943
14.703246
16.829558
16.104880
11.867769
22.769592
11.309411
19.277707
9.312970
14.794608
16.379681
11.594296
7.369302
4.139118
12.333506
24.232775
23.639587
28.256801
20.367019
13.496241
13.536796
18.649570
16.401772
22.452418
16.594402
34.020327
7.859437
5.967849
18.471449
16.111635
9.201224
11.244547
23.456497
11.269721
11.518280
6.372649
5.785199
31.277824
11.741924
25.700952
14.389806
16.146184
15.270565
10.348309
10.504697
13.380190
23.361561
11.357182
21.506927
9.339650
11.026564
20.531555
10.160796
7.183533
7.232279
9.609515
15.468924
8.174032
9.680423
14.121747
11.586286
31.179400
13.635206
9.186731
17.975469
43.007801
12.787585
17.192277
5.679419
9.525922
12.234563
20.586969
5.248622
14.778411
18.286703
14.272205
12.046342
7.095755
9.334663
15.389856
6.486781
5.228560
8.499948
19.049707
21.216704
8.075728
6.794887
7.469621
7.730444
9.347859
9.008546
4.570041
6.813113
6.141100
11.675244
13.141004
2.987524
21.036304
9.644543
7.910028
7.151223
27.790010
7.072348
10.212293
10.722135
17.032719
21.676558
7.521905
8.430671
17.131269
8.620219
15.435133
5.599923
5.218405
24.093698
12.138387
8.020065
6.515964
14.495771
8.283116
17.945729
27.995179
22.762102
20.335640
4.746859
4.884862
23.303400
24.278014
8.534132
12.766691
9.427283
10.570412
10.650482
23.072311
2.961135
15.782292
15.063930
30.546602
8.508337
4.579231
6.146064
4.094496
9.106530
18.155035
11.232036
11.562250
18.100871
10.190834
24.460541
10.866353
22.638650
9.761042
18.767640
5.442713
10.920474
19.672689
11.665644
11.008306
11.081958
10.196847
10.526610
3.421834
8.869805
10.956707
10.060970
33.774066
13.857601
17.278234
9.318728
6.509166
17.296910
30.470525
7.080291
12.847151
5.494827
11.813128
9.495136
15.820516
17.544864
21.238211
22.143470
7.837464
18.627669
7.535753
8.740192
10.033349
13.403304
22.101522
15.026502
9.874762
10.629618
6.371393
9.612349
11.001173
15.431212
11.514179
21.443846
31.015175
16.194533
7.984828
15.693874
12.315876
13.050513
8.193134
7.096212
27.220883
11.021917
7.537386
16.662275
18.179950
16.554332
16.176143
14.114352
12.062013
14.677533
6.361994
15.454857
3.260425
4.963697
7.674960
11.680313
8.866841
5.610459
27.939497
13.168831
6.718128
3.699899
11.604372
38.510947
8.324205
9.745515
7.484415
6.231717
8.846954
19.801406
12.578363
41.643998
13.676861
22.997707
13.810211
12.906605
9.052617
11.244065
26.104753
7.740429
18.695754
5.348489
5.280909
9.689842
9.041679
4.128164
11.674264
35.376058
10.590788
11.401149
32.101697
10.264833
7.102965
21.257624
10.318192
15.091439
43.101609
9.913909
17.363013
6.509010
8.731248
9.907987
11.127756
14.297675
16.163149
5.603568
13.471961
18.690230
14.357343
17.126532
5.962846
18.014366
23.270640
6.366408
5.543575
8.963665
36.527030
10.256500
6.687479
16.755593
7.721894
7.927078
24.868102
12.072361
13.764669
9.197611
11.889967
38.496084
11.521937
7.559972
6.797086
3.743144
7.803905
8.461266
8.816257
15.747145
5.984688
6.624432
10.436388
21.323565
13.706040
6.263935
14.642164
10.624462
10.221086
7.274670
19.853657
19.625355
16.926371
13.457522
22.365754
13.432890
13.431650
10.735982
15.168859
15.782389
18.459527
29.486354
11.407272
4.439133
5.721696
7.792701
8.173463
9.319871
25.683813
11.351189
17.570967
18.577574
47.626427
10.085342
16.873992
12.139846
9.837581
15.201652
15.164131
7.955402
7.872036
16.242684
26.474954
24.754774
6.983817
10.062712
3.711701
11.349862
15.602399
11.275059
12.892889
5.503278
10.104995
6.606474
7.874446
11.177029
3.260773
10.998996
18.029453
5.853992
20.208120
15.617340
6.389459
11.241243
11.965078
6.539148
5.519235
5.724725
28.359482
8.966643
19.141485
16.971736
12.355698
4.573113
7.871860
8.548553
22.001562
6.698901
15.286107
35.405862
24.943627
14.090806
22.675861
18.085757
25.372054
29.070109
16.070080
18.977917
44.216358
10.541370
8.915570
4.847165
6.532632
13.473713
12.797742
8.205018
13.689818
15.672533
17.204762
18.602733
6.341710
12.191730
10.527574
14.977567
17.518223
13.565196
24.307297
28.094675
14.445366
10.226530
5.364788
7.483435
25.550995
22.393247
11.619048
21.910826
16.731612
9.803614
15.942370
14.072226
19.327306
17.837950
5.012339
19.589620
22.603721
11.414765
41.427822
6.773794
5.863172
8.530016
19.618199
19.366844
10.973302
18.706760
7.275378
10.560326
28.687551
17.414344
17.028716
13.477496
10.499552
43.255378
6.134396
9.568977
5.367189
12.578179
13.263495
8.079544
8.395916
18.438906
9.258260
20.875381
11.494693
12.666259
12.513940
8.496231
7.836325
10.366436
13.100657
26.482350
18.169859
8.712433
10.448784
7.281237
7.544980
7.330972
17.649560
13.385736
23.375244
15.396766
8.274032
24.460593
22.768384
8.938151
14.640887
17.465424
9.268418
13.095466
13.467660
13.636218
13.015694
9.236914
15.085734
8.360942
27.274917
30.199850
11.056180
19.405134
10.655591
9.414719
6.195338
7.232009
21.012150
24.128678
17.333093
20.370305
13.083321
9.836847
10.280662
10.126295
15.772590
22.131722
11.784637
6.673107
17.020040
9.989653
7.029791
30.000674
11.242607
7.120846
9.902818
9.633676
7.218506
5.021474
8.665277
12.187168
17.425317
15.757749
6.491323
15.246981
14.914212
7.981567
14.893576
14.274963
6.825076
30.921081
6.318542
4.783106
11.925339
12.441201
12.779990
9.654896
22.581365
10.035543
9.123526
15.393805
16.489605
8.244629
12.582266
6.756699
6.137681
16.722679
26.501047
11.507187
17.756556
21.582100
29.020644
11.245304
15.560458
9.664644
12.746894
13.612219
18.511070
7.225756
7.899920
10.310816
5.549953
9.716192
7.828545
26.185479
14.470994
8.033480
15.144405
31.956669
27.818016
12.157131
12.164981
5.413758
7.698367
9.543361
15.691490
9.248208
16.602258
21.532386
12.683088
12.769162
9.309546
8.001444
12.318367
7.823976
18.146932
10.855611
27.320034
25.434913
13.808720
17.846187
5.564863
4.666297
2.869420
28.227599
14.423741
8.572323
13.982401
15.734777
21.060253
23.451559
8.440429
25.565679
11.294476
5.811074
6.317217
14.776074
9.575446
6.975954
13.923512
16.439419
5.201379
11.520158
14.607080
6.066611
4.982472
7.113012
24.584550
16.576000
4.522354
5.966848
10.908951
6.304775
6.414416
5.881052
10.919847
24.745292
30.831811
10.320461
25.136390
25.060599
25.772580
27.821240
5.557107
11.500293
20.318150
7.794447
24.825678
21.599733
24.492437
17.106336
24.135568
20.172663
44.651238
26.258873
9.600139
9.529299
9.978596
17.375047
10.225080
11.491087
24.560420
33.234695
10.590755
6.022081
11.454087
11.442140
11.675494
4.276955
26.352357
10.926128
7.081356
15.084840
17.889393
11.813067
25.836623
16.695454
28.845960
16.473722
6.657568
30.604248
13.174464
14.119028
10.554790
5.523231
45.214227
10.319502
12.892761
8.981293
20.827203
9.625322
9.449267
8.905480
16.140426
9.583790
8.394869
18.606008
14.581795
20.649634
12.427365
7.681274
23.827925
13.452338
18.965954
11.116749
4.561140
22.326574
20.744306
16.431431
17.771610
9.386164
7.744732
19.577049
10.378890
11.847330
12.160196
8.176104
6.657875
9.556935
13.525767
9.675814
14.196179
22.646178
17.324238
7.346349
24.759200
8.407878
4.395044
11.576302
12.396917
5.338510
37.214553
16.784884
13.442416
8.748962
5.747720
4.725930
10.854319
5.306690
14.605020
13.632135
5.841175
4.036343
7.648346
2.627947
12.794489
19.657995
11.686193
16.164617
9.250546
9.632204
11.664985
7.885573
10.414564
12.001740
9.082630
18.624943
11.030225
9.628618
14.998415
18.627796
9.574636
12.227324
11.714069
2.954190
6.668322
28.855360
33.746586
23.891294
15.510825
12.377835
4.576978
4.835804
9.653610
24.211620
20.113220
5.355296
21.694255
15.363983
15.648970
16.428540
26.264390
19.729300
9.312580
6.016572
11.094706
6.950020
13.418176
19.825338
9.614237
19.583546
9.513972
8.266533
11.811963
20.381018
20.335151
10.414019
19.875903
4.886279
12.106338
27.433119
14.531120
12.270649
22.223273
22.623149
3.213549
16.672634
16.722953
9.590101
6.885497
16.225379
10.055640
18.275268
12.301571
10.141455
26.240688
27.754721
9.840932
7.134368
6.168981
9.454649
6.625922
5.397400
8.969124
13.855872
11.648447
8.190229
11.434825
28.129382
19.695919
9.492063
3.149367
9.834988
15.942663
13.472430
10.671558
29.128039
9.563149
12.579583
17.989012
14.269359
9.979772
10.288409
11.608605
12.755177
17.560093
20.599740
9.673098
17.906275
7.026186
24.793905
12.663124
10.586493
5.439797
29.601525
9.023733
9.899865
17.480762
9.330731
5.915670
3.282020
23.662236
9.583128
11.770690
17.034473
12.903109
6.887857
23.855055
11.663670
6.932110
17.171370
15.832189
18.812436
8.651452
15.094323
37.952862
8.290715
18.329768
14.946806
10.331479
12.884974
12.532211
6.262873
26.801957
19.633264
5.533423
16.107390
29.174162
12.293764
8.910775
16.071603
18.713636
5.100721
5.983571
15.091493
9.884589
18.895491
24.595390
12.028569
15.433388
21.312286
8.318640
3.644038
3.724215
6.032982
7.359683
22.380774
6.143687
22.937752
8.555727
29.477802
6.644070
18.219569
5.767200
20.453540
8.655714
6.835140
14.460373
5.082810
12.347133
8.569527
9.748878
9.717463
29.113424
14.854699
10.976399
11.893734
13.639748
12.952680
24.486750
19.674349
6.302672
7.056200
13.786807
52.111971
12.980247
17.434292
13.054469
26.855620
8.532159
17.895954
19.089227
22.346507
8.511938
24.380741
11.685167
10.716817
15.329838
14.941433
18.311564
19.831257
27.669874
8.762312
24.108708
17.103164
26.850279
15.380225
9.313459
11.164595
20.420810
14.136216
9.583183
11.897943
4.696809
4.881147
11.366180
12.170199
17.433803
21.502320
23.829518
12.472842
12.752209
15.111178
9.101559
7.252473
9.212156
12.567073
11.073885
14.639770
10.351015
25.063468
7.606740
11.878784
10.766129
15.079348
12.849321
12.987132
11.863830
14.301489
19.620535
6.787090
23.118257
14.048149
23.683234
10.479919
9.902293
10.731427
16.009101
12.262283
10.757184
24.754063
6.856389
7.290910
9.637955
5.344165
8.953248
14.080410
9.184395
13.149744
8.687605
6.277952
9.738987
26.849732
22.739493
19.555710
6.290056
8.886506
6.970665
14.946386
8.130232
17.856515
16.902265
18.143391
9.609887
24.371902
5.905096
9.523409
18.229388
16.862082
19.003218
7.403676
6.651774
14.212803
18.882310
8.509111
13.346549
10.666393
9.963776
15.855800
18.211269
11.809322
17.429031
9.878196
19.174020
14.265346
18.019117
12.338528
16.084755
25.142250
21.300022
14.698116
10.957557
15.282005
10.464853
6.941482
18.362406
13.931436
17.208593
17.326762
11.023573
13.375322
12.680786
16.328518
11.739408
24.723324
10.889127
16.756680
19.124539
11.723311
8.375973
12.471507
15.912834
15.774848
16.401233
17.724771
11.826374
8.805767
19.864654
13.586541
6.857987
11.422547
14.784459
7.435533
6.833267
8.385084
28.928427
19.172490
6.434889
7.322308
6.303726
8.291036
12.678973
7.435076
8.338373
14.558927
36.662675
14.107129
36.643848
18.343885
12.708770
19.583980
4.515725
4.499788
20.638408
34.369154
10.771355
42.473299
5.360194
5.884711
24.994218
12.639488
19.529737
9.948311
17.432892
8.699870
9.304231
7.222711
26.342521
19.013794
14.687469
9.066512
11.631880
22.887026
10.541348
15.202977
30.052749
12.021078
9.485380
4.019107
10.065288
5.718469
12.056870
8.819463
25.307955
9.365742
12.662795
8.578240
5.771096
6.341080
14.457223
16.271543
11.989015
16.592653
9.444773
18.270065
19.193168
8.618211
29.980910
14.493751
10.705802
18.931035
12.874772
36.550998
25.240888
25.038877
14.478099
9.479591
7.111083
7.831770
12.403010
25.139267
21.736905
14.082278
15.189630
9.318918
9.017048
34.534690
16.896339
15.045169
6.311490
9.566376
10.777623
16.596515
24.724485
25.926740
20.068070
12.007607
21.933631
22.040468
11.486800
9.362063
11.255753
11.286813
6.507102
7.629558
11.841010
9.090693
22.583708
26.081263
7.336555
5.162563
11.741547
16.949085
17.018676
10.439436
5.644082
15.341239
9.569394
15.424748
10.877450
13.240452
16.453530
20.722916
14.755300
10.699906
14.184800
7.309845
14.791457
20.670681
6.283191
19.806524
10.670055
10.274346
15.208287
10.069028
6.429041
9.615503
6.057447
9.073601
11.582850
10.325558
5.754899
17.527367
19.220906
24.804588
14.942796
17.817522
18.845680
22.759173
16.298376
12.024649
12.878355
7.419273
18.861260
21.779764
7.667929
8.019873
11.557235
22.107616
24.000687
28.545827
14.381663
11.157340
16.529616
10.990605
13.221089
21.070778
9.915224
10.614163
5.490242
30.111660
7.832112
4.507686
10.499488
15.992828
19.628640
26.333887
10.207278
15.347379
10.769130
15.636287
29.820654
36.228644
7.390184
4.419725
10.119350
7.655342
8.796465
11.396114
8.610466
9.845449
13.121864
20.318697
7.106046
8.961216
13.548910
14.055364
14.796998
12.552441
35.328249
11.649410
19.721438
4.157416
31.150150
22.219362
13.944628
13.992105
16.824024
4.713441
6.323690
7.197176
6.890097
11.852209
25.930183
4.783444
4.834340
20.782966
9.742733
26.587645
25.596644
11.013117
7.704655
5.082908
13.345747
11.676921
11.255118
10.687170
12.489528
4.048966
10.274797
12.395920
15.256947
21.744073
17.583876
9.346937
17.412823
22.092664
5.386112
8.907951
11.695792
18.149222
6.108280
10.779877
28.949681
13.177012
22.830358
9.229817
8.818446
11.388780
5.383681
12.322409
28.783886
17.484421
6.759121
25.428456
10.044876
4.985928
22.770831
14.008338
15.090447
13.352585
27.172140
8.494800
10.097864
15.060863
6.133212
10.712443
11.991980
7.075431
19.358323
11.053406
19.160614
14.518895
9.687068
7.376894
3.472669
5.413248
8.937348
6.590162
16.760104
8.969129
19.029318
36.142427
17.158180
6.862244
15.038308
7.121822
8.348542
29.426083
15.300663
5.319793
7.902350
10.479636
19.249622
11.940954
9.216360
5.036697
8.904030
25.561385
36.296575
6.967335
14.096251
18.107003
29.983846
10.177490
13.869087
7.781165
11.179685
6.055745
30.245405
8.127768
13.590672
20.665086
27.506866
12.662902
5.895798
7.684072
26.522844
8.609628
13.075340
26.562364
7.766561
11.251613
18.684067
48.026237
17.486533
8.925173
9.732510
8.699823
9.683096
16.844517
21.709842
8.719448
4.577074
19.188249
15.164815
11.950671
11.280511
4.390693
6.118086
4.712782
22.488314
29.086055
11.254362
26.019352
13.632272
18.213367
24.059293
24.752546
21.555797
22.411873
50.124604
28.586160
32.173966
60.838746
12.009545
16.125095
11.248731
7.698149
5.264193
4.416103
5.315789
20.501560
14.876804
26.630153
8.635384
12.485955
17.195149
15.249072
20.523997
13.456249
10.250293
6.588081
15.559907
8.984117
15.886398
23.856124
12.029192
11.640432
12.062080
14.025510
27.083310
34.106423
13.986745
12.331836
14.206159
20.478882
7.819461
9.708716
21.571767
8.452139
9.173980
17.591647
12.970525
12.210964
11.990692
11.312986
19.243477
22.529003
26.613605
9.310189
9.190412
9.590585
20.047566
6.124770
6.852173
21.516068
7.579717
17.882826
8.655634
11.262123
15.299603
12.566821
13.033252
10.336345
23.490139
13.246788
13.019377
17.494030
28.219705
8.195372
8.644914
10.836120
10.166123
5.248257
5.649571
14.163996
8.289402
12.510785
22.932133
14.640946
20.749858
11.786501
16.963041
13.803806
35.947171
6.054255
7.671057
15.289215
16.087505
14.421171
15.036840
11.112754
4.371699
16.770339
12.075398
16.652239
24.452289
7.278155
9.135888
6.780122
8.500455
13.953114
17.679200
14.964913
6.620589
9.686222
6.650876
10.118745
13.453995
22.070248
6.974423
8.230500
29.348329
29.786687
13.375965
6.478632
10.562283
12.541070
13.829132
17.093059
14.760373
5.463704
2.766025
9.584618
18.019403
11.239735
15.513468
30.387690
18.094159
17.914380
7.144543
9.219371
8.248297
7.503470
8.396353
7.206342
23.379493
15.345500
13.088178
15.455340
13.755423
9.915816
16.288641
13.673461
9.142846
32.390228
30.012432
30.752961
6.945348
23.351324
8.899852
6.483877
10.520297
9.717268
9.114304
8.576683
21.591921
14.683502
21.667883
41.996119
42.862540
17.502633
11.087009
12.973007
17.518890
6.715856
16.151232
21.764799
9.184047
7.422763
8.853364
20.955266
8.873468
14.388336
13.800190
4.911123
11.693734
14.013800
12.066096
13.065253
12.136346
21.634716
18.449358
8.871483
8.801379
22.229746
5.483616
10.163692
6.779825
11.812488
14.695744
8.167642
6.244161
28.921711
40.935312
11.201573
11.156262
8.445149
13.728092
6.252308
11.668334
16.231814
6.088209
22.545356
16.185169
17.894740
4.819613
12.762290
12.023724
6.899157
14.780169
27.100241
6.973326
4.725569
11.781341
7.939517
8.646324
21.798069
14.115413
12.544086
12.970868
15.586094
8.903288
61.953807
10.006213
15.866644
4.116958
16.414869
16.333832
29.195298
5.187588
14.607978
16.498271
7.260676
16.697448
8.076006
20.415717
17.010361
5.381650
14.250742
15.520382
7.739987
10.483624
19.513513
16.376680
17.724423
8.434931
23.284357
12.948240
31.342238
4.998576
14.196161
6.082978
15.129295
10.528859
13.279870
24.084138
21.752540
9.693154
11.168330
18.460074
11.480560
29.683301
20.082569
10.470629
7.532331
9.863929
6.895230
8.326411
17.237730
5.949386
10.884436
11.290406
18.083532
9.135339
22.682549
8.411406
6.997710
27.639739
7.451816
7.016001
12.990715
9.439694
19.172529
20.004084
6.731360
8.348966
7.364514
9.273733
6.259084
13.048122
7.481963
8.049445
14.021643
20.946105
25.408889
7.100451
9.080520
9.634851
12.939033
17.183544
9.112039
20.358174
11.510521
7.159988
13.928493
13.251716
20.993276
10.599752
18.939308
11.950661
4.560395
15.614571
7.255167
10.612739
8.012668
25.581733
11.637444
7.389873
11.698429
9.476014
32.749193
14.061944
17.744089
26.472454
20.689085
8.186663
4.153755
5.536328
10.745338
20.646337
39.287653
7.432236
18.849326
10.546891
24.302889
5.799499
8.715843
7.973350
12.134173
13.788608
14.078619
16.939716
14.439945
21.892065
21.650625
8.018796
22.208540
16.755078
20.289218
12.264471
18.667179
8.578451
28.794272
11.933921
6.560842
13.395861
6.728732
4.150168
11.364413
23.975049
25.591689
7.396033
10.939019
7.276051
17.201232
11.115870
33.530315
35.697604
10.026700
6.487809
25.548930
24.898692
9.754712
10.926401
11.561286
10.992664
8.157097
5.678231
7.780602
12.777922
8.816251
10.604284
7.401179
8.707248
42.469284
15.284954
6.269842
18.249727
9.848649
14.568050
7.206652
21.414211
7.863748
9.001739
11.068923
12.813690
19.127069
11.396680
19.569583
15.577453
21.713264
20.823462
14.565531
17.149653
14.301639
19.249965
28.811627
11.486593
6.691136
27.082293
8.627705
23.001999
13.453521
33.480471
27.017650
11.236436
12.534279
18.444188
10.395027
8.216036
25.712575
12.173351
20.961687
15.342178
15.567559
7.404057
11.707875
30.529210
19.066857
8.194561
28.786070
12.136239
16.285490
5.629193
12.703435
17.054121
10.658097
8.699630
20.971356
15.638439
12.690248
14.932158
7.103046
6.571426
18.144931
12.417062
8.091486
20.699676
10.984452
8.205447
15.021427
11.235925
26.105313
24.929437
16.142725
8.004073
24.454564
11.319254
23.551274
14.598229
8.285937
10.137738
17.246992
13.470874
23.699839
20.380223
9.455397
19.694524
15.831598
12.880182
23.336618
10.807193
13.385755
12.846273
6.536234
8.545054
8.271943
20.948464
15.974164
16.221535
22.683002
20.611625
15.955758
12.367802
11.108724
6.448332
13.903607
9.726705
31.464618
15.586429
23.086118
12.285482
8.363404
14.306405
6.103682
15.277432
10.329194
12.859178
11.971273
16.834472
8.989197
14.887023
19.712144
6.607459
12.044380
9.187020
13.361051
19.136939
13.290495
9.561685
5.995866
6.795050
11.797198
8.039460
22.079772
21.572150
38.769122
28.136513
23.391741
5.546025
13.127692
11.733852
14.724493
15.085324
14.009687
14.916454
19.858144
14.129563
9.861795
17.316271
16.167388
7.520149
18.777090
7.675876
11.083186
8.256862
14.894746
37.008051
21.225280
16.062686
10.454239
10.705577
7.843634
8.582462
23.719922
16.211527
15.822144
12.334179
10.842330
10.151131
3.160705
13.388556
13.498142
13.416616
2.536562
5.367932
12.089704
12.626830
4.004838
7.100191
8.431532
7.779145
15.269137
13.402702
9.804733
12.977142
15.680066
12.516856
13.033081
16.795147
17.198966
18.300204
10.625343
9.371636
13.106768
18.665709
35.877757
27.838058
7.555676
11.655895
14.511319
12.153576
41.576422
7.405437
6.192253
11.537895
12.353294
6.680540
29.509771
15.760174
7.044446
9.537550
23.476315
18.414743
12.229886
15.025870
19.387845
47.190560
7.870703
6.870042
8.316307
21.392398
13.035794
22.667344
22.729370
3.861223
11.266678
16.524249
3.806516
15.547776
11.141732
11.413531
16.467880
4.105770
18.668281
4.676245
9.053372
10.525409
4.678242
26.291180
19.119471
4.892975
5.830849
13.198232
17.736024
11.054060
9.913149
11.167100
19.099598
12.989621
13.513229
13.150073
11.066579
12.652480
10.695811
34.357224
19.137788
13.460178
12.430830
18.270951
8.821590
6.323137
16.789558
8.908069
17.319052
4.982922
11.765674
13.164724
7.046926
10.951667
8.893856
16.532223
11.161981
16.312480
8.188738
9.316191
7.186545
3.424192
22.510952
11.087700
14.849706
58.656906
8.303423
12.686655
9.227203
17.549434
13.748510
18.702545
6.922465
17.674323
15.417565
9.362525
20.031737
10.348610
4.478613
16.992395
9.841300
11.980309
14.737492
21.539677
13.748264
20.432149
17.250066
7.165718
13.195848
8.393814
54.715111
5.795374
7.265889
13.128479
6.059616
10.392324
14.994193
10.953054
7.292965
13.331081
8.239880
3.061709
5.747170
12.729181
15.210066
7.139308
18.091416
10.090460
23.791045
13.167452
10.259591
15.331749
10.428054
12.114180
14.937379
6.807263
14.954680
13.824380
12.908483
26.293647
16.297381
23.226191
29.909054
18.413948
8.147819
17.425203
8.328722
17.050724
11.126022
10.825725
16.556635
5.239171
7.620075
9.200773
4.388801
19.278462
26.581934
13.868493
25.653157
22.675712
16.269167
6.411837
4.692845
9.579298
8.500724
14.302943
18.055976
11.329462
15.327674
17.394090
17.188803
14.599374
11.904792
6.471568
12.488546
10.971573
7.419124
13.644059
16.369474
14.261149
13.988841
16.177032
9.113841
12.583452
14.646009
14.646502
11.808812
6.953970
14.039094
18.829900
4.854086
13.227293
19.612228
11.318793
21.285624
18.490217
22.287135
11.170757
6.821484
6.806527
25.981504
18.986821
22.746771
10.931522
7.223318
21.228191
11.261954
16.324776
10.900368
11.452777
44.939504
16.729875
15.912342
10.300170
8.065325
23.075649
8.947961
15.928348
14.956943
6.048393
28.857892
13.181120
11.474760
12.763313
9.153770
12.059922
13.269066
5.814977
22.155665
23.824898
22.445203
17.643459
18.035478
10.922325
7.976748
10.154783
7.786159
6.990928
32.076576
15.757264
5.313917
14.885418
18.808050
19.050303
35.412488
11.884019
12.413734
8.028366
18.559529
13.645215
18.789789
12.855866
21.638496
17.391823
4.475963
7.028781
12.145356
24.600843
8.550927
15.420248
20.452797
24.162047
11.707323
7.765091
9.937637
8.837947
19.189144
19.786620
33.805699
21.737396
19.474563
7.980515
9.711979
4.928055
6.941889
12.003410
14.570893
5.156160
15.263443
11.246717
13.155416
18.946996
17.160960
22.739949
5.237376
12.407419
5.517263
17.357907
8.372523
15.731652
4.867107
12.800163
15.364177
11.004281
9.420253
19.233082
9.785956
11.367068
10.104287
20.158040
25.916993
6.535723
15.404896
5.900007
8.577538
11.346977
13.742911
39.832365
10.866868
27.265827
25.843328
10.251607
6.093290
20.671748
18.542265
8.966458
18.731066
7.045253
12.674873
12.900962
36.044416
12.481355
8.417962
14.383629
13.824367
10.968194
19.560612
19.553837
19.197612
4.673742
3.387008
12.507107
17.601368
6.280928
22.406590
15.681326
7.418431
10.666507
9.751918
4.272437
6.342823
12.342270
16.310571
6.094504
13.195161
13.239622
16.978356
11.342815
7.193792
5.807047
9.873627
20.104740
28.438082
15.231170
18.484861
19.617287
30.655088
10.690495
11.359622
14.714662
19.369222
9.566594
6.170790
5.557410
19.563371
18.337211
6.908033
32.218409
4.058331
8.289354
7.146974
10.654977
8.842824
24.761845
18.285250
22.535137
11.970710
7.508439
23.802140
5.751602
8.558931
15.561613
6.938944
28.128512
20.774191
7.506665
6.917613
15.358967
10.810880
21.611236
5.989981
7.549914
10.067118
6.889146
5.419478
9.234363
18.202729
8.281602
15.164181
9.551583
11.371066
11.226850
5.539644
16.918281
20.463904
32.940461
7.766114
6.167458
14.953434
9.602690
14.864535
6.358497
11.592821
8.986458
5.474250
29.121783
8.991811
11.175750
8.458136
8.150265
6.623031
15.367506
5.270050
21.118530
10.405648
10.924366
17.575635
17.237229
23.918549
6.953938
4.779378
22.172303
21.695565
13.911451
14.145814
11.462299
20.021628
10.796511
16.819027
12.431660
7.961707
3.878379
16.000960
4.983666
9.515930
10.654298
27.698164
6.067510
8.324656
12.098474
13.608267
31.449696
31.059121
10.900023
6.992349
13.028117
14.081088
23.846958
6.554589
8.106857
13.665763
6.597777
7.541922
28.014263
17.740961
8.159498
8.073554
40.870054
10.543083
9.886656
6.129651
9.658454
7.964162
14.738771
13.029552
20.081168
37.338429
12.443507
27.964824
9.387913
20.938236
20.349053
22.917842
9.716838
23.919340
22.860574
9.166741
6.737405
13.505464
16.703724
17.004645
11.857764
4.867824
10.765902
16.250761
15.394387
9.605555
12.737668
9.614523
5.836614
19.494860
3.212120
3.828870
13.855131
13.272720
9.407951
13.475597
16.045592
5.045252
18.755635
24.135318
16.522998
23.134098
11.923235
16.983121
16.010836
21.024754
17.779484
26.017783
21.261225
12.137086
14.917965
23.547579
9.554566
11.434956
9.480554
6.270417
7.892454
9.341165
8.068775
6.702047
23.358677
12.159253
12.512944
9.470176
9.762627
5.170055
7.149035
6.749747
9.579445
26.404954
11.807937
6.478229
6.936792
8.918761
26.122553
13.473172
13.505548
7.596675
7.867137
11.279440
23.928484
11.984872
20.198771
4.258930
14.666813
12.397137
6.959240
17.785225
21.363636
9.976988
9.485451
40.395692
16.458159
20.563931
12.047858
19.912926
10.983681
27.391399
11.619038
8.116823
7.421766
32.623494
19.049580
33.851191
21.355060
15.746115
10.596803
9.163499
3.693052
21.361114
11.116130
24.379979
21.921045
5.642071
4.452806
23.709230
21.477829
14.027500
11.425348
20.153206
17.052596
5.188348
8.198364
12.805446
16.669087
13.328152
10.024997
12.078448
12.139273
13.544011
13.069965
11.475031
18.400804
8.911782
22.699761
18.140303
16.583752
9.641166
11.853125
17.470402
18.836615
18.951711
10.751175
21.884424
12.612856
32.004304
3.849744
5.221767
18.876737
23.340120
15.850433
19.271720
19.043475
3.125803
8.971418
4.200705
8.780938
18.286691
14.885941
7.640041
10.906586
13.390245
32.106065
11.902610
23.366414
18.189608
15.759055
12.273669
15.814835
12.580385
12.269669
11.449270
9.346937
13.259092
8.073461
23.473063
19.198363
21.467509
22.165164
10.207068
11.809435
9.786789
7.835652
9.832692
25.034782
6.088008
6.765606
12.945489
18.162889
10.883338
15.028801
17.750697
16.671306
14.541663
16.650278
32.459781
14.554235
6.385289
5.793789
11.066041
7.108390
12.562549
8.544805
32.547863
17.428471
29.926241
35.029286
11.984487
21.813412
11.016299
13.334586
10.525177
14.627952
21.919681
11.403960
5.812519
4.986447
11.899634
9.438747
15.823793
13.292872
10.681497
8.294467
13.063723
17.739936
26.756197
5.686387
4.584210
17.568608
15.385942
10.174513
7.161461
3.746091
16.354091
14.333132
13.762553
16.326611
19.763596
13.014399
20.630958
25.305983
21.282693
23.740367
10.265024
6.262654
9.166118
28.180470
5.878627
5.751011
11.977157
10.985424
14.003614
11.357767
11.078921
9.312172
12.092368
6.508065
6.536089
13.103411
12.989846
16.324648
27.436866
14.818456
11.642109
11.335824
13.739046
25.163211
19.615806
7.373555
11.779996
9.010047
7.271066
17.550355
20.563934
8.430036
10.711040
22.170314
9.464506
6.191269
15.194488
18.599747
5.623409
19.042707
18.331958
4.696263
4.546827
8.343699
19.024917
7.401263
9.086344
16.486962
9.304228
11.727473
15.045717
11.940618
10.214744
26.480158
9.153873
5.538493
10.091914
33.866784
33.531938
13.070891
12.551491
14.051161
6.435007
13.180897
7.866555
12.356183
5.345580
6.276880
6.987688
10.747348
10.958048
11.452748
10.687304
16.202599
16.144677
18.923380
20.806158
32.251473
28.456511
22.071439
12.463020
6.630037
8.653859
20.615391
31.755986
6.326530
40.142864
18.507536
19.798944
8.726546
6.657341
11.525787
9.939725
15.680796
4.841477
3.565723
7.661237
22.525507
22.051949
18.122537
9.797048
12.148042
10.281531
16.350524
16.581972
8.437713
4.278490
6.593292
7.383935
6.218477
14.251793
9.369190
11.193101
20.133513
10.565635
32.947272
12.927503
27.226305
8.565820
5.433501
4.735797
34.991489
14.918825
17.418114
10.654235
31.465018
7.439390
19.288409
20.471388
15.710066
12.209565
13.183213
9.564075
4.432761
15.061427
14.545674
5.162853
14.117459
10.446611
12.347269
23.237215
7.703399
9.615462
26.137089
7.835696
17.028856
7.052088
10.016882
4.877594
21.423345
25.201922
13.000586
8.400612
32.257204
9.371742
18.961574
11.023298
6.558474
6.902654
9.193719
6.962468
8.273150
7.520812
17.003045
9.427645
4.196162
8.894891
9.213770
43.216990
8.986985
3.533565
15.863124
14.419910
6.712742
5.265896
17.499429
20.970256
15.678007
10.940173
27.654923
6.831730
7.421794
11.404343
10.266401
16.326259
18.677443
13.992131
9.749480
13.182975
11.704843
11.218961
14.264454
11.799905
9.730017
42.931779
21.380362
14.188473
6.802542
7.832220
15.627513
9.822907
20.106232
33.147188
30.384134
12.243494
10.294525
4.698953
14.040891
17.958797
7.160675
5.585963
10.284826
30.580547
14.421439
13.804832
12.597898
10.783696
21.603952
10.317113
4.612586
15.028244
8.938288
12.653636
20.311252
13.175051
13.511597
11.926248
10.866396
11.012695
10.398251
15.700537
16.702705
16.325155
21.308383
14.963854
15.646381
29.689349
9.598232
7.346198
8.589941
46.347824
21.296605
11.817744
7.700152
11.260082
13.956159
9.331623
13.154167
8.084747
10.702812
13.321494
11.948928
16.127670
5.721076
10.762601
16.605802
13.372409
16.767086
8.705296
14.162856
20.394310
9.764086
6.438759
16.101303
8.878374
14.394215
17.897699
13.934499
22.708875
13.606628
25.136743
8.494169
5.178206
14.945372
21.557312
27.048292
15.654515
6.462019
8.555438
6.616430
24.228936
10.259218
17.058248
8.814321
18.804439
22.331049
17.815199
5.727343
5.419302
9.048474
12.651863
16.089464
11.645750
8.856670
21.137087
17.789462
14.204870
15.120680
18.339669
21.876234
21.084980
8.579020
14.296088
10.216382
8.990304
15.468067
8.614712
10.471513
20.385928
29.205306
9.842970
5.264588
6.615199
18.909790
11.876851
12.338536
3.922283
22.816777
7.065141
12.286166
10.643275
9.690709
5.789836
17.810367
5.752213
5.716275
7.234556
10.223957
23.020064
14.350438
31.059854
28.114256
20.293450
11.630598
24.784775
7.457864
13.950424
10.554694
18.064403
16.450871
16.314046
25.385343
8.919093
7.707619
13.649578
8.577275
23.077025
22.163165
24.959057
16.941274
11.200234
5.253534
14.734919
24.230472
29.468762
7.598948
5.555099
9.463564
4.209082
3.327177
11.450999
17.804248
22.754492
9.787257
9.070366
32.819486
14.632079
9.632361
10.198493
8.123994
10.663502
14.662040
12.135709
18.172535
7.597639
9.829007
27.298300
15.002637
7.103812
6.951184
4.403584
14.088664
8.903046
9.157419
15.968690
12.871879
4.786479
3.888587
5.218595
26.197505
9.156865
14.691333
18.877935
6.363050
4.278502
17.200124
12.790077
10.786646
15.495907
22.008680
11.111549
21.930443
18.145565
22.019071
5.267890
12.002238
34.402206
20.814425
15.452938
7.377092
8.546962
17.410685
8.265490
19.839759
19.354264
8.887186
18.302359
18.764272
23.817421
16.359149
16.469475
13.891557
5.467789
12.479579
14.536270
7.586965
19.096342
12.463508
7.744505
18.761087
18.299017
21.667878
15.381543
12.660611
8.649546
22.633177
9.905606
8.853934
16.720701
8.752052
24.535925
13.431266
29.822229
20.233180
9.643190
15.732711
12.939042
12.362780
9.361629
2.393851
7.513290
11.951702
8.853263
8.701343
6.337606
4.369884
13.423098
8.861449
12.328500
11.169964
13.495240
10.337048
32.064388
15.365196
8.347091
8.699265
32.086849
12.331741
27.897332
22.979309
16.940365
25.332722
10.360030
12.017374
13.201285
6.797878
19.720146
14.308287
6.101863
10.260090
5.374470
12.267187
5.354435
15.461434
18.313024
15.552837
15.183283
11.436753
13.503068
21.958808
9.388799
15.437770
13.873277
6.918254
9.450576
11.488648
14.084271
8.653283
12.223718
5.663771
6.078766
9.628048
8.601400
7.913778
6.846996
11.358741
10.003777
11.796624
15.593230
25.706659
35.927797
14.662872
24.064654
24.474995
13.475303
13.947512
9.672589
20.342582
24.655940
11.431800
16.629726
9.599509
8.963596
6.352493
16.893087
13.645200
10.668163
17.361428
8.701374
3.675792
6.643501
8.226816
10.083692
6.654366
15.880983
8.621063
5.170067
33.511945
16.894428
6.217715
16.797382
13.220305
7.441694
16.415327
12.344164
13.748517
13.253256
12.192883
8.690535
6.820074
15.403921
14.972224
10.611454
11.887498
14.140864
10.434694
4.915339
9.624270
8.444110
15.522332
3.890883
6.115804
23.694504
17.811837
23.821469
17.322757
20.569950
7.937299
16.216679
14.396109
8.931327
13.896285
7.218755
15.977323
8.089637
16.366656
11.408655
10.350376
4.774793
13.230023
7.167345
13.055997
40.138419
11.405988
29.760126
14.662204
13.627570
7.739213
17.427552
7.556708
5.185719
6.133687
24.943467
42.668711
8.195577
8.297341
5.696592
5.808481
23.807126
10.271524
16.460867
15.112365
16.293589
19.438438
11.895408
27.600681
10.538176
16.988173
11.414269
18.037553
11.218122
15.840674
25.572034
17.763303
11.859442
13.687545
11.672823
9.304832
9.885042
31.558124
18.887441
7.914361
8.679715
16.047495
13.515444
4.539678
10.276884
12.413982
15.742414
10.161927
10.500544
12.069090
9.879951
8.339809
14.840597
15.759475
23.179573
9.130085
9.005337
12.000518
29.422575
5.003439
7.646975
20.931777
6.574799
19.992409
33.244712
44.902555
9.978855
31.732268
18.106203
11.213186
10.831996
13.504648
16.650058
11.801066
11.609482
27.233284
6.063940
5.086443
8.773500
5.410303
19.165624
14.698025
13.958164
12.011744
11.689285
18.825156
13.066857
9.116714
12.403085
21.064526
4.701677
7.956747
7.140414
15.150803
7.534906
10.199747
14.146104
9.801736
6.373461
12.025932
14.835406
17.508473
15.080519
28.812237
10.358483
11.103236
17.441509
5.415193
4.755379
18.076952
12.792033
7.153451
8.920556
27.640231
19.241049
23.375367
10.527197
11.727152
20.608897
3.789260
16.058124
10.089349
10.703901
8.949461
27.269017
7.734509
3.179964
10.484547
11.431961
4.096031
12.528845
16.535574
10.058535
6.559419
13.760037
17.721053
14.226358
13.281763
14.551806
7.094282
13.022369
38.286695
11.467046
13.046268
11.144783
12.952242
26.176413
18.999461
16.454116
8.558848
12.563659
23.467164
24.759245
16.700374
9.425885
18.291320
37.894911
15.028317
12.584788
6.007294
21.242633
12.672832
24.135250
22.440915
16.904726
6.078938
9.691801
5.967427
9.778915
27.172988
7.230778
9.912187
8.114915
12.546622
5.458804
12.448178
15.373539
18.018305
22.275864
12.339667
11.620310
5.106983
3.843954
16.637899
26.827211
16.664848
11.743272
25.321486
8.836704
10.330755
7.115737
9.741122
12.066368
20.150493
12.528101
27.706079
12.039302
27.226196
23.324161
10.681233
31.775971
17.267911
7.351057
7.792105
15.249746
11.942255
9.096743
9.728447
7.030545
15.940901
9.565396
14.106359
17.102338
8.204702
17.565716
9.722014
4.421102
13.135205
9.967465
9.284094
10.865191
15.183194
15.759046
10.540308
9.128916
7.637813
27.697434
5.419379
12.793813
10.057307
26.285101
13.235586
17.279253
18.587594
10.649293
28.078823
17.421252
6.128771
15.974854
6.711537
13.415279
7.895571
17.476831
27.336623
13.175158
29.796336
22.785202
21.311143
5.085588
8.623565
10.508862
7.813053
15.338729
10.161640
20.947449
16.142158
12.801077
6.352020
19.645077
7.003932
9.813705
17.061504
6.918281
11.380344
6.161580
28.214238
11.780293
14.029155
4.974276
6.805458
10.500337
7.355726
5.581549
10.939261
22.339650
16.890303
14.603372
7.200373
10.254920
28.575601
22.206345
12.275883
14.420379
15.724298
22.578906
10.948554
4.130533
10.554093
13.449173
20.180922
10.960236
8.093118
19.466568
14.738648
14.178051
8.294197
10.471766
12.971669
6.001365
7.301407
15.535808
8.327897
25.750246
20.381963
10.705027
22.134632
19.292160
12.335732
9.690112
14.057783
5.155645
18.580705
15.045476
16.043693
6.434950
7.955809
24.769767
3.801396
4.041963
8.497749
12.676011
13.930280
7.266200
8.539027
10.707693
17.002526
30.115133
16.310598
8.369852
8.681695
12.973614
6.380594
19.101508
15.218879
16.959100
16.121632
8.432848
12.944229
6.442371
17.335153
19.290481
4.490823
3.394606
13.906428
7.628515
9.039136
10.031148
7.889620
41.919226
6.380533
6.517213
9.286721
6.315878
13.259544
12.506227
11.614745
30.938852
10.114837
15.745010
9.164607
14.992714
7.186621
10.634064
11.734211
11.933946
16.984690
45.279692
12.975202
8.260445
38.702071
9.574638
10.652399
13.547310
27.135811
6.826165
14.561319
6.586709
7.234850
7.610571
25.870224
10.958060
5.766894
7.416845
9.730269
6.893525
9.130208
7.282389
5.342401
7.850078
17.198076
10.455202
6.810267
8.777960
23.039454
14.043655
12.458143
16.560083
9.712254
29.210445
3.246615
6.880467
28.976181
16.481074
8.733124
31.659548
8.900041
4.389291
10.985482
16.881790
11.912642
12.624248
8.026376
6.451500
5.150151
21.201976
14.728603
34.901863
33.814785
36.119853
13.502303
24.497236
19.320832
25.202613
10.365958
24.031120
21.440745
15.636730
19.081419
28.120272
10.643063
11.154917
19.613590
17.150434
14.526580
11.703647
11.886538
27.808246
17.813291
17.205789
9.584217
22.145096
34.953193
14.039745
18.977348
12.396783
30.872603
25.174166
9.109843
21.300208
16.083089
16.053834
49.939389
8.876737
15.013419
14.688447
13.437082
14.560611
18.071386
15.268333
5.912970
16.130156
34.547446
8.938631
26.034573
27.108514
11.788201
17.768602
19.912981
10.748739
26.804098
10.823482
27.896475
12.413090
24.968219
37.824964
17.350805
15.518861
8.288790
17.301680
15.877248
14.692515
17.379019
18.916300
25.898119
22.425774
24.597234
11.508513
30.812052
11.290941
20.212822
9.354022
12.481538
11.122344
12.371358
9.915127
16.242932
35.152176
8.523281
12.746243
7.589595
19.571201
7.534346
14.300659
9.098599
11.443110
27.307070
21.032391
9.575257
42.142183
11.622573
14.197674
28.039784
14.963198
10.075114
13.667231
11.224062
13.587783
15.560148
17.551780
5.887011
8.303378
14.497388
17.576667
16.065768
36.694498
13.974882
24.686580
9.332957
13.957027
15.653720
14.723440
5.908339
13.073541
7.729552
7.902975
10.583535
20.152807
21.299847
29.005296
13.579962
14.752041
36.215735
26.547355
16.952274
39.199051
25.846497
16.179722
14.853700
10.658243
15.434454
19.612511
41.189027
11.724386
15.034625
40.127732
12.043036
41.177112
4.451730
17.171501
21.365888
16.692545
27.170604
12.859206
24.085297
30.567159
13.655476
23.165256
29.902086
13.052211
14.206492
18.629759
22.105713
14.037195
15.904172
9.825073
14.276038
28.580576
14.331693
14.091685
13.723732
30.209635
15.439284
13.728234
24.817764
21.086901
16.186978
8.852234
16.452696
34.977243
10.182070
10.027269
21.984245
22.013690
11.605185
18.827689
16.083259
13.718261
13.424888
12.436513
8.861156
22.067861
20.902572
31.533338
28.237310
12.236453
10.864751
18.110092
27.205541
20.205148
7.070120
19.891551
20.660745
12.720189
25.326987
14.023879
11.099726
30.694069
13.032591
7.606495
29.860949
16.878441
10.263269
11.847428
17.751971
8.687803
12.817116
12.265208
16.997574
12.764418
27.757167
23.354377
15.529721
12.621986
15.129013
30.574005
16.157430
5.454873
22.616420
15.299416
12.745279
10.006944
22.958609
15.410669
16.844047
31.669605
11.974996
13.127841
27.720428
11.615278
7.737326
11.483215
7.866430
12.662271
21.207887
21.859873
25.579572
12.932526
15.591489
11.804821
7.567172
15.480831
21.770360
15.652132
26.997097
20.308072
30.133252
23.368196
40.810026
17.163254
5.075282
34.419729
25.795450
11.799185
16.973774
11.947655
21.059910
13.171708
22.082307
23.618874
29.619788
12.990787
25.533150
9.296205
28.268628
16.819323
15.267296
32.294157
13.196618
8.968920
20.161877
10.226243
15.581565
30.994425
10.944698
19.031205
20.601116
24.109185
25.899609
