0.0019969337644820716	0.008224829451008801	0.005999800617936302	0.01921837468383284
0.0029944538687802754	0.007178443536546069	0.008999861077745487	0.018449251561867438
0.0039909799643293945	0.007623028649041272	0.011999939404104154	0.018784681402618575
0.0049865140301810305	0.00821136126915227	0.015000041513512443	0.019314968896507332
0.00598105803948214	0.007957503769459143	0.0180001732989459	0.01843044872050531
0.0069746139594986335	0.007303319226217839	0.02100034062997265	0.01768810000206958
0.007967135579837007	0.008639657345067338	0.024000404111289432	0.018436132964736947
0.008958720961670288	0.008430797567802985	0.027000660061290628	0.018409073575439396
0.009949276282836449	0.009165520618281606	0.030000823769146322	0.018431454572217777
0.010938899164504814	0.009860088160499885	0.03300119152905961	0.019112590139663915
0.011927543706284318	0.011690608914002563	0.036001623836725984	0.02154974292306599
0.012915211840639488	0.011462800026410244	0.03900212642367775	0.021503796348821297
0.01390185760840029	0.009153797854857038	0.04200255974354548	0.01908863691371561
0.014887578702443158	0.007630341582710955	0.04500321999334103	0.017666594353972276
0.015872281360850136	0.007791150305102474	0.04800382231971043	0.01801638077164639
0.016856062841818457	0.007961979412156829	0.05100466291180455	0.018104298521748136
0.017838877492794843	0.008262972704496923	0.0540056021052866	0.01825207502737581
0.018820727212258487	0.00973936146014406	0.05700664549768721	0.020788684034532854
0.019801613893102327	0.009663716397484751	0.06000779866458652	0.022037638350136564
0.020781539422654857	0.010223622813588682	0.06300906715972185	0.02193822168442463
0.021760505450716776	0.00943463662207317	0.06601045654501883	0.02071594392132229
0.022738514085991472	0.008174762502898805	0.06901197230225489	0.019575449861677526
0.02371556719924302	0.009301343956186215	0.07201361992027153	0.020354043581628862
0.024691666655757605	0.009443022587753048	0.07501540486649098	0.019679666472477382
0.025666814315364776	0.008204685715462342	0.07801733258702043	0.01963924565347462
0.026640964754471336	0.00799358592744057	0.08101926318772466	0.018715227349456152
0.027614167146168205	0.009994226095278804	0.084021347384642	0.02211291673582825
0.028586470290945725	0.010083889283112228	0.08702373593228548	0.022867228038615503
0.029557782112942924	0.009966902520818794	0.09002614344828544	0.022994784897620843
0.030528198268009902	0.010888218202311064	0.09302886603490507	0.021913847643826406
0.03149767367218465	0.010558941358884105	0.0960317636319197	0.022449825951998712
0.03246621014768928	0.010711920503996079	0.0990348415390995	0.021064179037655277
0.03343376255446329	0.010860448749777605	0.10203795966371927	0.020665882934335657
0.034400426618156774	0.011628103095022883	0.10504141400863179	0.021913856585334457
0.03536611032210936	0.010693912738091903	0.10804491905095225	0.021023501650926167
0.03633090897435418	0.011457553129108499	0.11104877083730436	0.02120292692843839
0.037294777730540844	0.010339175902744281	0.11405282912837711	0.02057571592826366
0.038257718381459	0.009241268470851188	0.11705709910240086	0.01905054812725384
0.03921973271273022	0.008994255342016859	0.1200615859176905	0.018130778070583255
0.04018082250482787	0.010531878059909254	0.12306629471274051	0.02120938491466661
0.04114098930993602	0.011146150218143434	0.126071230661913	0.022146001813222998
0.04210018879397424	0.010240536907114815	0.1290762532946121	0.021001788132068447
0.04305851537789916	0.011400017276492164	0.13208165872118577	0.022476527279412222
0.04401592449388143	0.012711042987871641	0.1350873064864142	0.023807915506390737
0.04497241789694683	0.01095508132894132	0.13809320163110275	0.02165753532930703
0.04592795096481099	0.010375211646808491	0.14109920367327938	0.020478633912728
0.046882618187015314	0.013805942011601225	0.1441056086223654	0.02408188609549558
0.04783637471107993	0.012347559340133547	0.1471122760222672	0.021998490693290317
0.04878922249263215	0.01182230648702407	0.15011921077439025	0.021121306351832278
0.049741163261732786	0.012945574557287894	0.15312641782416078	0.021919814701751004
0.05069219874350688	0.013515427105780917	0.15613390209820177	0.022292142995615112
0.0516423306581624	0.01182584868687447	0.15914166850442218	0.019851504278726742
0.052591514657583445	0.012154982000382022	0.1621495763405135	0.020171400805909477
0.05353984436135811	0.012687473940124774	0.16515792173165336	0.022033784855092903
0.05448722987107561	0.013989540086300278	0.168166418177142	0.023629705666088685
0.055433764404777305	0.014242689181387928	0.17117536189357094	0.025031505400575513
0.056379403899704264	0.01458545521383892	0.17418461200526508	0.025314074699835907
0.05732415004694985	0.015212231061433983	0.1771941733096914	0.025933034223749023
0.05826795873087108	0.013294388910623248	0.180203904909833	0.02371200760352601
0.059210923236898874	0.012435775400353132	0.18321410291979567	0.022299374986834153
0.060152953724417105	0.012681261109914221	0.1862244807000993	0.022198977371405276
0.06109414308194917	0.011614436334142908	0.1892353344698368	0.020737576889392442
0.0620344474762057	0.012158123285761218	0.19224652315092816	0.02132935905890557
0.06297386856981878	0.013899244380850105	0.19525805143348732	0.021992526636659113
0.06391240802073918	0.014211462783922952	0.1982699239900291	0.023379438375369845
0.06485006748225416	0.014244849500458219	0.20128214547555262	0.02279721503864607
0.06578684839058221	0.014775155131984649	0.2042947206137715	0.023860548722298973
0.0667227526025559	0.015369884640892617	0.20730765393986642	0.024030709166820416
0.06765778175757499	0.015303027987360851	0.21032095005677406	0.024642363326239775
0.06859193749044529	0.015206617885761801	0.21333461355024108	0.023556421039337784
0.06952522143139556	0.015050973288956335	0.2163486489889036	0.023233944777683035
0.07045758996061921	0.015449868519983676	0.21936291503578864	0.02378278492951079
0.07138908998696182	0.014311644981772152	0.22237756209623066	0.02331175467625554
0.07231976807834586	0.015269271189617767	0.2253927407062592	0.024047247722578838
0.07324953594398047	0.015070904594216356	0.22840816332970265	0.023773869367563864
0.07417848501087065	0.014943850131954319	0.2314241265266159	0.024494784026238847
0.07510657197243374	0.015075249035290018	0.23444048872673268	0.023875592283638572
0.07603379842733177	0.014450744610791854	0.2374572543811187	0.02314467343835187
0.07696012101838275	0.013418886930545531	0.24047428190588593	0.02232335798169882
0.07788563123818268	0.014966805089311938	0.24349186775614495	0.024124200062670468
0.07881024085262961	0.017316607324350464	0.24650972425773135	0.025512458815199455
0.0797340409723048	0.017772875767181014	0.24952814801376105	0.026393092622268452
0.0806569885126944	0.018928278280997846	0.2525469972346899	0.027042476504437696
0.08157908504604863	0.019412597736245644	0.25556627627380535	0.026045519785069183
0.08250033214027261	0.017373432748634683	0.2585859894683612	0.024073065679637063
0.08342073135894247	0.014365766423382482	0.2616061411396513	0.0218262985651297
0.08434023964135655	0.015547976854812377	0.2646265894132287	0.023680968733709562
0.08525890320352988	0.016530951929867796	0.267647484737417	0.02567405015091512
0.08617676793001051	0.01707594462133971	0.2706689777179445	0.02695888744980103
0.08709379099264132	0.018258492815598756	0.2736909263032711	0.028754613036480033
0.08800997393358906	0.019695214090548953	0.2767133347359786	0.02964517659622309
0.08892531829078605	0.017817689243717204	0.2797362072431234	0.026665990131263098
0.08983982559794527	0.016767560087272145	0.28275954803630665	0.025224762863041678
0.09075349718250462	0.016548354986140802	0.2857833614266267	0.024817721388600476
0.09166633477222508	0.01641392780667798	0.2888076514811145	0.023542336495101214
0.09257833988825354	0.01572642293676759	0.2918324223654249	0.02358178821933689
0.09348951404757863	0.01734999082380224	0.2948576782300368	0.0250537201074141
0.09439985876304655	0.0182370288093787	0.2978834232103238	0.024525258247549538
0.09530933141150746	0.017405186291596174	0.30090951497965573	0.024845336931968873
0.0962180215614295	0.016822816709674802	0.30393625065822094	0.024809579929611355
0.09712584292964188	0.01825127770179618	0.30696334115341617	0.02521400953306703
0.09803288471666306	0.017636403716552975	0.30999108377327633	0.025657686790721737
0.09893910456280172	0.01818178508396672	0.3130193359624607	0.027788828016397545
0.09984450395636044	0.019604434730660605	0.31604810176713233	0.02828362613313392
0.10074904048980043	0.020842394708463913	0.3190772386273867	0.029285415091302912
0.101652803426967	0.02205959428224081	0.32210704374305604	0.03190254387653842
0.10255570653992409	0.02164891945964707	0.3251372278840008	0.03018178872099237
0.10345779515288231	0.01996700387326609	0.32816794165425495	0.028760349575706085
0.10435911427059127	0.019199747946550196	0.331199335848613	0.02798307363919333
0.10525962178158592	0.01828221720530511	0.3342312676313991	0.026828927972734472
0.10615931914620144	0.015730322706427945	0.3372637409477169	0.023343484222912395
0.107058207820835	0.015346544225590526	0.34029675972849177	0.02323190562921758
0.10795633263847802	0.016914559639174254	0.3433304748190192	0.024180442195254146
0.10885356475009168	0.017091146438547394	0.34636444944375766	0.02489089414532672
0.10975003585946097	0.01893941503945762	0.3493991281979769	0.027592479984290028
0.11064570406568873	0.0186747813264557	0.35243436800078076	0.027463715248998374
0.11154057080569282	0.018842098129318984	0.35547017271314985	0.028718950076657965
0.11243459413201924	0.019461974315398162	0.3585063992537796	0.028884899816314043
0.11332786223492763	0.020217270144637353	0.36154334531307764	0.029059064651463892
0.11422033296649496	0.019691509650789328	0.36458086792231614	0.028402789443194645
0.11511196486969007	0.02142427112129026	0.3676188235968406	0.03092628639467806
0.11600284550582082	0.022955520117106054	0.37065751043268397	0.032140358618288914
0.1168929332171241	0.022907481222333343	0.3736967850572097	0.03232952124482723
0.11778222941382648	0.023104834567520507	0.37673665123607003	0.032667327961034553
0.11867069239228084	0.02189246153523757	0.37977696559836305	0.030301967332595915
0.11955840977543856	0.022693347269602825	0.3828180261293992	0.030949311760015766
0.12044529681869792	0.022382490332602097	0.38585954225124725	0.031317420353652675
0.12133144079420559	0.02155078678800323	0.3889018121845764	0.030940428717170662
0.12221680025046461	0.020241160941006326	0.39194469230192347	0.029218419798287397
0.12310137657534673	0.022039788219352263	0.3949881862895608	0.03078362928218147
0.12398517115304383	0.0227396385232449	0.398032297820735	0.030489091785343675
0.12486818536408138	0.023511342851282275	0.40107703055572486	0.03112735502434222
0.12575037778014916	0.024585602811026046	0.40412224078527237	0.031769555829788895
0.12663179261747243	0.026711603342899556	0.4071680794705325	0.03491103902497542
0.127512473787469	0.024654205926234414	0.41021469780327424	0.032792686029813806
0.12839238007682957	0.022928318245221214	0.41326195185328035	0.03130776044451109
0.12927151284793842	0.022405407254523623	0.416309845216839	0.02965622610339065
0.13014987345959012	0.021394625527237802	0.4193583814776092	0.028182267365843623
0.13102746326700196	0.022171263666463846	0.42240756420667624	0.028656388375455588
0.1319042834357268	0.022909248569645057	0.42545739712038955	0.030642017562395853
0.13278033550029067	0.02380793734776873	0.4285078836079254	0.03212637330083039
0.1336556208052533	0.02316019959644494	0.4315590272029736	0.03208739530854919
0.13453014069164715	0.022994567969346742	0.43461083142686896	0.03183212640841969
0.1354038964969895	0.021073488255809528	0.4376632997886449	0.029153054558818583
0.13627684719951294	0.02222809741386955	0.44071628805707563	0.03098885253059893
0.13714907865714848	0.021558965572279737	0.4437700953356562	0.029453368100034533
0.1380205079276729	0.021984833080142048	0.44682442925074806	0.030626805196942435
0.13889122053059405	0.021850820520311603	0.4498795891747841	0.030822666947080204
0.1397611336631909	0.022591004855138153	0.4529352825773635	0.031898307488168194
0.1406303326919068	0.022176804671255015	0.455991808940202	0.029595157625051004
0.1414987347705108	0.02247268355355443	0.45904887574206127	0.030828875265356853
0.1423664254780408	0.02243652198150636	0.4621067822413902	0.030221999331235847
0.1432333219249306	0.021958424392781103	0.4651652359266505	0.02911682090236877
0.1440995095369944	0.022521809312770265	0.4682245361653251	0.030002897688303422
0.1449649473711914	0.02261660368068041	0.4712845385156613	0.030188023057419234
0.1458296369054125	0.021852166635385216	0.47434524617366675	0.02857061543874518
0.1466935794325754	0.02357696916275747	0.4774066624932362	0.029715181416858003
0.14755677624225005	0.023224655604201214	0.48046879081669014	0.03013358914015553
0.1484192286206697	0.022412275517429754	0.4835316344748236	0.028534560818438172
0.1492808960436085	0.022655753929121756	0.48659504856036734	0.02952227177595647
0.15014186322549883	0.02258684120045628	0.48965933300956044	0.02873481630927286
0.15100208981523905	0.021789862728359158	0.4927243427179612	0.027747803452148063
0.1518615770858304	0.022947360339175073	0.49579008097075616	0.02904117134947338
0.15272032630699486	0.023224556371115423	0.4988565510418528	0.029985947692358426
0.15357833874518614	0.02310856553776831	0.5019237561939275	0.029343611608417804
0.1544356154857049	0.024573473149866583	0.5049916998575965	0.032023525782622214
0.15529211658836134	0.0236331007847319	0.5080602364431585	0.030919259459306556
0.15614788472354707	0.024571935257490782	0.511129517795156	0.031266444302991046
0.1570029624524264	0.025774954760193203	0.514199695856432	0.03161503284672734
0.1578573096822716	0.025572181869189258	0.5172706251460552	0.03195479341020594
0.1587108862464237	0.025099884751791528	0.5203421602448866	0.03061418484023079
0.15956377621624288	0.026605474007488604	0.5234146015691756	0.03232167103164094
0.16041593941869953	0.025811286923089843	0.5264878036780309	0.03030872413459304
0.16126737691585072	0.024137505882030202	0.529561769920497	0.029819977054230323
0.16211809011785572	0.02563149308361501	0.532636503264994	0.03130792891446282
0.1629680802559461	0.02576828192380618	0.5357120068537751	0.03196095597747118
0.16381734855821659	0.0248584857569125	0.5387882838184241	0.0310618353423212
0.16466589624963582	0.025499864499834626	0.5418653372799007	0.03364734369070111
0.16551368341980527	0.026533951776681275	0.5449430214385045	0.033445899838370846
0.16636075245464033	0.02576815585643225	0.5480214882666452	0.03310651864927637
0.16720714545880686	0.026840604218167467	0.5511008900293863	0.0338982106696457
0.16805282272123956	0.02695867622552696	0.5541810806681918	0.034744989095425484
0.1688977854514336	0.028231947945537354	0.5572620632515685	0.03503359287137524
0.16974203485582107	0.028245671727316783	0.5603438408376654	0.03506069915802684
0.17058557213778103	0.02721256587897531	0.5634264164743178	0.03326675245347471
0.17142835760857858	0.026554802599883826	0.5665096440232326	0.03293179358253758
0.17227047407200108	0.02826606798134841	0.5695938250584829	0.03374701656759952
0.1731118820052077	0.027046585048906203	0.5726788132270738	0.031956655644134385
0.17395258259946778	0.02711297291920494	0.5757646115360147	0.032272303607574715
0.17479257704304887	0.0294190824869209	0.5788512229822165	0.03481140321494907
0.17563186652122684	0.029194769751189474	0.5819386505525335	0.03416891940543186
0.17647045204607223	0.027589975440141155	0.5850268974224467	0.03220146743903629
0.17730829448860413	0.028340576497017884	0.5881158167126637	0.03358059171353147
0.17814543553780973	0.028864043719422548	0.5912055609880575	0.03428278877893844
0.17898187636704052	0.027917428935237246	0.5942961331955325	0.0333114171314918
0.17981765852423998	0.028295306410823652	0.5973876860416978	0.03310899825146108
0.18065270225302105	0.02749463117662057	0.6004799231168909	0.03339075960821604
0.18148708974336297	0.028746003558362345	0.6035731465548986	0.033757025806916634
0.1823207816442804	0.030067517835485103	0.60666720965554	0.03593747399291918
0.1831537791145691	0.030204987548160346	0.6097621153170305	0.03702155428385721
0.18398608314244866	0.0308913634440039	0.6128578666329499	0.03798377225503166
0.18481769504889944	0.03228526790970126	0.6159544662779517	0.0394279711708702
0.18564861598406546	0.03210484085771402	0.6190519171214363	0.040680575282020695
0.18647884709522616	0.030301573470888764	0.6221502220232787	0.03763634989950401
0.18730838952680592	0.030796389490649466	0.6252493838338691	0.03776662490772395
0.18813720421053254	0.030715438810898207	0.6283492554195904	0.037839636346262195
0.1889653725388306	0.03223521690355519	0.6314501397702517	0.03826035380733732
0.18979285560406006	0.03143551505272976	0.634551889524994	0.037763069102403665
0.19061965453931884	0.03206572554249349	0.6376545074966555	0.03893566649707422
0.19144577047489683	0.031476972894229245	0.6407579964887836	0.03752191166782581
0.19227120453828497	0.031440662721110554	0.6438623592956727	0.03727376962703255
0.1930959576895306	0.031328934603389	0.6469675989149408	0.03755054382705903
0.19391999140243832	0.0307513332848197	0.650073567430056	0.03627484377477055
0.19474334664191195	0.031084641022561237	0.6531804180453126	0.03662654384773669
0.19556606427195478	0.03281867692969192	0.6562883040850233	0.03803640945975802
0.19638810562587172	0.03198490065617143	0.6593970777741772	0.03759647140617142
0.19720943196874413	0.030360250725939595	0.6625065914146838	0.03571224934040113
0.19803012410034443	0.03233625231180139	0.6656171486124538	0.03744454918334473
0.19885014328029305	0.032234404899117955	0.6687286016514549	0.03735728035849283
0.19966949044879925	0.030850242161334532	0.6718409534622447	0.03623973124005372
0.20048812731580784	0.03117419990059553	0.6749540557028879	0.036703355828147655
0.20130613408427794	0.030662751360538355	0.6780682127255404	0.036360842341506654
0.20212347229599517	0.02897627512903252	0.6811832763878034	0.03564509972975523
0.2029401430428913	0.029490230512406602	0.6842992493670901	0.035695098119724225
0.20375610782905776	0.029344535876172754	0.6874159835474534	0.03610977808365156
0.20457144691142354	0.02922940188908403	0.6905337831581215	0.03580055019128273
0.20538612162810582	0.0320815510183167	0.693652500288156	0.03856234241594027
0.2062001332213125	0.031998863178268756	0.6967721373585078	0.037379885432558484
0.20701348276969683	0.030735278437708003	0.6998926970032671	0.03654737540709284
0.20782617134928216	0.030461829729345677	0.7030141818479632	0.035418566112985155
0.2086382000334707	0.030908824367782837	0.706136594509603	0.03522486928309883
0.20944953053316578	0.030223249936878808	0.7092597865016607	0.03423847515404134
0.21026020330841183	0.031004949057491526	0.7123839114743848	0.03432435180025406
0.21107025856190134	0.03254009730745626	0.715509123430967	0.035430020957871046
0.211879658187818	0.03413938702452179	0.7186352735885884	0.03729130405611235
0.2126884032465844	0.034861163260006114	0.7217623645221468	0.037665366870680624
0.21349649479605257	0.0339979961172435	0.7248903987982219	0.036866201098857264
0.21430397290251696	0.03467485828026989	0.728019530570462	0.037702210645353465
0.21511072145954885	0.03523431824878046	0.7311493077865193	0.039456954113386705
0.2159168196971097	0.033886948013648804	0.7342800359495174	0.03815093387370818
0.21672226866280064	0.03383302082701381	0.7374117175929686	0.03950455510593562
0.21752710828736613	0.0352626620675465	0.7405445070232143	0.04199347587758186
0.21833126168547207	0.036142039649637914	0.7436781034278666	0.04394327562733755
0.21913480791921552	0.03492107299803349	0.7468128125069095	0.04093755674569097
0.21993770901517393	0.03592809106880295	0.7499484851662049	0.04086705972675444
0.2207399660084327	0.03710753792559856	0.7530851238989483	0.04222301838783189
0.22154157977604344	0.0352240779778593	0.7562227314251047	0.03995106811694509
0.22234255150391483	0.03499949719161324	0.7593613099877566	0.03862448656447168
0.223142882219688	0.03650137454164405	0.7625008620562209	0.041536542860980685
0.223942572948539	0.03643076141662168	0.7656413900919185	0.04268920047019156
0.2247416247131864	0.03652649694005482	0.7687828965484066	0.04217344757344366
0.22553999980377099	0.03791154315412974	0.7719252318556676	0.04368840310794813
0.22633777654431736	0.03864709042789211	0.7750687027214364	0.04534291921289743
0.22713491737439528	0.038592208599391976	0.7782131593223861	0.04395869621488976
0.22793142330697128	0.03815434497844279	0.7813586040809297	0.043509387969109185
0.22872725689932616	0.035781493071387525	0.7845048869660037	0.04178820828825788
0.22952249606613184	0.036571665190506746	0.7876523152761713	0.041783587676094795
0.2303170648147443	0.03757973798255675	0.7908005866636676	0.04214891565250191
0.23111100272427643	0.03769840122795107	0.7939498557736178	0.04336013994606813
0.2319043107956303	0.039053830626706164	0.7971001249900812	0.044883360941893116
0.23269706678175114	0.04103545378663928	0.8002517018240702	0.04535481819522654
0.23348915644082113	0.037967186269429964	0.8034041311132205	0.04219915775869586
0.2342806192199396	0.03552721931572173	0.8065575676648946	0.04065575773166902
0.2350714561105805	0.0351359415061869	0.8097120138332193	0.039438794533113664
0.23586166810186787	0.035922854982776614	0.8128674719648841	0.04054947753791131
0.23665121787942647	0.03464916859631698	0.8160237917104292	0.039219572580733914
0.23744014475913436	0.0366620926937603	0.8191811280415615	0.04148489135798042
0.2382284878132748	0.03744244918808455	0.8223396363163852	0.041727674716881914
0.23901620990143882	0.03658553478115915	0.8254991658680727	0.041377532758508695
0.23980331200110877	0.03580226767786571	0.8286597190065603	0.03982958869557811
0.2405897950874609	0.03548277724606431	0.8318212980345203	0.03977567201352063
0.2413756601333725	0.03667814895196877	0.8349839052473896	0.041339849617619086
0.24216090796017098	0.03658602679225739	0.8381475431831241	0.04146541348244792
0.24294553968564953	0.03825572331574135	0.8413122138736014	0.043793987031907226
0.2437295562758311	0.03812359039527356	0.8444779195927212	0.042653333636351584
0.2445129586944685	0.040576181825642446	0.8476446626072609	0.04531685498814286
0.24529574790305142	0.04063549606809183	0.850812445176903	0.04532031834028061
0.24607788691985763	0.04022514797979074	0.8539811162708724	0.043732152775375524
0.24685941467253736	0.039173141592708724	0.8571508313678639	0.04173081214826823
0.24764036984973828	0.040121955306283937	0.8603217463439277	0.043475368818066414
0.24842071564058318	0.03980477066195226	0.863493709843971	0.043157851581307874
0.24920045299535115	0.03854558024553449	0.8666667240926159	0.04237752749658887
0.24997958286210006	0.04050309563008821	0.8698407913075539	0.044959869832962907
0.25075810618667366	0.04291343989057551	0.8730159136995732	0.04821977327599227
0.25153598617875694	0.041209029754450906	0.876191939834992	0.04573380848665629
0.2523132615431242	0.04207864727151269	0.8793690254974369	0.04644566176693461
0.25308993321897244	0.04428371732877449	0.8825471728770407	0.04804706349315743
0.2538660396434372	0.044091585193183895	0.8857265382059623	0.048227557158842534
0.2546415442221994	0.04311051847822572	0.8889069696638222	0.046147100486813565
0.25541644788796125	0.04405010666998242	0.8920884694205478	0.04777769010165579
0.25619075157125826	0.043465903035150744	0.8952710396393488	0.04755608178677294
0.2569644562004662	0.042212644594066	0.898454682476743	0.04615685648662823
0.25773752520168247	0.04206239969897568	0.9016392460337599	0.04560350598524522
0.25851003435477937	0.04289313233315449	0.9048250408122046	0.046299740043201656
0.2592819472262454	0.043929409172717704	0.9080119146394189	0.047752407690780894
0.2600532647358834	0.04370081481683017	0.9111998696454088	0.04723899491901484
0.2608239878013694	0.0456329115365655	0.9143889079536169	0.04930429461609057
0.2615941173382592	0.046589103036022664	0.9175790316809467	0.05050675468584284
0.26236365411665	0.045117778709913396	0.9207702432013044	0.04944872031801755
0.26313259919144283	0.0446375515062496	0.9239625443555852	0.049124881760777735
0.2639009534718717	0.044917051147803734	0.9271559372412261	0.049392466196643864
0.2646686807672508	0.045830165103309145	0.930350269164746	0.05083332528664592
0.26543585617828436	0.04527515440767224	0.9335458517796891	0.05046810914285689
0.26620240632681574	0.04598806067297244	0.9367423777546083	0.051578726778304364
0.26696836932557855	0.046617233194872536	0.9399400037334917	0.0518470210326994
0.26773374607335637	0.047722905727295845	0.9431387317817286	0.05247673207368811
0.26849857456469683	0.044771684509438005	0.9463387187428718	0.048409373418755154
0.2692628184266549	0.04617751122204773	0.9495398122065661	0.049123969873945836
0.2700264786934863	0.04676654080344722	0.9527420139518827	0.04984521675247955
0.27078955625580664	0.04646885139024245	0.9559453260191894	0.04907571070775978
0.27155205200219457	0.04626319659073058	0.959149750442633	0.04936854454596734
0.2723139668191976	0.046691531715829036	0.962355289250164	0.0499248444834944
0.27307526466329746	0.04696458235737791	0.9655617893577371	0.05176224885247231
0.27383602013298813	0.047601128773523745	0.9687695632636073	0.05210721411220834
0.2745961973210255	0.049291180427252154	0.9719784576009565	0.0537427325218032
0.2753557971058944	0.049283168015603854	0.9751884743731815	0.0542867299080996
0.2761148203640794	0.050372412814395945	0.9783996155775988	0.05591423971400451
0.2768732679700707	0.04859352339894804	0.9816118832054681	0.05303551604283241
0.2776311406573379	0.04840324752595716	0.9848252795154118	0.05174531904454588
0.2783884028425525	0.047223379667624944	0.9880396504546616	0.05051527887852718
0.27914512858044116	0.04752336759232878	0.9912553095145726	0.04985368762193336
0.2799012821444855	0.046512505765978644	0.9944721029033392	0.04769147916504708
0.2806568643992945	0.04637550501298045	0.9976900325822772	0.047553451852763065
0.2814118395867481	0.04445715842521726	1.0009089448026798	0.04616544341749483
0.28216628180908615	0.045008016347441365	1.004129152922248	0.04835700035488304
0.28292015516672064	0.04551529504489273	1.007350503457215	0.04846042168477312
0.28367346065423915	0.047693181954725626	1.0105729980691012	0.05230454675486174
0.2844261627533681	0.04837193496081085	1.0137964824876673	0.052923642664091844
0.28517833506335366	0.048943136966273046	1.0170212710433804	0.053198695454753586
0.28592994206207023	0.04963888773267503	1.0202472094544028	0.05258491187469746
0.286680948170739	0.049784965640867096	1.023474143544465	0.0544074635455441
0.2874313906918285	0.04931471425580238	1.0267022312576068	0.05308337074400844
0.28818130684373616	0.04943215201549977	1.0299316306990067	0.053554052856305476
0.28893066093342923	0.05083959249800903	1.0331621879000272	0.056360304284658026
0.28967945393853023	0.051263158851800314	1.036393904472419	0.0574096639209811
0.2904276866986443	0.050125408946697675	1.039626782302239	0.05499109831868969
0.2911753600514932	0.05119081967381831	1.0428608232699041	0.05599275005150572
0.29192247483292144	0.05082973597829534	1.046096029250216	0.05491945637933669
0.2926689956669826	0.0503687841531969	1.0493322455739773	0.053773840179184934
0.29341499567090956	0.04900878240848558	1.0525697874647655	0.05134523122413544
0.2941604395999403	0.05043586924360216	1.0558084999595567	0.05292430854430311
0.29490532828246446	0.04652774269944181	1.0590483849108905	0.04813319062895917
0.29564966254502184	0.04735287978560999	1.0622894441657924	0.04847298764829728
0.2963934432123082	0.047480899674386505	1.0655316795657956	0.04828008458135402
0.29713667097346924	0.047750196994633995	1.0687750932323388	0.04880823339642212
0.2978793467834384	0.04865878774208276	1.0720196867110947	0.04956416999932171
0.2986214714614111	0.052214435772417016	1.0752654618272384	0.0538055051910854
0.2993630099900733	0.05086561140218029	1.0785122630649762	0.052300676206489205
0.3001040348543552	0.052786799701502976	1.081760406909794	0.0544074967393033
0.3008444751188792	0.05472450141967994	1.0850095806718543	0.0568748313296568
0.3015843675366403	0.054611974329198364	1.0882599432607472	0.05668936569391417
0.3023237129177365	0.05563916979628679	1.0915114964747015	0.05785329160144065
0.303062547905157	0.057479736296484465	1.09476439944219	0.060690782689133395
0.30380083731228247	0.057386552281352914	1.0980184969621931	0.06029504995397375
0.30453858207601436	0.05559430759089224	1.1012737905282655	0.05878396468061889
0.30527578299933866	0.05582279232382902	1.1045302819175886	0.059572770285518106
0.3060124408834672	0.05298937910990366	1.1077879729021107	0.057020760496964265
0.3067485565278423	0.052670638854905236	1.1110468652485639	0.0556868432525883
0.30748409505389945	0.05176398692250571	1.1143068030360128	0.054093394804347814
0.3082191284792646	0.052909039915324634	1.1175681036776395	0.054455842273485544
0.3089536220528318	0.05194510620468354	1.1208306109507173	0.053459690419935084
0.30968757656701795	0.05417991672755358	1.1240943266013066	0.05638768278215938
0.31042099281249613	0.05337986565497363	1.127359252370348	0.0571205712316531
0.3111538715782015	0.05439730265815292	1.1306253899936807	0.0590455928631473
0.3118861781321425	0.05426272251227171	1.1338925831695919	0.05924822464350885
0.31261794880502536	0.05443365647507531	1.137160991597616	0.058820540518809625
0.31334921971827134	0.05511921270503718	1.140430775442939	0.05855252496205302
0.31407995629039187	0.05713066683802973	1.1437017780356817	0.06051999496455088
0.3148101593017058	0.05635382807069106	1.1469740010864524	0.059080185629228815
0.3155398295308241	0.05750882181144457	1.1502474463008698	0.060045556158617425
0.31626896775465463	0.056087158028269114	1.1535221153795792	0.05934779987717682
0.31699753941069825	0.055262075268517556	1.1567978515736486	0.05872228263871771
0.3177256158195739	0.055413095384848766	1.1600749737603673	0.05773336706271673
0.31845312738583376	0.054715107361975976	1.1633531660232497	0.05688088676269286
0.3191801451957609	0.054605939611984095	1.166632747764868	0.057455341207388086
0.3199066348597524	0.05581679497898581	1.1699135618004552	0.05829514662412048
0.32063259714460074	0.0567622311880008	1.1731956098011989	0.05840493173975786
0.3213579976318106	0.05522263976336097	1.1764787346323182	0.05736581124590537
0.3220829074520806	0.05851699351321496	1.179763255557563	0.06150103026005123
0.32280729205657527	0.057917959902264025	1.1830490157326268	0.06083293262650995
0.32353115233264235	0.05913211721483579	1.1863360165096954	0.061027899581496986
0.3242544890387788	0.05786109328427614	1.1896242595358923	0.06071879323436592
0.3249773029318369	0.057866702329182756	1.192913746453582	0.06041262749616694
0.32569959476702903	0.05604129866223708	1.196204478900384	0.05864493515437608
0.32642133029239295	0.05613154161044559	1.1994962992884797	0.05732225990991614
0.32714258014503356	0.05507643216597681	1.2027895279899752	0.05692573793932458
0.32786331019583415	0.05608623452195226	1.206084007105549	0.05736883989986291
0.3285835211934941	0.058215416207370134	1.2093797382540175	0.059840628919476724
0.3293032138850965	0.057852426866923115	1.2126767230495399	0.059159111146940835
0.3300223890161123	0.058165572491687675	1.2159749631016334	0.05956286137742209
0.3307410472053887	0.0588885566741573	1.2192744603196353	0.06093291822908369
0.33145915461596853	0.06004683398618249	1.2225750560507411	0.06196842291626767
0.3321767813973452	0.06079043876999532	1.2258770717887015	0.062048543640359166
0.33289385892944057	0.06150081251503434	1.2291801891041079	0.06275914895514038
0.33361045725920135	0.06133311889730634	1.2324847297265062	0.06232235556482754
0.3343265077384817	0.06231770903015323	1.2357903752785047	0.06327198275298056
0.33504208056021845	0.060723038437279636	1.2390974471134144	0.06228219583316778
0.33575710704828776	0.06112410133118835	1.2424056269060775	0.0634437370808726
0.3364716572929729	0.062378947261693254	1.2457152362454247	0.06488018000067519
0.3371856627143783	0.06447238290123353	1.2490259565523965	0.06824954344309936
0.33789919317719747	0.06600793123654308	1.2523381099604838	0.06937536175696943
0.33861221490138693	0.06779251107095538	1.2556515375840542	0.0702756939888391
0.3393247286118794	0.06851382982760235	1.2589662409737732	0.07086804270182274
0.34003673503205956	0.06743494289988687	1.262282221675892	0.07043322794085476
0.34074823488376793	0.06667603153284785	1.2655994812322628	0.0690297244262201
0.3414592287649407	0.06607226969251641	1.2689180214904887	0.06884156457628739
0.34216971751688224	0.06728835668980031	1.2722378436739077	0.07055625407280978
0.3428797018568268	0.0671215794998087	1.275558949311269	0.07054015204111856
0.3435891825004825	0.0682919761518152	1.2788813399269836	0.07075444522072
0.3442981601620349	0.06704559414432615	1.2822050170411416	0.06921031447908918
0.3450066011945637	0.06640708815506974	1.2855298213568656	0.06777818108191169
0.34571454069317914	0.06591638210101734	1.2888559151360646	0.067157681931035
0.3464220135572235	0.0669716937178431	1.2921834611358154	0.06824724297123681
0.34712898628094313	0.06740567104101396	1.295512299671825	0.06968388557692629
0.3478354595709767	0.06871500203147654	1.298842432242804	0.07201301026422717
0.34854143413246663	0.0716535932229166	1.3021738603432327	0.07584161267001864
0.3492469106690627	0.07271546990400321	1.3055065854633752	0.0778762662942584
0.349951855693195	0.06947396032920186	1.3088404478393632	0.07428742050123685
0.35065633816487163	0.06883996642191012	1.3121757717678082	0.07199952056633648
0.35136029069231495	0.06916163030956954	1.3155122354712296	0.07213022193468051
0.35206378201634053	0.06809085443423157	1.3188501638046608	0.07068951106548778
0.3527667788116525	0.06538639365266594	1.3221893965467668	0.06652110021534081
0.35346928177303455	0.06752327653429314	1.3255299351628267	0.06836426993302896
0.35417125754833606	0.06816808717127419	1.32887161948645	0.07005890338875259
0.35487277492036023	0.06882904262443484	1.3322147742298192	0.07088152315715235
0.35557380041508513	0.0663229210757361	1.3355592395357105	0.06846801010923251
0.35627430098558205	0.06771469398211967	1.3389048544010147	0.07042720225605104
0.3569743450293756	0.06709277873592118	1.342251944540637	0.07017955968028614
0.35767389937752303	0.06760519808930476	1.3456003492603696	0.07058443034908253
0.3583729647146512	0.06865191456688306	1.3489500699970012	0.07011406495709699
0.35907150784525355	0.06963401259362709	1.35230094611196	0.07169092234926557
0.35976959720848856	0.07038295511362125	1.3556533031767162	0.07276755545894745
0.3604671994881935	0.07153358346810011	1.3590069808644947	0.07311370591310465
0.36116431548124317	0.07051481096258501	1.3623619802766778	0.07084567710533737
0.36186094586513	0.07131200254252366	1.365718302830126	0.07237435458773761
0.36255709131593217	0.07321329551159776	1.3690759499377567	0.07308563080493152
0.36325275250831635	0.07278741322418414	1.3724349230085569	0.07261864441610355
0.36394789640199066	0.0728872757058481	1.3757950609290464	0.0732837424598956
0.36464259097909735	0.0752635439967718	1.3791566904593213	0.07653358918220818
0.3653367697635152	0.07505106527223539	1.3825194871875188	0.07667977219073623
0.3660305005243217	0.07404335094564149	1.3858837784452434	0.07571000317813162
0.3667237503791799	0.07409297744522435	1.3892494026529327	0.07459990629950303
0.36741651999437297	0.07459177021081782	1.3926163611962765	0.07542570744925203
0.3681087764615271	0.07392792695588629	1.3959844925525933	0.07426159510517556
0.36880058759070816	0.07241438171726773	1.3993541239089886	0.07281537819656486
0.36949188694401197	0.07201102456686755	1.402724930701415	0.07200224875619483
0.3701827421202276	0.07230969957887273	1.4060972406922696	0.07352316127819825
0.37087312036767384	0.07295122571121732	1.4094708918902894	0.07473981891629293
0.37156302234438815	0.07158817985276848	1.4128458856583477	0.0738348401978272
0.3722524487070473	0.07213994934146908	1.4162222233555601	0.0740450419268884
0.3729414001109709	0.07404987996766614	1.419599906337299	0.07667404959637983
0.37362987709538803	0.07560381866983709	1.4229789362813516	0.07746685191665074
0.3743178804278097	0.07415576347907772	1.42635931420982	0.07488544113172928
0.37500541075950594	0.07588974087018102	1.4297410414669205	0.07659024168213494
0.37569246874040446	0.07612310138870455	1.4331241193931765	0.07693867593487907
0.3763790550190942	0.07725471820084728	1.436508549325431	0.07818933721564725
0.37706513696952376	0.07608951617673478	1.4398941688477784	0.07775838574623554
0.3777507485337731	0.07649956001653538	1.4432811429734	0.07872552972090083
0.37843592347040056	0.0765246628814028	1.4466696372365073	0.07865711544087728
0.37912062928601786	0.07861087512891042	1.4500594888167564	0.0816134495330512
0.37980486662257534	0.07731874055619643	1.4534506990327778	0.08033130691097996
0.3804886361207068	0.0767756885827909	1.4568432691995965	0.07908033839169187
0.38117193841973246	0.07869883192835637	1.4602372006286446	0.08114622323605289
0.3818547410436689	0.07808026276573565	1.4636323304193761	0.08075129469651748
0.3825371107444994	0.07683443399122476	1.4670289886231829	0.07949049112800347
0.3832189822002942	0.07848919644006219	1.470426847331566	0.0819396781591669
0.3839004219575599	0.07928808454418741	1.4738262371833655	0.0823203506749552
0.3845813976929026	0.078466950741116	1.477226994801402	0.08139291490711911
0.38526191003783816	0.07908639448063869	1.4806291214758067	0.08176672673687681
0.3859419266439435	0.0792933081551376	1.4840324538886187	0.08105041084035343
0.3866215140974628	0.07905034934818297	1.4874373225321271	0.08040914634650274
0.3873006071136234	0.07885716245840986	1.4908433993442527	0.08081052953508534
0.38797923927498024	0.0793787231206786	1.4942508502719312	0.08128017218033584
0.3886574439843115	0.07843106058273551	1.4976598417908678	0.08100688729150647
0.38933518906554937	0.07977756977950415	1.5010702100340043	0.08282703048784384
0.39001247514126447	0.07966288822513519	1.504481956267162	0.08191447392832008
0.39068930283276304	0.08077213815963064	1.5078950817527363	0.0826692053536588
0.39136567276009077	0.08174280387675976	1.5113095877497085	0.08412273785377881
0.39204158543144907	0.08540947575649087	1.514725475848297	0.08709154875270658
0.3927170415751091	0.08344244701424074	1.5181427469663529	0.08361060332753328
0.39339204180735504	0.0828517948481172	1.521561402352684	0.08336128581473082
0.3940665867432236	0.08304216090490657	1.5249814432527293	0.08308349448578291
0.39474067699650783	0.08179366854616517	1.5284028709085713	0.08155750374325278
0.39541428051264865	0.07950276017094221	1.5318255210212484	0.07958180283571321
0.39608746312749005	0.08045697000077812	1.535249726238003	0.0811436349204737
0.3967601603803057	0.08247188865815894	1.5386751559083596	0.08310763225584633
0.39743243790702637	0.0838781166559152	1.5421021432785071	0.08564837587325275
0.39810426380173664	0.08368934306914323	1.5455305235652	0.08522578240754825
0.3987756386708371	0.0866198930989197	1.5489602979906147	0.08778429397518066
0.39944653058411844	0.08774968181910846	1.5523913018324011	0.08951304625221224
0.4001170052163222	0.08706190343047639	1.5558238681886833	0.08755638942456805
0.40078699814308866	0.08635588227071388	1.5592576662543536	0.08654515396351209
0.4014565748408708	0.08748045903943699	1.56269302972981	0.08713247034113553
0.4021257035269489	0.08610669171607914	1.5661297934061986	0.08544970484842908
0.40279438480044916	0.08470045072991136	1.569567958486186	0.08332104903540197
0.40346261925929683	0.08420299807646948	1.5730075261692265	0.08317338404310708
