frame thiol_conv ene_conv
0 -0.0045824847250509 0.0000000000000000
1 -0.0003054989816700 0.0102851323828921
2 0.0034623217922607 0.0203665987780041
3 0.0080957230142567 0.0309572301425662
4 0.0123727087576375 0.0418024439918534
5 0.0167006109979634 0.0517311608961304
6 0.0204175152749491 0.0617107942973524
7 0.0240325865580449 0.0698065173116089
8 0.0275458248472505 0.0783604887983707
9 0.0319755600814664 0.0879327902240326
10 0.0355906313645621 0.0971486761710795
11 0.0392566191446029 0.1075356415478615
12 0.0435336048879837 0.1166496945010184
13 0.0481670061099796 0.1273930753564155
14 0.0517311608961304 0.1358961303462322
15 0.0557026476578412 0.1440936863543788
16 0.0591649694501019 0.1537169042769857
17 0.0631364562118126 0.1626782077393075
18 0.0673116089613035 0.1719959266802444
19 0.0710285132382892 0.1815173116089613
20 0.0749490835030550 0.1906822810590632
21 0.0789205702647657 0.2000000000000000
22 0.0830448065173116 0.2085539714867617
23 0.0866089613034623 0.2181262729124236
24 0.0897148676171079 0.2261201629327902
25 0.0934826883910387 0.2349287169042770
26 0.0963849287169043 0.2423625254582484
27 0.0995417515274949 0.2502036659877800
28 0.1028004073319756 0.2586048879837067
29 0.1063645621181263 0.2661405295315682
30 0.1094704684317719 0.2741344195519348
31 0.1124236252545825 0.2821792260692464
32 0.1157841140529532 0.2901731160896130
33 0.1185845213849287 0.2974541751527495
34 0.1215376782077393 0.3040224032586558
35 0.1252545824847251 0.3120162932790224
36 0.1284114052953157 0.3189409368635437
37 0.1317718940936864 0.3260183299389002
38 0.1352851323828921 0.3335030549898167
39 0.1385947046843177 0.3410896130346233
40 0.1419042769857434 0.3478615071283095
41 0.1445519348268839 0.3547352342158859
42 0.1482179226069247 0.3620162932790224
43 0.1513238289205703 0.3679735234215886
44 0.1541242362525458 0.3749490835030550
45 0.1574847250509165 0.3818228105906314
46 0.1606415478615071 0.3889002036659878
47 0.1636965376782077 0.3945010183299389
48 0.1670570264765784 0.4006109979633401
49 0.1699083503054990 0.4067718940936863
50 0.1733197556008147 0.4131364562118126
51 0.1763238289205703 0.4191955193482688
52 0.1795315682281059 0.4250000000000000
53 0.1829938900203666 0.4316700610997963
54 0.1861507128309572 0.4380346232179226
55 0.1889511201629328 0.4433299389002037
56 0.1921588594704684 0.4492871690427699
57 0.1950101832993890 0.4554480651731161
58 0.1980651731160896 0.4615580448065173
59 0.2014256619144603 0.4671588594704684
60 0.2042260692464358 0.4736761710794297
61 0.2077902240325865 0.4799898167006110
62 0.2102342158859470 0.4846741344195520
63 0.2131873727087576 0.4900712830957230
64 0.2163441955193482 0.4952647657841140
65 0.2183808553971487 0.5007637474541752
66 0.2207230142566191 0.5052443991853360
67 0.2235743380855397 0.5107942973523422
68 0.2260183299389003 0.5158350305498982
69 0.2286659877800408 0.5214867617107943
70 0.2316191446028514 0.5276476578411405
71 0.2341140529531568 0.5326883910386966
72 0.2369653767820774 0.5367617107942974
73 0.2401731160896130 0.5419042769857434
74 0.2425661914460285 0.5456211812627292
75 0.2451629327902241 0.5500509164969449
76 0.2472505091649695 0.5547352342158860
77 0.2492871690427698 0.5592158859470469
78 0.2514256619144603 0.5637983706720977
79 0.2539714867617108 0.5678716904276986
80 0.2560081466395112 0.5726578411405295
81 0.2578411405295316 0.5767820773930754
82 0.2598778004073320 0.5807535641547861
83 0.2618126272912423 0.5849796334012221
84 0.2643584521384928 0.5890529531568228
85 0.2665478615071283 0.5932281059063136
86 0.2687372708757637 0.5974541751527496
87 0.2709266802443991 0.6008146639511202
88 0.2731160896130346 0.6041242362525459
89 0.2747963340122199 0.6080448065173116
90 0.2767311608961304 0.6116598778004073
91 0.2784623217922607 0.6154786150712831
92 0.2805498981670062 0.6192464358452139
93 0.2829429735234216 0.6225050916496945
94 0.2849287169042770 0.6260692464358453
95 0.2866089613034624 0.6294806517311609
96 0.2884928716904277 0.6324847250509165
97 0.2900203665987781 0.6356924643584521
98 0.2918533604887984 0.6383910386965377
99 0.2934826883910387 0.6413951120162933
100 0.2953665987780041 0.6444501018329939
101 0.2973014256619144 0.6468940936863543
102 0.2992362525458249 0.6495926680244399
103 0.3009674134419552 0.6525458248472504
104 0.3026476578411406 0.6558044806517311
105 0.3041242362525458 0.6585539714867616
106 0.3057026476578412 0.6611507128309573
107 0.3076883910386965 0.6639511201629328
108 0.3095213849287169 0.6664460285132383
109 0.3107942973523422 0.6693991853360488
110 0.3126272912423625 0.6721995926680244
111 0.3143584521384929 0.6752545824847250
112 0.3161914460285132 0.6773930753564155
113 0.3173625254582485 0.6799898167006110
114 0.3192464358452138 0.6825356415478615
115 0.3204684317718941 0.6854378818737270
116 0.3215885947046844 0.6877800407331975
117 0.3228105906313645 0.6899185336048880
118 0.3245417515274949 0.6933299389002037
119 0.3262219959266802 0.6957230142566191
120 0.3278004073319756 0.6978615071283096
121 0.3291242362525458 0.7002036659877801
122 0.3304989816700611 0.7026985743380856
123 0.3317718940936863 0.7043279022403259
124 0.3328920570264766 0.7066700610997964
125 0.3341140529531568 0.7089103869653768
126 0.3352342158859470 0.7116089613034623
127 0.3365071283095723 0.7134928716904276
128 0.3383910386965376 0.7155804480651731
129 0.3395112016293279 0.7175152749490835
130 0.3406822810590632 0.7199592668024439
131 0.3418533604887983 0.7220977596741345
132 0.3426171079429735 0.7241344195519348
133 0.3437881873727088 0.7260183299389003
134 0.3447556008146639 0.7274949083503055
135 0.3457739307535641 0.7290733197556007
136 0.3469959266802444 0.7309572301425662
137 0.3480142566191446 0.7327393075356415
138 0.3493380855397149 0.7343177189409369
139 0.3507128309572302 0.7368126272912423
140 0.3519857433808554 0.7383401221995927
141 0.3532586558044807 0.7404276985743381
142 0.3543279022403258 0.7421588594704684
143 0.3549898167006110 0.7437881873727088
144 0.3562627291242363 0.7458248472505091
145 0.3573828920570264 0.7470977596741344
146 0.3590122199592668 0.7487780040733197
147 0.3601832993890021 0.7507128309572302
148 0.3614052953156823 0.7518329938900203
149 0.3623217922606925 0.7535641547861507
150 0.3630346232179226 0.7544806517311609
151 0.3635947046843178 0.7556008146639511
152 0.3645112016293279 0.7570773930753564
153 0.3656313645621181 0.7587576374745417
154 0.3666496945010184 0.7603869653767821
155 0.3676680244399185 0.7612016293279023
156 0.3685336048879837 0.7622708757637474
157 0.3691955193482689 0.7638492871690428
158 0.3699592668024440 0.7653258655804480
159 0.3709266802443992 0.7668024439918534
160 0.3721995926680245 0.7682790224032586
161 0.3730142566191446 0.7698065173116090
162 0.3740835030549898 0.7711303462321792
163 0.3752036659877800 0.7721995926680244
164 0.3762219959266803 0.7736761710794298
165 0.3773930753564155 0.7747963340122199
166 0.3781568228105906 0.7763747454175153
167 0.3789714867617108 0.7775458248472505
168 0.3797861507128309 0.7791242362525458
169 0.3802443991853360 0.7801425661914461
170 0.3808044806517311 0.7810081466395112
171 0.3816700610997963 0.7823828920570265
172 0.3824338085539715 0.7834012219959267
173 0.3831975560081466 0.7848778004073320
174 0.3840122199592668 0.7859470468431772
175 0.3848268839103870 0.7871181262729124
176 0.3856415478615072 0.7886965376782078
177 0.3859470468431772 0.7899694501018331
178 0.3867617107942973 0.7904786150712830
179 0.3874745417515275 0.7915987780040733
180 0.3882382892057027 0.7928716904276986
181 0.3885437881873727 0.7938900203665988
182 0.3891038696537679 0.7948574338085540
183 0.3897657841140529 0.7957739307535642
184 0.3905804480651731 0.7971486761710794
185 0.3913951120162933 0.7984725050916497
186 0.3922606924643585 0.7995926680244400
187 0.3932281059063136 0.8007637474541751
188 0.3939918533604888 0.8015784114052953
189 0.3946028513238289 0.8023421588594705
190 0.3952647657841141 0.8033604887983706
191 0.3957739307535642 0.8045315682281059
192 0.3964358452138493 0.8057026476578412
193 0.3972505091649694 0.8067209775967413
194 0.3980651731160896 0.8077902240325865
195 0.3986761710794298 0.8087067209775968
196 0.3994399185336049 0.8096741344195519
197 0.4003054989816701 0.8104887983706721
198 0.4012729124236253 0.8115580448065173
199 0.4019348268839104 0.8123727087576375
200 0.4022403258655805 0.8131364562118126
201 0.4030549898167006 0.8134419551934827
202 0.4037678207739308 0.8146639511201630
203 0.4044297352342159 0.8153258655804481
204 0.4048879837067210 0.8159877800407331
205 0.4053462321792261 0.8170061099796334
206 0.4057026476578411 0.8175152749490835
207 0.4060590631364562 0.8184317718940937
208 0.4066700610997963 0.8193482688391038
209 0.4070773930753564 0.8201629327902240
210 0.4075865580448065 0.8208248472505092
211 0.4085539714867618 0.8217413441955194
212 0.4090631364562118 0.8225050916496945
213 0.4097759674134419 0.8232688391038696
214 0.4101832993890020 0.8241344195519349
215 0.4109470468431772 0.8249490835030550
216 0.4115580448065174 0.8260183299389002
217 0.4121690427698574 0.8272403258655805
218 0.4125763747454175 0.8280040733197556
219 0.4133910386965377 0.8287678207739307
220 0.4142057026476579 0.8297861507128310
221 0.4148167006109980 0.8314154786150713
222 0.4157331975560081 0.8326374745417515
223 0.4167006109979633 0.8340122199592668
224 0.4172097759674135 0.8348778004073319
225 0.4177698574338086 0.8354378818737271
226 0.4181771894093687 0.8358961303462322
227 0.4186863543788187 0.8365580448065173
228 0.4190936863543788 0.8373727087576375
229 0.4199083503054990 0.8378818737270876
230 0.4205702647657841 0.8387474541751527
231 0.4211812627291243 0.8394602851323829
232 0.4213849287169043 0.8400712830957230
233 0.4219959266802444 0.8405804480651731
234 0.4224032586558045 0.8413951120162932
235 0.4228105906313646 0.8419551934826883
236 0.4231670061099796 0.8424134419551935
237 0.4236252545824847 0.8433808553971487
238 0.4241853360488799 0.8437881873727088
239 0.4246435845213850 0.8442464358452139
240 0.4252036659877800 0.8448574338085539
241 0.4253564154786150 0.8452138492871690
242 0.4259164969450102 0.8459775967413442
243 0.4263238289205703 0.8467413441955194
244 0.4267820773930754 0.8470977596741345
245 0.4270875763747454 0.8475050916496945
246 0.4274439918533605 0.8481160896130346
247 0.4277494908350306 0.8486761710794297
248 0.4280549898167006 0.8490835030549898
249 0.4284114052953156 0.8496945010183299
250 0.4286150712830957 0.8503054989816701
251 0.4290224032586558 0.8509674134419551
252 0.4294806517311609 0.8517311608961303
253 0.4300407331975560 0.8524439918533605
254 0.4306517311608962 0.8530040733197556
255 0.4309572301425662 0.8534623217922607
256 0.4316191446028513 0.8542260692464358
257 0.4318228105906313 0.8545315682281059
258 0.4320264765784114 0.8549898167006110
259 0.4326883910386965 0.8556517311608961
260 0.4330448065173116 0.8563136456211813
261 0.4336558044806518 0.8571792260692465
262 0.4342158859470469 0.8574847250509166
263 0.4345723014256619 0.8581975560081466
264 0.4349287169042770 0.8586558044806517
265 0.4352342158859470 0.8592668024439918
266 0.4357942973523422 0.8597759674134420
267 0.4360488798370672 0.8601323828920571
268 0.4365071283095723 0.8607433808553971
269 0.4368126272912424 0.8610997963340122
270 0.4370162932790224 0.8618635437881874
271 0.4373217922606925 0.8624236252545825
272 0.4379327902240326 0.8630346232179226
273 0.4382382892057026 0.8633910386965377
274 0.4386456211812627 0.8636456211812628
275 0.4390529531568228 0.8641038696537678
276 0.4395112016293279 0.8646130346232179
277 0.4398167006109980 0.8652240325865581
278 0.4402240325865581 0.8655804480651731
279 0.4405295315682282 0.8659368635437882
280 0.4407331975560081 0.8664460285132383
281 0.4409877800407332 0.8666496945010184
282 0.4410896130346232 0.8670570264765785
283 0.4414969450101833 0.8675152749490835
284 0.4418024439918533 0.8681262729124236
285 0.4421079429735234 0.8683299389002037
286 0.4425152749490835 0.8689409368635438
287 0.4428716904276986 0.8694501018329939
288 0.4432790224032587 0.8698065173116090
289 0.4434317718940937 0.8702138492871691
290 0.4436354378818738 0.8706211812627291
291 0.4437372708757638 0.8709775967413442
292 0.4442464358452138 0.8715885947046843
293 0.4443482688391038 0.8720468431771894
294 0.4447556008146639 0.8727087576374746
295 0.4452647657841140 0.8732688391038697
296 0.4457230142566192 0.8738289205702647
297 0.4459266802443992 0.8744399185336049
298 0.4464867617107943 0.8751018329938900
299 0.4466395112016294 0.8757128309572302
300 0.4469959266802443 0.8762729124236253
301 0.4475560081466395 0.8766802443991853
302 0.4480651731160896 0.8771384928716904
303 0.4483706720977597 0.8775458248472505
304 0.4486761710794297 0.8778004073319756
305 0.4488289205702648 0.8780549898167006
306 0.4490325865580448 0.8783095723014257
307 0.4492871690427699 0.8788187372708758
308 0.4496945010183300 0.8795315682281060
309 0.4500509164969451 0.8799389002036659
310 0.4504582484725050 0.8806008146639511
311 0.4507128309572301 0.8810081466395112
312 0.4510692464358452 0.8813136456211813
313 0.4513238289205702 0.8816191446028513
314 0.4516293279022403 0.8819246435845214
315 0.4520366598778004 0.8824847250509165
316 0.4524439918533605 0.8831466395112016
317 0.4526985743380856 0.8834521384928717
318 0.4530040733197556 0.8839103869653768
319 0.4532586558044807 0.8841649694501018
320 0.4535641547861508 0.8845213849287169
321 0.4539205702647657 0.8849287169042770
322 0.4543279022403258 0.8852851323828921
323 0.4545824847250509 0.8857433808553972
324 0.4549898167006110 0.8862525458248472
325 0.4551934826883910 0.8865580448065173
326 0.4554989816700611 0.8868126272912423
327 0.4557026476578412 0.8870672097759674
328 0.4559572301425662 0.8874745417515275
329 0.4561608961303463 0.8877291242362525
330 0.4563136456211813 0.8880346232179226
331 0.4564154786150713 0.8882382892057027
332 0.4566191446028514 0.8885437881873727
333 0.4568737270875763 0.8887983706720978
334 0.4569246435845213 0.8890529531568228
335 0.4569246435845213 0.8894093686354378
336 0.4572301425661914 0.8898167006109979
337 0.4576883910386965 0.8902749490835030
338 0.4580957230142566 0.8910386965376782
339 0.4582484725050916 0.8912423625254582
340 0.4587576374745418 0.8915478615071283
341 0.4590122199592668 0.8917515274949084
342 0.4592668024439919 0.8922606924643585
343 0.4597250509164970 0.8927189409368635
344 0.4601832993890020 0.8930244399185336
345 0.4604887983706721 0.8935336048879837
346 0.4606924643584521 0.8940427698574338
347 0.4609979633401222 0.8945010183299389
348 0.4615580448065173 0.8948065173116090
349 0.4618126272912424 0.8953156822810591
350 0.4623217922606925 0.8956720977596742
351 0.4624236252545825 0.8958248472505091
352 0.4625763747454175 0.8959775967413441
353 0.4628309572301426 0.8963340122199592
354 0.4629327902240326 0.8965376782077393
355 0.4632382892057026 0.8965885947046843
356 0.4632892057026476 0.8967922606924643
357 0.4636456211812627 0.8970468431771894
358 0.4636456211812627 0.8974032586558045
359 0.4637474541751527 0.8976578411405295
360 0.4640020366598778 0.8979124236252546
361 0.4643584521384929 0.8981160896130347
362 0.4648167006109980 0.8985743380855398
363 0.4650203665987780 0.8988798370672098
364 0.4652240325865581 0.8991853360488798
365 0.4653767820773931 0.8994908350305499
366 0.4653767820773931 0.8995417515274949
367 0.4655295315682281 0.8998472505091650
368 0.4659368635437882 0.9002036659877800
369 0.4660896130346233 0.9003564154786151
370 0.4660896130346233 0.9006619144602851
371 0.4662932790224033 0.9008655804480652
372 0.4663951120162932 0.9009674134419552
373 0.4665987780040733 0.9013747454175153
374 0.4669042769857433 0.9015274949083503
375 0.4670570264765784 0.9017820773930754
376 0.4671588594704684 0.9019348268839104
377 0.4672606924643584 0.9023421588594704
378 0.4674643584521385 0.9025967413441955
379 0.4679226069246436 0.9028513238289205
380 0.4680753564154786 0.9030040733197556
381 0.4682281059063137 0.9032077393075356
382 0.4684826883910387 0.9034114052953157
383 0.4687881873727088 0.9035132382892057
384 0.4689918533604888 0.9038187372708758
385 0.4690427698574338 0.9040733197556008
386 0.4693482688391039 0.9044297352342159
387 0.4695010183299388 0.9045824847250509
388 0.4696028513238290 0.9047861507128310
389 0.4699083503054989 0.9050916496945011
390 0.4701629327902240 0.9054989816700612
391 0.4702647657841140 0.9057535641547861
392 0.4704175152749491 0.9059063136456211
393 0.4706211812627291 0.9061099796334012
394 0.4709266802443992 0.9063645621181262
395 0.4710285132382892 0.9065173116089613
396 0.4710794297352342 0.9067209775967413
397 0.4712321792260692 0.9067718940936864
398 0.4712830957230143 0.9068737270875764
399 0.4714358452138493 0.9072301425661915
400 0.4714867617107943 0.9073828920570265
401 0.4718431771894094 0.9074338085539715
402 0.4719450101832994 0.9076883910386966
403 0.4720977596741344 0.9078920570264766
404 0.4723014256619145 0.9081975560081467
405 0.4725560081466396 0.9083503054989817
406 0.4727087576374746 0.9085539714867618
407 0.4730142566191446 0.9087576374745417
408 0.4731160896130346 0.9089613034623218
409 0.4732688391038696 0.9092158859470468
410 0.4733706720977596 0.9093177189409368
411 0.4736252545824847 0.9095213849287169
412 0.4737270875763747 0.9097759674134419
413 0.4738798370672098 0.9098268839103869
414 0.4740835030549898 0.9100814663951120
415 0.4741853360488798 0.9103869653767821
416 0.4742362525458248 0.9105906313645621
417 0.4743890020366599 0.9106415478615071
418 0.4744908350305499 0.9108452138492872
419 0.4747454175152750 0.9110997963340122
420 0.4749490835030550 0.9112016293279023
421 0.4750509164969450 0.9114052953156823
422 0.4753564154786151 0.9115071283095723
423 0.4754073319755601 0.9117107942973524
424 0.4755091649694501 0.9117107942973524
425 0.4757637474541752 0.9118635437881873
426 0.4758146639511202 0.9122199592668024
427 0.4759674134419551 0.9123217922606924
428 0.4762729124236252 0.9125763747454175
429 0.4762729124236252 0.9127800407331975
430 0.4764256619144602 0.9128309572301425
431 0.4764765784114053 0.9130346232179226
432 0.4765784114052953 0.9132382892057026
433 0.4766802443991853 0.9134419551934827
434 0.4768329938900203 0.9134928716904277
435 0.4769857433808554 0.9137474541751528
436 0.4771894093686354 0.9140529531568228
437 0.4773421588594705 0.9141547861507129
438 0.4775458248472505 0.9144602851323829
439 0.4777494908350306 0.9146130346232180
440 0.4778513238289206 0.9147657841140530
441 0.4779022403258656 0.9149185336048880
442 0.4780549898167006 0.9149694501018329
443 0.4781568228105906 0.9150712830957231
444 0.4782077393075357 0.9151731160896130
445 0.4783604887983707 0.9153258655804480
446 0.4785132382892057 0.9154786150712831
447 0.4787678207739308 0.9158350305498981
448 0.4788696537678208 0.9160386965376782
449 0.4790224032586557 0.9161405295315682
450 0.4790224032586557 0.9162423625254582
451 0.4792769857433808 0.9162932790224032
452 0.4794297352342158 0.9165478615071283
453 0.4795315682281059 0.9168024439918534
454 0.4796843177189409 0.9170570264765784
455 0.4796843177189409 0.9170570264765784
456 0.4797861507128309 0.9171588594704685
457 0.4799898167006110 0.9172606924643585
458 0.4801425661914460 0.9175661914460285
459 0.4803462321792261 0.9178207739307536
460 0.4803971486761711 0.9178716904276986
461 0.4806008146639511 0.9180244399185336
462 0.4807535641547862 0.9182790224032586
463 0.4808044806517312 0.9184317718940936
464 0.4808044806517312 0.9185845213849287
465 0.4810081466395112 0.9186863543788187
466 0.4811099796334012 0.9187372708757637
467 0.4812627291242363 0.9187881873727087
468 0.4815682281059063 0.9189409368635438
469 0.4816700610997964 0.9192464358452138
470 0.4818737270875764 0.9193991853360489
471 0.4819246435845214 0.9196028513238289
472 0.4819755600814664 0.9196537678207739
473 0.4820773930753565 0.9197556008146639
474 0.4821792260692465 0.9201629327902240
475 0.4822810590631365 0.9201629327902240
476 0.4824847250509166 0.9205702647657841
477 0.4826883910386965 0.9207230142566192
478 0.4827902240325865 0.9207739307535642
479 0.4829429735234216 0.9210285132382892
480 0.4829938900203666 0.9212830957230143
481 0.4831975560081466 0.9213340122199593
482 0.4833503054989817 0.9213340122199593
483 0.4835539714867617 0.9214358452138492
484 0.4836558044806517 0.9216904276985743
485 0.4838085539714868 0.9217922606924643
486 0.4838085539714868 0.9219450101832993
487 0.4838594704684318 0.9221486761710794
488 0.4839103869653768 0.9223014256619144
489 0.4842158859470469 0.9225050916496945
490 0.4842668024439919 0.9227087576374745
491 0.4843686354378819 0.9229124236252546
492 0.4845213849287169 0.9231160896130346
493 0.4847250509164970 0.9232179226069246
494 0.4847250509164970 0.9233197556008147
495 0.4848268839103870 0.9234725050916497
496 0.4850305498981670 0.9237270875763748
497 0.4852851323828921 0.9239307535641548
498 0.4854378818737271 0.9239816700610998
499 0.4854378818737271 0.9240835030549899
500 0.4855397148676172 0.9241344195519349
501 0.4855906313645622 0.9241853360488799
502 0.4856415478615072 0.9242362525458249
503 0.4857433808553971 0.9242362525458249
504 0.4859470468431772 0.9242871690427699
505 0.4859470468431772 0.9244399185336049
506 0.4860997963340122 0.9246435845213850
507 0.4861507128309572 0.9246945010183300
508 0.4864052953156823 0.9251018329938900
509 0.4866089613034623 0.9253054989816700
510 0.4868126272912424 0.9254582484725051
511 0.4869144602851324 0.9256619144602851
512 0.4870162932790224 0.9257128309572301
513 0.4871181262729124 0.9258146639511202
514 0.4872199592668024 0.9258655804480652
515 0.4872708757637475 0.9259164969450102
516 0.4873727087576375 0.9260183299389002
517 0.4873727087576375 0.9261201629327902
518 0.4874236252545825 0.9262729124236253
519 0.4874236252545825 0.9263238289205703
520 0.4876272912423625 0.9264765784114053
521 0.4876782077393076 0.9265784114052953
522 0.4877800407331976 0.9266802443991853
523 0.4878309572301426 0.9267820773930754
524 0.4879837067209776 0.9270366598778004
525 0.4880855397148676 0.9271384928716904
526 0.4882382892057027 0.9272403258655805
527 0.4884419551934827 0.9274439918533605
528 0.4886456211812628 0.9276985743380856
529 0.4887474541751528 0.9278004073319756
530 0.4888492871690427 0.9279022403258655
531 0.4889511201629327 0.9279531568228105
532 0.4891547861507128 0.9279531568228105
533 0.4892057026476578 0.9281568228105906
534 0.4892566191446028 0.9282077393075356
535 0.4893584521384928 0.9282077393075356
536 0.4893584521384928 0.9283604887983706
537 0.4894602851323829 0.9286659877800407
538 0.4897657841140529 0.9290224032586558
539 0.4898676171079430 0.9292769857433809
540 0.4901221995926680 0.9296334012219959
541 0.4902749490835031 0.9296843177189409
542 0.4902749490835031 0.9296843177189409
543 0.4903767820773931 0.9297861507128310
544 0.4905295315682281 0.9297861507128310
545 0.4905804480651731 0.9298370672097760
546 0.4905804480651731 0.9298879837067210
547 0.4906313645621181 0.9299898167006110
548 0.4907331975560082 0.9300916496945010
549 0.4908350305498982 0.9303462321792261
550 0.4909877800407332 0.9304480651731161
551 0.4910896130346232 0.9305498981670061
552 0.4911914460285133 0.9306517311608962
553 0.4912932790224033 0.9307535641547862
554 0.4912932790224033 0.9308553971486762
555 0.4914969450101833 0.9310590631364563
556 0.4916496945010184 0.9313136456211812
557 0.4919042769857433 0.9315173116089613
558 0.4920570264765785 0.9317209775967413
559 0.4921588594704684 0.9319246435845214
560 0.4923625254582484 0.9319755600814664
561 0.4924643584521385 0.9319755600814664
562 0.4925152749490835 0.9322810590631364
563 0.4927698574338085 0.9323319755600814
564 0.4929226069246436 0.9324338085539715
565 0.4930753564154786 0.9324847250509165
566 0.4931262729124236 0.9326374745417515
567 0.4931771894093686 0.9327902240325866
568 0.4931771894093686 0.9329429735234216
569 0.4932281059063136 0.9329938900203666
570 0.4934317718940937 0.9330957230142566
571 0.4934317718940937 0.9332484725050917
572 0.4934826883910387 0.9332484725050917
573 0.4935336048879837 0.9332993890020367
574 0.4935336048879837 0.9333503054989817
575 0.4936863543788187 0.9334521384928717
576 0.4938900203665988 0.9336048879837067
577 0.4939409368635438 0.9336558044806518
578 0.4940427698574338 0.9337576374745418
579 0.4940427698574338 0.9338085539714868
580 0.4941446028513238 0.9339103869653768
581 0.4942973523421589 0.9341140529531569
582 0.4943482688391039 0.9343177189409368
583 0.4944501018329939 0.9344195519348268
584 0.4945010183299389 0.9345213849287169
585 0.4945010183299389 0.9348268839103869
586 0.4946537678207740 0.9348778004073319
587 0.4947556008146640 0.9350305498981670
588 0.4948065173116090 0.9351832993890020
589 0.4949083503054990 0.9353360488798370
590 0.4950101832993890 0.9353869653767821
591 0.4952138492871691 0.9355397148676171
592 0.4952138492871691 0.9356415478615071
593 0.4953156822810590 0.9357942973523421
594 0.4953665987780040 0.9358961303462322
595 0.4954684317718941 0.9359470468431772
596 0.4955702647657841 0.9359979633401222
597 0.4956211812627291 0.9362016293279023
598 0.4957230142566191 0.9362016293279023
599 0.4957739307535641 0.9362525458248473
600 0.4958248472505091 0.9363034623217923
601 0.4959266802443992 0.9364562118126273
602 0.4960794297352342 0.9365580448065173
603 0.4961303462321792 0.9366598778004074
604 0.4962321792260692 0.9367617107942974
605 0.4963849287169043 0.9369144602851324
606 0.4964867617107943 0.9371181262729125
607 0.4965376782077393 0.9371181262729125
608 0.4967413441955193 0.9373217922606925
609 0.4967922606924644 0.9374236252545824
610 0.4968431771894094 0.9375763747454176
611 0.4970468431771894 0.9376272912423625
612 0.4970468431771894 0.9377291242362525
613 0.4970468431771894 0.9378309572301425
614 0.4970977596741344 0.9378818737270875
615 0.4970977596741344 0.9378818737270875
616 0.4971486761710794 0.9379327902240326
617 0.4973014256619145 0.9380855397148676
618 0.4974032586558045 0.9382382892057026
619 0.4975050916496945 0.9383401221995926
620 0.4976069246435845 0.9383910386965377
621 0.4977087576374746 0.9384419551934827
622 0.4977087576374746 0.9385437881873727
623 0.4977596741344196 0.9386456211812627
624 0.4979633401221996 0.9387474541751527
625 0.4980651731160897 0.9388492871690428
626 0.4981670061099797 0.9389002036659878
627 0.4983197556008147 0.9389002036659878
628 0.4983197556008147 0.9389511201629328
629 0.4984215885947046 0.9390020366598778
630 0.4984725050916496 0.9391038696537678
631 0.4984725050916496 0.9391038696537678
632 0.4985234215885948 0.9391547861507128
633 0.4985234215885948 0.9392566191446029
634 0.4986761710794297 0.9394093686354379
635 0.4987270875763747 0.9395621181262729
636 0.4987780040733197 0.9397148676171080
637 0.4988798370672097 0.9398167006109980
638 0.4991344195519348 0.9399694501018330
639 0.4992362525458248 0.9399694501018330
640 0.4992871690427698 0.9400712830957230
641 0.4993380855397148 0.9401221995926681
642 0.4994399185336049 0.9402240325865581
643 0.4996435845213849 0.9403767820773931
644 0.4996945010183299 0.9405295315682280
645 0.4997454175152749 0.9405295315682280
646 0.4997454175152749 0.9405804480651732
647 0.4998472505091650 0.9406313645621182
648 0.4998472505091650 0.9407841140529531
649 0.4998981670061100 0.9407841140529531
650 0.5000000000000000 0.9408859470468431
651 0.5001018329938900 0.9409877800407332
652 0.5001018329938900 0.9409877800407332
653 0.5001018329938900 0.9410896130346232
654 0.5002036659877800 0.9412932790224032
655 0.5002545824847251 0.9413951120162933
656 0.5004073319755601 0.9413951120162933
657 0.5004073319755601 0.9414460285132383
658 0.5004582484725051 0.9414969450101833
659 0.5006619144602851 0.9416496945010183
660 0.5008146639511202 0.9417515274949083
661 0.5008655804480652 0.9419551934826884
662 0.5009674134419552 0.9422097759674134
663 0.5011201629327902 0.9424134419551935
664 0.5012219959266803 0.9426680244399185
665 0.5013747454175153 0.9428207739307536
666 0.5014765784114052 0.9428716904276986
667 0.5015784114052952 0.9430244399185336
668 0.5017311608961303 0.9430753564154786
669 0.5018839103869654 0.9431262729124237
670 0.5019857433808554 0.9431771894093687
671 0.5019857433808554 0.9431771894093687
672 0.5020875763747454 0.9433299389002037
673 0.5020875763747454 0.9433299389002037
674 0.5021894093686354 0.9434317718940937
675 0.5022403258655804 0.9434826883910387
676 0.5022403258655804 0.9435336048879837
677 0.5022403258655804 0.9435845213849288
678 0.5023930753564154 0.9437881873727088
679 0.5024439918533605 0.9438900203665987
680 0.5025458248472505 0.9439409368635437
681 0.5025458248472505 0.9439918533604887
682 0.5025458248472505 0.9440936863543788
683 0.5026985743380855 0.9443991853360488
684 0.5028004073319756 0.9444501018329939
685 0.5028513238289205 0.9444501018329939
686 0.5030040733197556 0.9445519348268839
687 0.5031059063136456 0.9446537678207739
688 0.5032077393075356 0.9448065173116089
689 0.5032586558044807 0.9448065173116089
690 0.5032586558044807 0.9448574338085540
691 0.5032586558044807 0.9450101832993890
692 0.5032586558044807 0.9450610997963340
693 0.5033095723014256 0.9452647657841140
694 0.5034114052953157 0.9453156822810591
695 0.5034623217922607 0.9453665987780041
696 0.5036150712830958 0.9453665987780041
697 0.5036659877800407 0.9454175152749491
698 0.5037678207739307 0.9454175152749491
699 0.5038187372708758 0.9455193482688391
700 0.5038187372708758 0.9455702647657841
701 0.5039205702647658 0.9456720977596741
702 0.5039714867617108 0.9458248472505092
703 0.5039714867617108 0.9460794297352342
704 0.5041751527494909 0.9461303462321792
705 0.5042769857433809 0.9461812627291243
706 0.5043788187372709 0.9461812627291243
707 0.5044297352342159 0.9462321792260693
708 0.5044297352342159 0.9463849287169043
709 0.5045315682281060 0.9463849287169043
710 0.5045315682281060 0.9464358452138493
711 0.5046334012219960 0.9466395112016294
712 0.5046843177189410 0.9466904276985744
713 0.5047861507128309 0.9467922606924644
714 0.5048879837067211 0.9467922606924644
715 0.5049898167006110 0.9467922606924644
716 0.5050407331975559 0.9468431771894094
717 0.5050916496945010 0.9470468431771895
718 0.5050916496945010 0.9471486761710795
719 0.5052443991853360 0.9471995926680244
720 0.5053462321792261 0.9473014256619144
721 0.5053971486761710 0.9474541751527494
722 0.5053971486761710 0.9475560081466395
723 0.5054480651731161 0.9475560081466395
724 0.5054989816700610 0.9477087576374745
725 0.5055498981670061 0.9477596741344195
726 0.5056517311608961 0.9479633401221996
727 0.5058553971486761 0.9480142566191446
728 0.5059572301425662 0.9480651731160896
729 0.5060081466395112 0.9480651731160896
730 0.5060590631364562 0.9481160896130346
731 0.5061608961303462 0.9482688391038696
732 0.5062118126272912 0.9483706720977597
733 0.5063136456211812 0.9484215885947047
734 0.5063136456211812 0.9485743380855397
735 0.5064154786150713 0.9486252545824847
736 0.5065682281059063 0.9486761710794297
737 0.5066700610997963 0.9487270875763747
738 0.5066700610997963 0.9487780040733198
739 0.5067209775967414 0.9489816700610998
740 0.5067718940936863 0.9489816700610998
741 0.5068228105906314 0.9490325865580448
742 0.5068228105906314 0.9490835030549898
743 0.5069246435845214 0.9491853360488798
744 0.5070264765784114 0.9492362525458249
745 0.5071283095723014 0.9492871690427699
746 0.5071283095723014 0.9492871690427699
747 0.5071283095723014 0.9493380855397149
748 0.5071283095723014 0.9493890020366599
749 0.5071792260692465 0.9493890020366599
750 0.5071792260692465 0.9495926680244399
751 0.5072810590631365 0.9496435845213850
752 0.5073319755600815 0.9496945010183300
753 0.5074338085539715 0.9497963340122200
754 0.5074847250509165 0.9498472505091650
755 0.5074847250509165 0.9498981670061100
756 0.5076374745417516 0.9498981670061100
757 0.5076883910386966 0.9500000000000000
758 0.5077902240325866 0.9500509164969451
759 0.5077902240325866 0.9501018329938901
760 0.5077902240325866 0.9502036659877801
761 0.5078920570264766 0.9502545824847251
762 0.5079429735234215 0.9503564154786150
763 0.5080957230142567 0.9504582484725050
764 0.5081466395112016 0.9505600814663951
765 0.5082993890020366 0.9507128309572301
766 0.5082993890020366 0.9507637474541751
767 0.5084012219959266 0.9508146639511201
768 0.5084521384928717 0.9509164969450101
769 0.5085539714867617 0.9511710794297352
770 0.5086558044806517 0.9512219959266802
771 0.5088085539714868 0.9513238289205702
772 0.5088594704684317 0.9513747454175153
773 0.5088594704684317 0.9514256619144603
774 0.5089613034623217 0.9514256619144603
775 0.5089613034623217 0.9515274949083503
776 0.5090631364562118 0.9515784114052953
777 0.5090631364562118 0.9515784114052953
778 0.5090631364562118 0.9516293279022403
779 0.5091140529531568 0.9516802443991853
780 0.5092158859470468 0.9517820773930754
781 0.5093686354378819 0.9517820773930754
782 0.5094195519348269 0.9518839103869654
783 0.5094704684317719 0.9519348268839104
784 0.5094704684317719 0.9519857433808554
785 0.5095213849287169 0.9519857433808554
786 0.5095723014256619 0.9520875763747454
787 0.5096232179226069 0.9520875763747454
788 0.5097250509164970 0.9520875763747454
789 0.5097250509164970 0.9520875763747454
790 0.5097759674134419 0.9521894093686354
791 0.5097759674134419 0.9522403258655805
792 0.5097759674134419 0.9522403258655805
793 0.5098778004073320 0.9522403258655805
794 0.5099287169042770 0.9523421588594705
795 0.5099287169042770 0.9523421588594705
796 0.5099796334012220 0.9523421588594705
797 0.5099796334012220 0.9523421588594705
798 0.5099796334012220 0.9523421588594705
