117.131503
48.495494
55.810647
119.343450
97.736688
97.806646
64.791995
36.962314
73.492507
79.281602
262.416951
96.124449
101.482657
38.978944
85.885783
112.550952
65.594528
121.142724
54.896850
51.979826
105.635238
81.160615
61.262234
65.449109
146.660253
71.890085
62.152962
116.322770
65.927554
140.657251
67.825893
108.386694
79.332235
70.348189
80.743366
27.891947
59.014569
113.292860
45.434546
160.039165
31.318810
63.335008
41.069200
26.869382
158.584753
62.289009
141.056803
85.129830
122.457059
51.657542
49.084075
58.256318
41.771019
90.814792
57.386589
192.790769
56.292369
54.402813
100.095237
136.112633
44.947506
183.852699
61.142777
25.064027
39.102445
89.428496
39.195400
39.803511
97.783208
83.380883
52.841469
80.337707
50.940932
64.410912
49.960797
63.288953
46.174597
82.916845
106.236529
91.599459
44.007336
81.502129
86.252305
90.225984
18.950087
85.916974
65.927504
48.772441
126.941871
43.033214
26.392964
133.705102
104.713323
55.402432
123.339789
77.129893
79.002887
156.437179
39.388653
89.543930
79.374188
73.300997
76.268841
34.046976
108.946857
39.959085
56.515230
61.194272
146.490914
92.408701
102.789939
70.498631
77.107458
124.829060
74.000503
38.833241
82.020020
97.394581
53.805098
82.359716
100.654540
54.347546
43.363956
78.514692
82.660698
65.650365
65.395917
101.928473
38.545561
41.708076
31.534105
68.768247
59.437870
57.263742
227.458996
36.536893
107.715514
100.471086
58.423415
108.640218
77.997470
57.714620
71.228829
44.274243
181.814335
64.069717
71.444924
163.206420
103.879495
26.963981
88.232922
60.427506
103.626104
97.291477
68.892500
59.927270
72.156814
74.621634
48.432955
28.799749
95.223044
123.508587
66.965434
122.342857
108.167343
51.819643
57.014554
94.111325
55.824281
56.705339
96.404578
76.235680
129.107483
83.986515
85.351473
105.741075
73.839190
109.688315
79.623217
52.733046
37.826665
84.391342
84.279452
63.412882
61.635421
36.334579
42.657633
188.970530
48.398350
120.043417
42.944802
71.246901
56.883492
74.607931
56.221307
42.435649
98.025195
74.069874
83.803255
99.773753
34.435163
37.260880
69.175316
103.727991
45.109630
87.796723
57.771666
46.342429
42.605027
50.990161
29.897144
175.534781
100.951728
107.046772
43.383180
61.938978
38.284515
76.743802
83.531468
68.439082
49.112719
109.794066
67.443734
52.832634
96.912347
44.414791
64.396239
83.853670
143.650287
119.007593
79.790410
143.052351
47.102977
154.959590
146.139565
80.423042
68.741057
64.992225
47.698960
74.493897
45.235790
53.914232
60.295155
206.737287
101.468327
78.463798
191.459492
65.105831
83.740952
89.934455
76.759453
97.882424
107.671606
27.508848
63.232460
94.476808
66.900914
89.133192
74.354786
68.570987
39.856677
71.722440
65.249432
62.638445
63.718737
37.105556
95.944798
65.499912
41.898644
88.230737
117.093113
75.460066
70.472065
66.357372
82.497103
55.674387
47.000891
121.886470
93.381846
42.097989
84.553156
80.800995
55.916881
100.969303
44.242131
87.420271
76.267473
136.420416
94.833308
102.513301
61.709170
102.581904
87.822153
78.686662
32.044845
56.840099
35.726924
137.530322
74.202349
83.721723
79.916886
43.968864
24.111566
85.114396
70.270783
66.238693
147.195740
69.040315
65.600302
73.936001
138.317320
70.455085
66.979351
65.274544
129.400618
121.022459
127.511958
116.711951
32.424159
49.404275
80.395007
76.938367
32.698914
37.338222
55.749815
57.034731
88.783485
105.686446
79.517324
47.566643
46.415178
73.065459
91.511591
76.916677
59.373412
69.763629
28.156192
51.501229
56.947405
56.026160
59.400173
73.203161
110.477395
123.839187
93.515530
85.061285
74.190018
87.135139
106.653571
64.726764
96.355478
63.757449
54.707201
35.508961
74.117582
61.282423
70.532248
66.814908
188.692293
43.375077
38.398810
132.267701
37.631879
60.787764
57.166069
40.713082
74.976368
97.826530
98.916605
85.896032
119.505170
90.847642
39.757644
49.887372
95.743027
69.319780
39.003805
96.157561
32.856481
107.169955
128.293706
52.269285
94.633286
145.974730
120.118740
112.425092
69.143328
70.939177
77.392719
62.584247
180.530812
89.710849
57.512219
29.872920
36.268046
59.158061
160.647687
39.984744
42.949733
106.180464
48.375362
147.377486
94.261413
41.199483
92.027510
102.280568
77.986011
48.963159
67.420296
49.927498
96.740030
76.221357
25.923571
75.177824
81.798730
66.764835
153.044163
62.765030
64.992627
34.934590
76.849408
56.267570
125.085093
59.100277
121.405857
70.490283
31.608240
77.337183
44.804613
71.821578
83.328316
78.110928
48.576748
51.976773
87.159805
76.440995
71.171350
86.462423
49.588309
98.715474
78.943067
56.935527
72.062235
67.125855
46.509866
160.590910
64.341625
61.227081
92.706273
73.750744
32.495635
71.859315
143.894237
62.169346
114.012885
81.820106
52.027886
132.746147
53.001655
51.703237
69.396733
71.344450
172.018818
43.033597
77.407960
82.910026
55.666009
82.647537
74.775247
89.556067
110.215507
63.308760
65.488805
52.425756
87.873948
38.811922
77.430088
44.659976
125.863681
107.089121
56.276026
39.905496
56.481048
76.684699
65.121577
82.280492
43.701219
67.553948
104.678782
38.618518
77.987530
84.077169
59.099311
59.811035
105.465550
145.023268
51.465200
15.536481
112.256774
108.480490
84.296583
140.703030
51.120844
38.726163
53.129782
162.141836
244.059632
112.582552
75.533472
38.649583
81.845390
30.462427
167.741089
55.208939
86.112862
72.553374
35.222968
96.706426
84.495843
74.107454
50.816487
43.969744
121.071902
44.077512
115.304634
27.674102
61.186118
73.480473
35.856415
63.624719
54.294347
126.975564
125.781044
38.022653
33.923264
47.179557
48.182663
98.694820
64.252485
108.681651
51.244804
101.032589
168.933604
157.500237
85.982537
163.509051
30.812686
138.791597
88.564404
40.769300
123.011879
99.914606
84.425233
89.609978
64.974910
22.644088
66.693494
85.291153
112.700814
104.783518
67.962017
89.376544
71.189027
30.524643
63.860010
98.045242
162.036661
45.095807
57.674739
57.124616
61.213276
38.535022
89.490127
56.282724
67.885352
73.640730
55.842405
107.840385
89.623858
89.890402
46.187171
44.568034
83.218737
50.084058
35.533252
145.754779
68.187274
62.850248
52.678341
105.357266
66.413322
72.185678
118.777727
107.819941
88.385322
63.499822
65.026216
65.836831
104.040401
59.007341
102.201479
32.224392
56.394810
53.005342
229.195032
95.159661
52.550256
35.798101
106.635666
63.504568
68.134991
116.370228
49.467817
58.910589
81.615265
82.818450
42.811775
73.641019
66.134069
65.308916
82.283952
52.863267
56.205262
104.717104
80.533199
24.624222
53.305326
136.299069
40.937463
41.537444
86.823686
91.840618
92.786139
97.632956
133.443046
157.080648
47.382368
41.599447
65.224452
59.099344
122.127943
75.878946
74.181241
75.001772
93.354958
56.098047
137.987690
73.457466
70.469685
49.181225
181.561007
90.013061
182.696565
81.751520
78.410599
65.237721
43.874696
28.318628
43.884402
79.683374
66.450195
83.880222
23.069158
31.781584
45.837605
85.693039
136.351126
33.923509
118.248668
67.135809
49.817134
75.139837
76.630521
88.807931
52.402749
85.880684
39.344292
82.053531
147.250995
72.263102
107.110964
98.702429
121.341525
159.432620
64.912441
72.267995
141.767223
148.711943
68.668301
72.887810
39.049557
112.911329
45.722429
102.677280
37.875389
75.161642
43.293690
48.898446
48.704268
50.382692
124.312240
52.300782
60.069145
70.436676
72.400233
72.452071
67.476201
58.325325
47.952330
97.892546
45.231080
43.176491
58.114038
75.661826
88.274687
120.208242
60.410180
36.180487
100.310332
78.495559
47.847912
63.470074
89.287051
30.832436
53.860991
183.209959
78.055964
77.432503
77.949380
49.241649
72.854041
92.066104
45.733083
73.257783
33.746086
54.969337
61.709779
91.279929
32.976873
61.687901
83.765097
57.731346
83.423471
140.594513
74.478092
63.530760
54.320387
58.867910
58.602579
68.728322
135.657571
23.392487
72.012831
94.735312
89.908470
29.454842
64.504209
52.960400
133.123488
27.209926
97.296964
65.800476
28.929616
59.663020
80.754215
75.078644
31.112257
56.514406
80.029096
55.235988
94.984103
46.435077
144.852131
45.386870
113.134952
206.092270
39.255850
112.765084
28.827391
30.185135
57.028880
55.228158
106.582757
89.315875
109.381751
125.239405
51.513687
33.364380
54.252004
155.737185
27.458076
44.307275
76.376148
37.595111
47.494773
41.650009
77.013550
56.293218
80.380773
66.447216
83.474482
177.093869
74.988321
110.665442
121.886578
43.171800
72.763886
87.606679
59.210703
84.097217
76.141618
84.628947
29.489602
180.559552
85.720287
63.371242
97.212426
33.832357
55.050904
61.191859
65.667677
56.432131
107.887095
158.272724
77.747117
140.471731
94.210457
76.919759
80.405728
57.861195
115.080333
130.317175
49.524948
48.966383
121.097779
44.998198
157.541916
83.733500
71.190651
96.796637
107.162628
64.779438
168.517430
94.256452
87.705423
88.087118
256.111806
52.033559
49.844166
90.471050
112.943452
90.613024
85.626044
55.327856
122.513414
48.680236
159.247997
58.352291
39.250124
56.077625
101.420278
155.908657
145.638601
79.253352
80.550110
61.985569
43.971203
27.183720
60.956231
67.277127
43.367144
68.984476
129.628693
97.491486
43.800841
128.619450
37.091347
98.190926
78.514870
70.954727
52.915137
68.063542
129.851806
65.586470
105.651792
138.257710
48.983942
94.012362
67.880893
81.721731
160.399324
166.279800
