2.780365
8.547321
12.350854
6.144809
2.146207
5.798744
4.077148
3.269265
6.293082
7.876092
5.771562
7.512738
8.647972
5.053008
4.794385
11.334778
4.073534
8.353679
6.934118
15.600260
3.692387
3.095549
5.960007
5.484373
6.840906
29.382064
4.623645
4.724086
10.691767
5.164787
6.351983
14.228325
5.339117
4.010695
8.194766
5.030216
7.648491
11.551409
6.228692
8.649199
11.157056
5.081059
16.358544
6.169802
9.320913
5.473966
8.136527
5.886142
9.703352
12.113249
16.525446
3.291003
7.359565
6.178579
13.672555
9.193037
17.214479
9.427147
9.167584
7.201969
8.389379
8.270716
9.844186
11.568840
19.233098
6.100392
16.954290
10.976840
9.283206
4.507140
5.456863
9.057030
7.515643
7.261090
5.990368
6.425063
9.021281
6.467250
12.416183
6.751165
4.156829
2.203750
13.866250
10.586658
16.749997
9.830794
6.010172
7.027632
7.947816
6.987423
9.946877
4.181592
6.208992
10.404497
10.564569
6.948325
4.494357
4.177879
5.718292
13.519375
9.224509
10.873868
7.723027
6.781680
8.738884
5.412357
7.299658
3.037220
5.538506
23.132097
4.151462
3.116396
18.741405
13.024005
12.951195
9.937448
4.289311
5.059463
7.779411
5.980932
8.631079
6.194211
11.218828
5.017655
3.234045
5.908137
3.912849
5.870181
5.068750
9.546218
5.174867
8.635534
16.185832
7.109727
9.043175
4.376385
4.001494
3.527455
11.653225
5.152174
3.833731
3.143733
5.158595
8.024538
6.750403
6.256648
7.908751
15.741725
7.046307
10.953221
8.133842
11.448413
12.463539
11.183054
5.238040
5.547026
4.892145
4.724599
7.391759
4.408556
8.361821
14.388321
7.447409
15.259094
5.978083
10.975253
8.904778
14.035388
6.331271
7.372220
14.758461
15.429917
8.696550
12.541644
7.095753
4.626674
2.518067
12.364897
9.860592
6.683821
8.600757
5.392280
6.949984
7.882758
12.731437
4.615031
5.411199
9.570968
11.477465
9.341646
7.755417
7.761691
4.740298
6.725646
11.580103
8.144966
4.499615
7.209485
8.930238
9.575378
6.986182
8.944157
8.899097
9.036739
14.584298
7.600681
5.961314
19.716591
5.446751
8.855554
17.539032
7.944050
12.509524
8.899747
5.973820
5.407989
17.151497
6.173728
14.783490
6.059879
16.629277
6.025534
3.009228
5.523080
4.739909
5.975440
6.200992
13.113666
4.416349
5.976755
21.585124
7.032458
6.703140
8.016174
7.485866
12.962051
10.679821
7.329236
4.511251
3.500361
10.016837
8.402381
7.925104
7.507656
4.982881
9.688781
11.087956
7.390242
20.497089
3.534981
3.871512
4.987234
10.038416
10.366682
6.997929
5.072141
18.010762
3.934524
4.366535
6.082366
7.473668
4.562033
3.967744
6.524202
8.770459
6.058233
6.544121
5.569875
5.505288
10.546818
16.633056
8.647045
6.829201
5.799683
3.662915
6.066140
3.102023
5.396108
6.151513
6.723642
14.754887
8.614582
11.797513
23.230992
7.785872
5.075774
7.302263
4.570163
8.851543
7.855240
8.860916
5.452963
7.296049
8.125730
6.794312
14.531005
10.971615
12.562786
15.178826
5.021893
6.114584
9.447209
12.049371
10.099172
4.932927
5.987658
6.737815
10.237522
7.855549
7.840541
15.535697
5.499351
5.335152
5.940667
6.339332
5.592662
8.332820
4.972882
5.779461
7.437158
5.062100
6.177534
5.982514
6.421244
8.635397
7.546669
10.559617
16.518076
6.879565
5.950402
22.909825
5.145744
11.560378
16.114667
5.857825
12.004336
16.973323
6.255170
7.658348
6.252887
4.974723
8.180165
8.197904
7.894456
9.504779
8.542658
9.844827
4.998266
7.889955
5.954466
5.852849
7.155738
14.408525
15.625038
14.717152
16.939829
6.176605
4.955231
5.331746
11.236473
10.176032
8.920968
3.746813
5.712865
11.431922
13.781870
7.508904
7.821686
2.895319
14.041075
6.909975
5.461515
7.693180
7.271661
13.134185
7.600180
10.751157
5.743172
5.243677
4.373233
2.826084
4.146086
4.698571
14.986528
6.211801
5.725088
6.104217
18.352455
7.245676
6.198109
8.259725
11.195953
7.031647
6.990472
6.332818
19.636905
4.329407
11.694894
7.284478
13.270919
3.584097
11.324879
6.790153
11.022487
6.149057
4.477991
5.678127
5.548124
5.813800
8.624007
6.094220
13.676782
5.966819
9.491362
6.729341
6.464079
5.520930
6.018109
5.391306
9.638044
14.882530
4.377250
4.043874
4.931463
5.266822
28.252461
8.402049
6.479472
5.876296
10.417951
9.261837
9.500161
5.357946
11.154636
12.319609
4.799383
7.890228
3.383225
2.878029
3.907933
7.369766
8.109779
9.782723
4.653103
9.306219
5.028103
4.594024
7.316855
4.549842
8.895111
3.044776
2.633859
13.695826
11.201080
7.868869
4.512062
9.839540
10.184871
5.569828
6.304543
4.673071
6.240110
6.672837
4.688288
3.510839
12.588615
3.463188
3.113207
5.876293
9.606487
9.672209
12.947860
10.494094
4.437090
11.600030
11.401500
11.445674
10.140622
8.061102
10.589773
13.229588
7.740023
5.408838
4.013623
5.198844
5.004262
5.136767
11.251481
15.523073
5.756965
8.584977
6.988243
5.268238
5.681047
9.231621
5.613552
8.035131
13.483420
3.293529
12.320318
5.125324
5.136059
5.819963
8.618351
8.682387
8.408886
13.329653
10.630994
13.509599
6.522100
7.086824
8.313390
4.865793
8.157625
5.280989
19.337991
8.401430
11.033408
8.254712
5.523176
5.082677
6.715896
12.712102
6.275025
5.550029
2.915071
4.801235
4.634884
4.697297
6.070821
4.277275
6.804643
4.227823
5.420129
8.109649
4.479919
5.863250
4.247360
3.300625
6.839406
9.792181
3.872921
4.667246
14.195953
7.852695
14.061647
4.945897
5.294413
3.363820
4.785365
7.232790
9.748705
15.068448
7.168983
7.327352
8.117215
7.596003
12.768120
7.935993
16.454729
6.052496
9.497709
6.592315
3.761348
11.641014
20.122653
7.430367
6.292589
11.183643
15.747414
6.919239
5.096325
3.745713
11.144677
3.770388
6.042826
6.861126
12.014534
7.477923
5.538333
16.262043
14.373004
16.005929
4.981450
5.719639
6.344029
3.038598
6.765139
3.919448
21.273780
6.648327
4.916657
6.443705
4.340157
12.190303
7.286389
6.693455
5.286277
12.425771
8.554418
7.655126
7.375866
5.192063
5.595948
8.084359
5.615497
5.697349
9.671193
9.633597
2.549406
6.407762
5.015071
5.277299
15.058237
5.225725
7.080236
6.047398
4.487790
5.623139
13.798032
9.644085
6.848360
8.040515
13.932231
12.382880
9.242529
10.708471
10.924928
7.449998
8.145524
6.838337
10.726133
8.179541
8.797039
3.173026
4.371849
10.293026
7.008291
6.416178
3.132443
5.988427
4.246460
8.668583
7.122194
9.949024
12.545131
6.333174
7.177922
13.797704
6.576109
7.465158
9.837049
5.114101
5.320918
9.183659
9.559873
5.840565
9.144968
6.549619
9.179457
3.537813
3.404644
7.075085
15.853631
4.628669
3.611186
3.809326
8.402544
6.938514
10.617392
4.817572
6.133495
14.297908
7.687586
8.882472
7.153476
6.135861
4.035371
6.303876
6.692447
5.949384
4.539115
10.410138
5.081977
5.485654
3.945162
3.208623
5.578257
6.451109
11.934386
9.856933
8.344303
6.308977
5.881311
8.210042
17.249237
4.556886
7.861422
7.795996
4.179458
4.532213
5.558432
7.773463
6.681644
6.857071
3.975432
5.883526
6.483045
8.502443
4.679004
2.454661
11.699467
5.242863
11.842203
12.589695
12.512038
5.758277
11.456488
4.525586
8.127574
5.368211
5.492421
3.125079
4.857146
7.429700
4.283841
19.738648
7.482139
3.570590
9.939621
15.486179
9.960970
7.279595
3.459983
5.098894
3.968809
8.505503
8.756786
5.151129
8.265612
11.374860
14.937850
30.733152
11.901141
7.633572
9.206804
13.443415
4.615017
6.982867
4.200036
10.350077
14.114364
5.953531
8.192736
6.334012
8.441213
7.429722
15.509321
8.512976
7.085188
8.229602
8.780162
17.780385
8.088485
4.063365
4.844273
4.379600
5.183090
12.157522
7.985553
5.380361
16.161523
14.369264
4.486109
3.467785
8.391861
6.331812
5.018971
7.470980
6.843024
8.000451
8.527737
5.363461
4.078205
7.582037
14.818963
7.789730
6.082918
5.483958
7.443177
8.717541
7.836362
8.013209
8.243001
18.525993
10.244957
11.165003
17.959601
6.963289
7.495071
3.453040
7.304200
6.473506
7.617963
4.517742
5.382835
6.264943
12.032309
4.697404
8.371258
11.119977
15.054622
12.268294
4.997634
4.131820
5.935608
6.743618
5.795613
4.104790
3.570694
11.590731
4.791192
6.300926
7.275931
4.645814
8.054752
11.919557
8.301795
15.055639
12.376054
5.673823
7.814959
7.302846
6.378982
8.320855
7.806857
5.621668
5.270429
17.816180
6.406168
7.906305
6.212501
4.372310
7.846505
8.536270
6.878104
10.293321
9.478228
14.509141
10.156343
7.777872
6.471965
7.578646
8.861202
8.707996
12.047929
11.329373
4.417161
3.220246
13.186941
4.024503
3.825070
5.973715
7.057509
4.431893
3.522986
7.111478
9.101332
3.811721
6.123144
10.969893
9.031260
10.105210
8.949054
3.978183
9.696398
4.003462
6.569687
8.864242
5.046390
5.431313
3.832346
7.069780
13.181507
7.192998
6.802572
4.867556
2.248422
4.543797
5.649106
10.432751
11.974880
6.905976
6.429001
4.464004
7.208657
7.134675
6.597594
10.549757
16.274992
12.314565
5.145529
3.972054
10.936281
8.678810
8.744876
10.964629
32.142074
15.083490
12.392384
10.687379
6.565844
5.795353
5.130550
9.162720
6.654041
12.880206
12.256210
4.240750
5.639949
4.929513
7.493563
11.066393
5.102250
8.617032
8.839802
9.894106
4.080273
3.916126
5.279906
10.884361
9.052795
7.126261
14.695296
10.715274
6.438236
12.866760
15.549816
5.404146
9.110174
4.446103
4.122349
6.922231
7.244201
9.830293
6.799266
5.017277
6.429441
8.536955
7.276047
3.996196
4.272182
29.467341
12.747471
9.978898
5.133878
5.605031
3.747078
5.618207
10.184407
4.900669
17.337981
5.705545
11.130061
15.141059
5.949323
6.196639
8.579896
9.191416
14.317824
9.228087
11.952708
21.016745
5.296044
7.979876
9.439749
7.903720
2.839978
12.626186
6.530451
5.374553
12.324051
14.784039
4.569519
7.096503
4.875813
4.491299
6.110506
3.866719
7.872250
10.270503
9.057097
8.455306
9.295606
11.230479
8.000887
11.396595
5.639081
6.408621
20.634945
4.730405
11.250363
14.017431
4.769407
3.907044
6.664088
8.481477
11.613164
5.575874
5.642474
7.060796
11.245623
12.778178
8.994045
4.567027
6.507977
8.943068
5.322742
11.866834
8.405513
19.138273
6.710187
3.756579
5.344068
10.630802
20.445537
12.178003
4.728854
7.012175
11.583588
13.465653
4.905385
11.043199
7.826195
4.804697
14.908206
2.742853
4.940679
7.256165
10.106269
7.277034
8.818776
7.948247
13.896158
12.141733
3.833971
3.130967
23.532998
13.034175
6.368596
5.307689
12.172803
27.165253
12.194676
4.701694
8.478211
5.407490
5.817222
6.473648
19.839355
18.371971
3.128522
2.377290
5.471430
14.586110
9.971385
6.708460
5.476699
4.246457
4.137075
5.503472
6.222650
11.219463
9.620462
13.946233
6.470265
4.660516
11.661629
4.479392
3.259356
5.777466
3.707434
7.240389
8.016096
6.648277
4.847786
6.528771
3.975204
5.792214
5.346546
4.135851
3.857077
4.590514
6.310254
3.197865
11.031350
12.993115
11.386578
5.966723
3.545949
7.903261
3.688076
12.935907
8.362212
9.576239
12.246788
8.351270
6.964124
5.446879
7.802956
4.513209
6.538629
4.037744
5.372375
7.574941
12.331758
5.864681
8.738030
3.901284
3.352968
17.604696
8.202205
8.784518
5.823419
3.928628
4.674881
9.482457
8.754810
6.280941
4.643259
4.653498
7.550163
11.765111
6.811120
14.886334
5.237651
7.276461
8.489283
6.579407
8.325834
7.407409
4.706600
11.147409
5.191990
7.869673
11.228149
6.004570
7.081024
9.969228
15.670852
3.867323
2.567704
4.399660
4.083417
6.665178
5.608657
6.619141
5.990186
12.288808
9.511479
9.408619
3.150829
12.547842
4.716429
8.566614
8.695398
5.393686
5.551816
4.880893
5.616980
3.675954
3.266295
7.020726
5.607081
5.914508
10.773166
3.954993
4.048775
7.365195
7.226868
8.080180
6.704199
6.542723
4.898789
10.931603
6.045564
4.940474
5.917254
7.671733
5.652287
9.580639
10.516820
5.629545
3.786882
11.418452
5.614476
16.235393
11.790000
10.705090
14.317617
17.412124
6.988249
7.745839
11.215708
3.778581
3.160088
6.378913
4.850784
6.334389
15.545166
10.233588
11.847948
15.691268
5.865423
7.743619
6.113102
8.379351
2.784398
7.024507
5.711895
5.863205
5.795771
12.437032
8.290709
11.189000
3.116432
7.929318
8.864815
4.639859
5.859904
4.965003
4.345487
8.011878
9.304577
12.922651
10.927018
9.478661
5.846965
5.637843
6.438041
3.629370
4.415449
8.385356
7.846698
11.975555
9.777868
7.281533
8.829626
7.110580
4.531183
6.601950
7.842758
8.085469
9.110760
13.300372
9.890902
3.918568
5.199945
10.510629
8.379646
12.572812
9.173066
5.445046
17.481638
7.708467
7.712802
3.648875
5.656428
6.895049
5.552133
3.862292
5.105638
7.199164
11.081145
14.039938
2.645078
2.529664
4.042594
5.042957
5.608366
6.148625
10.421961
8.433185
6.408356
7.101637
4.448795
9.456138
5.758038
7.131580
9.125431
5.251148
4.442096
7.572994
4.069153
5.063314
8.907187
4.543058
4.735703
14.820961
6.288127
12.957565
7.253813
7.345930
6.603740
7.278591
6.066908
3.603275
6.604685
14.583264
17.060671
8.244936
4.517669
15.047133
9.044091
6.112271
9.620987
8.703979
6.619655
6.473265
13.442202
4.239430
6.824714
9.132597
19.471833
3.679560
5.126693
10.584465
4.033367
6.695012
11.114733
10.817387
4.838468
4.742795
23.131218
17.504964
4.603645
6.012487
8.644902
5.780157
5.732720
7.745143
2.832051
5.550825
3.616628
10.174255
8.713415
6.712971
15.271335
6.619541
5.220824
5.754470
4.539133
3.295887
8.271360
7.530416
9.031191
6.895854
10.295978
12.085082
8.894899
9.906769
5.229177
5.822701
7.872760
7.261243
9.601614
9.359978
10.090624
6.240411
6.922744
4.279234
8.537239
5.954536
4.242105
24.822405
3.885222
7.292616
23.240200
4.555929
4.369245
7.375910
6.143581
8.472219
11.828864
6.411073
10.266853
7.310750
6.630361
7.170095
5.533097
5.603110
4.319918
9.289555
11.100229
10.585757
5.156133
6.442497
3.712190
7.383752
5.974995
4.100622
3.044284
7.654182
6.668981
8.439580
2.894181
4.235404
6.246494
6.935544
8.998338
7.580620
8.336819
9.180849
4.590109
12.262330
11.042165
4.890886
6.727006
10.501467
10.577279
8.624414
12.918161
4.530062
9.629790
7.808568
7.167481
9.318379
10.711464
7.425201
3.688406
3.254901
8.701874
4.622354
4.999962
4.619453
4.641024
17.631681
7.417278
3.532227
4.372420
16.937399
13.331588
11.036791
9.224301
5.314078
7.799555
9.173957
8.669396
15.096996
8.349460
3.914516
4.745328
8.671614
6.035498
2.787998
5.049792
23.877899
7.618138
9.016334
7.370696
6.630783
10.861172
5.681925
8.062989
17.285171
6.211232
6.834349
12.324397
9.750497
12.548866
7.083149
3.816491
6.201960
16.938740
16.435818
4.852552
18.584635
6.080520
8.219569
4.552954
3.788790
8.213970
5.878310
8.192768
12.208078
7.723274
24.148511
5.305894
4.615069
19.036463
9.230901
5.651080
5.637704
12.795932
14.410346
4.855673
12.093809
6.384755
6.550818
18.742361
7.645551
4.923809
3.418967
7.541939
3.241444
7.150021
9.833696
6.777416
4.728717
7.119275
9.323455
7.815345
5.373788
6.145831
6.965674
4.967121
10.610915
9.195421
4.952625
5.093249
10.992170
15.380745
5.066527
4.834893
9.578299
6.974935
6.504738
11.197492
15.164289
11.746846
6.670474
5.365274
8.364321
9.042262
6.987937
6.756753
6.309752
5.740884
3.294565
3.579889
5.884656
7.194716
4.507381
7.198626
16.080136
5.368510
6.193514
5.373388
10.850899
6.665584
12.310989
8.190134
6.174751
8.559068
5.904481
8.354882
6.852663
7.224307
10.581064
5.653496
2.847614
10.116427
7.818728
4.654032
11.758723
6.843180
6.199999
4.511960
11.538903
10.917154
6.144282
5.853538
6.280528
8.559707
3.160165
4.422290
16.523616
7.728199
6.455290
8.293783
4.130120
3.744230
10.709651
7.316357
11.410051
8.124723
7.711497
8.785900
12.281525
7.496602
13.880895
12.949702
10.938501
14.693391
7.630453
7.605898
5.989600
4.784782
14.338987
6.307083
4.234045
4.695502
5.115176
7.867584
7.557011
25.141013
15.693431
8.092456
3.446150
5.256586
7.053857
7.483505
12.265535
3.310222
2.977181
8.602371
5.517481
16.965460
10.652170
7.485114
5.857827
7.754711
5.859146
4.629867
4.076420
9.119467
4.224797
5.886367
9.174037
10.306814
16.658197
10.611628
7.980278
15.773309
3.116113
8.613794
15.594145
7.954625
9.701711
8.252457
7.881505
9.690885
12.703841
13.536010
16.146836
4.991907
7.745200
9.424677
7.381078
3.672602
2.186099
9.098943
5.855444
10.592318
8.377204
20.795474
7.037432
6.571173
8.349030
11.062581
5.397535
10.415317
9.474345
8.784871
24.002567
5.375405
4.572392
8.226842
19.257618
10.588836
9.639860
12.033455
3.486524
3.867553
15.051835
5.358313
6.401487
4.666270
8.478282
11.226320
15.756719
3.081929
3.953356
6.392977
4.699616
7.917706
4.623274
8.918938
12.080608
8.771372
6.338095
4.630101
8.395967
3.555899
11.393550
5.674529
6.134005
13.908575
14.080466
7.005734
7.682992
5.536481
14.037021
3.794000
3.914153
3.816505
3.860406
5.325464
10.453338
7.281676
4.347601
5.309199
3.064452
5.526629
8.429429
8.194316
3.655624
14.875168
8.754403
6.109329
6.451251
5.983421
14.826555
3.513330
4.352140
12.815541
9.233431
15.459376
9.139128
7.887553
3.395277
3.884517
4.158179
5.628442
4.929854
6.166769
8.957507
17.212062
9.026784
15.595398
10.909988
7.409366
7.139084
16.381527
18.355459
8.729029
4.454025
21.818549
12.144055
12.129899
17.824088
10.478351
4.758547
6.432159
4.617548
5.439969
12.792358
5.276175
6.075009
9.011711
9.092841
1.866375
2.923401
3.928249
6.392956
5.452794
2.810164
7.401134
5.566368
4.794134
7.531799
9.139856
4.642146
4.135146
6.483315
5.845196
6.609877
9.003937
7.723109
4.392861
5.265529
9.732294
7.685318
4.361119
10.853065
12.115975
8.232417
7.141971
6.612877
3.682696
2.889744
3.742674
8.555567
24.083555
9.696893
5.305897
3.948862
4.258843
2.638257
4.298666
4.764387
6.765050
3.764580
7.495042
6.428678
7.314868
5.045017
6.516011
11.956490
4.323208
14.139306
13.193006
14.746032
7.909426
7.460526
13.341925
15.307108
8.377335
10.044432
16.161573
10.762830
8.908375
16.444797
14.530301
5.714873
9.602817
20.536432
10.193008
7.346414
6.205579
3.460281
7.827148
3.926764
6.624107
9.451208
6.099284
5.132917
3.302228
16.585642
11.584805
9.173273
12.760501
14.280842
12.803560
2.805740
2.266022
7.116712
3.182479
6.544545
6.445972
9.673463
5.811792
15.869667
7.591343
18.060057
8.075808
5.192688
5.926347
6.644355
5.169287
11.511171
7.226820
10.658800
13.217783
9.061041
6.163276
2.611126
5.050953
4.547724
15.753397
11.270607
12.371477
17.676757
15.078993
18.894688
9.600889
7.323746
3.056440
3.041093
13.827481
5.538956
8.473469
7.456147
6.101336
9.077266
6.711015
27.534578
7.548661
6.499081
9.202699
11.648925
10.307358
7.193795
4.711085
6.141640
8.727818
4.550791
7.757079
6.172718
4.375270
5.642061
5.941687
6.534420
5.428795
3.467041
3.380407
3.176194
5.953897
6.581351
8.606917
7.809569
6.324440
18.103665
9.084002
5.805405
3.081608
4.616317
11.765893
8.260029
5.586499
7.419215
17.647672
21.362237
7.535574
3.617159
4.731401
10.064080
5.240842
10.867111
4.417261
6.434913
13.542697
8.048222
10.992314
8.681256
8.517454
6.041913
3.847771
9.304907
11.904510
7.048567
6.068486
6.400355
10.668642
14.402239
8.653436
8.068654
8.176384
5.543058
9.911252
4.211133
4.693869
8.566033
11.177739
12.837809
10.845780
3.980619
4.248264
8.564844
6.199338
16.102580
13.148956
27.019559
6.523580
5.092041
3.461749
3.116340
7.341668
11.262969
23.422084
9.649933
12.064970
7.822227
4.384546
19.551858
6.105521
10.717964
5.553834
4.176540
6.710960
21.896024
5.292944
9.377481
8.141601
4.768241
6.419768
6.138361
2.822592
9.997643
9.234237
14.214208
7.131010
8.407490
12.370294
13.968060
7.095539
6.574979
5.944490
4.904960
6.078677
4.768540
4.974264
4.400045
3.927271
2.117830
8.900283
10.550252
5.781357
9.128798
21.714347
12.384283
7.586651
7.128003
12.107202
12.077918
6.595380
10.602029
4.812893
9.295760
10.386276
10.972221
4.001258
3.939729
4.329485
4.858552
5.638511
19.638120
14.484237
11.496336
19.043832
4.912010
3.967204
4.363724
3.087573
14.966708
5.750897
5.520366
6.118408
5.404400
20.423177
11.018571
19.087076
11.278948
10.925645
8.351887
7.685520
10.378204
14.672741
13.428393
4.809467
8.305757
11.455167
5.293914
4.394756
5.113030
16.377609
5.213289
9.679104
6.029608
7.295866
9.652178
12.391607
10.923513
8.846624
7.965751
3.907599
6.438575
5.954778
7.423799
11.389528
17.573656
9.259317
11.048801
9.498346
8.092739
6.806054
5.254228
6.709243
3.159826
3.946893
10.149234
16.605941
7.865186
6.961109
8.375233
7.885975
4.884084
3.074353
6.331618
17.521737
5.444038
5.374074
8.863988
9.697326
8.606887
6.401523
3.958362
15.831470
6.247320
6.555335
10.205340
5.157049
10.235231
14.073901
5.627650
11.807832
11.257635
13.503833
6.436342
14.404320
4.530275
12.812220
3.771240
2.899205
12.649224
3.442125
4.095367
5.610611
6.894831
6.600711
3.383167
9.034910
5.950379
8.588543
8.059913
7.360397
8.729267
20.478756
6.506601
6.785975
3.469100
5.008135
6.100136
7.163533
12.698922
5.357567
10.075866
12.982215
9.909257
12.535968
6.219476
6.499835
7.080057
4.337314
4.345685
4.284480
8.252781
9.772635
21.169280
9.404360
16.249501
15.433643
12.638400
5.991095
5.656716
5.476404
7.538022
34.958148
3.700521
4.745456
9.484919
4.977953
2.570228
9.033909
4.386763
5.968285
10.101315
12.117556
8.109001
5.224127
4.113666
9.593124
8.159580
6.877168
9.090791
8.615805
11.988408
13.686598
8.347142
12.828978
9.294841
8.332193
4.177705
8.491907
17.353314
11.048125
16.190253
7.082021
14.802576
4.836466
5.221304
12.704261
5.967542
4.453511
5.930023
7.656713
4.622788
7.547646
7.470835
8.133722
7.904501
15.310573
6.334564
11.637740
5.264605
8.031685
15.865878
4.752980
4.721290
24.444731
7.992286
5.844530
7.052627
12.206146
7.451920
12.654299
9.828629
7.661134
5.817184
11.104156
9.724485
17.294849
6.244552
24.777227
8.428484
10.335329
12.596405
13.164315
6.116035
5.754046
3.255676
9.191738
7.034143
8.109054
10.035726
3.283610
9.909375
7.002858
10.954891
16.483220
13.006589
9.888047
6.200099
12.848685
8.035079
6.909172
10.528871
17.785331
6.989963
12.398142
5.657113
4.484048
5.494348
12.140147
7.002374
5.134748
9.774635
6.165925
3.949810
11.324178
9.702284
10.596697
12.693263
14.250894
5.263176
6.529409
8.779962
3.882045
3.260886
8.724674
9.861919
12.138702
7.250239
5.596467
18.338630
9.170708
7.770221
6.219762
8.657090
2.908647
3.387061
7.385945
12.411527
8.226002
8.483633
5.265886
4.493765
11.220144
5.031988
5.577779
10.327166
9.114631
6.630174
5.621756
6.068925
8.096902
4.323289
5.740598
8.661067
7.623496
7.769149
9.557722
6.570426
7.062468
3.519475
4.728799
4.835190
6.223327
5.861332
3.566066
6.209094
5.523305
4.197455
5.772614
7.853946
5.531419
3.669617
4.657761
6.212049
14.065145
5.582916
8.297693
4.996540
9.423589
6.487330
9.926059
17.476922
5.920376
9.488689
4.237990
7.773265
11.535669
5.599187
8.889066
3.311346
5.645603
9.106959
12.754439
7.891588
6.177991
3.957117
6.510199
6.603172
4.919851
11.014726
5.364941
9.741506
5.826262
8.122655
20.859044
9.836785
6.825772
4.602640
6.716229
7.621203
4.402919
1.949784
13.014078
4.687558
3.549418
5.400677
9.086305
7.683963
10.796948
8.296702
3.968276
3.114324
8.017010
7.941243
16.858703
18.837530
13.875054
4.723766
9.595183
5.899594
6.666277
6.816984
10.486950
3.933166
7.573007
10.066068
9.540131
8.840792
5.117532
4.956247
7.129945
7.414495
9.604590
9.053984
9.418401
3.092379
8.972319
12.255436
5.166949
7.461989
9.899338
13.169881
8.557618
9.760556
8.353650
7.184272
15.673731
10.367290
16.775964
26.251361
6.659196
9.082507
5.955896
10.923063
4.698621
3.084454
6.339486
8.350016
7.772771
3.838904
4.904386
19.077995
9.489695
9.364530
4.057871
6.553399
11.182141
9.250560
5.168587
4.088293
8.753461
7.306631
7.601720
6.741350
4.545133
11.235634
6.187780
10.472256
12.825189
8.135451
4.141562
13.814733
11.003227
6.696956
2.603659
6.287020
10.010159
4.619441
5.081920
14.775873
8.616400
10.128620
6.864973
9.304218
6.833140
16.683208
8.604516
14.196863
3.673205
4.288321
5.952513
8.262759
10.215086
4.496189
3.880649
5.717166
11.042271
8.601871
4.269696
5.163519
11.691088
13.531018
4.459427
3.502414
8.085578
6.825517
8.111843
16.848244
4.312077
3.951578
8.032811
3.675813
3.326106
8.824351
13.479252
3.933769
13.894415
7.253025
5.747594
8.384018
12.520297
10.327871
5.527600
7.014280
17.137726
4.406185
7.053557
10.609701
14.191980
2.476767
4.494627
3.067823
7.173441
6.792950
5.329860
10.598734
12.951989
7.209024
4.982636
10.019608
9.330583
15.281415
4.600638
14.017758
6.423503
15.114341
9.446703
7.408127
4.360299
8.590819
5.638393
4.927167
5.708360
8.707499
15.857126
7.650952
26.780845
8.624601
7.196286
12.052191
22.026520
5.384442
3.090596
9.485933
9.212771
11.862050
10.559445
4.359870
4.713492
8.950679
9.123304
4.327745
4.800875
10.023013
6.953546
8.616268
3.278247
7.992191
3.848128
5.652162
4.685244
7.801891
15.906638
6.074451
6.414908
6.968256
6.385752
5.458907
7.053849
5.963812
11.968928
6.145494
3.168325
14.914522
5.044561
6.293852
6.449613
12.226054
8.247691
3.244151
11.290355
10.802070
9.012246
13.287928
6.656973
5.576277
5.793904
5.876674
4.433638
13.249439
8.207037
6.654638
12.435976
4.461060
8.006122
6.643538
14.512516
8.960349
3.151731
6.621527
8.719759
7.462813
2.942184
4.341443
5.868947
2.700862
4.348995
6.942994
4.818220
6.000804
6.388876
5.776444
6.127231
10.013925
6.206541
12.136347
12.039428
4.901752
9.212838
4.816648
3.860571
5.856969
4.344036
4.238764
4.040416
14.012541
7.944184
4.716850
23.250904
11.782126
8.401451
5.921888
12.412641
4.846380
15.882485
6.977154
4.868301
11.506960
13.066563
5.212608
3.809094
5.674576
6.405022
11.194249
8.751045
5.938675
5.289055
6.034632
8.285155
18.058049
8.696419
7.724249
6.946950
4.893435
5.902844
2.833158
9.367214
6.355348
9.902023
3.565217
4.300445
14.581211
7.426834
6.671191
7.053779
7.809654
6.907905
4.561954
5.194102
13.352786
12.369785
20.069297
20.744807
4.862715
6.097198
5.676116
7.081127
9.629982
6.732855
11.806917
7.007847
5.931307
5.204863
6.278248
22.450169
3.024545
3.309970
9.256885
5.349317
8.320406
16.681224
5.816083
4.920209
3.713078
7.227131
11.720682
8.634919
12.876433
6.899458
5.409342
5.234179
10.239149
7.248761
19.525372
20.549625
7.283999
6.453428
6.046546
8.482097
6.197395
10.449121
7.657567
7.458703
5.072507
8.582038
10.268535
8.919537
7.181514
9.327037
3.004393
4.560745
4.739078
6.320971
10.382521
10.597448
9.157493
5.717669
17.257090
6.265020
9.311078
4.440442
8.100170
7.546763
8.916710
9.286946
5.557255
11.380989
12.429150
13.581529
10.519928
5.313816
21.217380
7.897985
5.602164
12.533142
7.289354
8.125434
15.269836
5.987676
11.123199
12.115007
4.976295
5.290329
4.855566
6.178401
11.537798
6.231091
6.683069
11.786823
5.013368
5.204119
7.507990
8.563115
5.903811
6.081918
11.585779
12.029887
17.770663
4.705805
13.863554
5.181281
10.575882
10.778152
6.348240
3.712073
10.018053
8.234615
7.725840
7.037381
3.274941
8.878485
12.580991
11.228815
8.681002
8.131871
5.527235
2.849646
5.526804
6.900963
7.956438
4.754702
7.696759
4.372981
3.782681
12.520171
9.907799
5.902501
5.673228
3.541063
7.493841
8.076405
4.721762
3.662162
7.651649
6.269119
4.761493
8.769117
6.042218
4.463386
5.823822
4.550646
16.043174
9.819313
7.585982
5.163398
7.896336
7.506979
6.550931
11.070480
6.010462
6.667659
3.902815
6.434244
7.778990
4.900305
8.682373
10.350641
3.749217
4.677630
5.893544
3.799828
3.986362
7.359843
22.591472
5.356197
5.216879
3.258026
13.510085
7.476428
5.208112
7.527673
11.514535
4.630985
5.650705
6.173947
17.799516
11.723010
9.520391
10.116097
4.302462
5.044720
4.379405
15.850098
6.196849
6.833080
2.801453
5.769062
4.550982
10.275281
5.491645
15.112796
9.194293
5.105064
5.887732
6.690955
4.472890
5.486772
8.751137
4.838282
4.958452
15.773007
3.895613
4.803364
4.490698
3.370673
9.272152
6.698568
7.287108
5.418652
14.760077
11.093166
10.554889
12.138456
12.346759
12.324996
14.430169
12.986667
20.775957
11.827251
4.725911
5.754680
21.465759
9.767570
11.694184
7.263080
5.649917
23.645093
10.387260
5.350962
3.677181
3.760054
6.796628
6.027035
3.443226
6.829821
4.289202
10.184507
13.155577
6.698287
3.228734
3.707802
19.628961
10.341813
7.507829
6.980987
11.020800
5.461866
4.584173
10.945421
3.853774
7.044923
4.291675
5.838157
12.928134
5.682133
7.268890
8.937105
8.821550
9.906322
5.181809
4.113241
6.699767
7.197553
9.097324
6.498961
7.193413
13.049240
8.910920
14.810241
7.794394
11.968685
8.023493
13.163523
11.695603
4.673442
4.684486
7.315095
13.428617
4.480873
3.826899
18.928396
7.671897
16.682551
3.261670
3.704164
8.611103
7.869647
9.573344
6.779166
11.212105
6.242775
8.571914
6.199238
12.042890
5.071902
7.752610
6.897191
6.057248
9.641258
15.207998
13.567832
10.547118
7.573556
3.528041
4.396430
10.839346
7.354202
10.979372
7.851161
29.207225
12.035211
5.028261
7.971183
22.894352
4.832773
3.489942
6.581191
12.686569
11.713207
6.178222
5.489225
6.064598
4.537048
9.924198
6.160038
6.021215
8.141211
4.602929
6.540963
5.306402
2.165227
14.063914
5.581700
4.532330
7.795930
6.637081
17.349092
13.278538
10.735262
8.315146
18.264771
10.021942
5.461640
4.084504
5.578006
4.122806
13.217192
8.263830
9.883245
4.038771
4.307241
4.474155
25.382890
11.119558
7.808877
5.945228
8.828227
6.000039
9.060525
4.643078
6.736588
10.091580
17.097258
3.896523
13.801371
10.222307
11.047469
3.589052
5.493132
7.496856
19.254986
8.321543
13.149204
7.928627
3.160771
12.053729
6.105785
10.212001
5.706269
9.107124
12.253618
4.442924
7.905941
10.341903
5.861226
14.421325
8.885063
7.068107
4.629872
10.997488
8.591502
6.777042
9.380022
5.507507
3.605830
5.102742
12.535550
9.046921
3.659944
5.015755
6.495849
5.623088
12.572203
7.098718
5.006740
5.866249
7.876176
5.107424
7.841207
12.366534
13.973570
7.537055
14.353042
6.902847
20.371406
3.180782
2.679994
5.378257
9.900466
10.480550
7.284341
5.093227
4.768278
6.085673
9.018063
8.822336
5.172217
20.840956
6.986549
10.266322
4.223685
4.170633
4.839632
4.319385
5.244344
8.244926
9.828134
9.719363
6.385353
8.753628
7.272095
8.503650
14.888217
14.644576
2.890574
10.629776
11.054915
8.414630
5.643046
14.243679
10.033863
18.452690
3.169048
6.322242
7.559279
4.644281
6.909516
7.117702
4.847824
7.208654
5.794113
5.084428
6.185824
5.564547
4.650927
13.020804
8.740969
11.036699
11.034064
5.164475
5.231685
8.520552
8.886431
7.432944
7.737869
6.750877
7.372479
6.254409
15.011538
6.603417
7.152126
8.308905
13.270701
9.160957
14.339702
11.267533
12.211513
11.824294
17.225015
10.378701
9.673651
7.132712
9.734313
6.800443
4.709927
4.235605
8.633499
7.922676
6.318502
7.123691
6.391177
6.293331
5.050333
4.338723
3.830445
4.759085
5.876287
7.753211
6.705062
10.442141
8.367216
3.108645
4.927424
6.443516
10.476510
4.799363
12.673707
12.373773
11.132248
7.038845
20.301115
2.945719
4.915115
8.395720
12.205387
6.378381
7.391182
6.798223
14.793871
10.903529
5.894255
10.968150
6.641428
7.517817
7.309047
3.418832
6.608410
6.728347
4.143878
6.415665
11.756477
7.456684
4.461551
4.151612
10.309571
4.031779
6.435555
3.762025
7.260698
14.157167
11.625672
7.613202
2.597955
3.817413
2.119428
3.759449
9.033965
8.331484
8.983520
8.209053
10.450186
5.690173
11.248271
5.778070
3.349712
11.070999
12.627066
10.535881
8.000264
4.396190
16.324098
6.627396
4.372755
2.466738
11.033854
6.532191
13.372179
3.134560
3.465929
7.182025
7.004244
5.219793
11.913175
17.559908
11.734142
10.866427
6.732048
7.711735
5.518660
12.026395
7.998377
5.093951
11.083120
13.494717
11.710013
6.857195
2.871308
5.756244
10.007294
6.343239
4.002419
11.483828
7.529319
3.364873
4.815092
2.687910
7.138299
11.259207
11.095508
6.647277
18.910584
7.373427
16.147277
7.863924
19.402576
4.740598
6.204403
6.787221
5.656232
8.925586
12.752741
5.301375
7.777523
5.355018
6.160051
9.959095
6.544735
8.210132
12.790196
7.562299
9.153946
4.873989
7.859885
12.691798
7.514272
10.721339
7.199333
9.345794
6.627499
3.328021
22.087546
9.270838
12.484941
4.861806
4.939574
7.172790
2.748090
6.131763
4.280625
3.355629
12.392752
6.021756
6.263106
16.762292
7.579369
6.625634
8.414032
6.228946
9.210057
8.792193
6.679359
5.419818
8.539321
12.219472
13.406254
17.386398
7.863604
9.352503
10.912089
9.009998
9.544076
4.766253
9.298436
7.959643
17.509197
6.775378
10.970966
5.931368
4.837085
15.496079
3.763824
5.347453
6.085609
6.811994
5.182943
7.088303
13.237619
7.095689
11.428572
4.848861
4.696172
8.783670
12.866963
7.600769
5.335150
8.078425
10.334482
8.870888
3.907245
17.482135
6.393831
8.041576
14.807894
3.769735
7.930328
6.439838
6.165497
3.805628
7.037651
5.566126
3.930969
5.314783
7.324100
6.232782
8.347239
10.994194
5.384975
17.480878
6.078686
7.718247
6.464992
6.215495
8.475099
10.822749
6.468084
6.070622
15.417867
5.888194
13.471814
8.626343
10.576772
14.943400
8.684500
13.267152
15.798727
5.964462
6.276308
8.983683
16.473327
9.156991
6.167383
9.380274
15.657051
5.530545
3.781771
6.505097
4.285788
10.031806
28.478309
14.910746
4.206948
5.015400
6.630615
5.288782
4.487331
8.965236
14.532556
15.299731
6.185115
12.325134
3.842776
2.826732
10.099386
6.222553
9.540094
8.117324
5.215883
10.406669
6.983006
3.160118
5.007104
6.080035
5.490638
8.865739
10.593452
11.780143
11.800750
5.896008
15.482542
4.633902
3.432864
23.289051
13.131993
5.973708
4.094512
4.239208
6.875785
6.695757
6.854648
5.408147
5.698775
6.332969
4.335696
4.731227
4.098652
6.305258
4.826805
11.109573
5.652062
6.986836
23.038301
6.709565
6.775904
10.052425
8.614721
10.306661
8.936684
7.149098
11.138647
6.348525
4.689102
12.134094
12.500509
8.257356
6.320601
4.900232
6.079325
12.634045
6.153025
2.440706
6.755367
5.152098
4.667948
7.169700
7.237569
12.625574
9.203582
5.163760
21.023394
8.799569
3.379111
4.214325
12.253012
12.965911
6.142796
12.665660
14.586491
11.514596
5.925972
9.238614
13.065238
6.921999
9.227971
3.663298
5.100269
8.727805
3.777268
6.906563
8.167496
4.346178
4.002513
10.972618
6.255151
6.101045
8.729633
7.541482
7.601674
4.058074
3.354387
6.087365
8.878931
9.175627
7.134502
12.285246
12.510843
6.578619
7.330743
4.293308
3.117410
8.060292
7.443852
3.758957
3.623921
6.260930
5.527001
7.859282
11.817116
6.515765
2.867509
4.193401
5.748699
15.627592
9.127522
9.225540
6.434428
7.667105
9.008613
11.158407
9.189466
15.621458
6.803509
15.279311
10.986557
6.769265
3.595614
10.434735
6.669639
4.687019
9.263432
9.938873
8.293786
16.078864
5.159704
16.656097
4.308078
3.489184
5.633344
14.862801
4.544939
3.835310
7.980845
11.320839
21.280312
9.044762
9.790078
6.980579
6.347714
8.452510
3.200886
8.389004
7.262462
7.470115
5.831906
6.879121
5.970458
5.380013
13.359189
6.591650
7.423628
9.014404
6.938049
8.604702
5.423506
7.320857
17.414395
8.866004
21.460080
16.066133
8.151798
5.993748
3.346341
4.152564
4.996533
3.954996
4.478073
5.702433
3.636992
4.606434
3.915038
8.255498
7.088918
8.347605
6.585658
9.774359
10.613393
8.563741
10.626182
11.005985
5.971970
5.253553
5.565247
16.068287
13.125271
8.620261
3.291657
3.044800
10.348255
11.930872
3.941283
3.378839
3.935534
3.833324
6.678470
12.276066
8.999813
8.311812
4.485259
7.191833
10.811809
5.602455
10.280242
6.032182
7.497154
16.398715
11.400745
4.485729
4.853935
3.845456
4.612981
11.408082
7.490271
6.964766
3.990754
9.131725
5.542634
8.429198
6.040267
5.832589
3.870881
7.265898
9.703442
2.986303
9.899827
5.771902
6.875241
10.083661
12.823841
10.398263
7.465123
14.079803
4.814751
4.526866
4.339551
6.434369
12.386231
3.089086
9.809443
6.669674
13.017003
6.567892
3.182987
9.025849
16.594520
11.455193
7.096803
8.195061
7.010603
10.194394
7.115096
5.285360
7.152062
21.198866
10.570537
12.395401
5.526331
7.169888
6.094458
6.253632
13.025632
4.035074
11.190401
8.650226
10.181015
7.361770
7.456785
7.022062
11.382061
5.717214
11.108144
9.160463
25.484329
14.255952
13.320802
4.109257
2.878178
7.914316
5.577852
8.129179
3.573610
6.715441
5.875887
6.195887
7.250838
21.486418
5.206083
5.729169
3.774971
6.745589
13.953283
8.639522
5.936318
5.174851
21.526540
6.704839
7.252364
8.013743
6.813240
13.998006
5.144498
7.893000
4.929728
4.185653
10.890848
7.219166
8.821141
4.628307
6.296870
3.257230
10.394588
4.155730
13.260051
5.035238
3.712752
4.920403
6.940370
7.008765
7.878579
12.756924
8.950080
6.629263
5.498980
16.563747
15.424696
6.750040
12.606826
9.686052
9.633617
9.383471
6.230053
8.024149
9.015030
8.691807
19.656271
3.977941
7.150853
11.583552
3.061421
3.298659
11.375043
6.514366
5.991734
2.829437
13.179095
6.608124
4.990167
3.603608
7.115114
5.841485
9.539750
4.206585
4.264594
4.287083
3.994579
21.368468
11.258085
14.340364
4.846920
2.591599
11.314469
7.765734
3.184981
2.742818
7.363819
10.787735
5.254744
7.279103
2.840166
5.362645
8.815070
7.066486
4.421574
17.015008
6.629469
10.241699
21.603670
3.807931
3.317801
7.580413
5.860708
8.357613
10.430607
8.023461
13.976804
6.618761
12.432783
8.454742
7.404927
2.975720
7.251500
4.735996
20.402530
11.668183
10.977493
10.054103
15.747543
8.233356
10.541668
10.353047
8.163208
3.899344
14.455762
5.468907
8.523037
6.103306
15.917793
8.839772
5.748311
8.722621
6.809805
11.505488
6.430457
9.321685
3.218968
4.204260
6.838246
8.610440
11.729342
6.270674
3.458253
6.698144
11.558996
4.245554
6.337775
8.528795
9.071973
4.297833
10.746533
5.064779
7.376529
5.360896
3.779683
5.440208
2.083618
3.766304
7.356845
4.911079
11.007397
10.325978
5.618611
5.529950
8.294838
9.205756
8.304417
10.825406
9.628539
11.775454
5.680334
16.713624
6.319101
3.991514
2.906979
7.049346
13.469299
10.326849
4.307309
22.748808
6.609757
5.856400
2.371035
9.046580
6.048255
4.585926
11.064132
7.479357
5.359422
7.392408
6.948262
4.892209
3.909013
5.616918
4.562307
6.472367
14.381366
14.152437
3.583523
7.481060
7.857407
19.166015
7.169772
8.386664
8.794545
14.569670
5.208228
2.450785
9.976278
5.283597
8.603066
11.090237
9.691006
13.387026
8.704476
14.058030
6.242066
9.834607
10.535359
7.179029
7.150683
5.537917
9.800711
3.605244
2.548259
5.171673
8.547960
11.126358
14.403867
13.841434
8.447169
5.746158
9.757931
6.835175
4.349077
5.160370
13.970456
8.235732
6.138814
4.721596
8.656942
5.477216
8.433270
7.503950
8.890182
9.732945
9.242260
13.594088
8.215113
4.702104
4.502703
6.399459
10.618911
11.163042
4.666324
10.110913
12.692786
2.813860
4.080904
6.460998
4.227208
8.376354
4.299130
6.160008
8.121181
7.075264
8.653387
9.669188
18.109334
6.589074
3.732434
3.093817
3.389117
7.513959
7.144594
6.661579
6.950528
4.791864
6.572432
14.681238
4.709514
3.384320
4.475885
5.844440
5.120061
21.273463
7.991863
10.938619
5.095650
2.979958
7.583915
5.699589
10.104615
8.210807
6.731997
6.525534
8.042252
5.138266
7.168285
7.516320
10.632590
5.611219
4.294891
6.388841
3.910975
14.265743
6.553017
10.593621
13.240521
6.224994
6.265225
12.572523
6.391204
4.332606
12.422753
16.125722
12.133393
7.178020
8.936725
14.849186
12.114485
13.308213
15.213174
5.693147
8.952761
4.103112
3.160817
5.704015
6.956984
6.217057
14.751063
6.369822
8.588787
10.570134
20.518288
6.093417
9.545380
7.323196
11.989655
8.195760
4.654648
4.819243
11.074772
5.261392
8.319911
13.093246
13.022613
6.910555
6.463956
8.133013
6.790014
5.098816
7.160199
6.695630
4.397794
8.051095
7.083206
4.919496
8.688549
10.484698
3.274368
2.284365
9.859183
8.629310
10.963190
6.463874
5.616683
15.604539
5.408171
13.023364
14.051076
5.251730
7.167583
9.889515
7.920231
3.762156
7.857045
7.395193
6.493337
11.777924
6.350519
6.550703
6.679132
5.478755
7.220093
6.195683
3.984991
3.855414
7.319651
5.019110
13.468906
6.382550
9.541860
7.136797
3.290048
6.610470
6.908323
6.824378
3.261863
5.011356
6.038356
5.017976
2.621657
3.941622
4.425693
7.061009
4.540313
6.605401
5.650813
4.417252
4.158341
13.154651
7.500166
5.796904
6.738812
12.460624
4.578630
6.561785
6.389927
21.278591
7.831226
13.685713
10.294611
12.615254
7.106053
12.726188
9.679584
8.267208
13.691622
4.949417
9.114817
9.778963
7.229645
7.094138
8.108241
6.623096
5.306747
12.639840
6.272000
5.237538
16.575336
6.834310
10.164112
6.587313
7.933735
10.124862
5.308528
6.781326
6.722142
6.712952
8.644385
6.412335
12.378028
15.712989
3.752243
2.961795
8.512515
7.100444
5.687209
7.522625
3.865558
7.799090
4.769262
10.939225
21.653792
4.565542
6.231644
17.561637
16.789475
9.293012
5.655695
10.177079
5.778680
5.769585
4.907339
5.056911
3.937722
8.735539
9.331967
8.199422
8.366778
9.777912
4.084217
6.124996
5.619369
4.762515
5.642123
4.947109
10.895441
7.379894
5.404615
6.118349
4.568341
7.793859
16.402488
8.302643
5.195902
3.758908
6.871722
6.825743
6.976158
14.610416
14.432196
5.187233
4.596269
11.750413
17.730326
9.314908
6.564251
4.311304
3.457922
10.759757
6.132679
5.212097
6.450568
10.951806
7.163043
8.808435
17.779443
4.907510
10.257645
6.054443
14.606665
4.295897
2.979030
9.312883
14.290078
19.353299
7.379791
12.677669
4.848987
12.913677
8.065722
7.030643
8.205393
5.134680
17.249811
10.110647
5.914698
6.509241
7.183623
9.491615
6.695738
7.154775
10.156601
6.272204
6.721549
4.993278
17.185607
5.220931
7.619907
8.985145
5.859121
6.819854
7.768641
5.457944
7.742849
7.466569
6.756248
18.425993
4.111453
4.182983
9.031952
6.793518
5.586509
6.583568
5.909983
8.047191
4.392398
8.004118
6.718832
5.372052
6.551793
13.761407
9.849644
7.705735
6.166748
3.323183
6.990113
7.535761
5.627274
5.407657
3.398147
10.028532
8.982935
9.620765
4.579737
22.277860
7.793011
4.609644
5.163865
14.898001
4.030915
3.958103
10.493463
8.006112
15.715268
9.843215
8.880236
5.994293
12.860908
4.563167
7.128058
11.463068
4.597615
6.847409
13.237466
6.933860
3.595015
9.285170
4.680542
11.085596
5.441149
4.540269
18.395706
5.800332
4.708953
4.234995
13.416236
12.129067
5.041349
7.856266
6.054834
5.068603
4.005949
15.334047
6.105433
6.462566
7.528617
3.136570
5.036335
7.143292
6.454810
10.186561
14.489960
7.561324
7.045181
6.600688
6.940962
11.019073
5.201520
7.026666
13.400070
7.248985
5.009416
9.702958
3.986366
3.458227
5.168100
5.612552
6.942250
9.615944
12.763325
12.226639
7.495895
8.643941
13.663812
5.679608
15.894675
10.861588
3.165437
4.142601
5.427088
7.293040
4.273100
12.936998
5.171288
7.306099
5.942359
3.196112
14.512301
4.980026
11.186799
7.708513
9.789020
12.852150
6.979447
3.707629
4.416138
7.709608
8.123691
7.162076
4.531693
7.697935
5.773492
5.192129
5.872074
16.925703
5.945685
6.150771
6.351188
7.137632
7.748181
5.141667
7.677064
5.436760
3.102298
11.764045
7.764274
2.334611
2.964049
14.699346
4.374398
15.468356
4.893522
4.279246
6.464003
6.184415
7.251569
6.908630
8.775493
13.253093
4.589883
3.289781
9.301028
3.433219
5.139279
9.025194
6.633882
13.398622
6.932432
9.632646
9.998658
11.415820
6.697469
17.206192
4.789199
4.172300
11.979161
7.853396
11.192628
16.188323
8.265413
6.442437
7.621028
2.941258
2.630209
3.224900
8.911788
13.405191
7.863171
5.207025
7.116713
6.019584
11.141732
3.751126
4.365182
3.006145
8.660518
10.092287
4.433129
6.708066
7.777207
7.773903
3.686678
7.699934
3.973261
5.489904
11.743518
7.175797
9.152157
3.574493
4.716811
8.092166
10.418106
12.423937
8.972857
11.100399
7.463570
7.678392
7.605251
5.476268
5.698424
13.424101
5.399231
3.878161
10.872459
13.882812
9.600530
6.386152
8.674152
9.686236
5.641305
13.429533
5.331682
5.050218
16.794530
5.309062
13.901441
8.048785
10.672387
5.474033
10.995286
24.984549
6.849104
7.870850
13.796651
6.219901
16.403303
8.336868
3.910511
5.439200
16.624409
18.324810
9.970923
5.216027
3.469797
7.603264
4.205262
14.336299
8.605361
4.926782
7.850881
4.123417
5.004794
12.778841
5.528101
12.457443
9.303121
7.750587
14.012100
12.158912
9.159993
6.419793
7.558754
9.614183
9.106643
4.746946
8.283353
4.810330
6.816955
6.835356
7.913626
8.318271
5.465151
7.921240
13.284091
6.116958
5.738547
8.081878
8.987121
2.885804
4.242478
10.962288
3.525546
8.080095
7.337639
9.896270
8.382643
8.728846
23.414049
8.190258
7.714805
4.949995
12.279647
4.705916
9.013665
10.858321
8.978774
7.340739
9.125567
5.836544
8.277511
5.582583
7.872632
4.742351
4.449817
9.022100
4.555446
7.399334
11.291729
8.234983
8.349785
8.406443
7.468295
5.911920
7.431348
4.542994
7.587615
9.655529
17.537424
5.877733
5.466259
6.458480
10.136068
5.439076
5.185769
3.380353
4.634890
6.797431
3.752998
6.264685
3.972922
4.629144
10.944798
13.169247
9.332467
8.678129
8.953973
13.847127
8.831108
8.424253
7.997609
6.600565
3.776010
23.299883
9.690548
8.105887
13.355234
7.651548
14.174079
17.934203
5.543851
5.628439
7.922420
11.650000
14.628576
16.237026
8.398355
9.371076
12.337141
5.118442
5.928353
7.260873
4.790814
6.291396
9.974829
23.520938
3.788737
8.600216
6.169237
4.664787
10.371047
15.978390
4.189455
3.919055
7.565616
13.238212
11.617097
6.608826
15.232267
15.170800
4.301454
13.022797
5.542290
4.515405
4.825200
10.365677
10.042219
14.979436
6.031719
5.911112
6.882252
7.166304
8.350659
7.890803
10.304636
6.657697
5.308761
14.577867
6.950171
6.091231
4.899621
8.094046
5.061913
8.224321
9.764399
14.948293
11.512356
13.789889
6.417127
6.435142
6.533549
8.360205
7.180117
11.362969
4.595907
6.128631
5.849032
4.222734
7.468064
7.418422
10.309279
6.554517
4.278316
5.921174
5.299427
7.122800
3.533537
3.638053
20.680539
5.636021
6.923810
11.149430
5.590937
4.448258
5.635256
8.130513
11.334209
5.060127
14.468860
9.965691
18.750907
5.531235
6.291469
16.938803
10.606711
13.836666
9.259637
6.412944
4.019637
6.382768
12.651373
13.093299
9.558390
9.113767
8.196308
3.904731
3.115960
8.121644
6.928965
4.528597
7.540734
3.020661
8.610246
11.842676
7.169932
9.264180
5.293501
10.621752
5.246598
8.865759
12.501734
5.740908
5.075718
9.737736
8.906004
3.010817
4.460331
8.923103
5.622454
5.094040
6.752421
5.143529
3.895746
5.873086
7.650493
9.208717
14.970639
6.943926
11.977052
5.125076
6.558933
6.684761
4.511971
7.105178
8.374089
15.953807
3.412460
3.701601
8.881217
8.798092
8.029514
13.011553
6.477108
5.053261
5.762701
5.891012
10.410641
6.526464
7.673986
7.172481
4.261882
5.262633
11.651407
15.011280
8.646092
7.336614
9.051140
5.917025
7.287378
7.234322
8.219897
28.392492
11.252767
5.874614
8.896743
5.081186
7.985288
7.718026
6.755629
6.414450
11.430342
3.878911
8.402550
8.330156
5.423651
3.522959
4.692538
4.494776
2.244488
11.364078
8.100517
8.786250
8.177585
14.350206
13.806070
8.708590
5.200263
8.380637
16.105670
9.965213
6.975504
6.314824
5.316492
3.076688
6.855732
12.414790
7.204519
7.584498
5.957084
6.066496
6.278620
5.421229
5.407380
5.202416
8.706006
6.661957
7.361948
18.665825
4.426181
2.810819
3.196784
3.705945
9.818890
8.847837
5.038231
3.344855
4.259787
6.953901
3.708125
6.659140
15.394369
3.620645
5.587216
4.164267
3.668627
6.119619
13.005185
6.432461
6.453923
14.815622
8.182208
7.984311
6.652328
6.187661
15.985799
10.435516
16.050400
4.382694
26.956452
8.089468
10.399149
18.355837
9.082801
8.190029
5.121773
3.716628
6.709905
7.036965
11.429356
9.343266
10.600079
17.382838
14.584816
6.291170
7.926413
3.915224
3.907778
25.923503
7.462893
8.974971
20.299573
4.721780
10.911307
24.594790
55.082523
5.435578
7.920635
10.291249
5.919683
3.733578
3.196369
12.778077
6.876194
16.987555
8.378432
11.095824
8.358159
6.546609
5.538110
4.256325
5.533504
14.065137
14.822763
12.797441
21.948822
4.494627
5.128341
5.781972
5.376978
4.860657
15.254854
4.592128
14.027764
9.188219
8.168441
2.839309
3.965897
6.768132
8.407067
27.561489
6.574922
2.804673
2.303243
9.719628
16.207628
6.519638
9.845356
12.126228
8.477728
5.353389
11.171786
3.285287
4.643717
7.992021
9.349017
10.235481
12.653124
4.281650
7.154065
6.300540
6.194802
7.900607
9.754586
6.585250
3.998952
5.501588
10.624688
10.466133
11.522405
11.479169
11.754876
8.428061
9.058953
15.423129
10.726084
14.695746
5.514388
6.888364
4.639868
6.232109
10.906887
12.831365
17.824700
8.891502
3.689209
5.405220
5.984847
6.918817
11.630515
7.092313
4.482581
10.633065
5.890201
4.109807
10.149092
3.915510
6.001761
14.035238
10.325114
8.550688
27.085682
15.229167
11.102163
4.314204
4.772235
5.076650
7.609903
15.012515
6.854000
6.612711
7.939815
4.753319
4.625329
9.597097
15.015638
14.241005
6.285404
4.488608
16.788241
8.192976
23.980082
10.477137
6.199344
6.797544
5.432333
4.844672
11.235133
13.799990
9.610994
8.156770
14.270382
5.962304
8.309594
11.387651
5.344993
3.410586
12.904742
7.712247
13.512170
12.358579
3.042898
5.131381
4.304491
16.979354
5.861383
6.572611
8.656948
10.419377
4.544530
4.260874
6.333006
12.338232
8.794731
6.114085
24.036857
6.814703
12.684888
15.779165
5.845590
10.191946
7.313981
11.717540
6.623569
18.085232
3.994354
12.880035
8.763882
10.809306
9.297635
6.176436
19.298519
10.254299
5.782846
8.993223
3.299925
5.736911
7.592168
3.842297
4.493161
5.936237
4.412120
8.147701
7.601486
5.105565
9.873802
8.065862
9.252833
10.031418
3.540564
5.410961
9.144882
4.938781
13.049182
10.286391
7.452215
7.127614
15.239896
4.311176
6.422874
10.294442
10.244184
15.393282
19.962658
13.940007
8.970472
10.655511
5.672754
7.991149
10.585683
4.814124
2.543698
5.519628
4.558288
21.191391
7.807534
8.222454
2.377267
11.384167
11.094286
10.287648
6.274899
3.259328
4.249807
8.850207
5.896770
4.380976
8.605226
3.480123
4.792779
12.798064
7.375995
5.135954
4.334354
8.401792
3.606439
4.697828
7.274875
13.178429
21.947410
10.197752
8.652403
6.601812
19.750305
8.416012
9.225337
9.183641
15.816406
3.648189
4.637865
7.099495
6.700863
5.472506
5.184948
5.073758
12.592122
5.414365
7.041642
3.385235
6.048624
8.696920
7.342718
9.071238
6.050371
6.297953
12.676637
7.789025
8.518288
8.582694
5.076715
3.206246
5.240626
8.853680
7.096450
5.960018
16.085773
5.187620
5.747910
4.724110
7.794258
4.553016
3.534573
8.057035
5.301606
6.436536
10.486898
5.755128
8.156874
6.478000
9.490401
4.757795
13.550063
22.162402
14.422013
8.451891
9.960965
10.391140
9.144091
7.982133
9.578946
10.925723
5.943719
5.876410
4.997720
8.770283
7.219779
7.717741
9.088248
13.944339
6.782939
5.053263
7.711182
7.794507
9.898691
9.522343
7.681545
5.215187
12.537012
6.824407
9.571157
7.392718
14.685711
5.953821
6.404271
8.071705
7.874611
9.397461
7.506651
4.016450
4.164612
18.043763
7.896327
6.339431
6.714740
4.034310
5.680180
5.116015
9.097859
4.891206
3.690705
13.399368
11.522510
10.868465
7.135685
4.595493
7.388243
17.343335
6.027092
5.541694
14.659375
4.637071
6.114624
4.382386
5.142268
15.667832
6.321898
16.830434
13.100799
3.703751
4.897073
11.998194
15.034670
11.848544
7.863980
10.152047
13.386959
6.528928
13.218020
9.271276
11.205497
4.404314
3.084339
9.750717
6.802157
9.093179
4.635659
13.048147
11.234319
23.287971
6.302706
6.488393
8.421557
10.765204
8.995501
6.285680
16.690409
5.673710
9.013226
17.597436
10.319440
8.866307
4.010102
6.478944
4.885331
7.027436
6.888166
7.379750
5.542616
8.453628
8.440920
7.541528
7.204069
4.773267
3.492153
7.298633
8.118014
8.367444
8.741254
10.876060
10.128857
6.697889
9.605593
6.868095
21.958245
5.917340
7.222767
8.335927
10.450697
8.084926
6.908255
5.541884
13.016474
11.215938
7.343331
3.395807
3.318996
3.730135
4.043165
5.665709
7.824113
4.422257
9.693870
19.816162
5.650701
8.093107
10.154758
4.127786
5.765667
6.574831
10.642987
6.858350
8.036861
7.556344
16.330457
10.628011
5.588070
12.779813
9.626123
3.312644
7.129891
6.285882
4.119535
3.440513
5.179906
4.379709
12.046466
7.744356
22.948032
5.648521
5.763036
3.854383
10.355660
7.044369
9.722117
18.840414
9.139918
7.355020
10.764177
9.261263
9.965477
7.473804
4.842628
14.750401
5.042532
6.402634
12.370183
6.111696
3.894698
5.092673
10.142910
14.534328
15.717851
23.749694
8.545828
5.860361
4.678518
13.144843
7.432786
5.414857
17.292210
12.565361
5.454408
13.102729
19.388799
7.623104
11.343972
3.956788
3.203326
11.223136
6.155417
4.131618
5.823002
5.511739
5.253111
14.207538
9.972195
6.193448
8.849195
4.293810
14.382962
3.628608
4.390513
7.466664
6.089100
15.348663
11.454894
4.429906
5.233572
2.756911
3.199691
7.496783
13.203703
7.649637
7.615553
10.108884
8.963808
5.542274
10.392973
10.194169
6.172274
9.415828
15.919957
5.803084
14.670998
10.710168
12.029448
6.776730
10.670113
10.682111
14.292640
9.043121
13.717519
4.941000
6.112022
8.759910
4.130274
6.089697
11.290735
5.505336
2.963213
3.264735
7.734718
14.253310
4.550555
6.819993
13.583631
6.305361
4.941873
10.935581
35.138634
6.416937
9.519883
9.721450
8.387256
5.038330
8.030723
3.713966
3.962334
11.646039
5.349498
9.199716
6.359260
8.171522
4.663114
9.359638
3.598379
6.667880
6.287572
8.437757
17.030694
11.867957
8.551619
6.795497
9.108448
7.130766
16.257445
8.393246
8.055106
3.642388
4.702636
17.042842
8.249461
4.008368
5.208676
18.679149
5.968140
19.736085
3.858695
5.129685
13.065428
6.632896
12.727170
18.436562
3.640956
3.748375
11.249305
5.599988
6.324108
7.912929
9.748648
7.425245
3.298423
4.431393
4.631612
6.042633
7.001154
6.962561
6.823872
2.898059
3.772059
4.793134
4.049061
6.833477
8.723997
5.199948
6.653664
6.452887
6.293066
11.673030
14.771564
11.544770
11.082926
2.677018
5.137044
8.311043
5.578188
13.580281
4.317005
3.763436
22.657104
7.373557
14.391170
9.371324
6.727016
7.396912
5.960152
3.394814
7.651126
3.055206
6.704884
17.154457
6.784127
7.835562
8.850229
7.092802
10.823845
10.898287
9.762701
11.302645
9.507632
15.137560
5.206892
8.095215
7.119711
6.624505
17.713675
5.481302
8.397899
6.525188
4.629063
3.478594
5.271539
4.469672
4.571348
3.696746
3.592858
9.849729
5.245397
5.084613
7.720680
5.270775
5.091560
3.945573
10.791601
9.165436
6.687393
11.146413
9.225802
8.390579
6.848153
4.316140
20.613101
10.246723
9.799982
3.310668
8.546208
3.962960
3.062384
26.304546
4.848096
3.150715
5.798572
5.653555
6.864371
6.928925
5.842309
7.583492
4.138691
3.359899
10.521367
7.817701
8.365542
8.524931
7.853967
7.321190
7.221204
5.832770
10.321319
13.032838
8.514835
11.040608
3.051842
8.079019
6.018219
4.629278
4.421967
2.698418
11.592456
6.716188
6.340066
3.608832
2.461445
12.587631
11.227717
5.808613
3.232948
5.275287
4.042692
6.266722
6.780265
7.106526
5.629404
13.897622
5.820279
10.390809
16.422377
8.647321
7.439331
4.354966
7.698314
6.858437
8.610068
12.537069
6.510261
6.390778
16.731540
4.987952
6.764763
7.210601
8.434453
6.695945
5.469301
5.707295
6.973237
11.740913
6.867178
18.607657
9.493471
7.335760
11.033292
7.377748
6.086277
4.440568
10.213702
9.933805
10.906649
18.083946
8.184617
6.498636
5.243205
11.175564
10.214925
8.004892
10.778282
10.338629
12.038836
7.060059
7.699286
13.301977
3.754829
10.135384
5.673691
13.753137
11.308388
15.577205
4.683077
7.403027
3.390886
4.841884
4.648745
7.591217
3.609679
3.816110
9.643148
9.597224
3.713302
9.805156
2.868512
7.804107
10.777496
5.666273
4.752894
4.224334
4.132581
7.666914
9.410456
3.853428
6.940355
6.503098
17.580543
5.522372
8.437023
7.684748
12.512974
5.796532
5.477156
7.117783
6.012760
11.537505
8.835654
7.078190
9.441019
9.217292
8.746371
5.573302
7.070135
16.897601
8.573757
11.933073
22.270159
5.559936
4.674647
4.863554
2.927163
17.817083
9.911017
4.428668
3.760072
5.425831
11.081829
7.143210
5.125416
7.153236
6.750193
4.250174
7.772806
13.971269
4.055135
3.820596
5.432746
16.544120
6.152273
8.221032
10.410127
14.813783
6.024385
8.262505
7.003752
20.506935
12.742367
7.980731
10.638731
7.034172
6.244340
3.701163
11.686222
15.554128
3.069898
4.602721
3.587106
4.738787
15.306030
9.234996
8.245261
4.079027
17.264510
5.303648
5.580856
7.696211
12.841188
7.268767
21.167628
4.920269
5.113511
7.668649
8.823274
9.674814
11.005306
6.784140
5.527927
5.994773
8.921542
38.380829
13.296165
7.314981
6.767677
6.717816
10.619283
4.293562
8.251135
8.448525
7.812428
15.988927
5.626560
4.031428
5.530708
9.096659
8.728048
20.562462
14.490102
7.640548
4.740032
3.962300
5.474825
9.314339
4.106956
9.214279
10.006530
9.594617
6.672719
11.118813
5.598743
4.032038
8.669011
5.239688
4.749879
10.528856
7.641052
10.682799
8.526042
3.554609
5.517032
5.930665
8.193970
4.340723
11.921666
13.351497
6.803223
10.919226
9.224694
5.707795
9.575459
4.875688
4.425564
8.085985
5.395344
4.888196
6.722225
5.660064
4.981680
4.400607
10.587704
3.499950
4.813958
11.046775
7.823030
5.708804
8.714203
7.217631
13.608939
10.221492
6.386021
12.061430
10.975879
10.904367
10.769834
11.887789
8.367804
7.169738
7.795320
9.375997
10.636985
14.165509
4.704443
6.888319
4.157981
8.858423
8.169734
5.128073
7.101869
2.518948
3.988448
10.612812
7.209359
4.647516
5.160640
5.945152
3.989852
10.071763
10.063799
10.946469
4.963125
10.619624
8.785357
3.470144
4.934582
5.733333
5.695492
5.460829
9.948258
9.796129
9.444558
6.878409
7.443817
8.873301
5.852788
11.595645
5.980253
9.356932
7.805614
11.738754
9.782147
14.975912
8.810031
5.654278
8.183083
11.485548
11.020155
12.854852
5.082103
6.613677
11.712999
9.808022
8.105811
8.144915
5.391998
8.995904
9.374051
12.185766
7.011584
7.196210
13.182253
11.023867
11.518896
6.117328
7.083323
7.148382
5.783235
3.810980
8.193142
9.237759
49.266411
5.283507
4.665074
8.766664
8.646043
6.544545
4.039100
7.048027
13.761260
11.545764
7.799957
4.922121
8.267310
7.966230
5.882478
2.964782
5.890556
11.388419
4.465687
12.189458
8.634387
4.669431
6.134724
15.953475
9.551527
8.501948
5.011227
11.547071
5.381308
3.868859
7.991210
5.054137
4.361137
6.313624
4.633038
6.110132
4.584200
3.263558
5.678433
5.911400
6.661088
6.721783
6.198361
6.236897
8.045644
3.470591
4.197791
5.083532
7.352372
24.517454
8.464271
13.211268
12.912397
5.270199
5.351467
7.941637
6.896410
6.988255
14.922257
5.813368
9.384423
6.191882
7.820870
4.344026
6.322547
7.505695
6.332998
10.683664
6.532713
5.405672
3.496357
10.553043
6.274964
14.979414
5.809380
4.435068
13.517706
12.618970
19.756857
14.222509
9.856367
6.374018
5.684237
11.702645
6.486187
6.552548
23.725597
8.381569
10.986362
8.165830
4.049356
5.309416
14.802500
5.409168
4.194282
10.327735
5.535692
8.327732
8.341347
11.130160
4.099278
5.119564
10.809845
7.730483
5.278152
5.755402
7.102261
4.946961
15.985288
5.929083
4.417558
17.529070
15.508939
4.493857
6.346139
7.965119
5.492463
8.595778
2.827116
18.461717
4.152076
5.401463
7.218824
4.561284
13.825580
4.822150
6.447459
10.764609
4.834513
4.742272
5.644881
3.204643
7.936964
21.530676
7.434993
6.945723
13.545333
13.513129
9.319230
10.331642
6.856846
3.168878
18.073950
7.325017
7.550176
7.705673
6.497552
5.612281
9.759554
8.560701
12.201342
13.148838
2.982240
6.018271
12.287178
7.402587
7.685863
4.984518
10.092605
5.582912
4.342173
2.770668
8.675720
10.708662
9.516377
7.076319
6.542071
3.839031
9.898264
9.426241
5.888382
5.676147
8.951147
5.921296
8.423597
6.153677
7.628401
5.176267
5.524510
4.656732
9.849645
6.340861
8.702759
14.720212
11.974987
7.255497
5.208898
6.350450
6.606840
6.972191
4.585966
3.164812
15.263697
5.377464
19.820926
18.023567
4.534405
10.429709
14.832234
11.701733
5.045202
8.185187
7.429366
5.096610
4.568657
10.439080
7.849786
9.793280
6.061718
5.577419
18.646926
4.179131
4.436295
4.312255
6.608972
4.581837
23.944598
8.155377
12.456000
11.684930
5.623459
17.020831
10.145027
13.265423
7.249232
8.988141
4.566856
3.488772
8.891000
3.977939
6.953852
5.808229
4.006513
7.412899
4.146737
4.681982
7.661001
5.622082
8.313865
8.623585
6.824737
15.394345
5.948459
5.220312
6.836882
12.407208
4.760712
12.056332
11.485255
8.118015
4.209195
6.260290
6.166870
5.087343
8.781972
4.733417
20.270017
6.460803
19.099206
6.692880
7.863641
8.072661
7.968832
5.239976
5.702640
4.498028
9.699212
3.711934
6.944071
10.136813
11.289607
8.925189
8.633301
10.954871
6.688915
9.539089
3.933849
3.416108
3.539242
4.619650
13.506749
13.089836
11.837855
5.766411
7.318607
8.952559
12.641814
8.651707
7.720956
7.151257
6.044127
7.084135
5.590854
13.203689
10.082005
4.918943
9.379316
10.806396
4.349701
10.753311
5.377029
5.499980
14.631790
6.374321
4.467002
7.653440
8.421353
7.924846
17.109978
16.706620
9.657000
6.987780
7.142524
5.003090
7.930337
3.447016
7.665014
18.334009
6.563666
16.090174
5.087929
5.393332
14.630802
6.673163
7.570535
17.804484
7.681163
6.849633
4.121816
11.839136
6.601587
11.598326
6.602453
8.855850
16.589857
5.374835
6.468867
11.154568
29.902251
13.314538
6.250332
5.669962
5.289214
5.129030
4.148947
8.606626
4.683119
6.771972
7.938725
7.316325
11.198687
5.005855
8.639735
6.578430
6.555568
7.770523
11.319224
5.890000
8.645116
7.440006
7.736053
13.819348
6.214063
13.360384
12.537593
6.448017
8.336450
12.972591
3.519475
3.190655
4.967312
9.429636
5.680469
6.778750
6.175313
5.101668
14.898269
7.692947
4.894798
7.325823
11.141832
6.457671
3.751927
5.588830
6.304684
6.155072
4.914563
5.620927
4.976951
10.063339
7.311022
7.293498
12.238000
12.957343
12.103158
12.370556
6.041132
4.219885
6.971315
5.182164
7.081773
8.727095
7.622278
20.946781
12.245514
7.280137
14.814860
9.704125
5.403445
14.918527
7.573404
14.097819
4.619213
3.580575
15.786698
11.508847
3.041297
4.477448
10.511636
5.399603
6.634790
3.948742
3.456488
5.188544
5.632906
8.568813
7.396798
10.830676
4.574974
10.607702
6.880760
7.984635
7.216919
6.674448
11.617081
5.925541
4.314834
17.452893
9.812224
4.164106
7.240132
12.457769
8.554214
10.376066
4.343892
15.898736
5.816058
5.122681
23.673352
14.163710
8.429647
15.587275
6.677880
12.055799
8.633656
6.770709
4.084357
9.595883
6.545932
5.859560
7.724571
7.264482
7.318552
5.003551
3.266387
4.628770
2.663854
7.555929
4.336078
3.681548
2.792007
4.777717
23.512636
16.304121
9.061355
8.023729
15.624601
4.729633
4.977260
3.026459
2.494352
4.979593
3.183765
10.603008
28.082356
7.269981
9.367568
4.570949
4.878106
6.203227
3.670843
4.947750
5.195963
7.275457
12.699591
9.153134
3.547667
6.733986
4.483879
4.534586
5.842186
10.309028
7.336885
6.131051
13.370361
5.424252
10.374288
5.880103
12.480428
8.250114
7.418144
5.109691
3.320309
6.799138
10.107818
4.321306
7.808410
9.451179
10.308082
22.411273
2.706814
6.193374
3.354978
11.310417
8.871900
8.293583
6.510341
8.739997
10.848349
7.019712
8.172754
4.983890
4.314888
3.617947
5.120598
11.246107
6.917652
9.584045
5.774607
7.349058
5.800729
7.897561
5.052727
7.922776
6.241309
17.261670
11.277035
9.231155
5.525564
5.578768
9.598593
4.625860
5.333170
12.510950
8.099715
3.980510
7.546961
10.717456
9.198173
5.267209
7.098682
8.192821
4.096543
8.231221
6.804603
6.001404
5.615243
17.709033
7.169706
4.576182
19.895528
7.553784
7.697651
8.246280
7.619898
5.020229
8.487087
11.539903
15.499496
2.473581
5.397537
10.358786
4.893752
9.643948
4.181274
10.087483
13.180210
5.566448
14.252325
6.804886
8.733300
9.359518
4.819763
3.955329
5.853482
16.233322
19.567921
7.333392
7.545449
8.781908
8.658635
6.879456
6.763814
5.883729
3.683823
12.403576
16.779869
9.982602
9.083719
5.214004
22.901106
6.869458
12.250323
7.211718
4.781237
4.831023
8.070241
17.110348
7.006775
9.785518
3.761250
10.934916
8.645129
8.756896
6.092216
10.032873
7.310870
11.698150
7.593832
8.232864
14.986762
13.285856
7.664670
5.100031
5.672996
5.700197
4.118489
7.187712
16.067823
9.883982
6.432314
5.483958
6.546333
11.846074
20.528877
6.821666
11.453857
4.749304
4.483376
4.822108
4.599890
5.019576
6.706769
4.279228
4.036768
7.691441
15.635114
11.745274
5.045242
2.368556
5.106039
10.045333
7.612916
5.418123
4.367836
3.971372
12.264696
10.873828
5.006602
3.657694
11.390652
8.454831
5.937049
10.697142
4.606344
5.169752
9.682219
16.284314
4.958517
6.863218
13.056989
15.081072
4.954110
4.846673
4.659739
4.388693
3.777418
4.003722
5.250541
11.764316
5.977643
20.027418
9.057099
4.637830
34.544099
4.586813
6.043254
10.386326
8.435572
2.516124
12.175131
5.803714
7.383075
13.020687
6.309715
5.586275
3.006295
4.861756
5.104951
4.655000
13.093180
10.208881
4.463839
6.859061
8.327698
4.841700
9.175455
8.920527
7.160130
20.728128
7.819021
10.362688
7.960343
4.600837
5.298694
16.312680
10.111029
6.414112
6.812273
10.465440
6.396181
5.508172
2.729766
5.134014
6.137488
4.997750
13.046129
10.131882
16.242425
14.980799
8.282561
4.154751
8.819734
3.910118
13.874152
11.358749
6.765529
12.174362
12.975033
8.170653
5.823447
7.539729
7.172768
8.517393
6.509919
5.169915
6.137012
7.869813
15.545821
7.288310
24.240942
5.508660
15.981105
6.918099
5.204815
4.678914
8.734691
7.235928
4.760045
3.557802
8.843813
12.384294
11.431439
8.261175
7.226327
9.597321
9.705657
10.912848
9.157261
6.311780
6.710114
10.565255
12.153891
8.297790
5.495073
5.673326
8.757166
8.793061
7.691261
7.522353
12.579635
11.934829
11.453218
5.092752
6.203214
15.053317
11.815517
6.816670
10.324659
5.862309
10.172049
5.077036
9.819767
10.807685
11.386755
7.262855
4.323961
3.534261
6.628352
11.219283
17.280817
7.327844
7.797712
4.420728
9.788878
10.245449
5.340169
7.043202
9.301353
3.117755
11.044806
11.229550
5.311243
6.917878
11.136436
2.823708
4.834681
14.935665
6.784439
5.322911
4.793709
8.743055
9.160394
10.522505
4.003971
8.589612
10.305297
7.186951
4.402535
6.514018
11.737384
6.643752
4.622466
4.032660
3.039931
3.577642
6.329999
5.814340
5.400048
8.464915
8.609156
7.349576
5.221164
2.231306
4.404222
4.615734
6.308171
9.283338
3.725124
5.305545
8.973216
6.940351
7.011426
6.399188
5.052252
7.379173
11.034303
7.143811
7.317244
12.276080
4.745083
4.762923
5.596872
5.230429
4.639237
7.059335
7.351951
6.328848
4.299163
6.230191
7.804812
6.176164
8.350362
4.939364
9.435976
7.800416
3.863778
3.083805
8.439336
4.858522
9.795545
16.497165
9.152042
10.473069
5.741231
5.065950
5.252792
8.342366
9.136186
16.949446
6.390787
10.180972
8.258755
8.397926
13.648688
4.703526
14.664264
9.610544
4.307675
20.298283
15.306227
11.250311
16.921424
9.705535
7.614437
7.850492
8.449466
7.010322
6.201902
3.556288
5.556715
20.600267
11.956118
5.839459
5.754859
5.710816
7.941335
6.754572
6.530120
7.163141
4.273074
4.498038
7.754888
6.815743
9.100095
6.710984
2.946331
4.040839
5.266744
3.155528
3.793027
6.705750
16.274001
4.958447
5.050887
7.349168
16.356664
5.070822
15.384441
3.289995
4.374128
2.693321
3.704193
5.516892
13.449315
6.890279
8.818298
8.899173
7.478412
4.717463
9.922691
7.939595
8.375288
3.914680
9.414647
7.857488
5.274680
3.973500
6.873385
7.160799
5.934864
5.152787
5.207267
3.342569
5.785387
4.824889
7.674114
11.776954
8.394159
4.751267
6.431375
10.526131
11.874931
6.515635
3.348905
10.317080
4.534440
8.560637
11.049603
11.666465
5.835541
9.573547
8.338350
17.313674
7.135754
8.436545
9.241253
6.938770
7.422761
6.459196
11.113264
2.930088
5.135323
5.684287
10.057524
11.079991
3.983537
4.866445
13.838307
11.913314
8.562894
7.787989
9.046091
13.614406
22.081961
7.442051
8.905902
5.178732
7.710185
17.093799
10.205892
4.096849
3.108206
11.078599
3.228301
3.559837
4.459170
3.418234
11.078616
10.113152
7.096109
10.941426
14.695358
12.410446
4.207973
16.935809
4.236309
6.138613
5.323027
4.481087
6.342967
3.252006
4.611736
10.236772
6.261058
7.734005
13.939738
11.482347
9.369948
17.329626
10.188528
11.429633
11.103305
7.962063
10.750261
6.987334
6.259157
13.116508
23.541153
7.286441
12.999021
9.170596
15.107667
5.329200
8.688084
7.650898
5.406241
12.691980
4.930394
17.093016
5.686325
4.652989
19.190942
6.325083
9.034386
6.482804
12.971537
13.785862
7.559647
17.501861
8.659105
21.652813
8.881228
26.160271
9.747408
10.692357
7.723322
25.093215
8.038695
17.589706
10.653566
16.602501
7.858937
13.054080
18.492838
8.439496
11.170951
6.674470
8.395081
11.528118
7.418708
12.207494
13.756003
8.857194
11.376888
10.834367
9.818444
13.138329
7.963587
9.866872
8.978552
19.966446
8.575842
6.815247
13.852317
6.705673
9.989909
10.007980
16.454992
5.153535
16.435468
11.514321
9.760452
9.023174
11.071474
6.768651
29.338827
9.920136
6.372597
12.453690
10.786002
9.094813
7.472473
15.333408
11.140434
11.579104
5.685711
10.442663
13.495418
9.749774
7.956795
6.445069
7.789305
8.024894
6.140575
12.447919
10.075679
13.002751
21.702131
7.131194
23.813950
10.933579
4.472917
10.147558
10.819968
4.288019
25.093575
9.533918
17.967782
8.176783
9.821255
11.043687
17.950364
8.307858
4.474535
11.935247
9.909914
13.959917
7.849457
19.986082
8.851637
12.098314
12.490149
10.468789
13.890894
14.653993
15.666335
5.988490
8.337643
11.827017
7.766692
13.770071
12.166091
13.228676
9.688539
20.874028
6.437890
7.875545
11.741209
8.666863
17.268802
6.292622
12.095275
11.767399
16.412097
8.969817
8.557494
7.363160
10.717226
9.413254
21.301461
8.983470
17.204167
18.656713
21.394113
32.364432
9.858722
17.775474
8.947840
7.148405
13.931332
15.535353
15.844795
8.355571
7.750229
6.769804
5.177618
12.811913
9.086262
6.621604
11.386326
9.690026
9.867848
11.259113
10.856276
12.756265
9.153122
6.016235
15.205046
11.321735
14.569856
10.778828
16.405523
8.070931
10.826504
9.694924
6.361511
9.811626
16.337816
6.721996
12.542370
7.073453
4.372529
15.321437
4.750072
9.701043
11.657515
16.911845
11.892420
30.200171
6.461951
6.976035
14.983440
7.464540
7.639554
10.248289
9.477067
8.949099
8.899008
15.713134
17.075831
8.924576
16.052256
9.485125
10.833399
6.102427
7.914684
4.325888
7.365942
6.749108
6.298285
16.759239
13.908380
7.224037
5.558598
18.091466
17.462179
12.421701
8.128489
8.712697
5.186445
10.752843
10.345221
13.820286
8.746391
10.547720
5.785147
5.943765
6.975376
10.277187
12.307394
9.196477
5.410619
13.622053
10.179609
21.666136
7.425138
7.031284
11.246421
12.460167
17.201729
7.986567
12.303331
9.203766
3.762125
6.608164
9.337701
8.060459
7.702591
9.955887
6.751844
7.719949
7.627362
23.125356
15.558717
6.504886
14.060218
9.326375
10.562392
7.159076
8.527811
7.656341
10.405265
9.532056
16.801542
10.090984
11.622631
18.511453
6.184660
11.271647
11.198288
19.938761
10.505130
9.637974
11.249684
13.126875
6.226448
10.999748
6.814972
4.514764
10.408232
11.170109
6.642174
21.249427
6.578165
9.936369
8.274327
11.099601
7.179137
10.185079
7.107772
13.912493
8.754936
7.362563
7.843760
5.905732
27.410462
8.360828
5.954718
12.311278
10.282412
10.816167
17.928990
7.656735
8.774370
7.117157
7.577149
7.764242
6.993748
6.760272
20.246694
9.987553
13.206313
8.778027
11.050403
17.382762
7.385042
16.345620
30.067509
3.650281
16.079710
9.530750
9.684820
14.681917
7.646995
8.021783
8.414731
7.155790
6.279643
9.551466
8.892532
8.022196
16.129563
9.032727
9.894806
6.767780
7.627340
15.220508
10.528533
9.961662
14.366794
6.858751
8.598573
8.462562
10.929695
6.081091
9.665587
9.321753
23.734133
10.860262
8.365449
15.839144
6.883777
6.115323
12.927566
20.215082
10.134074
8.819420
10.304807
10.142670
20.057718
13.089850
7.762486
5.873905
8.703835
16.363655
7.225569
4.680190
8.059347
9.222636
7.591740
23.553086
15.092045
8.025064
14.620833
16.442042
8.624296
8.604598
7.776228
15.932841
10.290511
10.023126
11.476603
9.618173
20.965739
8.966851
7.416279
9.869703
8.117080
4.394879
9.092125
6.816928
20.932117
11.163807
11.627030
8.519395
7.426393
6.111651
10.894775
5.011792
5.129866
7.368578
8.275027
10.999993
9.644021
5.645494
7.684156
5.836017
6.723354
8.058639
7.994350
18.535055
12.227447
13.981240
11.026124
7.764705
20.890667
10.117682
10.260133
16.376048
7.269924
16.620436
13.693648
7.540069
6.477891
13.876580
6.175514
9.106214
9.109057
8.891403
18.086538
9.380968
8.573297
13.857134
11.918759
5.042775
17.914642
9.825220
12.896803
7.293958
11.056750
7.389867
10.008886
14.087222
17.519535
15.055664
14.284286
9.963298
13.094292
14.800424
5.772187
8.764442
10.121153
10.310817
8.352999
6.733673
9.855973
8.598073
11.920745
5.689317
10.081756
8.957083
4.918023
17.421663
8.408601
15.130336
23.549140
18.863111
8.783105
11.012449
14.908377
13.828096
16.759593
11.956700
13.536443
9.566458
5.679785
15.244173
11.457795
5.733274
12.154221
13.245467
13.860613
6.121973
10.201357
4.430111
17.669192
9.215371
8.803578
7.740525
16.468545
11.182957
9.910588
13.920319
10.079817
11.874738
15.335402
5.475355
10.636817
13.187999
21.719916
24.455647
5.319726
7.125446
20.818154
17.866423
7.494183
4.574675
6.289659
10.935809
9.087999
17.562472
11.926671
7.553898
6.867203
9.041837
14.795745
8.139618
7.570554
11.625781
15.053800
16.077252
6.522006
5.243878
8.752278
12.684256
12.628369
13.783233
9.148976
15.787808
20.698187
9.191212
15.715690
7.272587
9.103079
6.125165
9.423414
4.584874
6.813633
12.129254
5.408842
11.006144
8.195423
11.656439
4.994353
8.775874
8.672710
17.234581
12.464005
7.839464
6.705574
20.825288
10.390683
13.540322
9.003221
9.289696
17.161409
11.119317
7.048739
11.864811
13.323820
21.049814
10.199454
11.808071
10.741819
17.133926
11.618777
11.921015
7.445066
9.474747
3.977784
5.787932
9.213741
7.664598
9.841380
6.545171
15.834201
10.469028
7.560157
7.891585
11.095994
11.711013
8.697709
9.017018
15.572462
8.319378
3.871026
14.797668
7.824362
6.363446
6.557889
13.476458
9.493789
18.942266
19.936419
12.734585
15.111923
9.299958
8.874887
7.031981
13.821156
6.186324
8.302966
8.565363
6.713963
21.893122
15.473383
9.571371
10.693250
12.420651
5.698776
7.055148
7.374686
17.913310
9.900432
8.922251
12.223825
11.796631
6.693716
5.550574
7.033933
4.601432
10.332145
12.328424
6.772989
7.794940
10.124327
7.877416
14.879718
9.142197
11.238464
8.413712
6.134526
6.336206
7.604221
9.924642
7.720262
8.787080
9.993469
9.346845
10.526335
8.574172
10.154535
7.104071
3.972224
10.890084
9.723480
7.251054
7.749975
16.774641
13.016668
8.667599
10.865105
12.257926
8.848695
22.029494
9.773329
14.015259
9.021062
15.138613
16.422414
7.609168
8.753298
5.530062
10.678297
12.235992
8.388018
13.140240
12.393270
6.105825
9.214336
7.579910
7.389720
13.787833
6.838110
10.096432
20.175647
15.597844
7.816052
7.834262
11.734800
7.919421
8.635593
11.418652
4.259466
18.772214
19.925254
9.469883
23.523064
15.505690
10.073318
18.995159
10.893422
13.114351
11.625671
12.725413
19.984351
13.281141
6.124920
8.016976
19.059523
14.258268
12.930744
10.187582
9.023208
5.294994
11.860910
6.020377
14.316163
23.043414
10.654848
21.753937
10.364600
11.951664
11.352190
6.356362
6.029382
8.947651
17.214011
12.174177
10.460217
9.051787
9.124272
20.123313
11.796165
11.370336
10.571681
11.063854
18.523215
8.545146
11.308152
6.271295
7.935235
7.114371
12.943551
18.717354
20.934670
10.322282
6.799846
11.879853
8.938667
4.729765
9.525853
12.155708
11.104642
11.271486
5.796410
6.663075
10.925124
19.754149
11.413857
7.557383
11.868286
5.474222
7.204701
13.169973
8.298913
8.452438
6.680789
10.724040
7.172062
16.811017
10.727542
13.121122
6.544389
18.747595
13.500986
11.244373
6.489834
8.907485
10.942771
6.620642
8.694777
7.951482
7.238330
26.507670
15.202042
12.573468
8.994884
5.158710
8.940961
7.361890
13.682229
8.391734
9.270590
6.640874
13.544028
7.096927
17.040003
6.671635
13.614090
8.520022
13.105285
16.021433
7.551107
8.861289
4.289601
5.738193
6.264089
19.938000
10.491104
10.031633
12.459686
9.831260
7.730017
6.971417
3.739135
20.093471
17.060907
6.559177
6.378706
9.450970
9.166175
6.928407
10.466471
8.888288
10.840257
8.121785
18.550359
6.526442
12.886368
7.159195
21.511334
10.992492
8.320128
10.987698
6.616820
5.639989
9.650100
4.162245
8.652733
12.773324
11.072258
13.487612
9.941560
6.430733
6.158875
7.053977
14.127423
6.052825
6.541268
10.071957
8.924908
12.574117
7.403140
7.462168
9.389422
11.804157
9.904637
8.296378
12.834049
13.238822
7.102289
6.552370
6.553509
7.254402
10.807699
8.989076
7.192809
9.767507
20.813782
9.376165
7.374358
8.216483
4.304832
18.001835
10.776866
18.525049
6.356556
7.450732
7.655830
9.009033
10.749703
10.197929
11.577416
9.779207
10.812878
8.404043
16.538039
7.559806
16.698296
7.721836
6.529392
18.409814
9.333131
7.833412
15.731084
5.212706
7.759652
19.126399
12.711229
7.616951
12.273185
7.609258
11.467127
8.812426
4.002152
15.909971
17.003535
9.017979
12.765182
12.628049
13.714209
14.702924
7.436386
8.839254
14.246436
8.880453
9.085640
12.618862
14.134511
11.329097
9.134089
11.641893
7.082237
12.189591
13.562019
12.325028
12.018327
5.130438
7.826883
9.129420
7.556748
7.811334
22.126561
6.175320
8.122281
7.828291
7.760626
5.006274
13.661154
8.426148
9.867415
10.440932
11.300714
11.612736
15.119465
11.329592
13.149669
12.331743
16.136485
8.027797
19.512827
7.175240
13.916642
7.982032
8.752608
20.719105
12.757906
7.436124
11.050735
8.504900
13.410007
9.446920
6.988519
18.463659
8.378870
22.584051
8.955743
7.224933
8.499630
6.406979
8.300112
5.029094
13.542816
6.819247
12.677006
13.232624
9.165253
10.923190
10.553099
13.557397
13.806131
15.850075
12.457264
6.885193
17.160989
12.765501
9.258539
14.609986
14.501620
8.790963
13.773383
9.465741
11.649778
9.792717
6.875992
14.541877
15.649399
7.982180
9.253412
7.645719
10.195469
17.648037
5.397679
6.267965
17.160673
12.651033
25.157385
6.247317
6.771920
11.113844
7.943625
5.494652
11.701311
7.759761
20.988352
5.927286
10.899438
16.068976
14.138261
11.423784
12.775988
5.276202
12.087664
13.549182
12.837175
17.884172
18.005928
7.202241
6.442213
14.183351
23.513387
7.181607
10.708968
7.209104
7.124044
12.377730
4.736176
11.181310
13.580224
9.127371
8.828440
13.513616
6.803777
10.870949
9.126645
19.093040
6.763067
5.980216
11.027064
10.594234
4.545498
10.162757
8.520234
8.209098
10.318770
9.154965
7.366470
11.352530
16.181192
13.423618
10.987208
10.133233
9.944560
13.485011
8.200525
9.376783
9.393221
13.114371
7.476729
12.216138
4.825304
10.502707
10.340368
4.922305
13.681294
7.382051
11.882934
17.378620
9.528667
11.603224
12.287085
7.871871
16.932441
6.073077
12.563236
13.127235
10.797738
6.562510
10.836095
10.053501
8.227043
15.608098
17.878349
12.645041
9.365048
12.735480
14.060666
7.726294
21.179465
14.606049
8.344478
14.329019
13.456923
13.499415
6.514517
9.396300
11.913411
6.604521
7.379307
11.002428
12.524950
7.486525
8.883890
21.949418
7.311419
11.453488
8.935055
9.222779
10.427196
10.878688
12.421531
10.014117
9.531857
16.213502
8.898964
19.655650
10.526622
12.972841
6.134941
10.583642
15.388136
7.247110
14.142678
13.683025
7.895036
11.949676
6.436642
22.287097
6.199840
13.441182
19.120073
11.571633
9.465419
18.690468
11.864006
12.918013
5.866349
22.451871
6.001747
13.713741
6.792309
6.393808
8.820358
10.470546
7.568528
5.384894
6.140629
8.095615
10.866174
12.807631
8.316315
12.816286
19.490777
11.095591
7.722800
18.055156
6.608088
8.649961
7.464407
5.086703
20.433804
20.317426
7.836455
18.477896
5.988228
8.879797
9.871327
13.830719
12.219306
9.679759
9.388320
19.757168
7.706498
19.749043
11.741622
8.844089
11.160812
9.993975
12.194121
13.177396
16.067173
14.767918
11.137987
9.138694
8.812302
11.452195
7.968477
5.794862
12.142021
30.875037
7.836600
7.403972
8.525863
8.001595
10.549517
13.346931
7.884215
13.946737
15.729281
11.093998
10.832008
16.547966
10.859614
6.118754
6.483205
9.514154
17.702993
8.889257
6.095471
18.178332
8.210786
19.756405
7.857677
5.320436
8.364332
13.839857
6.661754
12.404315
5.271269
7.918866
10.162415
16.316536
6.589619
13.386985
11.061131
16.537677
4.434051
7.524089
10.249146
9.062405
7.858655
12.684958
10.697218
9.412564
5.200536
4.225959
9.743027
7.363233
8.571665
7.977529
13.032658
13.504809
8.100962
13.340409
13.190519
10.526249
16.756897
11.804340
7.071896
6.504872
9.408904
9.486981
17.248352
10.045800
11.778951
9.330363
13.157830
12.860620
13.299153
16.467871
8.261233
7.879132
12.049743
33.127469
11.371735
9.540053
15.691304
8.130560
6.707238
9.076151
19.250622
7.874860
13.851731
10.118418
16.726413
6.398005
17.519215
15.509462
7.289483
9.575031
7.883710
8.038757
10.238184
9.851312
10.025048
21.198972
7.322042
12.451885
12.129550
14.648584
9.461780
11.013513
13.854610
9.018292
5.991552
11.007883
6.224791
10.259856
13.348713
14.359842
14.268477
8.918946
13.024986
3.954222
14.213795
6.746516
6.754358
5.657087
12.370313
13.303832
7.986675
9.927301
11.127174
7.463683
15.272146
4.292880
10.036188
9.037204
7.327024
11.091581
7.291023
11.329467
7.417676
8.139362
8.359115
10.747548
5.899890
8.515034
9.107132
6.785868
7.382106
8.718022
7.772005
7.995267
10.005629
16.003450
13.732290
12.854062
10.584991
19.127601
24.060675
9.354832
6.373731
8.308962
5.718588
7.911937
9.510785
11.665933
14.259760
7.881538
6.270332
14.370868
12.884937
26.668893
8.014696
11.326242
6.088071
14.462278
10.692394
17.075571
9.109129
25.907057
13.160072
14.659591
8.270981
5.463491
9.760552
7.418959
27.206322
10.586483
3.754303
9.840075
9.994771
7.534032
16.237139
17.902944
8.692558
9.488525
9.722927
14.393169
8.407093
10.673885
18.502801
5.074001
16.196815
11.115444
10.782750
13.181454
14.186094
8.241656
10.737102
9.693561
10.552341
10.609033
7.245362
12.169079
20.572451
9.611221
17.139406
6.432535
8.487650
32.807470
18.662206
7.728617
24.610537
22.642618
7.829745
7.724540
11.905756
14.652218
19.397933
12.793097
14.816647
