0.0019970248914537997	0.052481461319107144	0.006000074676941814	0.10483201306566754
0.0029945422728743466	0.052207362086195426	0.009000126927070529	0.10503025233986804
0.003991017769682908	0.050322386498974817	0.012000052968692177	0.10238917441946668
0.004986549075123192	0.05075124777953992	0.015000146869383713	0.10149958249684446
0.005981042543500419	0.05062171492614566	0.018000126368959136	0.1018284964846325
0.006974595665891439	0.051323625936495074	0.021000285493186468	0.10138488803383605
0.007967114974864725	0.052673571803081236	0.024000341928925018	0.10355329543794467
0.008958697760179397	0.054061043707161784	0.027000589662853215	0.10513836716789875
0.00994925073200646	0.05348966820455478	0.03000074632709102	0.10537090973159093
0.010938870979631239	0.05403717014117965	0.03300110587192382	0.1061816643139908
0.011927512751375553	0.054292674997467774	0.03600152997345407	0.10753723012984963
0.012915178214478658	0.05355433653290372	0.03900202434725921	0.10503113249790348
0.013901869061530224	0.0534751572150928	0.04200259472005483	0.10552718397702057
0.014887587447426055	0.05430628664325276	0.04500324675956735	0.10658151867859977
0.015872335054305225	0.053426990851348916	0.04800398615035591	0.10637538921925938
0.01685611379242245	0.05493116292528106	0.051004818535763156	0.10766560366077513
0.01783892579833571	0.057217870864048975	0.0540057495126048	0.11130895660150432
0.018820772738664775	0.05638217559421419	0.057006784702987146	0.10912088662415885
0.019801656737860364	0.05679168393429673	0.060007929657025436	0.10965090500524795
0.020781579452299925	0.05747534689824478	0.0630091899557077	0.10922370066806644
0.021760495865607413	0.05596327845560593	0.06601042697940304	0.10695847603176077
0.02273850188162478	0.05322715989989071	0.0690119345153814	0.10278561789905406
0.023715505435558813	0.05494740647586351	0.07201342976363229	0.10472425437294938
0.024691602236536887	0.05405047731477142	0.07501520649327408	0.10242886550988281
0.025666747108415742	0.0537048551779948	0.07801712601736695	0.10209548355756032
0.026640942133996516	0.0549271182306684	0.08101919372609076	0.10402264587538389
0.027614188934446768	0.05639820558051068	0.08402141505968666	0.10698882667327063
0.028586489580871694	0.05564974354499354	0.08702379536362304	0.10603096866571099
0.029557845684558406	0.05620883431207706	0.09002634003881485	0.10789138859210767
0.03052821258879835	0.05736285326242295	0.09302891020479478	0.10923528022659038
0.031497685327490185	0.05564354978918308	0.09603179958684203	0.10690963732629721
0.0324661726069094	0.05575993314977348	0.09903472506318903	0.10560073959578786
0.033433769269810544	0.05666048549381841	0.10203798035213019	0.10700143617725498
0.03440038419210552	0.05668538400761592	0.10504128225585714	0.10610810366888247
0.03536611202618459	0.05636719719050642	0.10804492448810381	0.10573861414972233
0.036330908038600944	0.056940263045365584	0.1110487680544378	0.10687294006979808
0.03729477424891675	0.055759961409058784	0.11405281810435068	0.10572765422081706
0.03825771222491403	0.05433817008574259	0.11705707986649294	0.1040358233548479
0.03921977006347851	0.05415543582745006	0.12006170276133621	0.10458855992586086
0.040180857145851956	0.053641302309461195	0.12306640335347548	0.10438064873725982
0.04114102133641775	0.054741305817558414	0.12607133107651305	0.10455600036687589
0.04210026462685327	0.05539486853816919	0.12907649097464685	0.1054418362408786
0.04305858856143043	0.05591341446786515	0.13208188818404928	0.10647134487612632
0.04401599490071937	0.05641726747637	0.13508752776629582	0.10559145324572475
0.044972485619916916	0.05634605208462568	0.1380934147035966	0.1045385363856282
0.04592806224940874	0.05602334228942433	0.14109955407770633	0.10447609315015843
0.046882726753507846	0.056779940979191895	0.14410595082999786	0.10395891368225474
0.04783648065343293	0.057002013278086294	0.14711261000638626	0.10478713540830353
0.04878928003425408	0.057643873550370914	0.1501193921355946	0.10728414350916643
0.04974121814497499	0.05822508158602216	0.153126590972435	0.10896973003665958
0.05069220527895382	0.057467820888453744	0.1561339226081568	0.10789678434167826
0.051642334501268414	0.057514471464829006	0.15914168081282604	0.10917121331974328
0.05259151626920267	0.05655193889403608	0.16214958158663353	0.10736675116755298
0.053539843464644195	0.05513759388207638	0.16515791871714036	0.10479496659893589
0.054487226708218026	0.055922176167746855	0.16816640811195355	0.10415482022925746
0.05543375869935258	0.056947126115870175	0.17117534357835143	0.10528472131519982
0.05637935022143229	0.05732182356274686	0.17418444092984187	0.10513049595195466
0.0573240937921532	0.05842917121391324	0.1771939939956251	0.10566253389264291
0.058267945577665875	0.059902723115151824	0.18020386307771288	0.10755275626596057
0.05921090747348542	0.05890265400398995	0.18321405286119724	0.10776866269290951
0.06015298094295311	0.05859753376246218	0.1862245681672686	0.10714239900943899
0.06109416787129161	0.05757712165481272	0.18923541364295676	0.10618687763538559
0.06203446971319382	0.0582525448215164	0.19224659407610598	0.10716814067629521
0.06297384312308034	0.05816897062317241	0.19525796949192847	0.10596371069276152
0.06391237998823293	0.058587009544304874	0.19826983381345556	0.1065860876260891
0.06485003674181744	0.05909535319933189	0.2012820471128843	0.10777649413357496
0.06578681524365491	0.06227634814228393	0.2042946139436217	0.11059168585652239
0.06672271692710591	0.06311906466524811	0.2073075390115223	0.11132816829927114
0.06765774364196116	0.06248619531130928	0.210320826833148	0.11043231645029794
0.06859189681316238	0.06263511005741146	0.2133344820820996	0.11015070763575797
0.06952513335607108	0.06253264330676606	0.2163483645378098	0.11015407724676704
0.07045754453621919	0.06026261461187111	0.21936276824317735	0.10845782251374605
0.0713890424185028	0.060248931178986456	0.22237740820555296	0.10718229054101801
0.07231971809238026	0.061347945948092494	0.22539257850676261	0.10928989976995224
0.07324948378040538	0.06235752631905216	0.2284079940468668	0.11008628424212615
0.0741784303966513	0.06299163686561082	0.23142394894866797	0.11046185149695105
0.0751065147876873	0.06406377851613707	0.23444030290897466	0.1118407409408182
0.0760337387590655	0.06295323087241748	0.2374570602826875	0.11159106878241792
0.07696010369862834	0.06212516010926559	0.240474225601981	0.1104351094958575
0.0778856114022929	0.0630495015100605	0.24349180318673022	0.11193877344634583
0.07881026324982857	0.06189388889814854	0.24650979753848773	0.11038790379330232
0.07973406082266848	0.06072369178698652	0.24952821304406472	0.10864540835970797
0.08065700590240701	0.06171815002614528	0.252547053971393	0.11041586647125344
0.0815790998568176	0.06297867302051069	0.2555663247766258	0.11096410982940806
0.08250038859797527	0.062339359075564114	0.25858617476404694	0.1097677015213774
0.08342078520584666	0.06351369694652018	0.2616063182187248	0.11087201358689038
0.08434033538007443	0.06519114315244648	0.26462690451785975	0.11259710509447121
0.08525904087872523	0.06516837441125407	0.2676479378443763	0.11259749096855612
0.08617690304987918	0.0655440832753569	0.27066942258016513	0.11306070726349549
0.08709387950236756	0.06468868234333004	0.27369121780409955	0.1122234777668637
0.08801005985638183	0.06459955900391882	0.27671361801001954	0.11123023637939902
0.08892535765257413	0.06372580183048125	0.2797363371296967	0.11006676336344454
0.08983986234144112	0.06361746918801711	0.282759669714724	0.10993500855880826
0.09075348761615726	0.06357431023865476	0.28578332957648644	0.11055542803169953
0.09166632275817548	0.06328593643368967	0.2888076113262309	0.11051810002104297
0.09257832531080955	0.06428188909556483	0.2918323739726734	0.11189147120733978
0.09348949699082919	0.06617266766569896	0.29485762155050216	0.11393509926303844
0.09439983911178615	0.06648309562570394	0.29788335831221213	0.11345175700638115
0.09530935338145255	0.06714984959824519	0.3009095882603603	0.11380508687542601
0.09621804110586382	0.0688772100598174	0.30393631561941215	0.11541539600987144
0.09712586028571527	0.07056347002749663	0.3069633990410323	0.11807062909465527
0.09803289961586834	0.06899754946432335	0.30999113336001227	0.11663037014070612
0.09893907346938265	0.07005348731758365	0.31301923182963726	0.11786780158034135
0.09984447037495883	0.06919612451877238	0.31604798935272327	0.11807014087280075
0.10074904819851194	0.06840469058600493	0.31907726459511204	0.11657898571967908
0.10165280861682219	0.06592551334363445	0.32210706144914386	0.11269075699412497
0.10255575291005353	0.0666426334502589	0.32513738404318815	0.11412423614771891
0.10345788274627207	0.06579073128284345	0.3281682362387243	0.11333663339593902
0.1043591993983726	0.06598494704750914	0.3311996221372288	0.11235967053360733
0.10525966118257349	0.06701416903923871	0.3342314000294335	0.11372782925556105
0.10615935605094381	0.06810383860632399	0.3372638650704865	0.11556649558463272
0.10705819904600991	0.0664386208795564	0.34029672992938764	0.11228319560567564
0.10795627795648889	0.06468420351689692	0.3433302898373912	0.11014709786467915
0.10885350797228407	0.0643479301386867	0.3463642573301774	0.10933152367631921
0.10974997671937498	0.0638003741814537	0.34939892771686476	0.10979084101323064
0.11064559953454149	0.0629194503655956	0.35243401339856656	0.10785243844913614
0.11154046388163641	0.06512529233954625	0.35546980976401005	0.11040073250076746
0.11243452808437412	0.06724300178849243	0.3585061749652555	0.11146019153248557
0.11332779376397636	0.06741195097543701	0.36154311269886297	0.11155875044886297
0.11422026215430092	0.06704039860112718	0.3645806269227029	0.11041047925962917
0.11511193486824521	0.0672327131637832	0.3676187213042037	0.11130970366641857
0.11600281313273736	0.065566414829232	0.3706573997758881	0.1102071867861903
0.11689289836217324	0.06564587119316698	0.37369666611790603	0.11056688254975443
0.11778219215707192	0.06737956496572603	0.3767365239544649	0.11209946964757886
0.11867069573406089	0.06762137094508547	0.3797769771804915	0.11225785818021389
0.11955841068547893	0.0668804178549944	0.38281802939169546	0.11112915827181469
0.12044533822114906	0.0680876619544217	0.3858596844582218	0.11213596781857813
0.12133147973673351	0.06827507407656981	0.3889019460936105	0.1130184293084491
0.12221683681240644	0.06863791646747745	0.39194481785128865	0.11420544328341434
0.12310141064787619	0.0689816666524014	0.3949883035646431	0.11350890940009589
0.1239852028152777	0.07033229095832158	0.3980324067592207	0.11403674739312163
0.12486821450763744	0.06985191498648118	0.40107713124417776	0.11279763906391053
0.12575044710221314	0.06999039873589903	0.40412248066790496	0.11282018423477995
0.12663190215918416	0.06912680495362228	0.40716845851457995	0.11150367939226681
0.12751258086164408	0.06894629150371791	0.4102150685574168	0.11244324810965578
0.12839248476187076	0.0695489357821672	0.4132623142533142	0.11462139459045642
0.12927161503639567	0.06959564141531167	0.4163101993517919	0.11503912297606977
0.13014993095477526	0.06953127668528314	0.41935858095779266	0.11455089955734767
0.1310275182367748	0.06873501182891127	0.4224077554471786	0.11530641371084054
0.13190429394357886	0.06971912943522063	0.42545743351176346	0.11567547987186147
0.1327803436398931	0.06897969954314724	0.4285079116269479	0.11475591432149053
0.13365558452749293	0.06953217217845516	0.4315589003344664	0.11590170612562739
0.13453010201659218	0.06883498470863185	0.4346106962108388	0.1159957545302245
0.13540381344909005	0.06978846549651403	0.43766300964658	0.11538737144943878
0.13627680408127313	0.06807097033741177	0.44071613732089776	0.11299084553677007
0.13714903319127075	0.07010725596281213	0.44376993620817073	0.11522721442406893
0.13802050228886115	0.07072260615706602	0.44682440961941694	0.11555001675158313
0.1388912125153159	0.07142043505013611	0.4498795611775419	0.11627543536647447
0.13976116537285663	0.07172648150011945	0.45293539416777595	0.1170305250555517
0.14063036199649218	0.07270623549553634	0.45599191219066026	0.11869365829951666
0.14149876208436765	0.07230469284085113	0.4590489717696413	0.11773347730204403
0.14236645035841608	0.07366452828681747	0.46210686995552724	0.11870239352034617
0.14323334478538247	0.07422093979672463	0.4651653164444098	0.11882751792258608
0.14409952993577468	0.074951016125715	0.4682246083967016	0.118358085474279
0.1449649239139329	0.07768878443582647	0.4712844553511274	0.12207275507804655
0.14582961113948767	0.07699418818787045	0.47434515457921067	0.12162204231616017
0.1466935098539216	0.0755096182712264	0.47740641546121465	0.1207769286797185
0.14755670432653248	0.07484298025573956	0.48046853538126744	0.12034115820668274
0.14841911293549526	0.0736982193301239	0.48353122356008316	0.11939363301585885
0.14928081980031657	0.07240373556563255	0.48659477749587887	0.11606899927958876
0.15014178469337464	0.07205045560753588	0.4896590534941817	0.11601849917860117
0.15100200906900524	0.07346677623310141	0.4927240546778821	0.11695400567143324
0.15186149402257654	0.07380197135544697	0.49578978450685196	0.11743182147079022
0.15272028215313732	0.07519837835430017	0.498856393431385	0.11997948421087393
0.15357829224632752	0.07520084156815524	0.5019235901872332	0.12037617332312567
0.15443556671759365	0.07639193512851113	0.5049915253783932	0.12176923850809343
0.15529210700340623	0.07521295453691627	0.5080602020676704	0.1210271821524674
0.15614791418436574	0.07748570896560317	0.511129623662927	0.12378342173112544
0.15700298951431615	0.07730073735774093	0.5141997933832961	0.12248210832614774
0.15785733441915192	0.07847750321950664	0.517270714256137	0.12429051985041951
0.15871094997073656	0.07937128184870135	0.5203423896586449	0.12506610045624061
0.15956383758797282	0.08018473561162222	0.5234148225947972	0.1255083277125349
0.16041599833695064	0.08053620045895656	0.526488016421566	0.12477514679557417
0.16126743345555491	0.08111659738128449	0.5295619743035688	0.12588757728201116
0.16211814435228766	0.07915740943894445	0.532636699210077	0.12303888565129492
0.16296813208465355	0.07906901296046558	0.5357121944680516	0.12160936291078601
0.16381739805427853	0.08050271457094671	0.5387884630238695	0.12258634970118988
0.1646659433129937	0.07923416757872873	0.5418655081847004	0.12121486664787225
0.1655137284533366	0.07833660722182721	0.544943185158794	0.11967255187951278
0.16636083612602037	0.07869856709595156	0.548021792664546	0.12060088551051452
0.16720718618375324	0.07842214026540037	0.5511010380976852	0.12091280139276087
0.16805286113322537	0.0783500178684485	0.5541812203063203	0.12099055859735491
0.16889778095859817	0.07950447740440443	0.5572620465140906	0.12192981441053419
0.1697420280230463	0.07936936328077361	0.5603438157001777	0.12189926055736874
0.17058552244176128	0.08031699049850229	0.5634262349151276	0.12337608820947653
0.17142834643490718	0.0797873003156273	0.566509603270544	0.12266153247445845
0.172270460604806	0.07937238201361681	0.5695937758536558	0.12246255691683738
0.17311186631607012	0.07834811426690663	0.5726787554882832	0.12233801368504442
0.17395256459002142	0.07797920962386504	0.5757645453757356	0.12230061686411964
0.17479255678468616	0.07935324866083673	0.5788511483181475	0.12413867112448851
0.17563184391596293	0.07852019475446578	0.5819385674981116	0.12357767535997388
0.17647042716647743	0.07704283816484794	0.5850268058933026	0.12142552614861107
0.1773083078844569	0.07724431293797826	0.5881158662736607	0.1217104326468052
0.1781454870777344	0.07797223460650547	0.5912057517939993	0.12253628913605241
0.1789819660880581	0.0764895854623165	0.5942964652030169	0.1209757560997611
0.17981774591793048	0.07706137939567015	0.597388009637204	0.12218601447717056
0.18065278771499857	0.0800953684453825	0.6004802394163731	0.1262904410903981
0.18148717285179927	0.07988431500270853	0.6035734544744864	0.12631280084057936
0.18232082234906696	0.07975807344773114	0.6066673606228342	0.12574107172670215
0.18315381743978784	0.08099556272663508	0.6097622579369825	0.1258180859295972
0.18398607927241173	0.08356861653561756	0.6128578520473196	0.1271310360005108
0.18481768894085815	0.08242474723422616	0.6159544431722906	0.12456795446334432
0.1856485677208868	0.08311535198805665	0.6190517367604321	0.1245598694563711
0.18647879656783173	0.0845817808193926	0.6221500331743338	0.12684714701774571
0.18730829688435877	0.08461495712400846	0.6252490376797366	0.1268465254765451
0.1881371494876954	0.08226020047155969	0.6283490507846317	0.12471712930437838
0.18896531559648524	0.08308696282129073	0.6314499265909406	0.12627226388124682
0.18979279651137843	0.08221607691876531	0.6345516677134759	0.12465672191447988
0.19061959320110328	0.08087812902731359	0.6376542771733378	0.1218857821475665
0.19144574655145072	0.08032862538405378	0.6407579067113816	0.12183918592987436
0.19227117834346302	0.08080459193253713	0.6438622610394802	0.12295480706308315
0.1930959292934682	0.07928672624453861	0.6469674920895105	0.12157094352517284
0.19392000068676535	0.08115321320369895	0.6500736024266582	0.12322738742025445
0.19474339347948572	0.08197665390033167	0.6531805950292968	0.12389427046392232
0.19556610878832983	0.08288719313868746	0.6562884726558633	0.12457082595081018
0.19638814788950432	0.08444878590655927	0.6593972378422479	0.12598764876539725
0.19720951173168363	0.08474114394776686	0.6625068935416133	0.12482516350883506
0.19803020158506165	0.0843304583035277	0.6656174422705171	0.1251408029924299
0.1988502183933837	0.08628109469605344	0.6687288869654908	0.12840702042388558
0.19966952399208598	0.08631940290647559	0.6718410807650801	0.12835084796289517
0.20048819817758465	0.08641215620639486	0.6749543253069938	0.12840875855854542
0.2013061634152327	0.0875147674324029	0.6780683242658744	0.13113426610217144
0.2021234993673104	0.08657407639236361	0.6811833794351657	0.12953897772216363
0.20294012862233374	0.08604409142395092	0.684299194298029	0.12797529498048527
0.2037561307089028	0.0862856103099192	0.6874160708048193	0.12869518429830118
0.20457142833831204	0.08697344310317971	0.690533712246331	0.1291729646508118
0.20538610090593473	0.08736971589822676	0.6936524207309981	0.12825802342350695
0.20620007124546103	0.08840966456450172	0.6967718993563675	0.129585505904401
0.20701341861948835	0.08822285040833858	0.6998924503901119	0.1302693473315797
0.20782610493283935	0.08862407997588767	0.7030139267523721	0.13026455393158007
0.20863813141754903	0.08784990958223612	0.7061363308377786	0.12968397154313444
0.2094494989861186	0.08791780323947343	0.709259665478063	0.1300691293110917
0.21026020886485158	0.08919295369937388	0.7123839330496569	0.13146585412344336
0.21107026196156198	0.08928222892858526	0.7155091363686631	0.13128420513697805
0.21187965933955016	0.08890027583415952	0.7186352780190592	0.12953813936237313
0.21268840221658997	0.08860886487178679	0.7217623603502493	0.12887237412837363
0.21349649149352246	0.0901314230938861	0.7248903861551321	0.13163538494389762
0.21430396708051214	0.09038865567124178	0.7280195081444258	0.13247783969820337
0.2151107524777265	0.09134200058555063	0.7311494283374145	0.13317020363601056
0.2159168874336816	0.09202266325236295	0.7342802996557846	0.13509527023427975
0.2167223731521142	0.09428431778748574	0.7374121244046076	0.13715342324383972
0.21752721052239754	0.09104791892096886	0.74054490533874	0.13327974281041102
0.2183313620446834	0.09136569359033199	0.7436784943666137	0.13277277675012408
0.2191349059998745	0.09115003249644446	0.7468131949863895	0.13292466508810571
0.21993776624683736	0.09155489218032514	0.7499487086181698	0.13322234715852796
0.2207400209374411	0.09132489983707343	0.7530853389288945	0.13355593080527384
0.22154159404939774	0.09506664660747828	0.7562227871373136	0.13727926162074117
0.2223425636059727	0.0954376814444084	0.7593613570802338	0.13840009990389854
0.22314285370335865	0.09434386964856464	0.7625007497742249	0.13664576068261425
0.22394254223664484	0.09509688128020229	0.7656412692270396	0.1374836679784195
0.2247415534201415	0.09378356084465782	0.7687826162522459	0.13589348889850383
0.22553996502118703	0.09304249616895623	0.7719250950296144	0.13526003657578461
0.22633773960772455	0.09251057948427065	0.7750685572484006	0.13370531488201468
0.2271348783480111	0.09483699020499743	0.7782130051024441	0.1373976010814284
0.2279313821024753	0.09502060749958725	0.7813584412512511	0.1367467653323451
0.2287272520340427	0.09477581902504632	0.7845048678720498	0.13579676145087352
0.22952248899879776	0.09488637342825114	0.7876522876101192	0.1351743476945882
0.23031709400275693	0.0958921441909461	0.7908007028655122	0.13725286072512471
0.2311110682009102	0.09458620525363395	0.7939501157907813	0.1338972744913468
0.23190441244287852	0.09534614374836488	0.7971005290100784	0.1358601364344658
0.23269712787840266	0.09416724204825874	0.8002519446596668	0.1342044297145154
0.23348921535282974	0.09367976240222765	0.8034043653497555	0.13374831610892254
0.23428063792641762	0.0923814766161887	0.8065576418816314	0.13170259817592267
0.2350714726087999	0.09431311770581285	0.809712079489301	0.13556374259126666
0.23586164443109037	0.09304853771827293	0.8128673775426796	0.13365636034289438
0.23665123027809057	0.0971291357986808	0.8160238414550952	0.13840276120927658
0.23744015529618456	0.09894616778463594	0.8191811703870564	0.14061750893605107
0.23822849624575068	0.09968842631904515	0.8223396699322288	0.14175376948338678
0.2390161783880943	0.09718077834376895	0.8254990390409345	0.1383043007306782
0.23980327835957727	0.09625020295309736	0.8286595834881849	0.1376811671257375
0.24058975923173248	0.0953939935160329	0.8318211539675666	0.13634570768206555
0.24137562212600322	0.09281152320876648	0.834983752527988	0.13324808577131947
0.24216086786472102	0.09360934451631531	0.8381473817049439	0.13392023813540604
0.2429454975642863	0.09614000178986068	0.8413120435318573	0.13609047999809393
0.24372951204293355	0.09644471684427237	0.8444777405309888	0.13633748659656925
0.24451291226468624	0.09653613187853742	0.8476444749697526	0.13761384318565179
0.2452956993384382	0.09779645818897587	0.8508122488585664	0.13840178608005305
0.24607787407632714	0.09706890959250603	0.8539810647000354	0.13715686340543976
0.24685943758228082	0.09715813311909312	0.8571509244893885	0.13788965062260297
0.24764039066440544	0.0986369658703424	0.8603218307162573	0.13947950181108754
0.24842073427547542	0.0990035818272833	0.8634937856128478	0.13937072774160286
0.249200469512026	0.09860325540281387	0.8666667911518235	0.13962603593896053
0.24997959717616391	0.09934837028207728	0.8698408498035477	0.14001420866666303
0.2507581183595334	0.09912361076073885	0.8730159635257845	0.13895496456800735
0.25153603386027373	0.09874368512355837	0.8761921347761787	0.13827400014164376
0.2523133073630972	0.09894837032823577	0.8793692130420782	0.13827914905953959
0.2530900144663428	0.09956101530093739	0.8825475056797721	0.13919882162809716
0.2538660815059874	0.09883620112918234	0.8857267096047435	0.13899540290207774
0.2546415839601184	0.09938587126925216	0.8889071323638853	0.13969424619491294
0.2554164482760642	0.10021332149419923	0.8920884706545755	0.14121064890621055
0.25619074981204715	0.10108194946385045	0.8952710322152533	0.14211289703392369
0.2569644151264153	0.1025481564881331	0.8984545135244622	0.1434432885897394
0.2577375194579103	0.1034330995840196	0.9016392225131212	0.14477651801144417
0.25851002650275723	0.10478457821223107	0.9048250085634661	0.14624730833349928
0.25928193732622506	0.10452115163220871	0.9080118735533242	0.14499542343095057
0.2600532527050797	0.10374136966726044	0.9111998198721554	0.1435313832455976
0.260823973699888	0.10378313457717134	0.9143888493836106	0.14344821832577334
0.26159410108360964	0.10328088010119948	0.9175789644650668	0.14237724206387517
0.2623636357699432	0.1021892756590653	0.9207701672275062	0.14084671893125497
0.2631325788124555	0.10308405449349135	0.9239624595135147	0.1419749193832282
0.2639009309784415	0.10402551094956515	0.9271558436825202	0.14339409722501173
0.2646686933168364	0.10478394729580262	0.9303503215631984	0.14358339859962446
0.2654358665911887	0.10703785956209778	0.9335458955031279	0.14661429056955083
0.2662024149608372	0.10704750208847155	0.9367424139325286	0.14751908505938988
0.26696841295559237	0.10588530540540647	0.939940185956524	0.1464378799957723
0.2677337879017956	0.10597514977542488	0.9431389065017198	0.1462264178642851
0.26849861421241517	0.10498848936691643	0.9463388848720978	0.14606876384992645
0.26926281932221263	0.10474246256460609	0.9495398157697432	0.14504269622798047
0.2700264775276842	0.10654286733310504	0.9527420086983834	0.14660371347381868
0.2707895163716928	0.1081721735408472	0.9559451581348904	0.14785833317792513
0.27155201003463064	0.11135502179809885	0.9591495737836195	0.15133138704713833
0.27231392268749643	0.11084408212029961	0.9623551039714602	0.15054450699863825
0.2730752553542409	0.11178835961286654	0.9655617504524323	0.15117986406929665
0.2738360087782239	0.11033834467296469	0.9687695155105687	0.1496031482424875
0.27459618397894087	0.11153543250003534	0.9719784008866438	0.15106034939231522
0.27535578169615543	0.1083814566847536	0.9751884088534256	0.14853942927852976
0.27611480280659834	0.11005570714126085	0.9783995414087915	0.150226594440548
0.27687324832313126	0.1095309785374651	0.9816118002738333	0.14991205589862525
0.2776311189801653	0.10970481157618603	0.9848251877045829	0.149247858345318
0.27838841578617257	0.10932774284848762	0.988039705409133	0.14933369279221792
0.27914513947202385	0.11015856982993233	0.9912553556324653	0.14944326015979797
0.27990129090453564	0.1107506584319609	0.9944721403423917	0.14984913384265935
0.2806568710856439	0.10995573688339777	0.9976900612276867	0.14953399351606828
0.2814118807409497	0.11131010321421822	1.0009091205169156	0.15107322091900063
0.28216632086806376	0.1112439765396998	1.0041293198860934	0.150660611770017
0.2829201921891014	0.11224260719900671	1.0073506615529473	0.1518093992579379
0.2836734955611141	0.11111264049209077	1.0105731474557862	0.14999228275913623
0.28442623197527217	0.11279269030314962	1.0137967792516631	0.15167173738061993
0.28517840214850243	0.11267458807300541	1.0170215591422005	0.15140983614642636
0.2859300070677133	0.11351631000938611	1.0202474887719266	0.1523616175194932
0.28668104744639955	0.11334441467908325	1.0234745703318302	0.15227155571815665
0.2874314881587682	0.11514576272510997	1.0267026505602603	0.15508798335314097
0.2881814021318319	0.11537152254834011	1.02993204142515	0.15436578295890638
0.2889307181813371	0.11395529702073856	1.0331624346481318	0.15393548864230616
0.2896795091224744	0.11297448877687293	1.0363941424079222	0.15242591959776078
0.29042770387507233	0.11405632016551076	1.039626856192283	0.15410918787249123
0.29117537514284536	0.11395439149386731	1.042860888391525	0.15382550292319586
0.29192245194940386	0.11329393628966965	1.0460959302589004	0.15322570287983403
0.2926690068873308	0.11602828971762157	1.0493322943971208	0.15596944082695363
0.2934150048426626	0.11763708051961058	1.052569827443611	0.15793950786161465
0.2941604467793075	0.11752886547933987	1.0558085309756466	0.15760993493395284
0.2949053333922584	0.1188821223857392	1.0590484071271609	0.15977557112158774
0.2956496656413204	0.1195720978586642	1.0622894574634918	0.16098833235919105
0.29639344421818914	0.11788769071188188	1.0655316841084521	0.1585027542575316
0.2971366343196477	0.11649096803207958	1.0687749329962104	0.1567372345089678
0.29787930815200053	0.11672913765507742	1.072019517479176	0.15626242295791892
0.29862139520220454	0.114925776703466	1.075265127747464	0.152942552605204
0.29936296756696235	0.11509500772440204	1.0785120773694539	0.15360080451892427
0.3001039548353855	0.11687802732907362	1.0817600562972935	0.1560595701224927
0.3008444289949105	0.11747776937005977	1.08500937831611	0.15676968446256145
0.3015843197365118	0.11763940236152148	1.088259733139467	0.15651989069703778
0.30232369893869393	0.12002232822407792	1.0915114347700154	0.16012375774843324
0.30306249639400346	0.1198556687234041	1.0947641726821198	0.1583583312397757
0.30380078387234555	0.11951831422807412	1.0980182610967235	0.15923563207990102
0.30453852663151426	0.12073509896334156	1.1012735457234657	0.1607773275280725
0.3052757256052171	0.12033700251642362	1.1045300280521817	0.16073319765593475
0.3060123814642024	0.12043504276348577	1.1077877101427362	0.16080064067778255
0.3067484951382489	0.12010999419183169	1.1110465934736644	0.16181349833095748
0.30748406729495537	0.12076580007534243	1.1143066800952672	0.16150286483051815
0.30821909873046455	0.12078547125943691	1.1175679717643967	0.1613205469697101
0.3089535903687039	0.12147495159423555	1.1208304699427871	0.1621289559345107
0.30968754287258327	0.12112115937387462	1.1240941766665276	0.16125305101851528
0.310420992319009	0.12176208218825417	1.1273592503256036	0.16156329437672978
0.31115386905408515	0.1221562937629642	1.1306253790680185	0.1617391054696847
0.3118862090220862	0.12211357534560993	1.1338927215643642	0.1620535857167095
0.3126180131372987	0.12356638845211153	1.1371612792487773	0.16347370051085977
0.31334928205491186	0.12468174373914036	1.140431054134012	0.1646407061451387
0.31408001655717727	0.12621685253605364	1.1437020479361673	0.16621563049251017
0.3148102175526627	0.12411266822768516	1.146974262073059	0.16247015908307263
0.31553988569198027	0.1238838489638181	1.1502476985436465	0.1612910884540484
0.31626902187991274	0.12181683958108155	1.1535223587549626	0.1592176131756291
0.31699762676404386	0.12136436716701265	1.1567982446968554	0.15850466436842817
0.3177256662167579	0.1216256973583225	1.1600752005334398	0.15828094772685652
0.3184532109398979	0.1238525273797723	1.1633535427099457	0.16157124042659643
0.3191801918244952	0.12416691001690382	1.1666329580299317	0.16176166752694532
0.31990667946735235	0.12651838165399948	1.1699137631650802	0.16454384911752876
0.3206326048576793	0.12695293151971979	1.173195644672643	0.1654039722919158
0.321358038487553	0.1274507429797272	1.1764789194514704	0.16635197606388
0.3220829114440869	0.12643760607497773	1.1797632738119346	0.1646203102764836
0.32280729411494546	0.12660007294367515	1.1830490248807652	0.16553591236336723
0.32353115238448193	0.1252099596669008	1.1863360167239998	0.1638436575667522
0.32425448713703975	0.12529626859938964	1.1896242506907264	0.16275855643906464
0.32497729900386807	0.12508991838687303	1.192913728721873	0.16290558513816364
0.32569958886566197	0.1271607094387255	1.1962044521562347	0.16562839180232078
0.3264213573507582	0.12853911678133279	1.1994964229260556	0.16663489285708363
0.3271426052113141	0.12936552215497887	1.202789642659978	0.1673819698673653
0.3278633333225907	0.12888819618979772	1.2060841126814936	0.1683748191809291
0.32858354230858766	0.1286248273765851	1.209379834909941	0.16795626794544255
0.3293032330409687	0.1266086143351719	1.2126768106587003	0.16561981190517952
0.33002240614086403	0.12689129273898647	1.2159750418385848	0.16563547063028863
0.3307410279016596	0.12833006014593423	1.2192743714497554	0.16630303066237012
0.33145916809103404	0.1296580735922122	1.222575118000921	0.16686646714279685
0.33217675847382677	0.1307556645230938	1.2258769660585265	0.1669015655629793
0.3328938687154583	0.13229343205780145	1.2291802343640141	0.16891053849503876
0.3336104306765105	0.1339862863992817	1.2324846072324882	0.17128716362079782
0.33432651392044793	0.1329855240318935	1.2357904036387997	0.1706288883396656
0.33504205040332974	0.13219739554470716	1.2390973076461673	0.16986086124528324
0.3357571095869652	0.1308456509789549	1.2424056384635263	0.16836586118069724
0.336471623522627	0.13403289159590573	1.2457150799016676	0.1721500676610539
0.3371856615707687	0.13272788271631178	1.249025951404278	0.16987999040540103
0.3378991900829285	0.13333270263374525	1.2523380957440495	0.17093606793491198
0.3386122099078721	0.13606809292060432	1.2556515141703524	0.1736068114989583
0.3393247216484858	0.13847233451818297	1.2589662085400777	0.17634283563248937
0.3400367261500858	0.13725918550242275	1.2622821800930057	0.17442258036135477
0.3407482240128132	0.13787748013298023	1.2655994306779563	0.1759043987053916
0.34145921595717094	0.13950040516374873	1.26891796183283	0.17828942639553352
0.3421697028233366	0.14044257910052707	1.2722377747831461	0.17967830473058055
0.34287968520736334	0.13999327948510115	1.2755588713657264	0.17856567670724827
0.3435891639460265	0.13984082502560866	1.2788812527966673	0.17803059281228628
0.3442981396326744	0.14335658166478676	1.2822049209048632	0.18116312690297737
0.3450066129801749	0.14199233960321672	1.2855298772065242	0.17929794366685048
0.34571458482023504	0.1401493213992566	1.2888561229037327	0.1769625272625945
0.3464220557421748	0.14183940934842285	1.2921836598136	0.18064889141417853
0.34712902657434597	0.14249684594892675	1.2955124891289487	0.1815925853192254
0.34783549790340257	0.13888928648381108	1.2988426126591055	0.1782811648507741
0.34854143659095127	0.14028755184913796	1.3021738717557143	0.17974777255357371
0.3492469111478122	0.138543388615765	1.305506587884337	0.1776109545947146
0.34995185451683547	0.1377777903551728	1.3088404424312112	0.17498547313553733
0.35065633511026584	0.1380782885919041	1.3121757571028094	0.17609873263126155
0.35136028596345814	0.14086268781314865	1.3155122130274286	0.17903919902677015
0.35206377539036754	0.14045843189257592	1.3188501321530794	0.1776489037571949
0.3527667702198375	0.14486705265734431	1.3221893558687303	0.1816596996892272
0.353469271265347	0.14563942764029145	1.3255298853263162	0.18267217913593115
0.35417127910174384	0.1463452996658958	1.3288717223008175	0.18328277450424502
0.35487279453925175	0.14638338154667413	1.3322148679352563	0.18299675818391273
0.35557381815013644	0.14552727832966553	1.335559323997129	0.18272002771883267
0.35627431704014845	0.14589470970654622	1.3389049311014871	0.18433027973155283
0.3569743591814578	0.14651500196282113	1.3422520120466344	0.18541283290066282
0.3576739115590871	0.14588672993595492	1.3456004077546724	0.1848875427758119
0.3583729749751988	0.14595769876605044	1.3489501193466065	0.18499019539133332
0.35907154999566876	0.1482357224410379	1.3523011485714564	0.18702736303197404
