# frame percolation_dimension largest_cluster num_molecules
0 0 0 0
1 0 0 0
2 0 0 0
3 0 0 0
4 0 0 0
5 0 0 0
6 0 0 0
7 0 0 0
8 0 0 0
9 0 0 0
10 0 0 0
11 0 0 0
12 0 0 0
13 0 0 0
14 0 0 0
15 0 0 0
16 0 0 0
17 0 0 0
18 0 0 0
19 0 0 0
20 0 0 0
21 0 0 0
22 0 0 0
23 0 0 0
24 0 0 0
25 0 0 0
26 0 0 0
27 0 0 0
28 0 0 0
29 0 0 0
30 0 0 0
31 0 0 0
32 0 0 0
33 0 0 0
34 0 0 0
35 0 0 0
36 0 0 0
37 0 0 0
38 0 0 0
39 0 0 0
40 0 0 0
41 0 0 0
42 0 0 0
43 0 0 0
44 0 0 0
45 0 0 0
46 0 0 0
47 0 0 0
48 0 0 0
49 0 0 0
50 0 0 0
51 0 0 0
52 0 0 0
53 0 0 0
54 0 0 0
55 0 0 0
56 0 0 0
57 0 0 0
58 0 0 0
59 0 0 0
60 0 0 0
61 0 0 0
62 0 0 0
63 0 0 0
64 0 0 0
65 1 21136 7394
66 2 21432 7315
67 2 22103 7230
68 2 23047 7164
69 2 23467 7076
70 2 24001 6990
71 3 24815 6919
72 3 25197 6843
73 3 26173 6767
74 3 26417 6704
75 3 26797 6638
76 3 27240 6581
77 3 27576 6499
78 3 29541 6417
79 3 29911 6353
80 3 30055 6287
81 3 30540 6225
82 3 30608 6174
83 3 31012 6110
84 3 31546 6037
85 3 31837 5978
86 3 32323 5891
87 3 32879 5824
88 3 33369 5760
89 3 33684 5704
90 3 34253 5632
91 3 34589 5563
92 3 35109 5505
93 3 35314 5466
94 3 35596 5412
95 3 35874 5350
96 3 36134 5299
97 3 36429 5243
98 3 36682 5184
99 3 36857 5147
100 3 37127 5098
101 3 37500 5050
102 3 37742 5010
103 3 37879 4968
104 3 38141 4931
105 3 38353 4896
106 3 38486 4856
107 3 38784 4811
108 3 39018 4765
109 3 39295 4724
110 3 39495 4694
111 3 39890 4651
112 3 40289 4620
113 3 40578 4579
114 3 41088 4540
115 3 41220 4508
116 3 41481 4480
117 3 41660 4440
118 3 41866 4406
119 3 42086 4377
120 3 42153 4353
121 3 42317 4323
122 3 42569 4294
123 3 42636 4272
124 3 42796 4247
125 3 42966 4224
126 3 43072 4201
127 3 43149 4175
128 3 43481 4143
129 3 43822 4112
130 3 43917 4088
131 3 44101 4057
132 3 44252 4028
133 3 44312 4009
134 3 44405 3986
135 3 44513 3962
136 3 44709 3936
137 3 44823 3909
138 3 45155 3880
139 3 45273 3854
140 3 45438 3828
141 3 45532 3809
142 3 45573 3788
143 3 45667 3770
144 3 45730 3750
145 3 45796 3736
146 3 45822 3724
147 3 45917 3704
148 3 45988 3684
149 3 46074 3665
150 3 46124 3645
151 3 46271 3627
152 3 46336 3613
153 3 46470 3594
154 3 46551 3577
155 3 46646 3563
156 3 46870 3547
157 3 46925 3534
158 3 46995 3519
159 3 47046 3506
160 3 47128 3486
161 3 47235 3465
162 3 47273 3453
163 3 47383 3439
164 3 47416 3425
165 3 47478 3411
166 3 47679 3393
167 3 47739 3377
168 3 47970 3352
169 3 48045 3333
170 3 48294 3312
171 3 48436 3295
172 3 48552 3278
173 3 48637 3262
174 3 48737 3249
175 3 48810 3231
176 3 48933 3215
177 3 48968 3206
178 3 49057 3184
179 3 49127 3167
180 3 49190 3155
181 3 49288 3141
182 3 49306 3133
183 3 49334 3124
184 3 49396 3103
185 3 49478 3088
186 3 49540 3074
187 3 49696 3063
188 3 49767 3051
189 3 49858 3035
190 3 49908 3021
191 3 50010 2999
192 3 50100 2983
193 3 50168 2973
194 3 50224 2963
195 3 50293 2953
196 3 50361 2944
197 3 50421 2931
198 3 50457 2922
199 3 50518 2909
200 3 50570 2899
201 3 50616 2888
202 3 50687 2879
203 3 50729 2866
204 3 50758 2860
205 3 50823 2852
206 3 50833 2847
207 3 50863 2837
208 3 50955 2828
209 3 50998 2821
210 3 51058 2808
211 3 51120 2799
212 3 51183 2792
213 3 51269 2777
214 3 51324 2764
215 3 51377 2752
216 3 51422 2738
217 3 51473 2724
218 3 51598 2706
219 3 51629 2698
220 3 51663 2691
221 3 51701 2680
222 3 51762 2669
223 3 51823 2658
224 3 51865 2646
225 3 51905 2636
226 3 52011 2617
227 3 52068 2609
228 3 52141 2596
229 3 52187 2582
230 3 52240 2571
231 3 52283 2559
232 3 52333 2543
233 3 52367 2534
234 3 52458 2524
235 3 52489 2513
236 3 52560 2502
237 3 52702 2490
238 3 52745 2479
239 3 52771 2470
240 3 52781 2467
241 3 52846 2454
242 3 52882 2445
243 3 52927 2433
244 3 52960 2428
245 3 53003 2418
246 3 53022 2412
247 3 53141 2401
248 3 53166 2395
249 3 53227 2383
250 3 53295 2372
251 3 53367 2366
252 3 53396 2357
253 3 53402 2352
254 3 53414 2347
255 3 53480 2341
256 3 53495 2338
257 3 53533 2332
258 3 53563 2323
259 3 53583 2318
260 3 53616 2309
261 3 53655 2303
262 3 53716 2293
263 3 53733 2288
264 3 53778 2276
265 3 53828 2268
266 3 53847 2261
267 3 53876 2253
268 3 53897 2247
269 3 53925 2242
270 3 53953 2238
271 3 53977 2231
272 3 53986 2229
273 3 54010 2223
274 3 54026 2217
275 3 54050 2210
276 3 54059 2206
277 3 54133 2196
278 3 54162 2191
279 3 54177 2185
280 3 54181 2181
281 3 54207 2175
282 3 54226 2171
283 3 54232 2167
284 3 54259 2161
285 3 54272 2160
286 3 54274 2158
287 3 54291 2153
288 3 54299 2150
289 3 54313 2145
290 3 54317 2143
291 3 54323 2138
292 3 54333 2135
293 3 54376 2130
294 3 54397 2126
295 3 54426 2121
296 3 54436 2117
297 3 54470 2113
298 3 54484 2110
299 3 54488 2109
300 3 54500 2105
301 3 54518 2100
302 3 54534 2096
303 3 54550 2094
304 3 54561 2090
305 3 54604 2082
306 3 54604 2081
307 3 54717 2076
308 3 54730 2073
309 3 54746 2069
310 3 54769 2066
311 3 54789 2063
312 3 54811 2058
313 3 54829 2055
314 3 54833 2052
315 3 54852 2048
316 3 54886 2040
317 3 54916 2030
318 3 54926 2027
319 3 54942 2023
320 3 54946 2021
321 3 54954 2016
322 3 54971 2011
323 3 54979 2009
324 3 54995 2004
325 3 55031 1995
326 3 55036 1993
327 3 55063 1991
328 3 55063 1991
329 3 55067 1987
330 3 55069 1986
331 3 55081 1982
332 3 55090 1979
333 3 55096 1976
334 3 55138 1969
335 3 55155 1967
336 3 55167 1963
337 3 55173 1960
338 3 55173 1960
339 3 55179 1957
340 3 55193 1951
341 3 55269 1946
342 3 55277 1943
343 3 55305 1937
344 3 55327 1934
345 3 55340 1932
346 3 55365 1927
347 3 55429 1922
348 3 55441 1917
349 3 55467 1915
350 3 55471 1914
351 3 55475 1912
352 3 55486 1910
353 3 55491 1909
354 3 55491 1909
355 3 55505 1906
356 3 55505 1905
357 3 55505 1904
358 3 55516 1901
359 3 55516 1901
360 3 55525 1899
361 3 55533 1896
362 3 55535 1895
363 3 55545 1891
364 3 55545 1891
365 3 55567 1888
366 3 55567 1888
367 3 55571 1887
368 3 55584 1885
369 3 55598 1883
370 3 55598 1883
371 3 55598 1883
372 3 55646 1878
373 3 55652 1877
374 3 55674 1875
375 3 55683 1873
376 3 55701 1868
377 3 55705 1866
378 3 55726 1863
379 3 55732 1860
380 3 55741 1858
381 3 55741 1858
382 3 55749 1856
383 3 55762 1853
384 3 55768 1851
385 3 55770 1850
386 3 55770 1849
387 3 55785 1846
