0.001997000824291926 -0.8243790809301736
0.0029945062439098325 -0.31265643668380705
0.003991017683902274 -0.9584899177792932
0.004986537123233911 -1.5132534852238928
0.005981066296181459 -1.6339842061415606
0.006974607409182894 -1.452905961569513
0.007967162423559198 -0.8222182620760689
0.008958733294797358 -0.052621800889697146
0.009949321972573363 -0.23718113169477312
0.010938930164348423 -0.8467801078362426
0.011927560045139228 -1.1286999235750284
0.012915213547324961 -1.113532132795013
0.013901892597565007 -0.762012827410919
0.014887646593106948 -0.0948355012725701
0.01587238226256358 0.06777748705138309
0.016856149226420127 -0.4291097252577558
0.017838949388680275 -0.790655794511033
0.01882078464773984 -0.8631542805677178
0.019801656664137822 -0.6666355737159274
0.020781567557845552 -0.16093848925253962
0.021760519210564953 0.1843311541947416
0.022738513498477417 -0.10565553559767016
0.02371555229226514 -0.48494449726952854
0.02469163722712356 -0.6248274975055828
0.025666770393258646 -0.504413243097259
0.02664095364498247 -0.11904845081802329
0.02761418883119327 0.2751413097814909
0.02858647779539666 0.1679493193311633
0.029557822147945934 -0.18374739455314937
0.03052822394984604 -0.3716780642568168
0.03149768502854833 -0.32386583591471074
0.032466207206194454 -0.05650422581281772
0.03343383890521858 0.3109198604365258
0.03440048850045804 0.33784327703805084
0.03536620462984966 0.03675821414877822
0.036330989094500055 -0.19373808732830747
0.03729484369030821 -0.2195017540287099
0.038257769984135936 -0.034884518750383814
0.039219769985806494 0.291775028553921
0.040180845475714114 0.4072192337385405
0.04114099822912503 0.18911911351731714
0.042100230016196866 -0.034430975374969586
0.04305854238028901 -0.10142122824959743
0.0440159373035346 0.019543717841155578
0.04497241654088188 0.2918002227698212
0.045927981842248285 0.4595073393165208
0.04688268093671327 0.325108929790884
0.04783642337624392 0.10786520854953649
0.048789257099972054 0.017641107679296164
0.04974118383788237 0.09753120227153528
0.05069220531502415 0.31717551129841437
0.051642323033595915 0.507029485925677
0.05259153892717927 0.45056850727278447
0.05353985470612787 0.2531002017562365
0.054487272075934144 0.13659772730903436
0.05543379273724801 0.17046339480320846
0.05637941817001717 0.34138122109407
0.057324150281546596 0.5269815149723256
0.05826799075806656 0.5236214975440375
0.05921094128103763 0.36897514740590326
0.06015300352716825 0.24625088211144128
0.061094178954582024 0.2497242364783862
0.0620344694447901 0.3741862319556192
0.06297387666035115 0.5491517083871331
0.06391240225914287 0.586561527407383
0.0648500930612482 0.46405241862016244
0.06578686016964669 0.34681671791262364
0.06672275060739552 0.3391258097549665
0.06765776601382259 0.45024928904902817
0.06859190802366205 0.605505242259176
0.0695251780567977 0.6783293878818378
0.0704575779494925 0.5937694749561836
0.07138910932280033 0.47855043289988874
0.07231977379324929 0.4250298746517583
0.07324957297285839 0.49134755604705616
0.07417850826082993 0.6264880529386865
0.07510658146892651 0.6948315143279089
0.07603379419573948 0.6370976655876273
0.07696014803541784 0.5374897322201382
0.07788568916067828 0.492175011271506
0.07881032978444429 0.5346474612200175
0.07973411627741359 0.6572698434052939
0.0806570502161283 0.7468704432697482
0.08157913317276962 0.7241091223962306
0.08250036651028927 0.6314286165949679
0.08342075199745622 0.5681566613596116
0.08434029119346395 0.5884516628225036
0.0852589856532088 0.6802758266781126
0.0861768369273059 0.7671274826001466
0.08709384635909478 0.7683008470386857
0.08801001569405671 0.7019633364501214
0.0889253464700557 0.6415284261960023
0.08983984022073703 0.650444576034642
0.09075349847554229 0.7177344504200782
0.09166632255856387 0.8004015571316936
0.09257831419241025 0.8087400476498594
0.09348947489400344 0.7484577105587527
0.09439980617612279 0.6882428601419674
0.09530935336174175 0.6790836908873261
0.09621803012741965 0.7220182952796408
0.097125881987619 0.8030521397275877
0.09803291043869816 0.8266345056197584
0.09893911697294763 0.7823788356827077
0.09984450288070873 0.7281933302794669
0.10074906984443423 0.7156945955997338
0.10165281934429835 0.7528631612838312
0.10255575285646575 0.8282541671730598
0.10345787185310643 0.8613225938030168
0.10435917760629339 0.8338737626021498
0.10525967177671947 0.7912035396660254
0.10615935582465515 0.7699490493704222
0.10705823120643343 0.7918631279325069
0.10795629937446369 0.8459422325264149
0.1088535615828852 0.8822744483316447
0.10975001947101165 0.864705417034309
0.11064567447956528 0.8145563139058191
0.11154052804540082 0.7847264386703308
0.11243462467322538 0.7987475997631992
0.1133278794561594 0.8453774482191013
0.11422033708421592 0.8750474187429054
0.1151119989789162 0.872603024343784
0.1160028665579827 0.8361784765769117
0.11689294104409295 0.8057053383077851
0.11778222403901102 0.8196041231345863
0.11867071694914239 0.8630948220572578
0.11955842117714705 0.9016335748022117
0.12044533812195313 0.9041629005577975
0.12133146898920187 0.8785829519265267
0.12221681536030078 0.8412517839536975
0.12310137862306027 0.8435626410474231
0.12398516016161149 0.8822457122044279
0.12486820389684389 0.920789001414066
0.12575042593681945 0.9362449937547805
0.1266318703833642 0.9172725217278113
0.12751253860602016 0.8818010725078759
0.12839243197071418 0.8595618608973925
0.12927155165319068 0.8854917960526342
0.13014989919909264 0.9156674438650676
0.1310274759635772 0.9336086162841513
0.13190428329823695 0.9297979730177935
0.13278032255111272 0.9136875661975656
0.13365559488175474 0.9003783476060911
0.1345301018164111 0.9178282588805335
0.13540384469254005 0.9524064296082474
0.1362768248440973 0.9757028307596076
0.13714904360154817 0.9686283503649133
0.13802050210853734 0.9459227085501697
0.13889120187224752 0.9326707469477189
0.13976114421274485 0.9376565719748152
0.14063033044665366 0.9527649768116129
0.1414988037271876 0.9749015311367095
0.14236648150232864 0.9766110098691335
0.1432334071005361 0.9618586996594493
0.14409958182478444 0.9491951089987833
0.14496500697466547 0.9541727784953346
0.1458296836658997 0.9666809723739889
0.14669361337216036 0.9802740911738518
0.14755679738296013 0.977097199387796
0.14841923698447537 0.9665388522989541
0.14928093345955792 0.9561347468644916
0.15014188790879696 0.9629552789724265
0.15100210178768603 0.9759097061974472
0.15186157636917033 0.9975920960224298
0.152720312922916 0.9964016067849737
0.15357835405383302 0.9922224430306019
0.15443561817062001 0.984376227927408
0.15529214804940705 0.9977560581936438
0.1561479449468545 1.0101727926601747
0.15700301011639922 1.02991414387384
0.1578573446320578 1.0394744137726581
0.15871094991736195 1.0359216859387665
0.1595638272161434 1.0262457184669072
0.16041597776905425 1.0252970552262861
0.16126740281357774 1.041325590530635
0.1621181034093269 1.0471509789432065
0.1629680809624887 1.0473623945227637
0.16381733670110366 1.0353551045111715
0.16466587185008635 1.0204130253173314
0.16551368763123592 1.0076528010273431
0.1663607850900115 1.008124904347722
0.16720716561554155 1.0209081744799615
0.16805283042034153 1.0288679305668682
0.16889778071385364 1.0294404897254317
0.1697420583792743 1.0137938908953277
0.17058558309451788 1.0097014042689252
0.17142839690875222 1.0115096686661524
0.17227050101922853 1.0165191223859433
0.1731118966201758 1.016845121360486
0.1739525847321876 1.0212944982377201
0.1747925667143899 1.0137526793031262
0.17563184375200594 1.010671071205502
0.1764704170272775 1.0148965578209794
0.17730828771947485 1.029987505926694
0.17814545683570818 1.0412246767185365
0.17898192571881558 1.046831178759169
0.17981769553921143 1.0436031403011297
0.18065276746437806 1.0439967689208562
0.18148718286152501 1.0415439152717743
0.1823208623192102 1.0526082569824986
0.18315384736689805 1.0639938996049454
0.18398613916043965 1.0755884106883258
0.18481773885280245 1.0780702269804459
0.1856486474274029 1.0846077961917961
0.18647886619842405 1.0878392536088743
0.1873083963102396 1.0915858920284613
0.18813723890437795 1.0921359513708715
0.18896539511953137 1.09278739652214
0.18979286592626476 1.0907725841910079
0.19061965262320085 1.0849592900775626
0.19144575634057945 1.0858397168439191
0.19227117820584189 1.0880173477837383
0.19309591934364004 1.1016830132692925
0.19391998071190408 1.112665371912706
0.19474336359394587 1.1120630953893993
0.19556606910610339 1.115442568114322
0.19638809836196172 1.1094956992211704
0.19720949204890503 1.0990129727788056
0.1980301719593552 1.0936854338678321
0.19885017893810114 1.097324857139227
0.1996695140878058 1.0853213582580195
0.2004881785084242 1.0855342848001144
0.20130617313567578 1.088837287103233
0.2021234992259265 1.0817509664851257
0.20294015787105968 1.0817275714258496
0.20375615016028595 1.087960746692166
0.20457147718015178 1.0882686117723979
0.20538613985432516 1.085157794352538
0.20620013942453422 1.0831246090628086
0.20701347696938469 1.0839459900626391
0.2078261535648525 1.086573094925179
0.2086382094118308 1.0895836248328037
0.2094495671670602 1.087745242660181
0.21026026718540056 1.0984947041198672
0.2110703105323941 1.1008232851042314
0.21187969827099595 1.1093929624347065
0.2126884313036831 1.1136886498205163
0.21349651084641547 1.1153364464113416
0.21430393795443609 1.11445772952823
0.21511071368043397 1.1115419447787458
0.21591683907455236 1.1043808880819634
0.21672231502776726 1.1102712553070129
0.21752714274203708 1.1159408131817767
0.21833132325991655 1.1116561113427834
0.21913485762144727 1.1080642677347494
0.219937746864166 1.1091516033494924
0.22073999186773652 1.1020269834798722
0.22154159382033436 1.0942942956372248
0.22234255375202872 1.1035455100004024
0.22314287269041572 1.108118433516778
0.22394259019484988 1.102587434104331
0.22474163006542092 1.1041179072420397
0.2255400320109596 1.1082783837075543
0.226337797049248 1.1046616419507498
0.22713492619563455 1.1073079567558397
0.22793142030988522 1.1182558009445949
0.22872728055590394 1.124144437994909
0.2295225079417833 1.123128955004308
0.23031710347321327 1.1233065406297076
0.23111106815348814 1.1266639320427332
0.231904402831571 1.1274426247150184
0.23269710865817284 1.122375144939936
0.2334891866294469 1.125283080600107
0.23428063773918134 1.1230302896090987
0.23507146297880688 1.1255124688231999
0.23586166318665847 1.123922245869646
0.236651239500457 1.1300989979889768
0.23744019290460422 1.1337302853414215
0.23822852438117387 1.137420799088586
0.2390162728685529 1.1306961320341729
0.2398033632773518 1.1278997036997924
0.2405898346911345 1.119366275796145
0.2413756880827353 1.129184153476313
0.2421609244226966 1.136069943584801
0.2429455445306528 1.1402094078643774
0.24372954952144166 1.1417541170947385
0.24451294035877333 1.148189890159409
0.24529571800409505 1.1424789481601154
0.2460778834165982 1.1364616962358245
0.2468594374057606 1.1403808020225277
0.24764038107397757 1.1392087591841353
0.24842071537371424 1.137003290703112
0.24920044125520793 1.134094524863244
0.24997959721187318 1.1317259730489786
0.25075810895239714 1.1329668776864759
0.25153601511231943 1.137640640997932
0.25231331663303447 1.1419569280963369
0.25309001445374313 1.1423688313113218
0.2538661093660481 1.1453702523506748
0.25464160245042083 1.1410532830987816
0.25541649463952226 1.1418961903933151
0.25619078686384683 1.1392833001709577
0.2569644800517293 1.1317337001164582
0.25773757498506183 1.1356565732937254
0.25851007273239246 1.136411834801119
0.25928197421561655 1.13575234092293
0.26005328035449626 1.1352030591886808
0.2608239920666673 1.1448548819650002
0.2615941101244647 1.1395129192580384
0.26236363558469167 1.1391057138552172
0.263132569358643 1.1338039594375333
0.263900912355513 1.1414452266700066
0.2646687024811625 1.1404300370646345
0.2654358665009991 1.1432069882158264
0.26620244245901675 1.1495635431593847
0.2669684312560718 1.161386978221736
0.26773383379095184 1.1555774173228635
0.26849865081916646 1.153070052449126
0.26926288337681736 1.158224101384499
0.27002653235652435 1.1554541325418177
0.27078959864886387 1.149897507214573
0.2715520831423754 1.1463205050198768
0.27231398658342504 1.147559348057092
0.2730753099968524 1.1459545873581218
0.2738360542651225 1.1464671878221802
0.27459622026868763 1.144562247549718
0.27535584549204584 1.1515721138956772
0.2761148574604593 1.1528711509663374
0.2768732937937231 1.148519904157057
0.27763115536430083 1.1417774065453374
0.27838844304267396 1.1439831252654513
0.2791451575591078 1.136306201772397
0.27990129991858675 1.1281153989749682
0.28065687098568165 1.126350358960691
0.28141187162300507 1.1216155897988191
0.28216630269121734 1.1122850055476945
0.2829201649118328 1.1068912166927842
0.2836734592790312 1.1176651777589326
0.28442618664765096 1.1106593404205212
0.28517834787060165 1.1095024640053848
0.28592994379886966 1.113477666960326
0.28668097514535285 1.1179975013546242
0.2874314428935847 1.113800773681868
0.28818134788881655 1.1169876518928437
0.2889306909743997 1.1173797384838022
0.2896795090780263 1.1155391443296676
0.29042773073164035 1.1123081886735808
0.2911753929945184 1.1080747717638675
0.29192249670246784 1.1068293678869066
0.2926690426894242 1.110431286200822
0.2934150316531078 1.1102473416313265
0.29416046455827655 1.1037827298010727
0.29490534223328346 1.0957899019028674
0.295649665504632 1.0904379727869653
0.2963934351969816 1.083058099554511
0.29713665199980055 1.0814678548432064
0.2978793168676268 1.0898814510278654
0.2986214306196199 1.08867355305928
0.29936299407311673 1.0912926723443266
0.30010404375619837 1.0849892598831592
0.3008445089250855 1.0886924997783205
0.3015844262368038 1.0883239508211413
0.3023237965014547 1.0990986046054565
0.3030626205273439 1.1031919181445864
0.30380089898940105 1.1094560673451481
0.30453863282413707 1.101840910784434
0.3052758228345027 1.097192144791605
0.3060124698216741 1.0919785603595173
0.30674857458505855 1.0868461708151766
0.30748413779167916 1.0841130121425948
0.30821916036823227 1.0804443874506202
0.30895364310884815 1.074762348073116
0.3096875868059087 1.0660282462552237
0.3104209922500525 1.0664395251552432
0.3111538601005155 1.0684347356602186
0.31188619127431905 1.071707320604081
0.312617986556902 1.0772157140225767
0.31334924673198 1.0844110017590982
0.3140800077991892 1.0880030200365094
0.3148101999748183 1.0940119548198473
0.31553985938398954 1.1041130813030313
0.3162689868035766 1.1139865417932016
0.31699758300875486 1.1212712819818396
0.31772564864503594 1.1189931097990193
0.31845318461237104 1.1177264574043915
0.31918019168087086 1.1119103557694123
0.3199066706189676 1.1006717765158238
0.32063262219342015 1.1010516377449349
0.32135804704227483 1.098416181775155
0.32208294605618615 1.090130134863506
0.3228073199969212 1.0835612894058675
0.3235311696245932 1.0741162921631748
0.3242545305593133 1.0586767211151584
0.3249773337084778 1.0618848143485184
0.32569961481522336 1.0682194665637563
0.3264213746330934 1.071017008247149
0.3271426139140015 1.0793600857223429
0.327863333282834 1.0783298258392997
0.3285835336138395 1.0790994447733315
0.32930321565406767 1.077008733836983
0.330022380148957 1.0741208816379575
0.3307410278423387 1.0803174934031483
0.33145915935193915 1.092044581877845
0.3321767755430701 1.0895863802891097
0.3328938771547692 1.0963666302762902
0.3336104649244848 1.1013213911232715
0.33432653958808145 1.0991494583842225
0.33504210175623106 1.100906745643412
0.3357571522854333 1.0930246468309077
0.33647169190682674 1.0860574767276687
0.33718572134998437 1.0800044631462908
0.3378992757327906 1.0770758705449195
0.3386122868792194 1.076437375528579
0.33932479002695354 1.082372134938367
0.3400367858993455 1.0789516687891867
0.34074827521820383 1.0829381409926033
0.3414592585817616 1.080181790499505
0.3421697368309625 1.0721352232828214
0.3428797106830091 1.0727850469793458
0.34358918085357787 1.075220623018921
0.3442981480568232 1.0755164434677553
0.3450066128842085 1.0752694321877307
0.3457145761682013 1.074166649777732
0.34642203861841514 1.0802347254446023
0.3471290009429585 1.093450314665296
0.3478354638484392 1.0954912197926354
0.3485414279196495 1.0966859226550032
0.34924689398069736 1.1021397334983853
0.3499518627337134 1.0955091570951958
0.3506563348793448 1.0753864789067715
0.35136034504745606 1.0830047631683863
0.35206382595487007 1.0892582285253178
0.3527668123481468 1.0898100091480454
0.35346930492203904 1.090698514901637
0.3541713043698367 1.1056064961476872
0.35487281126456593 1.1020707053671819
0.3555738264155739 1.097859920824392
0.3562743505117854 1.0962795035972321
0.3569743842406784 1.094459089047505
0.3576739282882883 1.0877174741223627
0.35837298322123623 1.0779729464880026
0.3590715498408246 1.0835281932630296
0.3597696288287844 1.0770071876266352
0.36046722086542005 1.0765361035741785
0.36116436022974013 1.076213703594188
0.36186098028179886 1.0770441855453403
0.3625571154150896 1.0727959921808174
0.3632527663042495 1.0761294906527836
0.3639479336225087 1.0792092955086257
0.36464261792518965 1.0798718984895497
0.365336819999387 1.0791624693457622
0.36603054051413336 1.0723449831114764
0.36672378013707024 1.0736541867323535
0.36741653953445125 1.0761596559853204
0.36810881925544675 1.073920930439872
0.36880062007940695 1.0747697395768303
0.36949194266844587 1.0815156743735819
0.3701827876833054 1.08212563880511
0.37087315578335894 1.075268713542103
0.3715630475117123 1.070923954346088
0.3722524636400748 1.064670184690627
0.3729414048237369 1.0609128276862276
0.37362987171663575 1.058270477023764
0.37431789813302246 1.0627676356936717
0.37500541828669687 1.0628153822083317
0.37569246610349305 1.068557200467651
0.3763790422319714 1.0727127563211485
0.37706514731935736 1.0774686264027555
0.3777507818980561 1.0754107232848005
0.37843594672627906 1.0787368169695917
0.37912064244726873 1.0839058449008028
0.37980486970294725 1.08193250437049
0.38048862913392 1.0849842021795455
0.38117192126676436 1.0944538471597252
0.3818547468523321 1.0994516572192499
0.38253710652729983 1.0906248620846553
0.38321900092704175 1.0936248975015235
0.38390046353147134 1.0894219955039572
0.38458142916974364 1.0748808032081871
0.38526193143128623 1.070054063296105
0.3859419709462988 1.0719298559249844
0.38662154834369644 1.0678149077038896
0.38730066413977143 1.070111965549966
0.3879793190723722 1.0764507064430082
0.3886575137665802 1.076499341529945
0.38933524884620585 1.0758590225702516
0.39001252493379224 1.0643044606529237
0.3906893425400292 1.0580684181131363
0.39136570239567403 1.0537913358881201
0.3920416051194878 1.056011519905533
0.3927170513289776 1.0605822701737304
0.39339204164040065 1.072469038053741
0.3940665765589222 1.0699003414458037
0.39474065680830095 1.0702982067275089
0.3954142830010627 1.0719315805789715
0.3960874557484961 1.0794598187170406
0.39676020808737367 1.082915817899821
0.3974324756639781 1.0813643914447624
0.39810429162187844 1.0862361794351836
0.3987756565674484 1.0850708716348785
0.3994465711058415 1.080451382301421
0.400117035732471 1.081316796699047
0.4007870511587276 1.0867197881723465
0.40145661798612253 1.0839342040974564
0.40212573681495994 1.0912199754703809
0.4027944082443397 1.0917200899483195
0.40346263276436173 1.0889860445554946
