# frame percolation_dimension largest_cluster num_molecules
0 0 0 0
1 0 0 0
2 0 0 0
3 0 0 0
4 0 0 0
5 0 0 0
6 0 0 0
7 0 0 0
8 0 0 0
9 0 0 0
10 0 0 0
11 0 0 0
12 0 0 0
13 0 0 0
14 0 0 0
15 0 0 0
16 0 0 0
17 0 0 0
18 0 0 0
19 0 0 0
20 0 0 0
21 0 0 0
22 0 0 0
23 0 0 0
24 0 0 0
25 0 0 0
26 0 0 0
27 0 0 0
28 0 0 0
29 0 0 0
30 0 0 0
31 0 0 0
32 0 0 0
33 0 0 0
34 0 0 0
35 0 0 0
36 0 0 0
37 0 0 0
38 0 0 0
39 0 0 0
40 0 0 0
41 0 0 0
42 0 0 0
43 0 0 0
44 0 0 0
45 0 0 0
46 0 0 0
47 0 0 0
48 0 0 0
49 0 0 0
50 0 0 0
51 0 0 0
52 0 0 0
53 0 0 0
54 0 0 0
55 0 0 0
56 0 0 0
57 0 0 0
58 0 0 0
59 0 0 0
60 0 0 0
61 0 0 0
62 0 0 0
63 0 0 0
64 0 0 0
65 0 0 0
66 0 0 0
67 0 0 0
68 0 0 0
69 0 0 0
70 0 0 0
71 0 0 0
72 0 0 0
73 0 0 0
74 0 0 0
75 0 0 0
76 0 0 0
77 0 0 0
78 0 0 0
79 0 0 0
80 0 0 0
81 0 0 0
82 0 0 0
83 0 0 0
84 0 0 0
85 0 0 0
86 0 0 0
87 0 0 0
88 0 0 0
89 0 0 0
90 0 0 0
91 0 0 0
92 0 0 0
93 0 0 0
94 0 0 0
95 0 0 0
96 0 0 0
97 0 0 0
98 0 0 0
99 0 0 0
100 0 0 0
101 0 0 0
102 0 0 0
103 0 0 0
104 0 0 0
105 0 0 0
106 0 0 0
107 0 0 0
108 0 0 0
109 0 0 0
110 0 0 0
111 0 0 0
112 0 0 0
113 0 0 0
114 0 0 0
115 0 0 0
116 0 0 0
117 0 0 0
118 0 0 0
119 0 0 0
120 0 0 0
121 0 0 0
122 0 0 0
123 0 0 0
124 0 0 0
125 0 0 0
126 0 0 0
127 0 0 0
128 0 0 0
129 0 0 0
130 0 0 0
131 0 0 0
132 0 0 0
133 0 0 0
134 0 0 0
135 0 0 0
136 0 0 0
137 0 0 0
138 0 0 0
139 0 0 0
140 0 0 0
141 0 0 0
142 0 0 0
143 0 0 0
144 0 0 0
145 0 0 0
146 0 0 0
147 0 0 0
148 0 0 0
149 0 0 0
150 0 0 0
151 0 0 0
152 0 0 0
153 0 0 0
154 0 0 0
155 0 0 0
156 0 0 0
157 0 0 0
158 0 0 0
159 0 0 0
160 0 0 0
161 0 0 0
162 0 0 0
163 0 0 0
164 0 0 0
165 0 0 0
166 0 0 0
167 0 0 0
168 0 0 0
169 0 0 0
170 0 0 0
171 0 0 0
172 0 0 0
173 0 0 0
174 0 0 0
175 0 0 0
176 0 0 0
177 0 0 0
178 0 0 0
179 0 0 0
180 0 0 0
181 0 0 0
182 0 0 0
183 0 0 0
184 0 0 0
185 0 0 0
186 0 0 0
187 0 0 0
188 0 0 0
189 0 0 0
190 0 0 0
191 0 0 0
192 0 0 0
193 0 0 0
194 0 0 0
195 0 0 0
196 0 0 0
197 0 0 0
198 0 0 0
199 0 0 0
200 0 0 0
201 0 0 0
202 0 0 0
203 0 0 0
204 0 0 0
205 0 0 0
206 0 0 0
207 0 0 0
208 0 0 0
209 0 0 0
210 0 0 0
211 0 0 0
212 0 0 0
213 0 0 0
214 0 0 0
215 0 0 0
216 0 0 0
217 0 0 0
218 0 0 0
219 0 0 0
220 0 0 0
221 0 0 0
222 0 0 0
223 0 0 0
224 0 0 0
225 0 0 0
226 0 0 0
227 0 0 0
228 0 0 0
229 0 0 0
230 0 0 0
231 0 0 0
232 0 0 0
233 0 0 0
234 0 0 0
235 0 0 0
236 0 0 0
237 0 0 0
238 0 0 0
239 0 0 0
240 0 0 0
241 0 0 0
242 0 0 0
243 0 0 0
244 0 0 0
245 0 0 0
246 0 0 0
247 0 0 0
248 0 0 0
249 0 0 0
250 0 0 0
251 0 0 0
252 0 0 0
253 0 0 0
254 0 0 0
255 0 0 0
256 0 0 0
257 0 0 0
258 0 0 0
259 0 0 0
260 0 0 0
261 0 0 0
262 0 0 0
263 0 0 0
264 0 0 0
265 0 0 0
266 0 0 0
267 0 0 0
268 0 0 0
269 0 0 0
270 0 0 0
271 0 0 0
272 0 0 0
273 0 0 0
274 0 0 0
275 0 0 0
276 0 0 0
277 0 0 0
278 0 0 0
279 0 0 0
280 0 0 0
281 0 0 0
282 0 0 0
283 0 0 0
284 0 0 0
285 0 0 0
286 0 0 0
287 0 0 0
288 0 0 0
289 0 0 0
290 0 0 0
291 0 0 0
292 0 0 0
293 0 0 0
294 0 0 0
295 0 0 0
296 0 0 0
297 0 0 0
298 0 0 0
299 0 0 0
300 0 0 0
301 0 0 0
302 0 0 0
303 0 0 0
304 0 0 0
305 0 0 0
306 0 0 0
307 0 0 0
308 0 0 0
309 0 0 0
310 0 0 0
311 0 0 0
312 0 0 0
313 0 0 0
314 0 0 0
315 0 0 0
316 0 0 0
317 0 0 0
318 0 0 0
319 0 0 0
320 0 0 0
321 0 0 0
322 0 0 0
323 0 0 0
324 0 0 0
325 0 0 0
326 0 0 0
327 0 0 0
328 0 0 0
329 0 0 0
330 0 0 0
331 0 0 0
332 0 0 0
333 0 0 0
334 0 0 0
335 0 0 0
336 0 0 0
337 0 0 0
338 0 0 0
339 0 0 0
340 0 0 0
341 0 0 0
342 0 0 0
343 0 0 0
344 0 0 0
345 0 0 0
346 0 0 0
347 0 0 0
348 0 0 0
349 0 0 0
350 0 0 0
351 0 0 0
352 0 0 0
353 0 0 0
354 0 0 0
355 0 0 0
356 0 0 0
357 0 0 0
358 0 0 0
359 0 0 0
360 0 0 0
361 0 0 0
362 0 0 0
363 0 0 0
364 0 0 0
365 0 0 0
366 0 0 0
367 0 0 0
368 0 0 0
369 0 0 0
370 0 0 0
371 0 0 0
372 0 0 0
373 0 0 0
374 0 0 0
375 0 0 0
376 0 0 0
377 0 0 0
378 0 0 0
379 0 0 0
380 0 0 0
381 0 0 0
382 0 0 0
383 0 0 0
384 0 0 0
385 0 0 0
386 0 0 0
387 0 0 0
388 0 0 0
389 0 0 0
390 0 0 0
391 0 0 0
392 0 0 0
393 0 0 0
394 0 0 0
395 0 0 0
396 0 0 0
397 0 0 0
398 0 0 0
399 0 0 0
400 0 0 0
401 0 0 0
402 0 0 0
403 0 0 0
404 0 0 0
405 0 0 0
406 0 0 0
407 0 0 0
408 0 0 0
409 0 0 0
410 0 0 0
411 0 0 0
412 0 0 0
413 0 0 0
414 0 0 0
415 0 0 0
416 0 0 0
417 0 0 0
418 0 0 0
419 0 0 0
420 0 0 0
421 0 0 0
422 0 0 0
423 0 0 0
424 0 0 0
425 0 0 0
426 0 0 0
427 0 0 0
428 0 0 0
429 0 0 0
430 0 0 0
431 0 0 0
432 0 0 0
433 0 0 0
434 0 0 0
435 0 0 0
436 0 0 0
437 0 0 0
438 0 0 0
439 0 0 0
440 0 0 0
441 0 0 0
442 0 0 0
443 0 0 0
444 0 0 0
445 0 0 0
446 0 0 0
447 0 0 0
448 0 0 0
449 0 0 0
450 0 0 0
451 0 0 0
452 0 0 0
453 0 0 0
454 0 0 0
455 0 0 0
456 0 0 0
457 0 0 0
458 0 0 0
459 0 0 0
460 0 0 0
461 0 0 0
462 0 0 0
463 0 0 0
464 0 0 0
465 0 0 0
466 0 0 0
467 0 0 0
468 0 0 0
469 0 0 0
470 0 0 0
471 0 0 0
472 0 0 0
473 0 0 0
474 0 0 0
475 0 0 0
476 0 0 0
477 0 0 0
478 0 0 0
479 0 0 0
480 0 0 0
481 0 0 0
482 0 0 0
483 0 0 0
484 0 0 0
485 0 0 0
486 0 0 0
487 0 0 0
488 0 0 0
489 0 0 0
490 0 0 0
491 0 0 0
492 0 0 0
493 0 0 0
494 0 0 0
495 0 0 0
496 0 0 0
497 0 0 0
498 0 0 0
499 0 0 0
500 0 0 0
501 0 0 0
502 0 0 0
503 0 0 0
504 0 0 0
505 0 0 0
506 0 0 0
507 0 0 0
508 0 0 0
509 0 0 0
510 0 0 0
511 0 0 0
512 0 0 0
513 0 0 0
514 0 0 0
515 0 0 0
516 0 0 0
517 0 0 0
518 0 0 0
519 0 0 0
520 0 0 0
521 0 0 0
522 0 0 0
523 0 0 0
524 0 0 0
525 0 0 0
526 0 0 0
527 0 0 0
528 0 0 0
529 0 0 0
530 0 0 0
531 0 0 0
532 0 0 0
533 0 0 0
534 0 0 0
535 0 0 0
536 0 0 0
537 0 0 0
538 0 0 0
539 0 0 0
540 0 0 0
541 0 0 0
542 0 0 0
543 0 0 0
544 0 0 0
545 0 0 0
546 0 0 0
547 0 0 0
548 0 0 0
549 0 0 0
550 0 0 0
551 0 0 0
552 0 0 0
553 0 0 0
554 0 0 0
555 0 0 0
556 0 0 0
557 0 0 0
558 0 0 0
559 0 0 0
560 0 0 0
561 0 0 0
562 0 0 0
563 0 0 0
564 0 0 0
565 0 0 0
566 0 0 0
567 0 0 0
568 0 0 0
569 0 0 0
570 0 0 0
571 0 0 0
572 0 0 0
573 0 0 0
574 0 0 0
575 0 0 0
576 0 0 0
577 0 0 0
578 0 0 0
579 0 0 0
580 0 0 0
581 0 0 0
582 0 0 0
583 0 0 0
584 0 0 0
585 0 0 0
586 0 0 0
587 0 0 0
588 0 0 0
589 0 0 0
590 0 0 0
591 0 0 0
592 0 0 0
593 0 0 0
594 0 0 0
595 0 0 0
596 0 0 0
597 0 0 0
598 0 0 0
599 0 0 0
600 0 0 0
601 0 0 0
602 0 0 0
603 0 0 0
604 0 0 0
605 0 0 0
606 0 0 0
607 0 0 0
608 0 0 0
609 0 0 0
610 0 0 0
611 0 0 0
612 0 0 0
613 0 0 0
614 0 0 0
615 0 0 0
616 0 0 0
617 0 0 0
618 0 0 0
619 0 0 0
620 0 0 0
621 0 0 0
622 0 0 0
623 0 0 0
624 0 0 0
625 0 0 0
626 0 0 0
627 0 0 0
628 0 0 0
629 0 0 0
630 0 0 0
631 0 0 0
632 0 0 0
633 0 0 0
634 0 0 0
635 0 0 0
636 0 0 0
637 0 0 0
638 0 0 0
639 0 0 0
640 0 0 0
641 0 0 0
642 0 0 0
643 0 0 0
644 0 0 0
645 0 0 0
646 0 0 0
647 0 0 0
648 0 0 0
649 0 0 0
650 0 0 0
651 0 0 0
652 0 0 0
653 0 0 0
654 0 0 0
655 0 0 0
656 0 0 0
657 0 0 0
658 0 0 0
659 0 0 0
660 0 0 0
661 0 0 0
662 0 0 0
663 0 0 0
664 0 0 0
665 0 0 0
666 0 0 0
667 0 0 0
668 0 0 0
669 0 0 0
670 0 0 0
671 0 0 0
672 0 0 0
673 0 0 0
674 0 0 0
675 0 0 0
676 0 0 0
677 0 0 0
678 0 0 0
679 0 0 0
680 0 0 0
681 0 0 0
682 0 0 0
683 0 0 0
684 0 0 0
685 0 0 0
686 0 0 0
687 0 0 0
688 0 0 0
689 0 0 0
690 0 0 0
691 0 0 0
692 0 0 0
693 0 0 0
694 0 0 0
695 0 0 0
696 0 0 0
697 0 0 0
698 0 0 0
699 0 0 0
700 0 0 0
701 0 0 0
702 0 0 0
703 0 0 0
704 0 0 0
705 0 0 0
706 0 0 0
707 0 0 0
708 0 0 0
709 0 0 0
710 0 0 0
711 0 0 0
712 0 0 0
713 0 0 0
714 0 0 0
715 0 0 0
716 0 0 0
717 0 0 0
718 0 0 0
719 0 0 0
720 0 0 0
721 0 0 0
722 0 0 0
723 0 0 0
724 0 0 0
725 0 0 0
726 0 0 0
727 0 0 0
728 0 0 0
729 0 0 0
730 0 0 0
731 0 0 0
732 0 0 0
733 0 0 0
734 0 0 0
735 0 0 0
736 0 0 0
737 0 0 0
738 0 0 0
739 0 0 0
740 0 0 0
741 0 0 0
742 0 0 0
743 0 0 0
744 0 0 0
745 0 0 0
746 0 0 0
747 0 0 0
748 0 0 0
749 0 0 0
750 0 0 0
751 0 0 0
752 0 0 0
753 0 0 0
754 0 0 0
755 0 0 0
756 0 0 0
757 0 0 0
758 0 0 0
759 0 0 0
760 0 0 0
761 0 0 0
762 0 0 0
763 0 0 0
764 0 0 0
765 0 0 0
766 0 0 0
767 0 0 0
768 0 0 0
769 0 0 0
770 0 0 0
771 0 0 0
772 0 0 0
773 0 0 0
774 0 0 0
775 0 0 0
776 0 0 0
777 0 0 0
778 0 0 0
779 0 0 0
780 0 0 0
781 0 0 0
782 0 0 0
783 0 0 0
784 0 0 0
785 0 0 0
786 0 0 0
787 0 0 0
788 0 0 0
789 0 0 0
790 0 0 0
791 0 0 0
792 0 0 0
793 0 0 0
794 0 0 0
795 0 0 0
796 0 0 0
797 0 0 0
798 0 0 0
799 0 0 0
800 0 0 0
801 0 0 0
802 0 0 0
803 0 0 0
804 0 0 0
805 0 0 0
806 0 0 0
807 0 0 0
808 0 0 0
809 0 0 0
810 0 0 0
811 0 0 0
812 0 0 0
813 0 0 0
814 0 0 0
815 0 0 0
816 0 0 0
817 0 0 0
818 0 0 0
819 0 0 0
820 0 0 0
821 0 0 0
822 0 0 0
823 0 0 0
824 0 0 0
825 0 0 0
826 0 0 0
827 0 0 0
828 0 0 0
829 0 0 0
830 0 0 0
831 0 0 0
832 0 0 0
833 0 0 0
834 0 0 0
835 0 0 0
836 0 0 0
837 0 0 0
838 0 0 0
839 0 0 0
840 0 0 0
841 0 0 0
842 0 0 0
843 0 0 0
844 0 0 0
845 0 0 0
846 0 0 0
847 0 0 0
848 0 0 0
849 0 0 0
850 0 0 0
851 0 0 0
852 0 0 0
853 0 0 0
854 0 0 0
855 0 0 0
856 0 0 0
857 0 0 0
858 0 0 0
859 0 0 0
860 0 0 0
861 0 0 0
862 0 0 0
863 0 0 0
864 0 0 0
865 0 0 0
866 0 0 0
867 0 0 0
868 0 0 0
869 0 0 0
870 0 0 0
871 0 0 0
872 0 0 0
873 0 0 0
874 0 0 0
875 0 0 0
876 0 0 0
877 0 0 0
878 0 0 0
879 0 0 0
880 0 0 0
881 0 0 0
882 0 0 0
883 0 0 0
884 0 0 0
885 0 0 0
886 0 0 0
887 0 0 0
888 0 0 0
889 0 0 0
890 0 0 0
891 0 0 0
892 0 0 0
893 0 0 0
894 0 0 0
895 0 0 0
896 0 0 0
897 0 0 0
898 0 0 0
899 0 0 0
900 0 0 0
901 0 0 0
902 0 0 0
903 0 0 0
904 0 0 0
905 0 0 0
906 0 0 0
907 0 0 0
908 0 0 0
909 0 0 0
910 0 0 0
911 0 0 0
912 0 0 0
913 0 0 0
914 0 0 0
915 0 0 0
916 0 0 0
917 0 0 0
918 0 0 0
919 0 0 0
920 0 0 0
921 0 0 0
922 0 0 0
923 0 0 0
924 0 0 0
925 0 0 0
926 0 0 0
927 0 0 0
928 0 0 0
929 0 0 0
930 0 0 0
931 0 0 0
932 0 0 0
933 0 0 0
934 0 0 0
935 0 0 0
936 0 0 0
937 0 0 0
938 0 0 0
939 0 0 0
940 0 0 0
941 0 0 0
942 0 0 0
943 0 0 0
944 0 0 0
945 0 0 0
946 0 0 0
947 0 0 0
948 0 0 0
949 0 0 0
950 0 0 0
951 0 0 0
952 0 0 0
953 0 0 0
954 0 0 0
955 0 0 0
956 0 0 0
957 0 0 0
958 0 0 0
959 0 0 0
960 0 0 0
961 0 0 0
962 0 0 0
963 0 0 0
964 0 0 0
965 0 0 0
966 0 0 0
967 0 0 0
968 0 0 0
969 0 0 0
970 0 0 0
971 0 0 0
972 0 0 0
973 0 0 0
974 0 0 0
975 0 0 0
976 0 0 0
977 0 0 0
978 0 0 0
979 0 0 0
980 0 0 0
981 0 0 0
982 0 0 0
983 0 0 0
984 0 0 0
985 0 0 0
986 0 0 0
987 0 0 0
988 0 0 0
989 0 0 0
990 0 0 0
991 0 0 0
992 0 0 0
993 0 0 0
994 0 0 0
995 0 0 0
996 0 0 0
997 0 0 0
998 0 0 0
999 0 0 0
1000 0 0 0
1001 0 0 0
1002 0 0 0
1003 0 0 0
1004 0 0 0
1005 0 0 0
1006 0 0 0
1007 0 0 0
1008 0 0 0
1009 0 0 0
1010 0 0 0
1011 0 0 0
1012 0 0 0
1013 0 0 0
1014 0 0 0
1015 0 0 0
1016 0 0 0
1017 0 0 0
1018 0 0 0
1019 0 0 0
1020 0 0 0
1021 0 0 0
1022 0 0 0
1023 0 0 0
1024 0 0 0
1025 0 0 0
1026 0 0 0
1027 0 0 0
1028 0 0 0
1029 0 0 0
1030 0 0 0
1031 0 0 0
1032 0 0 0
1033 0 0 0
1034 0 0 0
1035 0 0 0
1036 0 0 0
1037 0 0 0
1038 0 0 0
1039 0 0 0
1040 0 0 0
1041 0 0 0
1042 0 0 0
1043 0 0 0
1044 0 0 0
1045 0 0 0
1046 0 0 0
1047 0 0 0
1048 0 0 0
1049 0 0 0
1050 0 0 0
1051 0 0 0
1052 0 0 0
1053 0 0 0
1054 0 0 0
1055 0 0 0
1056 0 0 0
1057 0 0 0
1058 0 0 0
1059 0 0 0
1060 0 0 0
1061 0 0 0
1062 0 0 0
1063 0 0 0
1064 0 0 0
1065 0 0 0
1066 0 0 0
1067 0 0 0
1068 0 0 0
1069 0 0 0
1070 0 0 0
1071 0 0 0
1072 0 0 0
1073 0 0 0
1074 0 0 0
1075 0 0 0
1076 0 0 0
1077 0 0 0
1078 0 0 0
1079 0 0 0
1080 0 0 0
1081 0 0 0
1082 0 0 0
1083 0 0 0
1084 0 0 0
1085 0 0 0
1086 0 0 0
1087 0 0 0
1088 0 0 0
1089 0 0 0
1090 0 0 0
1091 0 0 0
1092 0 0 0
1093 0 0 0
1094 0 0 0
1095 0 0 0
1096 0 0 0
1097 0 0 0
1098 0 0 0
1099 0 0 0
1100 0 0 0
1101 0 0 0
1102 0 0 0
1103 0 0 0
1104 0 0 0
1105 0 0 0
1106 0 0 0
1107 0 0 0
1108 0 0 0
1109 0 0 0
1110 0 0 0
1111 0 0 0
1112 0 0 0
1113 0 0 0
1114 0 0 0
1115 0 0 0
1116 0 0 0
1117 0 0 0
1118 0 0 0
1119 0 0 0
1120 0 0 0
1121 0 0 0
1122 0 0 0
1123 0 0 0
1124 0 0 0
1125 0 0 0
1126 0 0 0
1127 0 0 0
1128 0 0 0
1129 0 0 0
1130 0 0 0
1131 0 0 0
1132 0 0 0
1133 0 0 0
1134 0 0 0
1135 0 0 0
1136 0 0 0
1137 0 0 0
1138 0 0 0
1139 0 0 0
1140 0 0 0
1141 0 0 0
1142 0 0 0
1143 0 0 0
1144 0 0 0
1145 0 0 0
1146 0 0 0
1147 0 0 0
1148 0 0 0
1149 0 0 0
1150 0 0 0
1151 0 0 0
1152 0 0 0
1153 0 0 0
1154 0 0 0
1155 0 0 0
1156 0 0 0
1157 0 0 0
1158 0 0 0
1159 0 0 0
1160 0 0 0
1161 0 0 0
1162 0 0 0
1163 0 0 0
1164 0 0 0
1165 0 0 0
1166 0 0 0
1167 0 0 0
1168 0 0 0
1169 0 0 0
1170 0 0 0
1171 0 0 0
1172 0 0 0
1173 0 0 0
1174 0 0 0
1175 0 0 0
1176 0 0 0
1177 0 0 0
1178 0 0 0
1179 0 0 0
1180 0 0 0
1181 0 0 0
1182 0 0 0
1183 0 0 0
1184 0 0 0
1185 0 0 0
1186 0 0 0
1187 0 0 0
1188 0 0 0
1189 0 0 0
1190 0 0 0
1191 0 0 0
1192 0 0 0
1193 0 0 0
1194 0 0 0
1195 0 0 0
1196 0 0 0
1197 0 0 0
1198 0 0 0
1199 0 0 0
1200 0 0 0
1201 0 0 0
1202 0 0 0
1203 0 0 0
1204 0 0 0
1205 0 0 0
1206 0 0 0
1207 0 0 0
1208 0 0 0
1209 0 0 0
1210 0 0 0
1211 0 0 0
1212 0 0 0
1213 0 0 0
1214 0 0 0
1215 0 0 0
1216 0 0 0
1217 0 0 0
1218 0 0 0
1219 0 0 0
1220 0 0 0
1221 0 0 0
1222 0 0 0
1223 0 0 0
1224 0 0 0
1225 0 0 0
1226 0 0 0
1227 0 0 0
1228 0 0 0
1229 0 0 0
1230 0 0 0
1231 0 0 0
1232 0 0 0
1233 0 0 0
1234 0 0 0
1235 0 0 0
1236 0 0 0
1237 0 0 0
1238 0 0 0
1239 0 0 0
1240 0 0 0
1241 0 0 0
1242 0 0 0
1243 0 0 0
1244 0 0 0
1245 0 0 0
1246 0 0 0
1247 0 0 0
1248 0 0 0
1249 0 0 0
1250 0 0 0
1251 0 0 0
1252 0 0 0
1253 0 0 0
1254 0 0 0
1255 0 0 0
1256 0 0 0
1257 0 0 0
1258 0 0 0
1259 0 0 0
1260 0 0 0
1261 0 0 0
1262 0 0 0
1263 0 0 0
1264 0 0 0
1265 0 0 0
1266 0 0 0
1267 0 0 0
1268 0 0 0
1269 0 0 0
1270 0 0 0
1271 0 0 0
1272 0 0 0
1273 0 0 0
1274 0 0 0
1275 0 0 0
1276 0 0 0
1277 0 0 0
1278 0 0 0
1279 0 0 0
1280 1 11425 1114
1281 1 11425 1113
1282 1 11425 1110
1283 1 11425 1110
1284 1 11425 1109
1285 1 11425 1109
1286 1 11425 1108
1287 1 11425 1107
1288 1 11425 1104
1289 1 11425 1103
1290 1 11425 1101
1291 1 11425 1096
1292 1 11425 1095
1293 1 11429 1092
1294 1 11429 1091
1295 1 11429 1091
1296 1 11429 1090
1297 1 11429 1089
1298 1 11429 1087
1299 1 11429 1086
1300 1 11429 1083
1301 1 11429 1083
1302 1 13340 1080
1303 1 13340 1079
1304 1 13340 1079
1305 1 13340 1077
1306 1 13340 1076
1307 1 13340 1073
1308 1 13709 1071
1309 1 13709 1071
1310 1 13709 1071
1311 1 13709 1069
1312 1 13709 1068
1313 1 13709 1068
1314 1 13709 1068
1315 1 13709 1066
1316 1 13709 1066
1317 1 13713 1060
1318 1 13713 1059
1319 1 13713 1059
1320 1 13713 1058
1321 1 13713 1057
1322 1 13713 1056
1323 1 13713 1056
1324 1 13713 1056
1325 1 13713 1056
1326 1 13713 1055
1327 1 13713 1054
1328 1 13717 1053
1329 1 13717 1051
1330 1 13717 1051
1331 1 13717 1050
1332 1 13717 1046
1333 1 13717 1044
1334 1 13761 1043
1335 1 13787 1041
1336 1 15535 1039
1337 1 15535 1039
1338 1 15535 1039
1339 1 15642 1037
1340 1 15642 1037
1341 1 15642 1036
1342 1 15642 1035
1343 1 15642 1033
1344 1 15692 1031
1345 1 15692 1028
1346 1 15770 1027
1347 1 15770 1027
1348 1 15770 1026
1349 1 15792 1023
1350 1 15867 1021
1351 1 15867 1020
1352 1 15867 1020
1353 1 15867 1017
1354 1 15867 1015
1355 1 16290 1014
1356 1 16296 1011
1357 1 16314 1009
1358 1 16314 1009
1359 1 16314 1008
1360 1 16331 1007
1361 1 16331 1006
1362 1 16331 1003
1363 1 16331 1002
1364 1 16331 1002
1365 1 19659 997
1366 1 19659 997
1367 1 19659 992
1368 1 19659 989
1369 1 19659 989
1370 1 19659 988
1371 1 19659 986
1372 1 19659 986
1373 1 19681 984
1374 1 19681 983
1375 1 19681 983
1376 1 19681 983
1377 1 19681 983
1378 1 19838 981
1379 1 19838 981
1380 1 19838 980
1381 1 19838 979
1382 1 19852 977
1383 1 22694 976
1384 1 22694 976
1385 1 22694 976
1386 1 22694 975
1387 1 22694 975
1388 1 23081 974
1389 1 23119 970
1390 1 23119 969
1391 1 23119 967
1392 1 23119 966
1393 1 23119 966
1394 1 23119 966
1395 1 23119 966
1396 1 23119 966
1397 1 23119 966
1398 1 23119 966
1399 1 23119 965
1400 1 23119 963
1401 1 23119 962
1402 1 23191 961
1403 1 23206 958
1404 1 23206 958
1405 1 23218 955
1406 1 23218 955
1407 1 23224 954
1408 1 23228 953
1409 1 23230 952
1410 1 23230 950
1411 1 23230 950
1412 1 23230 949
1413 1 23230 949
1414 1 23230 949
1415 1 23256 948
1416 1 23256 947
1417 1 23256 945
1418 1 23256 945
1419 1 23256 944
1420 1 23256 944
1421 1 23256 943
1422 1 23256 942
1423 1 23256 941
1424 1 23262 940
1425 1 23262 940
1426 1 23262 940
1427 1 23262 939
1428 1 23262 939
1429 1 23262 939
1430 1 23262 937
1431 1 23262 936
1432 1 23262 936
1433 1 23262 935
1434 1 23262 934
1435 1 23262 931
1436 1 23262 931
1437 1 23491 930
1438 1 23491 929
1439 1 23491 929
1440 1 23491 927
1441 1 23491 927
1442 1 23529 926
1443 1 23529 925
1444 1 23529 925
1445 1 24025 924
1446 1 24025 924
1447 1 24025 922
1448 1 24025 922
1449 1 24025 921
1450 1 24025 919
1451 1 24025 917
1452 1 24025 917
1453 1 24025 917
1454 1 24063 916
1455 1 24063 916
1456 1 24063 915
1457 1 24063 915
1458 1 24063 913
1459 1 24073 912
1460 1 24073 912
1461 1 24073 912
1462 1 24073 910
1463 1 24085 909
1464 1 26128 906
1465 1 26128 906
1466 1 26128 905
1467 1 26128 905
1468 1 26128 905
1469 1 26128 904
1470 1 26664 901
1471 1 26664 901
1472 1 26664 901
1473 1 26664 900
1474 1 26664 900
1475 1 26782 899
1476 1 26788 897
1477 1 26788 895
1478 2 27031 893
1479 2 27031 893
1480 2 28539 892
1481 2 28539 892
1482 2 28545 889
1483 2 28545 889
1484 2 28545 889
1485 2 28545 888
1486 2 29774 887
1487 2 29774 887
1488 2 29774 887
1489 2 29780 886
1490 2 29780 886
1491 2 29780 886
1492 2 29780 885
1493 2 29796 884
1494 2 29830 881
1495 2 29866 880
1496 2 29870 879
1497 2 29870 879
1498 2 29870 879
1499 2 29870 879
1500 2 29870 878
1501 2 29870 877
1502 2 29870 876
1503 2 29870 876
1504 2 29876 874
1505 2 29876 873
1506 2 29876 872
1507 2 29876 872
1508 2 29882 870
1509 2 29882 869
1510 2 29908 868
1511 2 29908 867
1512 2 29908 867
1513 2 30012 864
1514 2 30012 863
1515 2 30012 863
1516 2 30404 860
1517 2 30404 860
1518 2 30404 860
1519 2 30408 859
1520 2 30408 859
1521 2 30408 859
1522 2 30408 859
1523 2 30408 859
1524 2 30408 859
1525 2 30408 859
1526 2 30408 858
1527 2 30408 858
1528 2 30432 857
1529 2 30432 857
1530 2 30432 857
1531 2 30432 857
1532 2 30436 856
1533 2 30436 855
1534 2 30436 854
1535 2 30436 854
1536 2 30438 853
1537 2 30438 853
1538 2 30438 853
1539 2 30438 853
1540 2 30454 850
1541 2 30454 850
1542 2 30454 850
1543 2 30454 850
1544 2 30454 850
1545 2 30454 849
1546 2 30454 848
1547 2 30454 848
1548 2 30472 847
1549 2 30472 847
1550 2 30472 847
1551 2 30472 847
1552 2 30472 847
1553 2 30488 845
1554 2 30488 844
1555 2 30488 844
1556 2 30488 844
1557 2 30488 842
1558 2 30488 842
1559 2 30488 841
1560 2 30488 841
1561 2 30488 841
1562 2 30488 841
1563 2 30488 840
1564 2 30488 840
1565 2 30488 840
1566 2 30488 839
1567 2 30846 836
1568 2 30846 836
1569 2 30886 835
1570 2 30886 835
1571 2 30886 835
1572 2 30904 834
1573 2 30914 833
1574 2 30914 833
1575 2 30914 833
1576 2 30914 833
1577 2 30914 833
1578 2 30932 831
1579 2 30932 831
1580 2 30932 830
1581 2 30932 830
1582 2 30932 830
1583 2 30932 830
1584 2 31642 828
1585 2 31691 827
1586 2 31691 827
1587 2 31691 825
1588 2 31880 824
1589 2 31880 824
1590 2 31880 823
1591 2 31880 822
1592 2 31880 820
1593 2 31880 820
1594 2 31880 820
1595 3 33043 819
1596 3 33043 819
1597 3 33043 819
1598 3 33063 818
1599 3 33063 817
1600 3 33063 817
1601 3 33063 816
1602 3 33063 816
1603 3 33063 816
1604 3 33075 815
1605 3 33431 814
1606 3 33431 813
1607 3 33435 811
1608 3 33435 811
1609 3 33435 811
1610 3 33435 811
1611 3 33435 811
1612 3 33435 810
1613 3 33459 809
1614 3 33459 809
1615 3 33459 809
1616 3 33600 808
1617 3 33600 808
1618 3 33600 807
1619 3 33600 807
1620 3 33600 806
1621 3 33604 804
1622 3 33604 804
1623 3 33604 804
1624 3 33634 803
1625 3 33634 802
1626 3 33634 802
1627 3 33634 802
1628 3 33723 801
1629 3 33723 799
1630 3 33723 799
1631 3 33723 799
1632 3 33739 796
1633 3 33755 795
1634 3 33755 795
1635 3 34003 793
1636 3 34003 793
1637 3 34045 792
1638 3 34045 792
1639 3 34045 792
1640 3 34045 792
1641 3 34063 791
1642 3 34063 791
1643 3 34100 790
1644 3 34100 790
1645 3 34104 789
1646 3 34104 789
1647 3 34142 788
1648 3 34142 787
1649 3 34184 785
1650 3 34239 783
1651 3 34239 783
1652 3 34239 783
1653 3 34239 783
1654 3 34239 781
1655 3 34239 781
1656 3 34239 781
1657 3 34239 781
1658 3 34239 781
1659 3 34239 781
1660 3 34361 779
1661 3 34361 779
1662 3 34361 779
1663 3 34615 777
1664 3 34615 777
1665 3 34615 776
1666 3 34615 776
1667 3 34615 776
1668 3 34615 776
1669 3 34621 775
1670 3 34653 772
1671 3 34671 771
1672 3 34671 771
1673 3 34671 771
1674 3 34671 771
1675 3 34671 771
1676 3 34701 769
1677 3 34701 768
1678 3 34701 768
1679 3 34701 768
1680 3 34773 766
1681 3 34773 766
1682 3 34779 763
1683 3 35878 761
1684 3 35884 760
1685 3 35884 760
1686 3 35961 758
1687 3 36317 757
1688 3 36317 757
1689 3 36317 756
1690 3 36317 755
1691 3 36317 755
1692 3 36678 752
1693 3 36678 752
1694 3 36678 751
1695 3 36678 751
1696 3 36678 751
1697 3 36678 751
1698 3 36678 750
1699 3 36678 750
1700 3 36678 750
1701 3 36678 748
1702 3 36678 747
1703 3 37111 745
1704 3 37111 745
1705 3 37111 745
1706 3 37111 744
1707 3 37111 744
1708 3 37111 743
1709 3 37111 743
1710 3 37111 743
1711 3 37111 742
1712 3 37111 742
1713 3 37111 742
1714 3 37129 740
1715 3 37129 740
1716 3 37129 740
1717 3 37129 740
1718 3 37129 739
1719 3 37139 737
1720 3 37139 737
1721 3 37139 737
1722 3 37143 736
1723 3 37143 736
1724 3 37143 736
1725 3 37155 735
1726 3 37155 735
1727 3 37155 735
1728 3 37155 735
1729 3 37155 735
1730 3 37155 734
1731 3 37155 733
1732 3 37155 733
1733 3 37155 732
1734 3 37240 731
1735 3 37240 730
1736 3 37240 730
1737 3 37240 730
1738 3 37240 730
1739 3 37529 729
1740 3 37529 728
1741 3 37529 728
1742 3 37529 728
1743 3 37529 728
1744 3 37531 727
1745 3 37531 727
1746 3 37531 727
1747 3 37531 725
1748 3 37531 725
1749 3 37531 725
1750 3 37549 723
1751 3 37549 723
1752 3 37642 722
1753 3 37642 722
1754 3 37642 721
1755 3 37775 720
1756 3 37775 720
1757 3 37775 720
1758 3 37775 720
1759 3 37775 720
1760 3 37775 720
1761 3 39296 717
1762 3 39392 715
1763 3 39392 715
1764 3 39392 714
1765 3 39392 714
1766 3 39392 714
1767 3 39392 714
1768 3 39404 713
1769 3 39404 713
1770 3 39404 713
1771 3 39404 713
1772 3 39476 712
1773 3 39476 712
1774 3 39476 712
1775 3 39476 710
1776 3 39476 710
1777 3 39476 709
1778 3 39534 708
1779 3 39534 708
1780 3 39534 707
1781 3 39534 707
1782 3 39663 706
1783 3 39853 705
1784 3 39853 705
1785 3 39887 704
1786 3 39887 704
1787 3 39887 704
1788 3 39966 703
1789 3 39966 703
1790 3 39966 703
1791 3 39974 702
1792 3 39974 701
1793 3 40270 699
1794 3 40336 698
1795 3 40465 697
1796 3 40465 697
1797 3 40565 696
1798 3 40569 695
1799 3 40569 695
1800 3 40569 695
1801 3 40569 695
1802 3 40569 694
1803 3 40571 693
1804 3 40571 693
1805 3 40571 693
1806 3 41088 691
1807 3 41088 690
1808 3 41088 690
1809 3 41088 690
1810 3 41088 690
1811 3 41090 689
1812 3 41090 689
1813 3 41264 687
1814 3 41264 687
1815 3 41272 686
1816 3 41272 686
1817 3 41272 686
1818 3 41272 686
1819 3 41272 685
1820 3 41272 684
1821 3 41272 684
1822 3 41272 684
1823 3 41272 684
1824 3 41314 683
1825 3 41314 683
1826 3 41314 683
1827 3 41314 683
1828 3 41314 683
1829 3 41314 683
1830 3 41314 683
1831 3 41314 683
1832 3 41314 683
1833 3 41326 682
1834 3 41334 681
1835 3 41334 681
1836 3 41334 681
1837 3 41334 681
1838 3 41334 681
1839 3 41334 681
1840 3 41340 680
1841 3 41598 677
1842 3 41684 675
1843 3 42078 674
1844 3 42078 673
1845 3 42450 670
1846 3 42450 670
1847 3 42450 670
1848 3 42450 670
1849 3 42450 670
1850 3 42450 670
1851 3 42497 669
1852 3 42497 669
1853 3 42497 669
1854 3 42497 669
1855 3 42497 669
1856 3 42497 669
1857 3 42497 669
1858 3 42497 669
1859 3 42499 668
1860 3 42499 668
1861 3 42499 668
1862 3 42499 668
1863 3 42499 667
1864 3 42695 666
1865 3 42729 665
1866 3 42729 664
1867 3 42729 664
1868 3 42733 663
1869 3 42733 663
1870 3 42735 662
1871 3 42735 662
1872 3 42735 662
1873 3 42737 661
1874 3 42737 660
1875 3 42755 659
1876 3 42755 659
1877 3 42755 658
1878 3 42755 658
1879 3 42779 657
1880 3 42779 657
1881 3 42779 655
1882 3 42779 655
1883 3 42813 654
1884 3 42813 653
1885 3 42813 653
1886 3 42813 653
1887 3 42813 653
1888 3 42813 653
1889 3 42813 653
1890 3 42819 651
