163.266497
74.223205
125.977712
71.240879
197.487466
119.283325
53.269852
145.558541
67.550260
49.231645
86.815844
164.385636
95.102879
126.333562
157.001364
123.604061
81.004217
84.808779
90.888920
119.395819
187.218289
89.233405
105.696798
119.829970
84.644676
121.107985
85.165291
92.300286
164.487422
165.174465
141.092150
98.656852
91.962638
99.605055
64.929704
173.664150
96.768624
81.461107
81.443938
124.393563
79.854022
60.835123
145.370331
139.178352
143.499635
115.715203
49.601112
137.958833
137.427565
99.746374
174.785049
113.375786
105.493555
87.348717
128.381704
135.396558
53.755737
118.440965
69.355046
61.748503
62.762117
106.033378
105.477498
194.434243
117.444349
148.433641
94.091783
152.463694
170.157283
58.782401
56.186327
75.895732
159.734029
126.822429
79.281358
80.216014
159.659428
167.839535
109.758690
117.595600
51.447927
118.460322
141.791361
156.156107
149.633793
172.745398
72.428843
68.339786
76.422271
188.602179
115.162275
169.157052
48.349050
84.724786
74.752033
74.021461
134.177727
190.937771
212.570514
129.676698
105.201093
108.074018
94.460957
100.759415
63.495884
82.737493
77.364825
130.438108
119.663982
83.274899
141.096366
182.151596
132.533185
56.720382
186.928051
105.608451
116.912998
101.518983
147.298473
76.228387
68.296110
40.159446
150.085064
54.994883
100.058226
72.066983
60.944704
72.771794
179.372997
145.642911
204.450311
52.632797
171.566292
107.077977
136.654508
70.154100
133.570456
84.235651
64.215259
159.215776
175.129299
203.474874
119.055335
131.445461
89.312716
144.198917
92.965888
136.348246
141.870122
130.080987
105.219308
111.063448
103.931535
132.433499
91.185998
57.394828
229.615900
151.722766
129.230254
154.678084
152.135022
107.464885
161.415182
104.601356
59.006525
118.919241
117.061992
98.516541
134.631160
83.410923
71.636130
58.888804
67.271463
181.291495
142.257435
147.307547
65.628485
164.222125
151.560596
44.981237
261.679575
29.731115
78.539266
188.978024
96.526674
76.315603
79.108891
81.328236
124.276531
114.488375
214.510271
118.139409
109.425273
41.654399
164.923187
107.577006
116.464158
54.416774
40.326128
95.604870
222.048689
174.652317
133.997684
95.942204
146.934928
81.571870
99.973657
96.075433
117.219756
98.851196
91.371947
109.277025
65.352784
129.078437
98.232834
83.467778
60.935577
68.739385
89.052058
145.001466
123.490810
145.401894
140.628210
133.090133
96.183488
192.557978
132.634804
161.013311
142.129317
157.907959
114.379826
167.304687
140.531852
86.369506
96.503655
70.917554
123.610001
213.785156
120.120036
126.287351
89.888190
120.125683
61.945816
215.077841
52.249605
123.772284
69.768568
170.505596
107.550035
78.955037
165.306950
54.059599
156.989531
116.084086
66.808096
130.079372
64.614372
79.295827
111.711263
138.992020
71.491211
121.601652
86.130878
184.676370
113.650647
71.356402
77.066531
138.674629
151.565973
98.741475
82.018604
118.206403
125.726986
111.458182
79.644447
171.166464
88.461003
46.376895
147.938283
178.119368
177.683822
100.383225
120.046735
103.861961
59.074331
136.229519
95.422730
97.772580
87.536190
152.467370
44.443929
87.245235
128.247066
77.642080
228.623941
94.169386
162.166288
85.718722
88.945235
114.686262
98.016150
107.690301
117.233302
146.429466
101.886231
101.812444
77.846689
129.369590
60.279321
144.106971
158.068956
99.538746
226.918957
86.731131
110.012928
127.384801
129.234987
72.682498
136.160277
58.301274
237.724371
93.516964
125.526836
230.127273
88.168393
170.813978
235.306802
137.833255
166.728766
125.648242
64.405415
143.409861
119.157587
124.009639
91.245293
46.979183
123.545983
140.646540
166.208898
61.145278
83.615754
62.101065
202.785812
154.528508
163.374764
106.721513
139.676086
99.704732
79.814251
164.403286
79.955774
112.537172
115.298062
63.489846
186.249312
85.004022
126.324858
100.042851
110.680814
121.345154
185.913368
88.388849
78.971973
100.306142
67.335992
142.016324
104.028936
137.005737
68.871246
104.516309
127.941306
101.411457
87.553995
63.203340
55.201113
74.476138
56.750962
114.485511
121.585870
109.260027
58.233112
181.448793
201.159306
95.645197
109.868704
98.512465
107.803101
157.003637
145.712474
122.657936
77.027358
86.224824
182.205450
145.255889
140.371541
89.049393
133.346700
72.001017
110.019210
113.655844
138.043791
173.483047
133.113594
46.360870
216.722876
131.607080
102.348221
46.198489
183.896853
104.595020
63.697279
76.085701
161.411644
36.360313
83.551850
126.179570
148.901799
59.647894
77.388154
141.783609
114.548746
111.288786
119.131834
99.379178
142.313104
55.534180
103.743998
98.125812
70.438506
66.403564
110.044793
55.574099
89.205160
102.206784
81.006161
88.085725
100.137450
78.499761
119.999409
33.289977
161.030848
139.585756
57.056091
96.429597
101.724885
122.731774
168.739259
115.513482
61.403711
158.370199
84.867700
105.555046
93.022702
131.902555
75.236639
97.972779
132.601628
73.099042
156.400249
82.340982
161.012791
126.927236
161.359929
89.847978
74.782882
135.980467
103.629594
160.313932
128.225153
83.305881
123.067074
94.451650
80.900868
73.348471
72.241330
161.926495
161.620465
85.762120
92.177903
169.315948
127.506438
102.473104
164.631864
44.768037
174.309374
115.429871
278.514588
140.041751
124.886276
125.475171
75.987954
120.803466
96.881998
206.348664
51.244335
136.639195
81.538625
56.136472
72.288374
75.856929
75.734328
91.503264
104.274839
136.505912
97.131598
187.333830
166.453516
86.146972
178.733353
110.431658
121.179680
138.125904
215.947963
56.430411
74.882680
181.352549
54.387090
147.478927
74.071477
110.527073
113.324027
258.827942
91.989922
39.184092
159.012880
110.705158
146.492923
208.930647
123.495298
80.253179
204.549556
190.701374
159.893810
98.844522
58.597672
181.271833
71.347077
146.810154
128.469818
101.919538
261.307217
166.930693
164.389480
172.703816
129.631431
115.414323
54.016974
233.750457
188.391199
134.515841
91.602710
123.688709
213.421602
222.727304
140.880017
96.404807
122.095627
107.268147
75.234215
147.524785
250.643133
108.758161
103.580524
119.635046
187.067211
87.691040
111.506937
106.809003
95.051672
74.677708
164.575364
157.223797
90.460818
113.354335
69.109103
114.132171
94.779889
74.568510
107.129713
78.834010
114.987782
108.325579
136.803182
84.523980
175.474507
118.535825
136.683921
131.830832
62.983240
222.098175
171.122875
164.223965
78.389837
114.167151
169.369900
89.486751
146.692604
227.278132
48.432492
161.359409
136.367152
47.157463
125.123063
150.759361
78.674920
121.700040
122.684764
137.112065
75.051702
