6.018649
5.600341
7.796256
12.435318
16.017984
14.386838
8.147417
11.776470
19.922883
7.715885
3.729773
4.550693
15.472105
10.940518
11.825273
11.890082
5.366249
7.230800
4.213381
7.714874
11.332171
8.742374
5.976478
5.131946
10.655895
16.784260
8.136282
9.246645
7.982007
5.914009
4.451108
8.542902
4.047115
4.970746
10.487592
6.242111
5.796916
8.640402
10.404230
8.598607
3.660257
3.398029
23.373219
7.261736
4.716835
7.351266
11.984760
6.688740
17.705453
6.896467
7.860018
7.269486
8.052214
3.151339
4.558627
7.786800
12.898675
11.512765
7.596750
7.350931
8.958972
9.594214
6.979917
14.695133
7.247125
4.543617
3.998081
5.938556
7.798403
11.402611
9.422450
6.017087
13.190201
17.056880
14.078278
14.557718
10.525220
9.354369
10.362579
13.684395
2.510348
3.751714
5.798699
14.366808
16.708695
9.535081
6.010352
6.567600
3.194273
2.648952
3.137761
8.248434
6.701088
12.636431
7.009299
10.343708
6.426978
10.071394
12.677019
10.623676
8.808050
5.359089
8.522088
6.062595
9.396042
6.331273
7.960873
5.743754
6.477292
4.736580
9.122637
14.000588
11.501512
4.353645
6.567163
6.781302
5.393475
4.913715
13.743189
4.489069
11.913748
15.813737
23.412641
9.856225
13.222326
5.617878
7.789877
5.862944
10.401428
25.662703
4.963751
16.944124
10.173473
5.854679
2.492837
4.196858
12.952140
18.150464
16.331322
6.657874
8.432599
10.332245
3.970796
7.220379
12.281479
10.913340
8.783702
9.128757
2.729275
2.435811
21.646902
6.282277
6.539946
12.321902
22.982966
5.622935
8.787952
12.719777
7.096870
5.258387
9.591263
19.273757
8.381879
11.689038
9.222215
5.584798
13.223254
5.429252
2.724202
5.534134
9.597569
7.735444
11.544008
3.824257
10.158663
17.935538
14.809701
9.762572
12.208315
3.766715
1.945500
26.241216
5.278863
7.272082
5.572135
8.399376
8.402222
35.969818
5.249002
4.068006
5.533167
10.032773
4.758997
12.635082
5.009576
5.512568
4.114393
3.511044
7.496384
21.517461
6.230735
4.743394
8.735406
12.101604
5.859346
4.952499
11.958632
11.372584
6.110848
7.971302
19.820437
10.501819
11.143723
6.945519
9.084227
10.038931
9.279910
17.266866
11.771688
6.248478
5.975266
4.740843
8.655575
5.052487
6.564409
10.254433
10.029900
8.969756
9.282067
13.035755
9.591363
8.741224
7.637698
8.046309
6.883660
27.949538
5.244806
7.272036
4.747863
10.062410
6.363768
8.722402
7.622485
10.419666
3.724112
8.084533
31.581982
11.712464
6.903609
10.595445
12.615976
8.154534
12.225899
10.923404
5.264083
7.868529
8.398547
12.602342
6.524819
9.351335
9.094538
7.971524
5.001335
5.892288
5.471610
3.453513
4.361539
6.326765
6.792589
3.384941
9.896111
9.145084
8.489905
13.293018
5.904895
5.888504
10.879817
6.689694
9.932677
9.838418
4.925200
10.208700
17.036340
10.158118
17.877213
4.228069
10.353769
3.984526
9.708170
14.481479
11.773094
8.096754
5.103774
6.139406
4.382202
8.270018
7.466717
10.372898
10.877020
9.879392
11.520995
12.656830
3.220031
4.847451
10.197346
7.494374
11.553323
11.163002
9.540224
14.561265
12.139292
3.191678
6.418682
4.618423
11.443583
10.606993
14.203193
3.871793
4.705983
7.278750
4.724129
8.295109
14.365575
7.274162
5.424346
8.979964
12.717710
6.393006
8.330468
7.490805
15.181436
9.154292
3.782116
18.004721
6.635702
4.040940
10.513535
16.857186
5.060354
4.758383
12.681041
10.212908
10.287998
8.747367
25.115393
6.963678
8.990285
19.251227
5.054374
6.365389
5.721960
6.846629
9.321033
12.728865
6.494692
9.919411
6.399225
13.373243
9.563727
5.766087
22.157396
3.885078
5.715500
4.573833
5.718457
8.984914
11.887995
8.500907
10.649899
14.882415
6.573464
4.316354
14.891045
10.859040
16.255420
6.548243
8.625311
12.588595
8.006782
5.250786
7.226520
12.751987
9.053964
5.291839
19.684062
5.411648
11.917266
16.829896
9.267771
10.380402
14.853145
4.000583
5.789653
5.930411
6.890661
11.064016
10.045054
15.207895
11.480183
7.067337
11.806041
15.477332
4.878146
18.213427
7.757211
5.556147
14.596639
3.641514
8.396628
15.656115
3.452155
5.342264
5.709147
8.955768
25.990835
10.303689
4.792066
15.694537
5.303680
11.192643
7.550190
11.095705
4.047654
6.510213
8.733174
15.841105
11.128950
6.958470
5.493060
4.027730
3.650602
6.085937
4.578172
7.902496
14.481947
19.827689
7.182725
3.857209
7.834794
5.519254
16.866592
9.388649
7.891155
5.099744
3.072379
11.000169
19.229880
13.186620
13.291334
14.260921
13.246674
6.811006
8.750637
2.449313
11.819375
3.187790
10.125255
21.022162
13.575972
8.447409
16.352667
8.074299
9.199116
8.261444
10.374634
8.947129
4.077558
13.172575
4.947633
9.883627
9.495273
8.735288
10.268584
7.826922
17.012579
13.371336
9.548996
6.609394
4.603772
3.398633
14.330284
12.027941
7.369522
10.207392
6.881721
6.627091
9.969283
9.493620
11.434943
26.958041
11.168221
3.306933
11.399795
3.281920
9.684060
4.670197
8.304066
11.563334
15.913645
13.498725
16.854355
7.816450
7.609959
4.569972
18.625488
15.373278
3.610832
9.763545
4.168551
6.767985
4.187734
6.006848
6.972498
4.600160
6.708575
5.810115
5.419459
9.828142
10.300010
10.484893
7.445621
9.617764
4.310096
6.539603
3.968170
11.146455
8.629498
7.499383
12.530390
16.577576
14.493169
2.953525
2.637848
8.949387
13.854367
15.812587
6.304786
6.706335
4.178830
6.269970
9.082119
17.993765
9.589627
9.848765
3.760502
13.821611
20.974451
2.850584
6.584715
6.239980
10.515171
13.982555
10.719888
11.839270
5.393497
9.871129
6.610235
12.838367
9.725355
11.170513
12.508077
27.441949
4.740372
6.372511
13.569979
4.811873
15.331947
8.218292
16.136256
20.575312
11.020560
16.379782
9.634247
18.684359
8.993168
11.395362
10.936162
15.534281
9.707930
5.574508
9.450112
4.072321
3.698269
33.355350
10.278367
7.735005
15.856530
12.291539
7.077911
5.408507
11.054583
16.047491
13.849660
5.499250
3.710713
10.325187
6.876370
9.562789
12.169937
9.627991
16.955754
10.152220
8.914949
21.965378
18.358408
6.738534
6.756071
6.313510
8.046825
17.426532
12.314090
12.447817
7.981694
5.685864
6.920541
19.211964
8.420929
20.226434
13.317321
26.017632
8.595057
13.987179
4.539225
7.830951
7.681910
10.562899
15.823349
5.167532
26.472849
17.815531
6.807511
9.415955
12.783578
10.669829
1.874639
3.388638
3.922678
4.614381
3.109698
7.344916
2.404044
8.227768
6.253108
8.458397
9.976444
7.683366
7.857754
17.009718
7.840688
8.568103
6.512942
10.580785
7.062944
5.202404
3.226047
3.626537
6.379297
4.824016
4.159286
6.805735
4.752283
5.512909
12.055431
24.729512
4.041008
7.010073
6.634065
28.853328
7.296455
11.560688
16.761426
4.083923
7.939113
16.317847
7.570631
20.612655
8.062307
4.539136
7.571000
10.144206
5.652884
6.502584
21.931614
10.130020
8.345742
7.927416
15.710089
13.336992
7.556510
11.350747
13.463150
5.101810
6.924480
8.016593
7.096159
5.230340
18.329517
8.239568
7.840046
11.107922
5.346347
11.850937
9.460074
5.510027
24.735335
11.529722
8.546740
8.849044
5.777527
13.303762
21.236760
10.532102
9.329398
3.814034
6.055861
7.948217
20.249997
7.672133
9.200897
6.859546
7.993893
2.589511
3.580481
16.976039
19.034699
14.312269
7.781559
6.922249
4.588353
4.921820
12.636052
5.168034
6.157659
13.574555
13.537135
6.425836
8.463123
7.127627
10.879372
10.307906
5.921838
11.274398
11.475963
11.092759
33.769725
10.921520
9.267798
14.943236
8.955865
5.349704
7.701118
9.147935
7.039784
5.260195
11.370434
5.062361
7.674868
10.444544
9.311412
9.427527
9.796039
10.190196
7.090664
8.700165
16.775915
7.069561
16.343360
11.360505
8.265083
24.523564
14.804464
4.137659
4.015168
2.689286
3.713863
9.017761
7.562777
4.550395
23.768612
8.762211
5.718667
10.646011
4.992168
2.911869
2.495215
8.014473
8.734442
5.813908
9.632769
14.821211
7.681577
12.503713
9.526490
8.076288
4.261681
6.473352
7.268842
7.021986
11.042687
6.773002
13.128079
14.174897
3.531587
4.905744
16.836253
7.579147
6.224179
5.560317
22.576838
19.781462
5.702603
9.949995
12.067489
4.172458
3.198222
7.106004
10.108981
3.868261
7.973116
5.898452
20.122699
8.933257
4.984991
12.193785
12.401684
9.531175
6.258365
11.936728
7.009942
5.457925
8.222189
10.633575
8.607738
8.501633
11.631576
9.030046
11.439037
9.128402
5.572774
11.442534
7.581539
11.794812
9.838971
3.847117
17.529696
10.814925
6.439432
9.352654
16.064142
6.049667
8.882811
17.817487
7.281034
11.241630
12.201186
21.760845
15.611077
8.627187
6.566911
5.103966
5.748586
16.030295
7.747096
6.079539
17.197394
9.071642
12.619672
3.833252
5.715506
14.304799
3.952144
3.699029
15.157242
14.509866
8.119306
7.897304
9.998046
10.889006
4.588325
16.211348
4.861119
5.940261
14.473499
9.001542
3.549105
9.946212
11.020556
16.544036
9.990200
20.212002
19.609088
9.715931
19.447336
9.986401
9.888643
9.232413
6.757966
3.617587
6.621590
15.064227
4.105637
7.886089
6.388760
15.071506
12.454837
14.152537
13.127137
10.121285
6.294521
3.906701
7.426185
4.734498
13.797784
19.412441
6.522736
15.570081
9.274219
12.996805
12.657184
10.113832
6.465282
9.860806
9.066187
4.792949
7.229524
6.450840
9.685073
5.199961
10.311886
12.775414
8.335567
11.067637
14.730933
16.590352
6.413808
7.295075
12.195618
3.734778
3.580944
8.239404
16.022823
7.155827
9.763770
7.280850
8.837205
8.425123
2.916879
9.053199
2.517168
3.521827
7.460110
6.543536
4.155001
10.652645
17.038012
17.422089
11.311624
9.634626
10.568436
4.762976
22.535123
6.977180
11.006832
9.795731
4.171441
7.658086
6.309278
7.535853
19.623073
12.084963
18.396025
9.316478
7.355559
8.240410
8.123366
7.697484
9.417787
15.381207
5.178627
6.392223
10.186379
5.583950
3.551287
15.534007
22.101314
10.795321
4.611839
4.401631
6.370515
9.895090
11.932531
13.087519
9.607313
4.029927
4.010057
14.594495
8.017381
11.939084
4.830542
5.934741
4.439827
8.440654
11.148551
4.538130
9.910028
6.417559
7.521879
10.000879
5.870551
8.075594
4.075675
7.213495
7.506970
18.079999
8.341401
13.868500
12.335981
5.314024
5.496912
9.218264
7.150773
10.367470
4.151987
4.522086
8.233597
5.904367
16.344681
9.461880
7.756463
7.022858
17.821829
9.579850
9.875705
9.452165
10.951276
14.406823
13.768681
4.522844
6.682315
2.928881
11.287584
4.840263
5.368046
13.085147
8.069720
5.926876
6.058764
1.999217
12.772777
8.756468
7.759368
12.767373
7.037493
10.456081
4.957643
4.189496
4.550773
8.183344
8.520368
6.178550
12.037589
9.315881
5.724433
6.211272
16.770976
6.551644
4.813890
7.524723
6.436120
6.244684
13.291000
5.599740
10.174484
12.964402
12.602320
13.740805
10.589839
3.673998
4.171243
14.796515
18.716379
5.784668
5.827039
6.818189
8.443614
3.482304
7.224380
6.437957
14.332941
3.567164
11.598912
10.014035
18.189934
13.733640
5.368152
7.319725
11.766878
20.252632
12.349917
2.298608
3.109381
8.725055
8.447259
12.922685
6.789936
12.701020
9.791986
18.568372
11.739059
3.620664
6.014247
15.913138
3.876147
4.374400
4.286842
7.817318
19.850519
12.995493
10.296779
12.815319
13.828513
16.290205
6.014816
6.879987
6.698273
10.714070
3.176791
2.938404
11.884221
4.133540
9.231993
11.504357
19.667281
3.613767
10.763432
12.992785
6.288350
15.575901
7.793170
21.755731
6.831117
2.423577
17.915600
10.262616
25.876057
16.478880
5.178125
8.546377
20.056646
13.657882
11.503987
4.784937
3.392149
7.826834
15.468625
10.284748
11.837911
11.912469
11.952058
17.824621
12.025960
10.967608
8.900287
11.480838
2.708043
4.493119
12.655857
5.746436
21.323636
9.377798
13.708103
7.727665
11.930889
15.244183
11.468554
6.321147
8.319692
17.055925
4.320314
3.938244
15.094441
12.608871
10.822580
15.858282
5.146845
7.266262
5.385082
4.523225
8.604665
14.093934
8.248828
8.215531
17.775278
9.967094
14.389193
8.038161
5.832325
9.330893
4.112617
9.833413
8.260583
4.913794
8.584942
17.023324
15.955617
8.506313
12.044366
4.542006
4.106600
6.866486
14.309927
4.564992
7.991537
13.408483
8.868168
8.042678
33.979771
6.148056
5.302313
6.340769
10.410139
6.345534
12.690308
6.788203
29.153371
12.111037
8.738539
19.154910
6.357724
6.096815
6.476664
9.098540
6.902656
5.645336
18.435109
17.573727
12.436742
13.303235
8.489535
6.446965
5.405085
3.473747
5.726951
15.576438
13.416298
14.779304
15.419698
15.815013
11.230291
5.774257
7.396054
6.917036
9.725490
5.156698
16.079567
7.570687
8.692742
5.837211
14.463902
6.413555
16.060540
8.435969
12.920784
3.482791
5.337814
5.390042
6.973981
5.403269
7.343409
15.403855
16.504842
10.426832
3.408528
2.950432
15.396333
2.938313
3.940118
23.221244
16.804105
6.283970
9.626566
4.056995
9.223303
5.780366
5.178761
14.102870
7.710812
5.812248
7.661158
5.900678
8.563974
6.744665
7.332613
7.856501
9.240687
7.839515
5.676062
9.155635
11.107006
4.854210
11.582842
13.561666
9.690961
12.694650
7.022553
10.025666
8.920237
3.762784
13.355842
14.156655
5.474824
5.941838
13.368432
14.957173
15.268004
8.927324
9.624048
7.606465
5.993560
8.987731
8.258138
6.299592
13.739737
17.893841
8.295423
10.066439
8.274482
7.175461
5.074516
6.228913
8.920755
9.354954
11.360083
8.049653
9.443648
5.704922
7.077498
4.852463
7.300839
18.914901
5.249702
3.333715
4.591975
5.915397
7.766040
8.290926
9.722217
17.333480
6.995021
17.198343
12.947975
7.417871
7.506615
17.236188
11.191418
9.248444
9.177006
6.667271
7.466218
8.115975
8.896647
14.930445
16.864332
3.915291
3.608167
7.744827
6.190298
12.555769
7.317514
7.119711
14.748424
11.060176
6.233560
10.758497
11.618415
8.331549
5.652475
9.825723
4.791657
5.034804
11.248532
12.769506
5.069518
9.811676
12.464755
8.947357
5.015271
5.726156
11.590308
12.693795
6.978261
8.699101
7.179789
6.153623
10.849888
4.837381
24.407063
6.236363
3.282455
12.403991
10.730857
15.773899
5.542224
8.471186
10.865860
9.432023
6.467928
4.543101
4.821665
12.854265
7.593269
4.214754
4.611663
9.283520
20.416710
8.109321
6.118209
4.528686
7.435037
4.885827
4.992088
8.161867
12.634359
10.115464
17.479879
15.443343
14.793363
4.817709
4.537990
8.989598
10.246727
4.794844
4.647934
11.198164
18.669336
13.726880
13.061389
14.949983
7.771001
7.792628
6.526310
7.652893
7.447464
4.603732
6.795228
4.272422
15.564559
11.904120
5.106835
5.689037
9.223679
7.865128
10.972916
8.652120
7.090569
8.442501
3.335210
15.627016
19.802732
7.742743
5.266537
6.046837
11.841030
10.126670
11.448788
8.084034
9.365645
6.022305
8.100577
5.383251
6.596127
16.180823
8.159878
15.384758
7.890982
8.774108
8.159698
24.625282
8.839952
8.511669
9.577191
13.774263
7.918520
5.301700
10.101850
5.339482
3.502533
8.324238
4.497152
4.042441
3.457409
5.149214
6.578446
9.184175
6.679984
7.828721
7.269942
4.883825
6.821031
4.718599
4.113392
3.517491
7.821661
8.446401
7.790796
9.483171
10.248276
11.614308
6.520929
8.143291
23.982178
10.324873
4.366848
8.833028
6.396970
4.607769
13.170232
7.131188
5.275034
9.661853
9.392395
8.440743
7.639341
7.109528
8.510055
10.863179
5.513037
8.213469
11.851222
7.754658
14.566747
24.244648
7.016783
11.423202
6.201938
6.354001
6.021902
4.891498
9.367926
6.101670
12.224672
5.309033
6.210706
16.232916
4.898347
9.619429
2.867573
4.449347
3.059887
2.969836
7.155951
6.066213
3.833075
9.264810
7.780501
4.440457
6.934811
5.408445
14.027262
13.660190
7.711389
12.033186
9.736497
14.369116
21.560581
18.522334
7.057040
3.846200
4.311762
3.402170
14.442074
10.934088
11.352417
7.970072
7.180694
8.603481
16.975717
13.558912
6.121966
12.235613
4.252594
15.232347
5.528800
8.002032
9.902031
7.038356
15.373520
7.564665
3.070573
6.386464
8.398040
6.017870
7.536529
7.531310
12.873543
19.905921
3.932080
8.444551
13.162574
12.769528
6.883454
6.640210
8.342157
10.666051
12.158183
11.070252
4.680450
6.525409
11.388923
11.099043
13.078525
11.094082
8.841068
6.975476
8.326665
21.031931
6.581242
10.971326
8.444546
11.003193
10.650047
6.577674
19.866387
10.929077
5.717583
14.153150
14.972437
5.630161
5.796395
4.539120
8.478062
7.712172
13.103091
3.837672
12.501344
16.240558
7.911183
10.719052
5.053431
11.831602
7.041190
5.803587
5.354123
13.662237
14.191643
4.847565
4.246893
8.945614
14.754461
4.594065
9.498316
17.397491
12.911072
21.117931
10.545166
18.899476
20.879458
7.202314
4.665917
16.468637
10.656771
12.136860
6.826492
2.100647
4.744456
8.215336
11.694317
9.717207
8.331337
6.553501
7.927210
10.473885
10.995100
3.161319
4.116858
4.687092
7.029108
5.056528
8.290708
11.040798
10.570199
14.322859
9.351829
10.387849
27.660620
7.393187
4.658103
3.994484
7.451835
10.759742
8.626133
10.255150
13.747564
8.812531
10.516533
6.368012
6.272646
4.198220
6.435106
26.129052
8.959990
4.109359
6.948168
5.916096
18.194868
9.703078
8.619194
7.769866
3.808330
6.266227
9.986204
7.320931
8.931384
18.924339
5.969093
2.833641
6.432297
12.229251
7.581074
10.113882
28.064023
5.823984
3.441821
14.351139
5.666584
8.946826
5.840240
4.575664
3.960949
8.731769
9.072837
7.537949
7.567960
6.125474
17.819525
2.984192
3.003586
3.657343
5.282369
12.422525
11.203954
12.597633
4.335410
6.308865
2.816917
7.378997
5.835110
3.478844
4.126212
6.808399
8.646032
5.879769
8.900160
6.068217
9.789158
12.734723
11.510048
18.916053
12.059195
8.299923
8.628571
13.843869
14.288552
10.782971
9.733775
4.679653
6.821059
17.290135
23.468410
5.335783
11.763906
6.674812
13.438994
12.622566
7.357448
7.937384
7.503910
3.398200
7.646360
14.165161
4.188015
8.101187
4.802681
8.735364
10.911240
4.496395
9.652067
18.095189
6.146581
12.019777
9.239745
9.409701
13.805725
7.693737
9.043352
4.901553
3.546235
16.555301
10.657609
15.595741
8.881350
20.848064
12.628305
10.505338
17.488579
5.855583
3.406049
7.821502
5.832312
3.039529
7.277245
8.273957
11.079908
19.433439
3.294562
4.549885
19.818887
7.445477
11.285174
6.456499
11.352434
9.047402
9.393344
13.205332
5.041063
3.281062
8.877930
8.662979
9.177783
13.578478
5.811726
11.082418
4.767552
5.644976
21.249717
10.565367
7.476259
9.961634
12.271263
5.542411
14.768153
23.057612
7.223686
6.064761
14.430069
9.564217
12.270734
7.268290
7.468528
11.616858
15.365722
11.939703
9.603283
7.702344
16.822288
6.518034
11.783729
8.031800
13.481918
14.810274
5.340685
8.564315
5.742406
10.208355
12.482223
14.240792
5.139103
15.448444
5.121906
4.743027
11.311542
8.162668
12.807319
17.422002
5.093140
6.489848
5.240095
2.954941
9.039865
24.274927
6.024760
10.921380
12.281781
10.058332
15.388133
6.252063
16.007033
4.733627
4.045511
11.886667
6.703907
10.865227
10.416804
6.760011
4.964986
5.229301
4.524106
2.065535
5.733096
3.802802
16.420981
3.040916
6.170077
25.656059
5.709759
3.313468
13.274494
8.647735
14.632919
18.150177
7.552649
2.816465
12.645134
12.184161
13.953293
4.440680
8.046012
6.733565
5.851437
2.934389
6.668917
14.873904
8.568518
2.579676
8.763186
2.552748
8.496548
4.921886
3.554191
15.278155
7.433579
7.485155
9.254506
9.463793
17.119038
7.216045
7.403518
24.128623
7.093745
20.801149
11.658892
13.397398
13.847041
3.800767
7.133335
4.327093
8.343999
9.009876
6.866197
21.394366
5.740926
14.579907
10.436399
9.373096
10.368993
6.635599
17.602872
8.762680
13.998599
14.798657
7.837940
9.525416
10.749794
6.500879
18.725742
12.057183
4.005481
4.122279
10.285519
12.320816
13.881567
8.892216
11.824289
9.234517
6.534664
11.478075
6.074163
7.119658
5.160217
13.297441
6.642124
7.292420
13.837889
3.220822
12.518561
7.281884
9.226507
9.693754
7.645803
8.039904
2.791698
9.529953
20.263771
5.188930
4.360521
10.440617
19.544155
12.417654
9.955485
11.634313
8.960015
15.764345
4.899790
4.287093
13.768068
17.383305
22.706041
21.715389
5.392884
3.716021
4.716381
5.362097
9.890384
15.437220
23.037982
22.430731
9.280796
6.117008
13.552485
9.066005
7.332481
4.362049
3.782108
6.698363
14.937077
8.750300
22.380465
11.958471
13.381438
11.417656
4.092008
12.088999
3.991134
22.386961
17.489254
4.622464
5.583022
11.607613
12.101542
7.200161
4.037788
2.740998
4.614273
3.222415
25.806623
21.064872
14.900922
7.917402
7.287912
17.728431
6.493972
3.032391
6.274216
3.994331
8.033188
9.079912
7.033039
6.348842
8.066954
4.053083
10.641890
7.526771
6.985876
3.587389
17.258883
4.253677
5.089399
8.538175
4.616680
6.644091
6.343907
11.443269
11.718528
12.612528
2.779855
4.853620
4.454451
8.190427
15.376353
10.420323
6.193361
9.096077
7.736921
13.791610
5.985393
7.555400
4.670408
19.723281
9.997414
9.513570
16.537571
21.408960
14.663021
35.644871
12.729737
14.362610
7.895587
3.351210
11.336516
4.410013
5.414573
6.898421
2.787908
8.447526
8.474949
6.017537
4.155874
2.611957
15.795067
7.815060
15.945372
9.131810
10.702324
6.682428
2.421791
11.609744
17.808218
5.343982
7.065068
7.138161
14.499277
10.863619
14.229561
9.393695
5.937919
10.894507
8.469389
15.341353
14.231554
9.195801
6.241369
7.072174
4.312202
10.213644
14.203196
16.103123
9.691172
9.866465
10.254839
6.323282
8.001504
3.774949
7.168260
6.699531
11.918776
12.354657
6.971307
5.288618
6.989706
20.123238
12.734168
6.820361
3.991814
11.130875
4.235493
3.985425
15.256734
2.731065
10.614831
15.726612
3.430125
6.615134
7.785039
17.358655
11.961841
9.952295
15.902749
11.631546
7.261289
11.455136
19.006317
7.816250
10.598764
8.929244
4.414030
4.538036
2.820740
5.215359
17.325143
7.812501
19.018192
18.783959
15.964005
10.634843
5.524704
9.054957
4.483243
14.023099
8.197103
21.466906
19.590111
8.069152
7.075253
8.965491
7.425991
7.684937
11.329062
6.697215
14.479261
5.394586
15.320197
4.721225
9.013970
4.502973
5.673243
11.385456
9.843429
11.683067
14.382803
22.661321
12.024545
10.291810
6.585973
2.858117
6.062171
3.225670
10.738362
14.155955
5.885697
6.243923
9.197284
17.651304
10.280424
5.486743
14.341703
12.047892
14.593367
4.301118
4.681032
6.450361
20.554862
12.087066
4.805857
5.225197
2.976074
6.808396
8.526774
5.431043
7.305673
12.351425
5.321389
11.189138
4.798317
13.847798
8.378958
13.464327
11.384393
8.909067
4.738622
13.997801
6.508324
5.537979
10.234498
4.594854
2.637995
7.301314
4.053273
9.516105
12.146599
10.442912
8.107697
10.389293
18.025338
4.786550
4.324470
8.071396
4.180990
6.709473
2.172625
5.234080
7.664272
5.551164
5.574303
5.517307
3.522422
13.313077
6.347193
5.776883
7.859947
7.044372
6.696259
3.652956
21.268902
5.604637
14.062042
17.823389
11.942321
9.498235
10.363988
9.381229
2.349751
4.434264
10.575657
3.530917
3.772265
9.550123
5.586291
15.945923
7.109005
4.828883
5.586982
2.495898
14.354713
6.978812
7.090887
7.460701
11.156332
6.796737
7.819983
12.200184
7.451915
5.914640
8.626423
7.098935
5.028926
5.729812
9.731928
10.896415
5.420434
13.516532
20.243457
8.726073
8.960101
9.777399
11.452880
10.735876
6.595725
9.943939
16.950714
12.320565
8.997212
14.561356
14.645327
9.025342
17.203173
13.446554
9.016530
13.859236
12.268168
8.932200
8.036815
10.712692
15.033929
7.898731
13.428272
10.171164
7.983603
11.641170
7.253575
5.685944
5.954395
4.981318
11.790790
4.042759
13.122929
25.433702
8.254348
12.314728
7.188806
6.561160
8.708347
7.335150
7.271368
2.813417
4.353708
4.393013
12.358001
4.059059
7.413723
4.722495
13.872508
13.549024
9.149247
10.086638
4.650363
11.147299
5.850466
8.651932
4.184961
6.310331
12.297762
17.084668
14.816107
6.677003
16.612000
12.062821
7.877466
6.411214
13.178436
11.211846
15.105906
6.722491
3.546526
19.473946
3.216312
5.173696
15.081384
7.103113
8.443520
9.707938
6.941035
5.050560
9.269876
4.883562
6.239719
5.284849
7.091282
5.894129
6.822827
17.650750
9.355440
7.629881
10.580925
6.377256
3.197445
20.615980
13.816252
9.735474
16.062615
11.159414
2.113029
3.527033
7.077870
7.545896
15.188687
11.013880
9.225171
9.819283
14.441914
17.260675
4.899913
4.245391
6.433788
6.839354
4.905691
5.055079
2.898543
7.864207
7.939183
9.435089
9.079895
10.656747
8.589198
16.216778
8.265071
6.055019
12.365051
11.565028
7.859427
3.607271
14.465533
13.712094
14.885827
11.142244
16.031925
5.641331
6.895393
9.450509
12.072266
11.743387
11.493214
7.615657
7.340754
8.498302
14.597457
11.539395
14.595451
5.715734
7.885743
5.221539
7.985440
9.250948
4.434920
3.982765
9.253473
6.455866
12.436542
3.757469
6.676909
13.125166
8.663317
4.193783
15.140046
4.430708
8.713258
8.296266
7.094010
10.182773
10.318810
20.643076
8.476250
16.980119
8.292297
16.498598
4.120420
4.515609
20.719472
8.973797
5.363628
6.228471
4.006038
12.738773
4.407715
6.173060
9.816152
16.531823
10.568406
7.983430
12.104026
13.008292
10.727857
5.216204
17.826994
4.700144
13.014873
6.163137
12.985489
7.331745
6.977190
17.019532
6.644303
13.442819
6.762809
2.453743
13.773806
12.674595
4.570070
5.250419
9.057730
6.407305
11.838807
23.041492
3.615996
9.457899
7.976262
13.245771
14.018122
3.395646
5.858031
6.374823
9.218245
8.454400
4.276863
3.841618
7.898045
5.346164
14.399128
12.607094
9.779327
14.279876
6.923450
4.128230
6.485457
5.729623
6.153137
8.848104
9.390866
8.341189
10.389797
11.577038
5.747820
9.870168
35.151403
9.842107
5.860938
7.005189
6.605064
9.555376
10.993589
5.102542
16.669283
12.622313
18.400031
8.601691
2.987117
3.936364
11.263224
9.221866
17.527793
9.273385
11.137612
8.214489
8.640069
9.166431
8.684080
4.714811
2.937255
12.913553
4.490426
7.514906
6.687943
13.883362
8.562875
9.032632
7.763614
8.718776
3.158404
6.975565
6.610412
15.561243
7.061830
30.898340
12.525330
7.149363
8.931971
8.597713
6.590082
4.907743
8.211574
12.071379
7.739167
19.255596
7.465902
9.796305
9.088863
7.563529
16.487915
11.067034
11.325513
8.660249
13.367607
7.054974
3.856515
16.291498
8.859478
11.701508
7.988041
17.695383
10.242849
8.697704
3.947145
13.822137
4.490652
6.188477
7.987983
8.022100
15.062037
12.364098
10.568909
10.903101
7.692009
10.888811
6.387675
9.825962
12.108884
13.313757
13.025988
11.404605
6.892876
7.730243
5.494951
8.120697
9.895967
8.122708
6.764317
8.115294
7.221897
7.585243
5.754663
15.740230
9.499225
3.543233
12.301736
10.231285
27.483354
7.709396
8.344165
18.865760
12.222733
12.293217
14.314246
7.406387
14.135233
14.302214
17.805233
10.048200
19.971589
11.558565
10.483526
5.232885
7.980991
10.541361
4.193391
7.509705
7.667616
8.158766
6.559432
5.284070
21.553361
4.825991
8.193344
11.160077
10.444313
10.121591
3.082588
11.369592
4.128084
3.413440
6.945018
19.460223
12.015450
5.884719
10.219750
7.750088
10.301401
5.122807
3.777271
18.297622
3.660115
16.264698
10.308082
15.577152
2.460382
4.642418
8.453398
12.271278
8.785194
8.585652
13.759962
4.168791
4.900042
13.909723
9.620742
3.798058
8.561774
9.701428
11.200074
15.587887
7.969739
9.674015
7.537505
11.507263
7.320889
10.233848
8.074638
24.569087
10.982750
8.235787
7.929649
11.316745
5.764576
4.542529
6.862817
10.090085
6.789638
3.419440
5.961820
6.146444
19.321698
9.650611
3.239530
6.679101
5.714240
9.295895
5.083002
3.020170
14.108496
11.428245
5.607728
17.390289
5.587913
13.598999
22.463537
5.642704
4.761662
9.367454
10.847511
4.980824
10.835891
14.693586
20.093511
7.023429
8.247415
4.593398
3.801875
17.366647
18.545904
6.290916
3.559379
5.818806
5.977321
15.344621
11.421891
5.999195
8.646245
11.988581
9.005819
6.339445
10.338244
12.107023
6.118860
12.660460
8.813461
4.774653
3.296343
5.604068
8.676260
10.814455
4.985039
6.942802
16.983875
11.242168
8.534195
5.030191
11.310304
15.009895
11.845291
11.703516
14.034955
15.581739
4.367938
7.151105
9.073181
7.898039
4.548344
12.579846
4.101335
7.534570
16.060230
14.381763
7.074758
14.798614
16.471347
12.858076
20.622438
9.986868
12.441573
10.207388
7.099084
12.277227
15.476835
3.529965
7.365109
6.318285
14.494337
7.391080
16.547339
3.554695
5.597993
12.252727
17.095259
12.760219
3.467319
5.381867
7.565223
31.420320
8.267818
7.187804
8.205758
7.749699
17.430764
5.906104
7.041020
11.049911
4.285938
4.265878
21.006228
11.148816
6.831615
3.347317
6.496506
6.450593
3.084521
7.873771
4.576456
5.245144
5.035350
10.108099
6.587944
3.805716
18.189152
8.814484
11.249361
19.297251
10.625451
8.645426
8.621709
5.059591
5.482927
19.363170
9.844302
16.226744
7.683289
7.228305
9.230126
10.113016
10.758547
4.273028
8.313039
7.697101
3.532162
7.950294
13.275871
10.798097
11.230533
8.847183
7.065429
12.514776
5.282350
4.506731
24.116796
2.854431
6.286968
3.233326
4.305258
7.078830
19.565361
12.377048
5.934650
32.068091
4.374615
4.228621
7.184821
9.986249
5.092724
6.644377
4.430742
9.751195
3.020058
5.488340
22.289281
7.920494
7.911448
9.645556
10.154429
13.709356
6.249384
8.895866
25.272881
5.355431
8.276154
8.630630
6.333848
11.703561
7.616664
9.303299
12.140869
7.299121
2.954928
5.207540
14.045766
3.568630
3.938423
12.420490
4.825131
3.636678
6.476392
13.006797
9.261273
10.433460
6.779922
12.084880
7.137177
15.080593
7.183314
13.856694
6.840782
5.636306
24.638253
9.213995
5.026909
17.400345
14.459844
4.328465
10.141652
9.882012
5.096752
9.450584
23.973953
10.999530
7.809707
3.648882
6.967104
7.343429
6.737615
16.161565
15.153936
6.613846
10.351514
7.961217
7.400536
4.896094
8.337556
6.146869
5.056244
8.208555
10.660449
8.883898
5.102951
4.596677
12.168008
14.140182
7.656055
11.556698
19.473552
13.297129
5.922365
8.558223
16.404405
10.789696
13.733161
4.102015
8.475594
6.740599
6.152219
9.319998
8.983058
8.234780
4.483001
15.511840
7.235690
8.681670
6.686249
8.763924
7.519681
6.418067
6.452974
10.344845
5.944555
7.266172
8.595857
16.603760
18.594525
15.067514
8.848743
5.130110
13.083306
9.329307
10.958637
8.783835
5.593933
7.428326
14.812583
14.222744
9.100624
15.563476
16.805913
6.423780
23.765500
10.340543
16.827862
5.302208
5.543890
6.578263
28.402174
4.137833
4.761579
9.124428
9.864718
8.713221
6.936403
8.698984
7.367820
9.361027
12.373902
13.167902
9.320212
10.596286
10.553203
14.103224
4.690376
5.308236
9.153091
10.084135
8.875889
4.084673
7.356844
5.933572
7.990017
9.336317
9.553540
11.123973
10.716842
7.471919
5.552921
8.930229
14.542598
9.250419
3.551712
3.754216
4.453573
14.005073
9.799875
4.990711
15.588289
6.423287
5.189379
9.186570
13.777019
9.231720
12.230866
12.509305
8.277413
16.091865
9.519405
8.366550
5.455138
2.137835
13.547491
8.375282
6.174895
7.947971
12.099748
18.902095
13.226177
2.855137
7.501504
6.994295
13.328169
5.129495
15.491270
7.977711
7.181770
10.189498
7.536685
6.254292
6.940256
6.951232
15.258386
9.860797
3.662232
4.571700
5.038437
3.854511
7.721649
4.696153
6.626002
4.844388
3.334670
17.912513
10.964073
9.927775
15.643395
6.377488
9.943855
7.631232
11.194344
5.583934
3.517348
7.745916
4.531459
6.114234
8.853770
3.703625
9.184676
26.554720
6.452320
19.391646
17.082946
14.018075
18.860384
3.770390
12.963752
13.248344
5.197642
4.455652
2.918610
7.194238
9.608955
9.711569
12.342973
6.180339
7.227144
14.598638
10.058299
9.898940
13.402227
13.735061
13.234356
24.576002
12.602060
16.534040
3.812503
4.941183
12.727301
19.780845
4.426497
5.730812
6.252163
13.336368
13.336193
10.856027
8.748797
15.425525
16.150839
13.846966
12.517320
5.828081
5.078438
7.068689
7.992661
7.222168
11.542103
8.989215
6.254223
11.813087
4.869990
6.800245
11.390631
23.806975
5.101853
13.094363
2.171031
6.529607
12.264536
4.240028
3.779116
12.890223
7.461569
4.378210
5.901249
13.332833
2.740146
4.483252
13.461838
4.547878
6.403891
10.819840
14.389720
10.109646
8.837130
16.888852
8.853109
2.519501
5.751083
10.587766
5.674268
4.326207
15.270505
10.320624
8.620581
3.963041
16.757432
3.620443
5.214413
8.254263
6.943933
5.796163
14.139285
16.110532
12.254436
5.246916
5.362742
8.615535
3.970857
9.237362
9.176768
4.239967
7.076836
3.745606
10.250622
20.562226
16.068243
6.813534
4.251016
10.176514
4.364577
7.383317
4.196628
7.227779
11.306064
11.403649
5.781675
2.916427
5.111492
20.468339
15.677154
12.647105
3.427708
7.879959
13.169685
12.088662
12.804199
6.188401
9.392909
6.132139
8.432172
9.190237
12.729091
12.631150
5.744448
11.401790
17.389643
8.468197
4.867836
7.963462
25.050745
8.784520
12.516760
9.431416
17.548283
6.768239
6.952287
9.075876
11.281841
7.228231
7.127216
11.810754
12.047115
16.065871
3.560143
9.080761
3.677478
11.624652
5.187119
5.293742
5.079823
11.225632
19.717255
5.891810
9.871248
6.241985
7.203014
4.444985
15.483205
5.830822
8.339178
18.203496
16.651134
12.995641
10.198795
7.545881
7.627973
10.478260
9.331234
9.967824
6.458030
7.779762
8.157433
7.921704
9.568897
2.762572
22.863696
15.089727
14.128754
19.554704
12.771453
4.572256
2.474116
8.156492
4.800351
10.219961
11.122397
11.707926
6.063712
7.649953
17.506554
14.659028
9.612984
6.909705
3.861729
9.902942
9.265752
6.617637
11.827872
4.533231
2.592911
9.282898
15.531879
9.475333
9.368437
10.546309
9.303047
10.478408
3.068994
6.454151
13.736746
3.160235
8.245202
11.772269
7.855326
3.009543
5.063122
10.362701
14.944769
11.216569
8.545808
12.073487
7.127490
4.944292
8.318945
3.193216
8.265165
11.316356
7.802744
12.160260
2.155844
3.584099
6.494201
5.631951
7.736175
15.342581
13.651273
15.030655
8.568685
6.627635
9.251391
14.110760
10.960003
9.179420
24.075269
3.723188
7.385962
14.675455
11.568659
18.389760
9.608795
11.368724
4.862258
3.382294
4.670280
11.313531
13.710711
10.409314
8.167315
4.953980
8.614297
8.904150
6.069140
6.709331
6.808898
13.454270
30.367375
4.188851
15.402299
16.129649
6.854015
5.554071
9.505711
8.930060
7.270963
4.945998
9.654345
16.662516
10.233599
9.997681
9.840937
8.097447
4.723280
9.144427
9.650867
11.495725
17.305153
12.453784
7.341975
14.711160
11.017026
6.498908
7.364709
6.679878
12.600195
11.984242
7.490209
3.855511
6.999027
9.139580
7.056390
12.021870
11.113294
4.942613
6.691611
7.037225
9.525774
10.972285
6.316580
9.254874
34.009797
6.869908
22.984648
10.020467
12.291538
9.255945
5.970835
5.210882
7.502639
6.274406
16.575614
8.605056
6.076910
8.755432
8.615396
18.046724
8.291218
10.784780
12.501365
4.641883
7.905297
15.599424
5.650182
7.721327
6.764185
10.528643
22.218928
15.992495
9.648407
12.760390
4.913662
7.024535
5.919262
5.696123
7.708087
7.605879
9.004878
6.664424
4.914531
8.589091
21.957005
3.281925
5.289202
11.096968
3.657480
4.796996
2.975283
11.601329
7.402245
14.423614
7.174438
5.872969
8.397441
6.817250
11.147648
15.382449
10.794551
9.170894
12.495392
17.092743
9.916894
8.990436
5.946854
3.704250
7.449398
11.139399
4.216202
8.292942
6.406043
6.512398
13.053237
4.634102
2.896284
10.223767
5.120857
3.118461
8.157983
8.077135
12.805597
7.991412
5.089507
6.054902
6.157574
7.787847
6.568244
8.717064
12.521806
19.617896
14.165033
11.723083
8.607116
8.381254
10.641454
12.123805
6.350972
4.479372
4.419566
3.177429
22.465519
21.071459
10.410156
13.282986
7.742273
7.418169
13.876321
7.306144
18.109307
5.750433
10.512707
9.581625
11.429033
8.634962
8.412404
9.498260
10.026160
14.506819
16.255328
16.121783
6.918122
8.493700
4.877068
4.467449
5.055678
24.014269
9.303095
11.084076
8.078383
4.678429
7.508884
9.572768
9.742711
26.311378
6.424432
12.501392
8.982934
12.908275
5.369930
10.761258
5.439026
5.914060
4.300971
4.384755
7.374445
16.926297
7.029693
9.694778
3.285826
7.202278
11.780512
9.681305
7.304388
8.166037
11.961021
4.942673
10.973675
5.936643
5.444576
9.050853
12.091719
4.767451
10.315766
6.249649
10.408520
9.555015
3.554005
4.281678
3.225811
9.501602
5.065643
11.861621
5.917462
8.965158
21.535106
3.165037
8.316854
10.355581
13.531070
9.242329
3.779860
11.855055
3.935588
10.736517
5.670454
7.107991
16.271842
8.751673
7.883893
13.645722
7.903961
10.365045
9.278652
8.411504
8.450788
10.717334
9.286380
7.891350
5.008225
8.210638
12.641108
5.662166
11.328584
10.411176
6.467039
10.737763
19.472770
5.448996
16.079294
16.055492
16.284942
8.524381
13.263302
16.481845
8.906414
11.113348
12.739161
7.790142
8.473076
16.459134
4.030488
3.818812
9.059985
10.971313
10.008325
6.917432
12.416628
6.881775
17.540179
11.189317
12.514738
7.092096
18.250478
5.419048
11.165142
6.366173
7.839590
4.868012
6.560897
9.488978
5.803383
10.295665
16.378842
20.912775
10.414093
12.226871
13.010413
12.561219
6.514907
5.200188
6.100016
8.235412
11.247879
4.260705
5.979008
10.970022
12.141817
12.863232
12.491733
6.502275
8.122007
9.900411
12.297029
14.321269
15.244404
15.626742
15.035864
11.559271
12.385165
8.296009
9.053734
4.129648
10.495004
10.475744
16.438986
4.619959
8.686697
8.970560
4.481121
5.460799
10.227600
6.789227
6.046811
10.540571
7.900261
10.171628
12.059477
7.927384
8.911945
16.807489
10.246230
18.615712
8.603247
4.672203
7.022501
4.847825
9.118978
9.931876
11.381303
10.460849
1.937304
3.381097
3.454149
9.758736
9.779315
7.679076
5.448718
7.782229
9.959772
4.830397
3.759174
8.882269
5.512717
5.643739
12.966538
6.368040
8.385963
25.237414
7.535485
6.649758
5.063009
16.361294
8.862613
12.111165
5.223873
6.870657
9.282575
15.213944
8.383217
11.638734
4.719341
5.579884
3.934790
5.447096
9.463987
6.367732
5.621923
8.877035
8.709315
6.986004
7.652670
10.388264
23.727169
22.440038
9.518219
16.571300
8.968334
10.938424
10.629962
6.190247
6.344777
14.765853
6.334872
5.209890
7.052290
8.046564
5.684996
4.511451
5.108424
12.818147
10.736621
5.880131
11.527311
13.247825
15.860558
18.039909
16.974976
18.470339
11.610496
6.772068
13.669096
5.399959
6.557672
9.134050
11.155802
10.312097
7.911867
14.056004
19.556478
14.991037
5.087572
7.983713
8.775241
9.905641
6.728311
5.539082
3.320044
3.755475
3.179354
10.043248
10.752504
7.758779
4.679087
4.398433
24.921967
14.500205
7.448605
4.043306
10.966023
9.282498
7.150402
10.358063
17.455499
14.672709
12.736895
4.360766
12.007177
11.194856
4.927215
8.010048
9.926878
5.450384
5.777112
4.374913
8.662407
4.862759
6.567219
10.495375
28.346232
15.773564
9.468384
10.393091
4.247457
4.730422
9.666530
13.480766
4.160959
10.235933
18.100442
11.124421
11.806876
5.892155
5.843699
3.808815
6.222871
14.324998
5.591165
6.531520
13.030518
10.784613
9.836429
24.669540
10.954795
9.831485
15.360637
4.667969
6.583541
13.085921
14.396550
14.680157
9.187950
2.930025
4.566805
7.344204
17.171773
10.788218
10.007633
8.210653
9.327414
5.727815
9.535507
8.748969
6.547930
9.230523
10.048121
7.894206
6.853876
2.979449
5.430811
14.323848
5.786137
7.186301
10.668097
5.200709
4.286671
3.341429
7.097711
5.913539
3.241056
4.278079
8.044137
11.766025
9.552255
5.692036
9.840459
4.418447
23.811851
18.189092
5.413159
5.793623
6.695200
5.908457
7.187472
3.248821
5.815351
8.740816
12.961519
14.515200
7.093085
8.933397
9.045962
14.925190
9.860449
9.444581
7.293295
5.904067
23.613166
6.369399
9.772124
9.839989
5.600622
5.481589
5.425241
12.691376
8.267774
6.017665
6.366694
13.436959
12.981330
24.161694
6.018622
8.609781
3.165500
2.959825
7.672453
15.670589
10.402369
13.759496
5.558028
4.166376
8.767797
3.295257
5.788233
15.072954
5.208231
7.407902
9.375777
17.481601
8.577687
7.240645
10.912788
17.698056
6.469676
10.740361
11.429894
5.898105
9.973220
16.254243
7.066441
5.971225
7.252323
8.319423
8.917582
11.883339
9.548797
5.392172
4.294944
4.056137
6.078232
11.200283
11.803519
16.733182
3.133163
10.346085
7.441686
18.681286
5.990124
7.271366
16.061884
9.512754
10.575968
19.871100
10.795023
6.047781
6.527798
4.776791
12.894653
24.590833
10.920856
5.988062
4.378839
4.315503
7.252622
15.285617
21.630189
3.834730
5.734170
10.408265
3.163337
3.710816
17.095703
7.605573
6.480202
7.768525
10.113188
6.196602
10.291416
6.370688
6.791708
8.868099
3.137319
9.524224
7.155738
10.774214
23.621454
12.798435
6.920678
8.393101
10.512358
6.219293
19.834460
20.927133
14.636340
15.380638
18.850073
5.470943
6.510282
2.971117
11.450162
7.284600
10.003210
16.844468
14.814698
4.887243
9.155302
10.117894
6.585692
4.001558
6.829783
3.547220
8.241497
11.884839
4.020244
5.239311
10.317965
7.230772
11.649730
14.094518
5.007188
6.269632
6.729183
6.640769
14.269130
4.103720
6.108532
5.180948
10.618718
3.612566
6.508051
7.194130
5.462334
5.501617
3.753666
5.424069
9.299531
27.486447
13.803457
6.013775
11.143745
9.820246
11.388875
7.081551
13.397273
17.648066
7.080894
8.945486
12.325882
10.899483
12.692394
17.731104
6.739599
8.437124
12.352984
7.912484
7.302689
5.431458
3.462416
3.483433
19.571717
10.292768
3.798667
3.848402
12.762412
7.148793
7.513077
9.295599
9.378420
8.179000
17.004201
8.551589
9.467010
16.665610
8.242767
6.960478
5.386522
3.131034
12.125754
5.258158
7.198740
13.179011
4.989838
5.711581
26.470289
6.437610
7.463962
4.786033
7.643035
6.510188
11.337220
6.856048
12.327796
8.931834
6.423375
12.843994
5.253213
4.438329
9.281302
6.140964
10.132674
5.454798
5.731675
11.248609
8.983521
6.489426
7.806307
4.597903
3.066710
5.482395
3.525131
3.335052
11.724473
3.902509
3.932253
8.179340
5.319749
9.283874
2.786340
13.780367
20.694418
15.195284
9.101516
7.619607
19.453970
10.316022
5.839742
8.998532
22.965907
4.748263
11.805558
11.223921
9.151122
12.579738
6.558770
4.322276
7.464224
5.882277
9.871586
5.875298
9.847690
4.932528
13.748236
8.684660
6.326465
7.949806
5.204961
10.530227
14.594517
6.912317
3.594395
6.741720
9.231521
16.093328
22.951140
7.839739
9.430493
13.100338
11.197782
7.787611
6.899414
13.755241
13.186388
20.664326
5.304025
8.701555
3.477959
3.170418
18.563062
6.870845
6.062746
2.859063
3.829667
12.246535
10.915769
10.534602
4.307263
4.864867
4.736258
4.822175
27.566956
2.207701
3.095223
8.201434
16.375967
7.796416
9.198547
7.820243
3.962215
7.415825
8.993384
10.321899
3.750549
7.096818
22.457430
14.781363
13.084435
13.845938
26.437383
7.848545
6.634781
4.624174
6.690388
10.230185
13.407064
12.542790
19.190198
11.601249
15.223539
7.106129
11.153350
14.375598
13.917389
7.060366
11.898341
14.417072
6.201449
5.108649
17.567931
8.513188
3.469770
6.276068
15.309550
10.639448
5.217846
5.124614
21.434364
6.517538
8.418649
9.626723
12.090146
7.078259
3.088312
3.088725
4.538801
4.448362
6.773688
8.909947
18.053236
2.617222
3.540600
3.627565
6.548774
9.015732
11.475698
6.075286
14.767103
8.433130
14.613348
4.708832
9.601586
7.427655
12.665207
10.818664
21.946471
10.906568
5.651859
6.200850
7.036222
14.403854
4.516612
3.844262
7.094439
11.909862
6.156067
5.578851
10.863340
5.195303
7.438307
8.440502
13.052239
4.638464
2.226042
7.026577
18.999442
21.844605
9.522848
4.863150
8.373177
3.191267
3.388919
10.685858
10.004921
10.330302
10.504206
9.082809
11.199478
8.732213
6.994111
16.743127
12.759319
8.335487
9.858545
8.220230
14.794155
20.045296
17.506483
9.321539
12.885792
12.962034
13.809246
11.754127
8.448521
3.435686
16.993329
7.761678
6.010355
9.228443
11.336756
20.177609
7.791324
8.678710
10.986723
6.917014
4.890097
14.030138
16.374720
10.467793
4.265698
13.106771
16.769091
12.663014
10.193814
8.296207
8.327070
12.304548
16.034655
12.714607
12.110157
4.739028
11.312335
5.630460
4.130225
8.513192
6.277361
12.906981
15.889446
5.111878
11.583106
12.485749
10.615950
6.778065
10.124152
4.987174
16.665553
6.879524
8.129400
8.982516
3.772609
8.699048
14.284350
15.046561
7.146884
12.232830
8.326644
4.940761
9.580810
11.773440
11.508907
9.479240
7.902877
8.524502
14.571067
8.637514
7.903847
3.192093
9.268480
4.940020
6.976729
6.959447
6.988466
10.793877
4.155333
8.618515
10.941952
7.298252
21.371458
18.856121
8.441505
9.395437
14.255552
8.607776
14.741206
10.500544
5.598878
7.909531
9.698408
17.972458
12.793104
13.892500
10.270957
4.065834
8.007259
3.696365
16.560243
11.602925
11.619321
13.243584
6.851848
9.470898
6.742549
11.168815
4.492070
2.370280
8.745343
22.032043
8.702728
11.617232
16.810347
10.405752
6.690780
2.302607
4.711112
14.702160
11.642106
3.500095
2.502051
4.632005
17.294708
5.312732
7.555735
5.925957
11.932970
3.777457
7.285518
6.562652
6.665227
3.480349
7.987156
14.576286
22.533834
13.157311
22.911510
10.005994
18.288791
7.549701
13.683742
5.839524
6.405027
11.695360
5.358841
7.955116
9.576218
13.736112
4.266375
5.568499
12.914206
5.706608
12.093302
11.213474
4.398343
10.995506
10.006360
15.889305
5.273500
4.664995
9.784079
10.876121
10.825482
7.413162
9.341384
18.322557
8.695336
5.748056
9.453870
6.243876
10.148017
8.662989
7.426209
10.424737
5.931324
9.976595
6.436335
7.964425
7.037310
16.350723
10.331922
10.269726
7.115208
5.035233
5.627139
6.180276
4.625557
5.996607
20.739367
4.010323
4.893928
4.412255
5.392669
11.312021
8.753768
9.467391
5.742987
11.418224
6.370823
6.972574
8.548396
10.026767
5.772261
13.149100
12.228800
10.399637
11.078567
6.214662
9.023800
11.368101
10.422475
5.001031
4.433888
14.768684
12.731966
13.952446
6.672521
14.140600
8.271128
11.133519
14.001841
7.316594
12.364516
8.961794
12.599262
3.054173
13.065054
11.444443
8.874723
10.368234
10.142482
8.225361
21.860243
8.420548
9.209477
8.915551
7.604515
7.286998
12.484349
22.824065
10.008570
10.241102
5.466198
7.732576
10.520100
6.176839
25.520064
15.855862
9.886638
18.018104
5.281333
5.306720
11.675453
6.836574
20.091843
14.909486
23.892946
8.712017
7.423461
10.434879
13.095080
9.840293
5.973485
10.523982
6.500938
7.323817
10.734926
3.808492
2.993706
5.571516
20.311563
6.673257
15.322343
10.282098
16.739588
5.744727
6.712750
11.953050
17.107839
11.700128
6.546225
5.375538
11.406998
15.386199
11.410579
10.703815
9.736029
12.066846
9.207476
10.806289
10.150112
10.244505
8.422849
7.979834
11.517989
7.142544
16.692109
5.711801
5.967594
12.036403
9.636822
5.474275
8.396369
7.066508
12.287479
10.287403
12.840931
4.899372
3.628430
7.208484
3.043559
3.793423
7.988583
4.683142
3.214954
7.834083
10.179873
6.316343
11.773996
8.331715
6.162296
10.077077
13.718720
9.587793
4.144033
4.849851
6.707518
4.329279
4.014636
9.902764
5.821589
12.649505
8.585119
12.349482
5.743393
12.061461
2.739234
24.178630
11.996272
9.300788
4.540581
5.789185
11.250475
13.673290
3.052670
7.584167
8.257161
10.109602
8.226065
4.982195
7.140755
15.369180
13.533150
4.584578
5.397540
10.135482
7.414762
9.760016
16.561673
10.721489
10.337014
5.419913
11.523248
7.037579
5.639978
8.739287
4.564746
5.363964
10.280634
8.310496
9.980331
26.839054
4.226962
5.885824
13.069866
6.907247
7.576237
6.179233
9.143289
18.105502
4.738087
3.657564
14.617256
9.971461
20.948749
5.129226
5.190491
10.172294
3.485595
5.403975
17.860820
9.751009
4.779887
13.038146
5.012961
13.488420
7.358036
14.171605
11.910768
17.656255
11.054713
10.465683
11.315440
4.654239
9.229375
6.218289
8.513250
15.026209
18.198665
6.497665
3.581564
15.872304
4.593436
9.953242
7.850757
6.827407
6.680337
18.858676
10.038499
4.682341
6.732269
6.704068
7.317213
4.360797
13.446310
6.316520
7.028448
5.893407
13.205153
9.200912
11.622707
13.729342
4.850507
9.255929
10.409727
4.659488
17.037834
9.150162
13.891672
8.134141
13.954228
16.687159
8.373417
8.440965
5.586532
14.644576
7.640630
6.328663
13.051242
8.108959
8.794289
10.235048
5.205827
4.793733
14.864804
13.070683
10.707944
7.061478
6.115679
5.460827
12.590714
3.783401
3.610457
5.569709
4.026404
7.454971
2.891269
2.530547
8.731188
3.190247
4.050448
9.105205
15.974799
10.605164
7.778757
4.204207
4.139557
6.924004
24.203146
12.936517
3.015655
7.089058
4.809966
16.721575
16.194021
9.352819
8.249194
6.328545
5.474673
6.196243
7.249888
10.712122
6.938160
7.045832
20.616233
9.925387
2.786470
8.871391
7.877626
3.642306
7.482220
14.604236
6.632129
4.213827
5.265476
5.442568
6.131924
11.158677
7.788692
11.271808
13.250380
7.830999
4.477181
8.318827
7.019585
6.965035
8.386060
14.915043
6.816756
5.790631
9.576215
11.004400
16.689623
14.693448
8.977939
7.615681
9.627518
10.712732
16.562330
14.036566
6.308304
8.123716
5.698816
8.691295
12.571198
6.472697
11.810099
15.466677
5.588639
5.432365
12.855384
11.092909
10.743776
5.539644
4.364014
6.506599
23.808055
8.255397
12.114899
22.310525
8.567552
4.624649
8.906093
7.893625
13.396141
15.883049
10.328560
9.602796
11.917226
5.532639
5.398639
7.022569
9.351781
7.982122
6.377243
17.469615
7.727212
11.035983
7.454134
11.978319
5.748864
7.406116
9.698025
6.424045
5.522110
9.351152
8.521942
5.658876
9.936127
15.628841
4.106487
21.606600
9.239263
6.526363
15.881379
5.869269
10.255504
4.200441
4.415599
6.613455
8.635136
8.275623
4.590169
3.536123
7.235477
13.789511
14.280923
7.318515
8.069353
13.863906
5.652088
3.961209
6.880511
10.433268
9.817989
9.591816
10.015409
9.995975
12.340467
10.876221
5.904439
4.918716
20.972914
4.510154
9.674766
5.244868
8.800617
10.253317
9.262157
5.677110
9.499777
14.742826
13.093102
8.296650
13.004132
9.863269
12.304296
7.456753
5.306431
3.065776
5.903127
5.329657
9.075555
8.707785
13.317142
24.408837
6.619480
4.301992
12.863686
9.600048
9.447289
5.319155
8.513938
16.654464
16.925017
9.212299
4.178965
19.784682
6.196452
5.040846
18.092921
6.874547
6.895351
4.592505
6.704136
10.243728
7.500684
9.308759
5.875531
5.989834
15.335536
10.681836
11.398257
8.231339
10.693731
8.438688
5.086036
11.391764
8.024800
8.230560
5.343210
10.018476
11.334204
10.770950
2.671435
4.719462
11.248803
6.445063
5.378733
6.768634
7.600245
8.135823
12.124438
10.897516
10.587815
9.019309
3.198011
3.770921
3.476627
5.157529
3.290327
6.836945
10.434180
3.171678
24.329336
11.745258
6.173041
7.433196
4.290294
8.675242
6.765052
11.370132
24.837528
8.231967
17.468749
6.825376
17.640133
3.278524
7.793646
15.030522
6.486743
12.872962
8.047557
8.014702
12.951304
15.530374
2.599950
6.330677
10.347581
7.168655
12.132345
8.829081
9.285006
8.406157
10.187394
9.794821
2.818027
6.125400
12.990169
13.240489
6.181348
8.590692
8.174593
14.851818
12.031285
6.249314
11.115304
7.161226
3.662875
7.272428
9.918451
10.067469
9.615561
10.078869
6.579295
11.272953
15.727642
7.780238
13.511537
5.439211
3.409124
6.596629
10.656094
10.414329
10.332461
5.075623
14.297308
15.072507
9.395290
7.976499
9.340370
10.747816
8.475495
5.614065
17.121527
14.913785
8.837180
5.161626
18.103053
12.291381
7.040012
13.942901
12.127426
4.672679
2.452347
4.214906
12.029966
6.138227
3.801985
13.256576
12.683318
27.224242
7.588692
7.442857
5.800774
7.230892
8.443584
8.725333
23.198355
14.287235
5.847640
5.719516
19.532861
7.484223
6.962539
18.660862
5.721417
6.238141
9.030564
2.538701
4.494260
5.065859
10.543509
8.703540
13.687679
7.417912
4.351182
7.785795
15.390495
3.903918
6.829327
4.389424
10.141746
19.314863
7.011902
6.985182
4.085819
8.438975
3.605639
6.930986
14.738774
6.673129
4.043817
3.791514
5.697855
8.977871
6.883166
5.633120
9.437843
13.271541
14.076810
11.866598
20.914322
5.412626
8.811636
12.145644
11.519558
9.889262
9.989505
8.933545
8.937103
10.054777
11.817774
2.900787
6.389225
6.102749
12.960766
7.669517
11.102570
11.975768
13.999970
5.518828
11.843592
8.444485
12.461409
6.126337
7.407604
10.387270
3.679894
7.170006
13.290373
6.064398
9.108807
15.274874
9.698399
11.432831
6.512575
13.891005
4.657769
11.127453
14.825465
5.018258
13.535490
6.121014
9.627217
5.038220
10.191413
4.411091
11.478828
5.895268
11.882971
6.553025
6.072862
8.093067
5.601680
10.575928
15.279030
7.486663
4.398118
4.724448
9.124181
6.380312
6.211134
5.615423
6.087452
18.583997
7.519335
4.605330
20.189850
16.327114
6.474772
2.854723
3.309423
8.181430
17.987425
4.218772
17.321498
8.004090
4.986741
8.331952
4.607544
9.983662
8.345495
8.172750
5.201664
11.205450
7.131652
3.815588
5.357837
5.684496
3.113734
12.716432
5.093828
5.597649
8.630696
6.416541
3.641736
4.913911
14.327040
13.984600
6.005027
4.734610
2.881988
14.232196
9.769635
9.111020
11.577123
17.633129
13.909693
6.672172
11.803453
8.004167
7.145329
6.716760
18.487154
10.135552
17.202181
7.382434
11.952250
12.748028
8.477867
11.196601
13.136887
4.016095
16.072231
13.765119
14.914575
7.550838
13.445165
6.909172
5.594166
6.672412
5.026780
6.038480
15.606811
3.536179
14.295662
12.549639
6.432172
4.073756
5.824158
6.024184
6.576491
8.707627
32.902920
7.178358
6.593415
6.145632
4.303401
23.058181
15.523353
22.620538
15.166752
5.265970
4.547866
13.566969
13.030177
12.978299
4.639828
17.567016
8.217706
12.291280
9.967869
11.691112
14.282927
16.569394
9.807923
11.581976
9.921925
15.593762
11.470357
4.076208
6.592805
20.687129
8.460554
6.870724
11.124794
8.578023
5.682453
4.291951
16.954208
8.674963
4.536448
5.181075
22.249634
11.588856
9.147314
11.824960
14.138708
7.451861
11.335715
7.281444
11.300237
13.575663
12.814040
16.141711
18.650903
10.628770
12.821208
7.927950
12.527755
23.582888
8.776323
12.567970
4.661650
8.197648
22.589293
11.486735
12.246661
5.517472
6.952669
16.087025
4.607543
7.063813
15.074197
5.435392
10.023985
5.405847
7.335486
8.521363
4.409741
12.274831
3.595196
4.005358
7.352425
12.890867
20.065869
16.570949
4.453850
5.704652
5.192894
10.417198
14.740677
19.290685
13.310071
5.911552
12.198942
5.958142
9.132204
10.182372
6.621925
6.473002
5.699898
6.880336
5.691999
9.587318
9.828619
6.113874
15.124526
7.467800
9.030675
7.538485
5.219800
15.729092
6.014288
10.346435
14.960690
6.375988
16.198901
9.660749
9.065063
7.172706
17.694124
8.554864
8.953383
6.631031
5.016871
10.125601
4.543719
24.500273
14.938856
6.779777
10.556454
6.173215
11.291739
7.093787
8.599209
14.751998
8.204538
5.569585
3.859778
10.752789
12.274562
5.551201
7.977155
4.983134
8.726981
16.726800
15.086029
2.224841
4.280048
6.581234
11.162086
9.908187
5.359161
10.757779
5.010697
3.863986
13.617927
8.219798
11.730497
10.304423
16.100550
9.521572
16.826252
8.199778
12.283283
9.944269
11.485928
8.200132
10.002950
3.517599
15.867039
9.433486
14.934467
8.265906
4.804386
8.004572
8.712477
13.075329
13.997637
11.783256
5.145773
5.188297
5.519666
11.615965
6.291241
3.903853
4.592706
22.195073
3.154836
2.547739
5.617113
11.729070
8.030371
8.217702
9.553601
3.982968
4.828185
4.955967
7.408853
11.101684
7.707374
6.283253
32.255558
7.217125
4.367642
5.185914
9.156080
7.284406
21.219986
7.155838
12.706585
6.756074
9.932145
19.581764
15.676824
10.570024
8.910858
22.856487
10.119367
8.682932
11.439742
8.166603
6.209091
9.972519
27.636840
10.824723
13.826998
17.275566
18.534647
5.344861
6.195353
8.662020
5.808376
16.542287
8.371766
9.508394
3.763857
6.737545
6.372024
20.634007
10.689614
5.826047
7.729465
5.626741
5.945559
22.200452
10.908568
8.297898
6.594962
13.344845
11.512329
6.078677
5.043941
5.206497
8.330662
7.533524
12.905460
8.174448
14.251628
7.347164
12.910083
7.238064
3.947135
9.647966
5.389543
8.313015
4.440994
16.274248
14.380820
5.808488
8.922751
10.560995
12.847762
7.513741
13.853156
8.455718
8.156924
12.041401
10.065204
12.953523
10.265518
17.131069
11.066086
5.677335
30.004320
9.663924
6.816558
8.825804
4.350732
7.393668
4.004204
5.685173
13.677745
3.225397
6.547337
12.140965
16.313807
13.906848
4.399072
7.036693
5.415861
5.778079
9.700417
7.914525
4.748135
7.586978
6.919561
14.315452
6.045849
8.008702
19.129489
7.575897
13.096381
6.415896
8.922691
9.199145
9.533621
3.042008
4.778364
4.697447
11.744017
8.517590
9.739608
10.598899
17.889068
14.378856
15.731166
3.012253
4.748455
4.281936
20.220195
18.979150
17.406835
9.686640
5.191983
12.170697
15.352900
8.742480
10.566747
14.213146
18.144529
7.297199
12.003573
14.899194
20.150341
2.676376
3.892116
4.215814
24.471193
11.683172
15.020136
11.366982
5.310099
3.664215
34.538510
4.680706
9.441254
9.301575
15.586315
8.329751
10.706054
13.720827
13.158228
13.933548
4.370346
4.074112
3.807812
4.279225
16.828739
12.300981
6.136733
5.744366
6.727243
9.146407
9.371844
7.602277
8.016821
7.693508
5.114141
6.375848
5.237404
11.042036
7.255950
7.085563
11.003026
7.451036
8.856292
23.515864
4.545638
16.037119
3.127366
3.866717
9.943800
11.575595
5.430225
6.479904
14.468044
5.302994
8.647734
8.294159
7.528959
4.741277
7.271214
6.282047
6.555301
10.477685
17.919073
16.424127
9.385475
19.996722
8.429029
9.952055
9.734965
9.181297
4.772365
10.399892
8.748926
23.427806
11.456314
14.892061
13.771547
6.012342
3.830548
7.628623
4.684133
8.815528
7.129269
11.137533
4.762309
15.760045
8.611036
7.930049
3.311776
3.711658
15.562498
5.088716
6.821618
27.298691
10.481857
11.420223
5.101248
26.588731
33.545293
13.910154
5.601829
5.224834
12.590516
4.653521
35.131986
11.310706
9.676068
10.893072
9.004420
5.074443
14.167959
6.465485
10.501527
6.581520
6.631282
11.683250
11.941764
15.874383
2.808252
7.388833
14.496226
13.540087
16.028695
8.132648
5.755859
5.835759
11.448576
21.380441
19.429780
11.708164
13.015546
5.563228
14.356939
6.050270
17.279070
4.868949
9.194414
13.024974
19.707822
4.784974
10.463070
15.315795
5.711897
2.274608
3.516886
3.831318
13.569283
16.312669
6.654667
5.615985
5.921700
4.442056
4.788994
4.508144
14.254310
8.842610
4.109729
8.722346
2.761528
5.278632
8.918008
10.299862
7.349420
10.731755
6.471650
7.572205
3.868332
4.945965
4.895992
8.308153
14.814736
5.896030
3.871614
9.104360
15.725568
14.067955
19.055710
4.991639
10.278952
8.620328
6.522327
6.431869
5.097505
8.448263
10.280024
13.175652
13.694495
11.338603
3.437551
14.606377
8.809181
9.524935
8.931458
6.511584
7.960965
7.259936
4.937144
5.993300
9.845338
4.884089
4.967401
12.229493
5.688527
6.333897
2.714977
3.308915
17.537335
9.456730
6.407996
6.187926
20.635865
6.296941
2.347581
21.835628
18.543657
14.858383
4.242224
10.794154
16.802490
7.035032
7.009826
9.062448
5.827412
11.882048
8.076235
4.353757
5.603559
10.767822
10.023840
5.117842
4.251950
8.279905
4.356736
5.179139
8.201937
9.524999
6.489422
12.504507
6.034813
5.623964
4.428074
5.614659
17.565557
4.447673
3.772926
4.959289
4.028631
9.256942
21.542140
5.283385
13.165845
9.680070
10.111316
3.208403
7.271168
21.546324
4.016032
15.045019
3.323319
12.362211
4.456136
6.413515
4.727863
8.036195
12.943725
6.469293
5.301484
19.892461
13.751504
13.293764
6.363778
8.373302
3.430531
13.611014
8.073093
14.444225
9.513267
5.638458
15.951392
9.035290
15.567985
5.227937
4.499410
4.389678
11.417142
7.884007
9.790676
6.824879
7.369422
3.053178
11.600695
3.614511
3.324701
15.295000
6.742206
11.086524
3.251510
2.646462
16.928937
6.982811
5.268987
6.637404
5.704455
6.069126
20.481574
9.050085
7.825740
17.196040
5.920950
7.026040
13.215370
14.842610
8.158221
4.624143
11.358409
13.001364
13.275901
11.336294
7.994034
9.537787
2.146827
2.905016
7.342971
2.359492
7.507903
7.860988
11.899846
10.583712
5.643420
12.531162
10.413477
11.237522
4.788187
9.928898
7.520440
4.111118
3.510210
6.127049
14.271227
9.385101
5.958573
12.720739
3.563593
8.907249
10.089704
3.518999
2.460197
7.694011
5.057213
12.780870
8.652108
9.490124
3.690033
4.446744
4.919368
9.262978
9.290668
6.054426
7.019707
6.867968
14.093489
13.754681
7.439721
15.424231
7.009359
9.256287
4.758627
5.730102
6.876948
10.683695
9.198440
2.389897
4.472455
7.825487
6.137424
4.725559
7.067740
6.118135
9.510595
7.596282
13.155714
14.754489
8.678727
28.620809
12.223226
4.119603
2.789516
2.654257
8.835171
5.751232
8.462119
5.262709
13.249082
7.557440
13.435838
9.037375
20.316573
7.914768
8.041080
12.297549
3.769688
6.589242
9.781583
6.190604
5.831785
7.402959
9.029183
7.680397
9.056314
13.105699
8.611947
10.549812
8.135288
15.879780
21.755115
5.005477
15.551193
9.855305
9.377456
7.259831
9.876530
7.535880
16.152581
10.060420
7.263085
8.498392
7.933762
9.540301
7.294439
11.108060
15.441960
8.679737
15.714930
6.425143
10.831105
3.566910
14.367558
16.218221
16.923658
8.442432
8.660961
11.250496
4.066449
8.170751
18.478640
9.249164
10.136616
7.354830
6.583310
14.927210
5.115146
5.719099
15.562930
14.591184
17.924098
5.193065
3.785076
11.363489
7.886724
4.888486
5.351764
8.023606
14.352086
5.741733
5.144042
4.992183
5.344137
4.297710
6.391681
10.114688
6.841243
3.658537
19.079643
9.833492
11.549120
14.737537
4.628341
7.608230
19.971084
11.981981
4.429919
16.443363
4.060752
2.943905
16.335240
6.678993
7.010449
7.384344
9.659993
9.332877
5.067524
10.391605
6.251954
15.124564
18.447081
5.640219
11.057400
3.574596
5.848181
10.120486
14.773370
13.081264
9.864299
33.510418
7.834614
14.681712
8.508923
6.794204
7.510639
13.632368
9.062050
16.358854
3.693806
3.545186
5.346913
8.305266
10.845530
8.885639
19.691186
5.919288
8.419709
4.355549
5.560798
10.123311
3.608536
6.210032
7.265431
11.247495
6.689388
6.970873
6.606353
23.803265
24.894331
3.051978
4.451161
13.935470
7.602669
13.947458
8.177836
5.335173
4.538275
13.219092
6.620453
7.335796
6.603958
5.692034
7.746666
12.556779
12.858506
6.424836
17.029337
5.052681
9.736380
7.946564
5.426339
13.708276
6.064139
4.130491
16.310739
7.729583
3.895957
5.395622
7.146715
12.376918
5.430975
10.708084
6.433382
9.204161
9.913557
13.015979
11.445754
10.703187
10.264712
3.498833
3.856235
7.051267
10.609049
9.197935
13.829442
6.483904
10.953928
6.107097
12.605712
10.476765
11.215590
7.530025
14.431957
12.352719
13.883891
4.762799
9.019406
12.789923
5.355124
14.122960
8.439113
29.851277
5.457890
7.582711
9.731393
4.268288
5.633229
9.890678
4.369822
5.044867
14.843482
6.197949
7.720470
27.071692
7.900613
7.878763
8.267059
6.995614
14.270430
8.198952
13.871795
4.058812
6.218862
14.245130
9.234200
5.645374
7.214530
12.872208
6.568021
5.368970
8.879246
7.761283
21.793342
5.501652
9.358271
10.828546
10.380442
8.108693
5.329010
8.939216
5.576764
3.716274
14.674449
12.235651
6.674096
7.831603
10.801783
8.440813
10.110707
9.675026
5.313887
8.256337
12.994532
18.795356
7.574182
15.494418
11.070577
12.548167
11.278699
9.301355
5.893595
19.940231
2.808174
3.747065
13.620672
9.529826
7.499640
11.007985
6.562598
7.236472
7.142585
3.575205
8.448725
12.751485
5.417919
5.520744
2.286954
4.244744
10.199852
7.390522
11.663085
7.001198
8.520193
8.152968
4.386596
4.351061
9.027999
9.315719
13.059253
14.238567
7.166366
5.825402
16.907506
18.037594
12.819366
10.637006
5.393831
13.243760
9.733494
14.098757
13.509254
7.629818
10.479305
5.781539
7.004141
6.513913
3.648487
10.592960
9.095787
8.743282
14.673041
8.186033
3.066670
10.757067
10.489013
8.781027
8.702263
11.035516
18.702727
5.622868
8.340323
6.467026
11.366326
3.847664
8.051245
14.854372
26.568595
10.981977
9.516053
8.839879
8.367150
10.131043
9.510974
9.696397
14.460616
8.144155
3.523350
3.472919
8.852857
11.114667
10.556859
21.679546
5.980675
16.228420
15.573629
9.301365
9.573752
9.767382
10.352277
12.927248
3.819631
13.733311
8.323168
10.340857
25.975615
10.216309
27.212733
12.838821
6.496594
8.632501
11.559591
8.973736
6.510429
10.991195
4.938539
8.367572
10.002624
4.348722
6.792524
3.580216
9.007246
11.643556
4.808015
6.330046
4.760771
2.750121
4.592432
21.885841
9.470440
9.548833
5.598017
8.867864
6.281094
3.640397
15.552043
12.528347
7.823659
25.847626
19.808313
5.718600
4.075228
9.598953
8.958778
13.914914
7.193088
6.290528
7.936716
6.297589
5.110448
9.788846
5.590074
4.226944
6.698356
13.067485
9.676200
8.463000
18.188388
9.863631
8.845549
3.992611
3.429339
15.653943
8.132625
7.707947
10.607069
10.215354
16.900067
4.795747
5.042009
9.998514
4.560497
3.847212
15.351922
4.741986
4.931016
6.605808
9.429266
7.802527
7.093173
7.286850
8.975620
7.080083
5.193647
3.399868
12.513507
4.966332
8.801291
5.200442
5.414255
9.126051
9.644893
10.350566
12.292701
14.324269
4.552585
7.537918
11.833723
2.925490
2.732383
22.742590
3.795758
7.048079
4.849000
15.064297
10.733938
5.079373
11.286608
19.913698
11.342871
11.217641
12.540786
8.236834
4.635003
17.847760
14.146864
12.697952
3.463327
6.727641
19.497589
5.786750
3.187268
13.240979
11.577486
6.137950
4.358070
2.995989
8.690779
9.730023
17.086132
3.391060
5.268626
9.172421
12.643441
9.444495
4.153132
9.906189
6.468420
7.899965
10.112764
12.133512
12.037862
2.926481
3.498872
13.016049
4.178906
6.228172
6.274110
4.151823
5.825675
10.832663
7.950010
7.992910
6.170500
15.430153
17.094630
2.448697
3.774716
10.033800
14.557374
7.293950
4.094116
14.488729
15.855747
4.922189
8.024732
10.728745
7.975779
9.298550
6.722220
4.266195
3.303068
5.062901
5.720384
15.112000
6.826221
10.665770
13.439320
20.124145
5.675150
17.137057
6.731849
3.404863
5.409835
8.607708
14.407759
15.456175
8.584282
12.659493
12.723013
15.259765
11.944526
2.542237
6.717891
11.862936
14.201778
7.736059
5.412515
7.955582
5.560555
9.836846
11.476864
5.444084
9.541314
12.461090
23.148139
7.492349
10.932908
11.977670
5.534012
5.364242
6.241078
4.763605
6.639399
7.873565
11.126768
25.287128
12.304907
12.538607
5.699673
6.650956
7.251064
13.794811
5.161425
13.145907
25.976264
9.423796
4.370659
7.953654
7.546962
7.551567
2.770494
6.708421
8.049638
9.496048
8.497264
5.776951
7.083383
3.907268
8.452608
6.618108
6.565437
7.267580
8.171635
8.517496
13.390685
5.296596
2.662767
11.300101
4.774257
6.098599
8.686676
7.467581
6.752752
14.805141
10.170152
11.990215
11.493634
3.385868
6.714667
7.189717
5.599302
3.296442
19.644675
4.470840
11.452740
7.273127
13.840462
5.203617
3.571385
10.102771
6.217519
14.478498
11.420337
7.523035
5.193286
3.608348
12.657811
14.463971
12.611848
16.690739
7.246084
6.521259
8.446167
4.966959
12.237914
16.432577
22.263975
11.767081
17.708577
7.861730
8.721119
12.654381
11.470749
10.593156
9.613833
10.841873
14.139663
9.151495
8.261135
13.913269
7.245485
3.612016
8.854235
9.495564
14.117407
9.394085
5.812973
5.950604
8.201616
4.598114
2.829911
8.791276
19.598216
13.333677
8.345902
5.901698
6.518112
20.909226
5.909307
14.551890
8.085441
13.068348
12.089829
14.986063
7.728577
11.828673
6.732803
10.795616
13.633445
11.625573
16.980261
10.003027
9.508154
6.610331
7.125090
12.711705
8.600701
5.983990
4.824707
7.872145
14.265645
8.298390
7.500030
4.472745
41.517298
23.250408
6.888828
5.322522
10.712086
14.611376
7.304866
7.977670
9.895609
6.567002
5.975512
4.709624
6.074359
14.808079
3.119101
6.741826
5.987001
5.167401
6.738027
4.734667
3.455278
5.610335
4.856012
3.636785
2.028964
9.740981
12.113070
5.592414
6.101989
9.948218
5.041681
4.549091
3.597619
12.145594
7.091145
14.501680
17.898518
26.270716
13.978165
8.308563
4.285066
3.651497
3.620760
4.467546
14.264122
15.356315
7.398027
18.587604
6.535922
9.441986
8.222348
6.537510
7.028727
3.563694
4.749057
7.892869
5.084009
14.917229
16.740040
25.640786
4.968409
9.149533
5.165855
4.781903
5.175495
9.779215
5.719079
7.366003
7.737338
14.257653
7.654707
8.681691
4.116419
17.666843
7.418994
12.081172
3.664656
17.841444
8.605523
10.721863
8.914874
7.669955
12.650133
10.910559
8.197792
8.711173
11.829549
9.138648
15.091297
8.488153
14.871965
6.589118
10.157329
9.629505
8.852101
6.422290
6.679542
7.012305
4.499131
11.309391
2.718745
4.703596
10.201279
8.360312
8.091720
6.333020
5.465416
16.369868
17.510970
6.187965
9.998636
27.560276
12.675909
5.230613
12.390699
6.487603
11.103154
10.975120
17.367451
13.129928
8.400309
22.299717
14.329966
15.493517
6.358347
7.998636
5.952964
6.626725
11.937132
12.915703
3.855116
6.205691
12.088189
25.723991
6.774640
7.829687
8.591815
14.245320
19.427355
9.171199
12.143739
6.135281
6.688398
8.190584
7.000523
3.180240
5.723482
12.303071
6.849578
7.034023
29.498365
11.037457
12.572615
16.253812
18.401121
5.257414
7.336879
4.896010
11.522983
16.584485
10.419594
7.221429
5.648868
3.394817
2.974615
7.546466
14.545542
3.570614
14.332926
9.747818
8.464108
7.915815
14.630206
6.350994
18.326414
22.827331
8.582906
4.906920
3.635832
8.357934
6.679252
9.698201
19.193148
10.536005
8.454616
6.861622
11.967622
6.836070
4.794014
4.125690
9.961468
12.856387
8.956969
5.424356
3.525618
12.195289
23.555259
7.304030
5.393042
4.933796
8.468437
15.032420
5.015774
16.570804
9.340228
8.500028
8.880696
21.980920
5.283023
3.123943
15.876083
15.457011
11.474599
18.298193
4.589828
4.669689
5.313970
3.027377
6.806771
6.677449
4.826082
5.464616
9.010830
15.782085
8.953096
5.560927
11.597802
7.652892
5.454808
5.180143
8.604476
19.985871
23.157217
8.102402
8.452621
8.023883
9.145172
13.804869
6.865305
13.786165
13.818072
9.971166
7.696778
7.028685
12.104715
6.806723
8.394548
3.478778
5.607399
12.249839
11.108320
13.613892
11.792191
12.865628
33.424370
12.590446
12.752523
5.397179
7.980428
15.117072
12.613866
3.904031
13.268939
9.439416
8.225538
10.223543
10.780677
3.979266
12.791176
11.259914
6.330043
10.707382
3.256379
2.983596
7.853571
7.512122
7.645859
7.807492
15.348718
7.985118
6.890229
7.627845
9.056191
9.848522
3.507905
3.490174
7.353213
9.040729
10.451154
7.983515
11.426148
8.435315
9.251119
7.563677
5.304629
2.448341
4.116467
8.538333
6.761408
3.345218
15.673855
15.672964
11.069507
7.595128
6.416602
12.797406
6.480140
7.570120
13.155401
23.568806
13.818138
8.411961
13.675119
8.043486
9.302776
7.998566
4.706539
7.042552
8.913296
9.970116
7.582739
5.644571
3.352953
5.516382
4.376204
5.195982
4.977492
4.043783
25.865526
10.057000
7.305974
4.374698
15.841559
3.870614
5.915822
7.755406
5.315157
12.012886
20.733555
6.448313
6.022224
5.574039
4.676528
9.091619
5.398911
5.891483
9.677381
3.774007
7.286518
13.560748
10.180429
10.014918
8.464954
6.162822
5.709927
11.069546
12.640725
3.890132
7.512191
6.331275
6.716460
6.566917
4.712771
3.634943
10.157800
4.617238
10.102645
7.039887
9.271987
5.757593
9.883130
13.182817
1.887381
3.169953
15.185825
5.322592
8.264620
18.355983
9.934797
11.254251
10.531612
8.177654
5.570711
9.574074
11.386459
6.024563
12.405008
5.806500
6.195770
19.661403
4.847069
5.267481
9.425291
24.027935
5.326473
10.537612
4.770985
6.919482
6.459736
12.994180
10.733889
7.912561
7.688115
8.157009
19.047625
3.088250
4.156254
10.870052
8.636950
3.512732
4.703120
8.817632
13.694684
9.455990
9.358087
3.118191
8.867406
11.858631
14.112013
10.902534
12.079193
11.001979
17.816525
7.687353
11.619461
4.926819
9.850850
7.897153
7.766058
2.402777
2.646559
5.714512
12.185429
3.971786
10.379992
2.419233
8.054884
13.365833
4.751435
17.799520
11.482725
12.456192
4.341301
6.741430
4.998958
5.511970
6.715547
5.221318
13.828474
13.238384
5.192112
15.473283
7.652339
4.146236
10.098318
13.298104
4.981020
15.360771
10.093088
7.908417
8.746350
7.825049
17.943550
6.324102
9.583140
12.248037
18.781219
12.197440
6.951369
25.750162
16.014677
16.367952
15.252766
6.565557
15.201115
8.290549
11.485483
20.372132
12.423139
9.786583
7.377282
9.812021
3.914735
15.988151
16.499421
3.498930
3.212864
6.202773
5.223837
9.310196
10.720526
13.744051
5.796767
7.422086
5.182573
8.505108
16.770390
13.837906
14.046792
14.746524
6.889810
6.732068
19.354064
8.638089
19.337962
12.643150
10.394758
7.903184
3.399109
23.679158
13.631988
13.682976
11.317752
14.326677
8.160745
4.255722
9.436392
8.077579
6.337271
7.870251
7.457946
12.301595
3.941778
14.458725
2.901361
5.334609
10.036130
13.909001
4.361758
4.687096
7.285039
16.660557
10.207643
11.969859
6.591120
4.363630
6.964151
9.580501
3.696386
4.115434
12.629399
4.776775
7.945348
9.220059
15.641206
9.910603
4.937191
5.725991
5.383171
6.786125
5.791047
11.381579
4.586428
9.764805
6.012100
5.209098
20.696531
6.433317
16.452186
6.481019
8.233081
18.329934
6.249012
30.173473
9.343915
2.242848
20.811134
12.853676
6.366190
6.623157
6.577678
9.084190
4.113545
10.558138
10.683736
13.561520
3.548817
3.268307
13.060853
5.780176
15.166857
11.612149
8.242841
15.510036
7.008181
10.837779
3.121585
10.605116
5.310555
6.217228
4.704985
2.968420
8.732166
21.299678
13.225832
10.982426
22.066219
15.172993
12.147022
4.063572
13.384794
20.156632
10.921277
11.169189
22.120413
11.665609
7.155591
9.858911
5.570109
4.842295
13.321150
5.976594
20.045151
11.102069
16.978239
14.338868
9.818323
4.216077
6.583671
5.322980
14.421820
9.894412
8.479804
6.699580
9.218691
7.813632
3.021995
2.352839
22.649477
20.422041
6.298207
9.748444
6.437798
9.298383
2.849942
3.548858
9.807334
3.886979
9.896728
2.726335
3.737575
5.347959
4.631020
8.042251
16.370163
13.977089
8.634444
7.565031
8.590588
18.506219
13.243213
17.656453
7.685514
5.980645
4.223861
3.927529
6.396575
5.837569
13.205671
3.060556
5.925207
16.982474
13.769139
12.739528
8.899463
6.094044
5.994133
9.382991
4.458305
15.992529
5.974505
5.670484
3.491956
8.228447
10.853189
14.024272
12.818726
13.127665
7.444348
4.514022
7.042865
10.144268
5.894696
11.336350
7.594823
13.727722
6.427520
12.551907
7.849452
3.275399
3.416209
7.424026
14.637459
15.106680
9.294281
14.499376
6.029599
2.207894
2.581004
11.879370
9.355032
7.711842
11.366673
9.569771
27.957070
18.547843
15.374010
13.785838
4.290866
11.576844
11.321565
10.673349
8.138302
4.631035
16.737555
6.858269
22.472303
3.443452
3.565176
9.499964
17.706214
4.179258
4.479138
13.849975
23.774220
10.653052
5.527140
7.609305
7.051252
10.617070
11.651934
8.538496
6.688721
35.683709
8.311194
9.398245
7.436914
10.333193
6.575791
12.457428
13.336205
6.756671
5.195431
14.440962
8.532086
18.936924
7.936002
13.163137
25.508232
4.766073
6.675628
6.700645
11.402919
5.088018
4.200466
13.203541
4.139555
4.328935
13.922254
7.562315
5.304654
3.324386
5.629810
11.638636
9.533306
14.650210
18.341556
9.018794
9.685424
4.945818
13.862224
15.206597
6.940174
9.255120
21.499275
13.241230
5.186288
6.907836
10.944074
8.363130
18.258470
10.196398
3.229470
4.015442
10.367440
6.387511
7.446595
6.334170
10.179131
4.988169
13.647668
11.098715
22.921501
10.625842
5.752981
7.024852
8.403101
12.906464
6.148452
5.673229
14.730778
13.560473
6.892939
6.066603
2.972767
9.715433
18.793918
5.792813
6.025392
6.225479
12.779750
8.172369
9.636520
5.395146
8.348217
19.198716
5.532597
13.017882
15.927749
9.618408
6.789375
6.298969
6.775018
6.049527
15.226980
12.359450
3.756123
2.196991
22.063865
9.688701
4.531094
4.553641
11.987557
9.889804
13.892309
6.457831
9.818171
17.299834
6.938124
13.750297
6.906705
6.401814
5.872196
3.284713
8.447845
5.398110
6.797380
9.872953
8.654616
4.401638
8.024738
10.874523
