0.001997056288809386	0.022743192579909307	0.006000169151628999	0.04388673871111225
0.0029945412860580348	0.020759873247767232	0.009000123761058167	0.04149481259126225
0.003991032152551763	0.021260137038320446	0.012000096239176462	0.043184686923709734
0.004986531107193178	0.022352259591390037	0.01500009249768799	0.04340895392284475
0.005981039883910181	0.02278817350485289	0.018000118436252332	0.043504248845720524
0.006974560688866057	0.02366526741509828	0.021000179916792528	0.04471934851103859
0.007967143296658466	0.025438871380754045	0.0240004276738488	0.04634807031482801
0.008958741564178956	0.02496978898037714	0.027000722654980037	0.04534974838555168
0.009949357678772856	0.025080719933057563	0.030001070648628583	0.0446811885375961
0.010938993347640069	0.024860775776423722	0.03300147744588666	0.04589898410906382
0.011927650745631738	0.0251378647764293	0.03600194878661965	0.04631994679799646
0.012915283991328684	0.02572634368588384	0.03900234551203106	0.047176169746607446
0.01390194263698862	0.026615389733792735	0.042002818235670765	0.04965722825114505
0.014887628838798399	0.02592861623796268	0.045003372625150265	0.0501006749985394
0.015872344277602365	0.027920096161392138	0.048004014365131645	0.05243666009271473
0.016856138488615603	0.025880759190477227	0.05100489400198021	0.04941576900372352
0.017838965937802778	0.023917873295628406	0.05400587223343001	0.04788249880829172
0.018820828290577216	0.023872045719292887	0.05700695468198544	0.046375515886975735
0.019801727672771212	0.024296922508458503	0.06000814689787932	0.04591073845188221
0.02078166573956016	0.023077078531929716	0.06300945446251001	0.043893723467756406
0.021760597213474557	0.02398376119462875	0.06601073795368717	0.04576168370460413
0.022738571408227944	0.025028993764652622	0.06901214780165105	0.0465878630069932
0.023715589963712706	0.025395215893726716	0.07201368952663477	0.04677421667877191
0.024691654975782247	0.025760999378538638	0.07501536856377591	0.04789767108298079
0.025666768074294365	0.025576932170334993	0.0780171903932104	0.04812993484361781
0.02664093134331169	0.025731857137568502	0.08101916040491652	0.047735444275164324
0.02761419351660654	0.025849523515177636	0.08402142900209866	0.0471809102488704
0.028586462438802168	0.025616334026182158	0.08702371160446734	0.046828993863819585
0.029557833855913845	0.026606905389093053	0.0900263035530009	0.04707482126778539
0.030528262533452626	0.026758954775947353	0.09302906522073309	0.04740366762036555
0.031497750526494554	0.026089898418427813	0.09603200188688271	0.04595354409337717
0.03246625277181472	0.026088484317414812	0.09903497384989315	0.04636684304005924
0.033433864630333265	0.027131219970520662	0.10203827643469224	0.04704573546264017
0.03440049446046874	0.026388474094938847	0.10504162483723077	0.04701288512164311
0.03536619068277344	0.02643668196766298	0.10804516935182278	0.04600826320959814
0.03633100180271992	0.02952131624258731	0.11104906023362832	0.04993101035212615
0.037294883092203725	0.027659935739558255	0.1140531576058543	0.046886875362042744
0.038257789728108484	0.02676167975291454	0.11705732159165051	0.04600115526584231
0.039219816499578515	0.02819226449282248	0.12006184751008894	0.046969581429489704
0.040180872273260504	0.027496540528724585	0.12306645031861808	0.045692493657309395
0.041141005170218785	0.025146733772903215	0.12607128025455516	0.042091267386753416
0.04210021718335388	0.028547470797194323	0.12907634236178528	0.046505397001519004
0.04305855624544796	0.02900284163536312	0.1320817868828077	0.04770360558859565
0.044015977682809244	0.027027498941203133	0.13508747378426655	0.04469419203069481
0.04497248347194645	0.02786014549059169	0.13809340804828077	0.0452385414830446
0.04592807514210057	0.029141539043514592	0.14109959475717643	0.04831430437219575
0.04688275465889106	0.02686412717710921	0.14410603885221918	0.045507846903593455
0.047836477594046835	0.02803344171149808	0.14711260015201993	0.04679237056794653
0.048789291675185746	0.029037695151397723	0.150119428836908	0.048640142609412684
0.049741198851651645	0.029535530235082628	0.15312652978735214	0.049145733040643534
0.05069220062983902	0.030266309471655442	0.15613390799651083	0.04930308044568866
0.05164229894840486	0.03118549764987024	0.15914156830495316	0.04916521046749832
0.05259154125310733	0.030104577684205127	0.16214966089875174	0.04804725744773866
0.053539883262823565	0.029156929634465978	0.16515804543563908	0.046611382014107486
0.054487326900421955	0.02930655855473519	0.16816672669726418	0.04772768531109754
0.055433873650035215	0.029896509438856307	0.1711757095902195	0.04931796533105834
0.056379525424041614	0.030490177201501385	0.1741849988571777	0.05001811273830414
0.05732423818247827	0.03009712308978513	0.17719445399708741	0.049364276576772594
0.05826805917034999	0.03083211156153028	0.180204225148547	0.05138715397977381
0.05921099028435353	0.031754163338619065	0.1832143169962173	0.052598439365610025
0.06015303298664538	0.031550670914551576	0.18622473436171003	0.051254991704469066
0.061094234507958194	0.03118614064488761	0.1892356273298086	0.051677775936770295
0.06203455112842102	0.030936733275941933	0.19224685518589618	0.05064748427387295
0.06297393903798035	0.031588489539771614	0.19525827723003192	0.050514734298046454
0.06391249062650037	0.031288380534885675	0.19827018899637255	0.049679909015682124
0.06485011690071965	0.0316887520077141	0.2012823042456167	0.05031369914291377
0.06578686472670792	0.033953504756450245	0.20429477310571564	0.05311152468990428
0.0667227359604259	0.03539253002178422	0.20730760011113034	0.05463531997259081
0.06765777728918837	0.036602556195136186	0.2103209354239225	0.05551323188819722
0.06859190004028032	0.0370434898664751	0.21333449259806342	0.05601028473969846
0.06952519606729697	0.03610209499389333	0.21634856727002402	0.055254608634062
0.07045762177947545	0.03455218321497091	0.21936301850381987	0.05353671083117422
0.0713891790080067	0.03472682462612346	0.22237785074303876	0.054298151434781255
0.07231982432099489	0.03374270769985503	0.22539292294470953	0.05330298182215365
0.07324964921802037	0.03380667824500699	0.2284085308239619	0.05428582616478405
0.07417856550297229	0.033327265898918296	0.23142438761381715	0.0525889407966281
0.07510661957693551	0.03346394021701475	0.2344406434562295	0.052392368487990046
0.07603381324660438	0.034258242963447275	0.237457302705558	0.05225551081283905
0.07696019273777913	0.03414615524186211	0.2404745155482059	0.05096198300957617
0.07788567016930813	0.034275396592132815	0.24349199499609933	0.04992273850576004
0.0788103365149134	0.03450784492275438	0.24651003689769801	0.05049383499186237
0.0797341485585907	0.03494257385685226	0.2495284999669514	0.05134571764293709
0.08065710808315246	0.0344146397427077	0.2525473884714271	0.05199876042195464
0.0815791720287034	0.03564787548952149	0.25556656101102215	0.054216383929950734
0.08250043102178894	0.034988985402172504	0.25858631353312234	0.05371329207544308
0.08342079764958758	0.03555022788710274	0.26160635870750626	0.054737600249617976
0.08434031785757075	0.03527668273185192	0.2646268467193057	0.0540854640438566
0.08525899340492693	0.03618313318461875	0.2676477817508473	0.05366253220785872
0.08617687006521171	0.03538424654344391	0.2706693140416454	0.053544328588478476
0.08709386073511699	0.03635063231407294	0.273691156026484	0.05432256877570089
0.08801005552543666	0.03671035957890108	0.27671360381587995	0.05468030656156209
0.08892536748681555	0.03681866931875234	0.27973636972507876	0.05463352336282051
0.08983984249766427	0.03797573319174147	0.2827596038650432	0.0565240918567517
0.09075348188562318	0.03865684188793203	0.2857833105457315	0.0565284229736457
0.09166633135916137	0.03831195312444423	0.2888076399382631	0.05604621914517963
0.09257830427523547	0.037724629428354216	0.2918323041147657	0.055227771021258594
0.09348949023481086	0.03831079912840775	0.29485759936621037	0.05566111922839801
0.09439984680899594	0.0361277669863949	0.297883383698965	0.054310706718065385
0.09530937530653677	0.035573547190697025	0.30090966135233	0.054035193709177545
0.09621803345038177	0.035355447988134114	0.303936290207789	0.05331849286175668
0.09712591050485045	0.03622383613630227	0.3069635666860404	0.053978189202616766
0.09803292028242225	0.03638757024694791	0.30999120248456863	0.05461259283010421
0.09893910821665591	0.03637215850083383	0.31301934779178336	0.05340760988999857
0.09984447559762727	0.03796515716318375	0.31604800677753514	0.054854134616215744
0.10074906769216838	0.04000782886523653	0.31907732969971664	0.05808621703554673
0.10165279861384126	0.039439927765605856	0.32210702799950613	0.0571741229294217
0.1025557571267816	0.03928564736875248	0.3251373983060367	0.05647608660842932
0.10345790115771929	0.040497161373811555	0.32816829823033083	0.05819449907169481
0.10435923197852648	0.03882912200614761	0.33119973187476426	0.054975351007717416
0.10525970766519119	0.0372122220938712	0.3342315567189879	0.052954285455906816
0.10615941665154062	0.037345426240635124	0.3372640695401553	0.05343862568844171
0.10705827349891375	0.03805054574453873	0.3402969813853376	0.0543092060893217
0.10795636647691684	0.035735145776171685	0.3433305891083757	0.05150306497185983
0.10885361029513235	0.03570658959945874	0.34636460362243265	0.051897660226991486
0.10975009305956325	0.03580877666242616	0.3493993218598034	0.05208781797845995
0.11064572962753164	0.03694336563191709	0.3524344545984861	0.052804957940306346
0.11154060794205123	0.03629138580280626	0.3554702988509829	0.05218476687505255
0.11243468608682014	0.03623525621812039	0.3585067119581175	0.05184942481574835
0.11332792264345155	0.0356226542915317	0.36154355088851525	0.05214405381947598
0.11422036192387777	0.03590155272615928	0.3645809663000422	0.052296084512689626
0.1151120485062148	0.035260893759382794	0.3676191086434724	0.05220335340478323
0.11600289768800753	0.03568322584482733	0.37065768828385487	0.053197937302133944
0.11689295384781356	0.03651766969692347	0.373696855785459	0.05450788340700163
0.11778226162794975	0.03656688630308791	0.37673676149904867	0.05474461548772826
0.11867077916491157	0.037658541263581785	0.3797772626212845	0.05630866778319302
0.11955846508800037	0.0392155143949338	0.3828182159631296	0.05748068380052894
0.12044540653437188	0.03888728310139324	0.3858599189639509	0.05603190631769428
0.12133151923735054	0.039458483959982624	0.3889020815648304	0.056365703764210774
0.12221684751418628	0.0405524591231918	0.39194485427715897	0.05717905145445736
0.12310139256354367	0.039052690356537335	0.3949882409351327	0.054682362651967215
0.12398515595859597	0.03774813609246132	0.3980322450634747	0.05337843636398009
0.1248681388913293	0.039339925564300444	0.4010768704721596	0.05580054455580446
0.12575038543724434	0.0403054122828108	0.4041222677980936	0.056733356760453595
0.12663185442159552	0.03996647661440784	0.4071682935660088	0.056325110603632864
0.12751254702649895	0.04101005010785337	0.4102149515501354	0.05732277533638148
0.128392464805337	0.040772573926191616	0.4132622452066921	0.05696812471835108
0.12927160893366701	0.04049301087491633	0.4163101782862231	0.05630060852951224
0.13014993844670522	0.0407419517036236	0.41935860707806183	0.05653839397311697
0.13102749724715884	0.04108063126498549	0.42240768226179004	0.05705253401458756
0.1319042865007787	0.04148159619846458	0.4254574075526373	0.05763139277206086
0.13278034995438576	0.0435334633316876	0.4285079337304176	0.05985969604420854
0.13365560434121007	0.044157692535066385	0.43155896970528385	0.06022653221820516
0.13453013553972484	0.04445237748639924	0.43461081368601906	0.06000456565365355
0.13540390271107344	0.04543570691124993	0.4376633217579965	0.06126302838458721
0.13627690700504486	0.045511028691749146	0.44071649757909903	0.06222787699989835
0.13714910772326	0.04461795188395355	0.44377019708163074	0.06044455728074404
0.13802059043526013	0.04389394406543864	0.44682471868273343	0.060572349722330436
0.13889127229571022	0.0454802167992235	0.4498797708333594	0.062494582122713284
0.13976119680063548	0.045097200477506885	0.4529355044042541	0.06189705991070356
0.14063036508403667	0.0447806394880709	0.4559919229968621	0.060773412409341226
0.1414988204888744	0.04474422583418269	0.4590491775899848	0.0613471224106791
0.14236648044845088	0.04413760778734248	0.46210697632279524	0.06037880299303455
0.14323343007311048	0.043120565554064114	0.4651656179365922	0.058658080554575345
0.14409962885467825	0.042962365200612064	0.46822495806589753	0.05863659049320618
0.14496503620906265	0.04291087243654805	0.4712848524009906	0.05764079923525819
0.14582969517164504	0.04303627511446734	0.47434545213033075	0.05785074143791258
0.14669360721592153	0.043770731239478694	0.4774067604372368	0.05768575083481833
0.14755677345129659	0.04312645596124467	0.48046878083567574	0.058488874140884724
0.1484191953439586	0.043359559077361685	0.4835315164842505	0.059446067930784385
0.14928091569996285	0.042911942704701805	0.4865951187318373	0.059517750530494636
0.1501418940605852	0.04281297092064994	0.48965944306542364	0.05817145832471265
0.1510021318812149	0.04238436114927472	0.49272449260708256	0.05871799034580771
0.15186163025628713	0.04368711057547313	0.49579027081781335	0.06017824748928376
0.15272039063400544	0.043807002846939155	0.49885678079549245	0.058549057982865166
0.15357837275722203	0.04482539494730837	0.501923877772066	0.06039643204682165
0.1544356192705693	0.04608787247211519	0.504991713172166	0.06282259288386313
0.1552921316114929	0.04754200418365901	0.5080602900576081	0.06366587448270813
0.1561479108596161	0.046637683342376036	0.511129611837238	0.06155802001455089
0.1570029996498551	0.04756580925111664	0.5141998299024221	0.06220965942200116
0.1578573579925769	0.04890770191528233	0.5172707991431696	0.06273584781264577
0.15871098695872465	0.04955653458429908	0.5203425229378353	0.06374964087041322
0.15956388796823662	0.048032005989448144	0.5234150042895325	0.062186966503831875
0.16041606208628525	0.04849633293720103	0.5264882465563989	0.06352850713618725
0.16126746952132373	0.04899230716422518	0.5295621043651144	0.06527943904002283
0.16211815274720093	0.04785261748467987	0.5326367291847409	0.06443394741607414
0.1629681128204579	0.047167614174791206	0.535712124343258	0.06298303753167558
0.16381735114367937	0.04764924272019267	0.5387882927860119	0.06393009278997033
0.16466586876773615	0.04807344666567273	0.5418652378211989	0.06402817098623732
0.1655137079443151	0.04676677446317198	0.5449431110981615	0.06167410869805699
0.16636082900145	0.046377833091589965	0.5480217670275765	0.061260278474065344
0.16720719219470762	0.045397172814028386	0.5511010600852417	0.05993768239475385
0.1680528804835849	0.04622945474240513	0.5541812907666174	0.060813850946458844
0.1688978133999341	0.0471024901516378	0.5572621646478569	0.06093036089232171
0.16974203290303314	0.047528983843362106	0.5603438336296308	0.06226541806259382
0.1705855403684018	0.04693347408469348	0.5634263005675646	0.06191939997133529
0.1714283776115424	0.04782284541051444	0.5665097174956046	0.06335203851485594
0.17227050500874852	0.04762483924058028	0.5695939386772073	0.06303261635390087
0.17311192392563973	0.04720410413196212	0.5726789669352538	0.06322836341784627
0.17395263538264427	0.047872555018546106	0.575764805472279	0.06294865583722292
0.17479264073879172	0.04883121787552137	0.5788514570894687	0.06340998617544152
0.17563190056376657	0.049086996331888205	0.5819387757762211	0.06345696175500687
0.17647045651942425	0.04907642996837111	0.5850269136648608	0.06350059780773412
0.1773083099549252	0.04840877368565798	0.5881158735242328	0.06267319952836221
0.1781454618771676	0.04761441561848521	0.591205658510241	0.06065149733165224
0.1789819136288297	0.047293993953153694	0.5942962713704814	0.06060018783649612
0.1798177066568053	0.04663107392551937	0.5973878644369682	0.05986822208312075
0.1806528016497827	0.04822283523614844	0.6004802914834069	0.060502084744824235
0.18148719994086046	0.049209219676584634	0.6035735552259776	0.061712018983562225
0.1823209025237339	0.05072372995144976	0.6066676587752363	0.06560568570382766
0.18315391072512419	0.05050633806519027	0.609762604826547	0.0652678706575971
0.18398618542409098	0.0512607976576915	0.612858246872624	0.06689253402210348
0.1848177679167198	0.049294357856637175	0.6159547373519692	0.06411612455691307
0.18564865952017978	0.048287715930835445	0.6190520789289116	0.06239500032446428
0.1864788612150924	0.048805733333799534	0.6221502746693124	0.06237265068240023
0.18730837431235287	0.05119114280594684	0.6252493272171089	0.064170773885658
0.18813723989683273	0.05238421617516455	0.6283493892205161	0.06499752452140789
0.18896537905439686	0.053095467716170325	0.6314501641034254	0.06664705221092906
0.18979287290768548	0.054488270556859196	0.6345519541793191	0.06955187260776619
0.1906196825140529	0.05600243182108768	0.6376546126207419	0.07212490732704974
0.19144580916894854	0.056497912325950035	0.640758142021499	0.07258561952562588
0.19227121405616596	0.05565483988353606	0.6438623953676087	0.07127592661238133
0.1930959780230364	0.055270800077149684	0.6469676752714244	0.07069839886713868
0.19392002253474427	0.054102493490063214	0.6500736845972639	0.06781698929859835
0.1947433884570249	0.05282658949876573	0.6531805761745147	0.06575462351843077
0.1955661167183763	0.05150355369809957	0.656288502738267	0.06424885225362914
0.19638816875131537	0.05295708192476261	0.6593973168891042	0.0663700849255846
0.1972095059202894	0.05366884724256938	0.6625068713043301	0.06704412034038904
0.19803020866319526	0.05514841797090275	0.6656174690537936	0.06917417349750836
0.19885019882096508	0.05536970910340518	0.6687288124339443	0.06983146971918525
0.19966951704757835	0.05566246957066495	0.6718410544788922	0.07168764004220493
0.20048816460517258	0.056480779411240856	0.6749541976752872	0.07178976468774223
0.20130618201264192	0.0580688642488585	0.678068395213347	0.07360283040145577
0.2021234913594574	0.057480041434194606	0.6811833490064101	0.07374825096280217
0.20294017267825787	0.058249629892786106	0.6842993625926415	0.07410104245935192
0.20375618750770194	0.057766276860404954	0.6874162883209628	0.07201120627911373
0.2045715370952577	0.05682399481701672	0.6905341286310447	0.07179951214338123
0.20538618310288484	0.05619277621274662	0.6936527356780204	0.07104956846570748
0.2062002052953385	0.05846668949519855	0.696772413318168	0.07260483742352189
0.20701352613199409	0.05942496751942798	0.6998928628834655	0.07282604605354416
0.20782618591884383	0.06096961715847953	0.7030142377625109	0.07526910704324723
0.2086381858887989	0.059502751389039044	0.7061365403486981	0.0729100352711127
0.20944956621503902	0.05940237221046499	0.7092599241925804	0.072899365743641
0.21026024960162737	0.0576518971777874	0.7123840902341636	0.07129668081745133
0.21107031541487983	0.05685490723235194	0.7155093428155859	0.07018471350126373
0.21187972548848122	0.05606474672464883	0.7186355337586179	0.06806442776474837
0.21268848104113364	0.05563018695345695	0.7217626654115249	0.06680000529558892
0.2134965440279194	0.05569778130831241	0.724890589397925	0.06817888273868174
0.21430399355175836	0.05658699465273494	0.7280196103895639	0.06828891917872476
0.2151107526809075	0.05608084381851918	0.7311494287319935	0.06808931621702641
0.21591686137940416	0.05671791970860557	0.7342801981843944	0.06984210940702655
0.2167223208518475	0.05906079548174933	0.7374119210505685	0.07251296124635229
0.21752717093167784	0.06180707548070202	0.7405447512573016	0.07422260991860312
0.2183313349280761	0.061813506969706444	0.7436783887495735	0.07480776011418969
0.21913489155216911	0.06307724860861645	0.7468131387019388	0.07671588095089037
0.2199377642330433	0.06353976155281693	0.7499487008578251	0.07633073958923323
0.22073999288779222	0.06326398084346357	0.7530852289726842	0.07633628861712144
0.22154157839365263	0.060835948443538415	0.7562227257653836	0.07375521071925169
0.22234256053842352	0.06194406021790534	0.7593613451622787	0.07471111925722729
0.22314286298989797	0.061693486075965726	0.7625007865011868	0.07401758833556539
0.22394256407131688	0.06134671525726082	0.7656413554693655	0.07419206770551391
0.22474162623358446	0.06030564515365412	0.7687829027894979	0.0742322705197877
0.22554005034289104	0.06131582122550423	0.7719254311440784	0.07549858203652053
0.22633779896858136	0.06012163188094033	0.7750687910509187	0.07511179525786543
0.2271349501774474	0.059294922424795796	0.7782132885444767	0.07480490451427074
0.22793142799260582	0.059342476132742725	0.7813586223479614	0.07464265150260567
0.22872731035326035	0.06138441536032778	0.7845050986710285	0.07619762217256937
0.2295225214002455	0.06273369283625423	0.7876524160303853	0.07770635170760742
0.23031713894559797	0.0624926320882824	0.7908008808119407	0.07754732380813184
0.23111108724751142	0.06387294238951259	0.7939501913250931	0.07744640783290926
0.23190444399127444	0.06414764485297125	0.7971006541330525	0.07766792059557995
0.2326971717575526	0.06396249096561833	0.8002521196444159	0.07720162703697828
0.23348927169436365	0.06208663598255739	0.8034045899861137	0.07613552278554453
0.2342807064990194	0.06453220333986776	0.8065579153578315	0.07738132026381819
0.23507155360456133	0.0647035251176124	0.8097124026805003	0.07861140378958612
0.23586173761912363	0.06520991800183508	0.8128677496367888	0.07995969173721484
0.23665129764477472	0.06487279185165147	0.8160241110207215	0.07990416943520758
0.2374402348165284	0.06514236137911214	0.8191814889190958	0.07865562630537765
0.23822858811136077	0.06597018266099325	0.8223400383073622	0.08016566263424062
0.2390162823689346	0.06451867225040525	0.8254994564464156	0.07867737575509065
0.23980339464701236	0.06501787468067687	0.8286600508014579	0.0795732495171003
0.2405898499004964	0.0654776958032935	0.8318215184213246	0.079527052193951
0.24137568718701485	0.06619922241263455	0.8349840141042346	0.08045642657006943
0.24216090732807694	0.06437465785300706	0.838147540387048	0.07932917111500273
0.24294551144090135	0.06513657030028641	0.8413120993018126	0.0794050703179917
0.2437295003429026	0.06511708221710223	0.8444776933721604	0.07850148770937446
0.24451291290368785	0.06465326484507568	0.8476444776660095	0.07777701070668747
0.24529571229765504	0.06454546657882045	0.8508123014418122	0.07848597652091567
0.24607789933616525	0.06474856846415131	0.8539811672036752	0.07743749257764329
0.24685947512401163	0.06637406952989947	0.8571510769455343	0.07946918570104608
0.2476404404685259	0.06654795027378305	0.8603220331585274	0.07960040232340956
0.24842075871215968	0.06832985191505733	0.8634938847702689	0.08152211493668213
0.2492005061730468	0.06868345256357687	0.8666669403615169	0.08107876614667961
0.24997960849027745	0.06849343664031549	0.8698408956926216	0.08064175634303408
0.2507581043374052	0.0677050016786733	0.8730159060756474	0.0802741187495247
0.2515359945117624	0.06855964984879541	0.8761919739696403	0.08079133929350507
0.25231331756541786	0.06762401560531045	0.8793692548769785	0.08099660902532663
0.25308999936279925	0.06779699077119368	0.8825474441224777	0.08127535480375592
0.2538661158575841	0.06772687952580263	0.8857268508578291	0.08146802506691428
0.254641630549067	0.0677089214422689	0.8889073236470149	0.08178753796328565
0.2554165442248163	0.06616991492050352	0.8920888649178531	0.08020330690836025
0.2561908204959568	0.06672049734382512	0.8952713230147096	0.08046308627471722
0.2569645350751444	0.06654060258682837	0.8984550074746532	0.07920891230759576
0.25773761416229923	0.06669704701412903	0.9016396129636574	0.07965312089633009
0.25851013335014533	0.06688103372738775	0.9048254492128874	0.07875386409723784
0.2592820189497692	0.06735610798708343	0.9080122106672412	0.0790905615541031
0.2600533464343467	0.06816086302748504	0.9112002072529115	0.07910000359197607
0.26082404222580086	0.06959435948435211	0.9143891331929976	0.0812043745262878
0.2615941445592189	0.0694472787809848	0.9175791444235286	0.08095558348675161
0.26236365420487634	0.07046001872732549	0.9207702433173163	0.081972237538981
0.26313260927907356	0.07381973716711104	0.9239625860072601	0.08649422498850333
0.26390093642442325	0.07512134418691656	0.9271558662707079	0.08793524052792184
0.26466871075773923	0.07392302565588885	0.9303503946244575	0.08688622892360381
0.26543589615041213	0.07313575457912191	0.9335460188080271	0.08551861660107576
0.26620249336337903	0.07417486372630307	0.9367427411646739	0.08706305990783025
0.26696846637756233	0.07294781430443564	0.9399404092092642	0.08436422281913655
0.26773389007408527	0.07115521626934329	0.943139333856876	0.08310527153915366
0.2684986914241571	0.07175297928307547	0.9463392082109059	0.08350176881788254
0.2692629083558281	0.07420578396330049	0.9495401886685634	0.08632189878848874
0.27002654162077044	0.07412295122466533	0.9527422775438986	0.0865719864729706
0.2707895922504414	0.07371849924106534	0.9559454766095078	0.08665063702163393
0.2715520609928624	0.07538064798323885	0.95914978816796	0.08719758162271608
0.2723139855987325	0.07690339889020219	0.962355368912464	0.08952933244230497
0.27307533020075403	0.07766378245834302	0.9655620659845263	0.09034221170708054
0.27383609554155075	0.07691483390857015	0.9687698816697728	0.08854221067213487
0.2745962826414353	0.07725888426477599	0.9719788177075702	0.09023982795339067
0.2753558922394376	0.07628654181753516	0.9751888763722838	0.08960634387701497
0.27611488862769945	0.07673469801119119	0.9783999044561166	0.09027522878408983
0.2768733459891575	0.07634409390862601	0.9816122140902839	0.08920785663596167
0.277631191943578	0.07772526342658763	0.9848254970115107	0.09154170799099308
0.2783884640571349	0.07811098468859416	0.9880399101867867	0.09076851276645423
0.2791451630599351	0.07875762295498312	0.9912554558625949	0.09188767798509886
0.27990132640342574	0.07542764077028552	0.9944722912125163	0.08667125036017964
0.2806568819210401	0.07607138022199439	0.9976901075122727	0.08724875341815032
0.28141190345153283	0.075977842643477	1.0009092175128491	0.08737272596362472
0.28216635543638025	0.07549264296844715	1.004129467628423	0.08708653071639041
0.2829202385969745	0.07531549670013679	1.0073508600783425	0.08716169611996497
0.2836735174808501	0.07788343269843252	1.010573241044615	0.09093105257186657
0.28442626569909496	0.0800258983267857	1.0137969236956388	0.09341150135200488
0.2851784114033183	0.07770668397495943	1.017021598610628	0.08967756173817605
0.2859299918634612	0.07939801937674924	1.020247423244547	0.09174461493697435
0.28668100779226635	0.08053573814104453	1.0234743997899125	0.09268736279874337
0.2874314963467244	0.07970627727508285	1.0267026859124766	0.0919440967995356
0.2881813858890282	0.07657712941232099	1.0299319717238264	0.08975708922783958
0.2889307135719539	0.07777411701939205	1.0331624148773693	0.09173066174343997
0.2896795163292923	0.0779103641583612	1.0363941734680018	0.09051755568347852
0.2904277226803699	0.07968562615464415	1.0396269372548963	0.09251494049535869
0.29117536955561096	0.08171215081974932	1.042860864322562	0.09464030031494006
0.2919224939375853	0.08447066822261444	1.046096112637558	0.09725967779684287
0.29266906062154535	0.08532857353181537	1.0493325277525185	0.09895415239210553
0.29341507030509306	0.08502993374548677	1.0525701118132271	0.09931091469931826
0.2941605239529221	0.08225871036592762	1.055808866395478	0.09541456921316491
0.29490542225931854	0.08255810712482498	1.0590487936348623	0.09445995720561808
0.29564973017315066	0.08195404030726983	1.0622897387224681	0.09347971257371934
0.2963934845575383	0.08382439230689293	1.065531859815737	0.09402548604972578
0.2971366861017993	0.08378557302492544	1.0687751590350134	0.093783415956638
0.2978793357603619	0.08510718068015555	1.0720196379263216	0.09490872341795645
0.2986214342192792	0.08719271457463998	1.0752652986000046	0.09824210564956784
0.2993629824289334	0.08599010416435299	1.0785121425903614	0.09719545324537217
0.3001040169234438	0.08620183555126477	1.0817603287113682	0.09792937129879893
0.3008445026388725	0.08622095363364474	1.0850097021160896	0.09828242126885108
0.30158444051962197	0.08743622247972901	1.088260264321468	0.10060517414179013
0.3023238312437026	0.08486260817254931	1.0915120174132735	0.09740644782095816
0.3030626757515285	0.08643934690147216	1.0947649628969347	0.09924647501510327
0.30380097471791423	0.08478973929780338	1.0980191028484807	0.09715774020868151
0.30453869338698314	0.0855736464229241	1.1012742817043855	0.09849170201354869
0.30527586828028086	0.08541266952968656	1.1045306582414567	0.09841552518071124
0.30601250006783187	0.08817402021322386	1.1077882345211498	0.10223037612945574
0.30674858968013485	0.08821799309049799	1.1110470120203997	0.10145908952286398
0.3074841377840669	0.08775126889599096	1.114306992791103	0.10100127717983637
0.3082191453062183	0.0886802183643455	1.1175681782989697	0.10175658681235135
0.3089536484450807	0.08950138871093655	1.1208307279910104	0.10215030399040653
0.30968757705387195	0.08781602533769949	1.124094328512589	0.09973286319093816
0.3104210028104988	0.08880041811204557	1.1273592968222754	0.10055574835611808
0.31115389099553786	0.09136726009662366	1.1306254771937396	0.10343501912490577
0.3118862425259501	0.091622031187175	1.1338928710650533	0.1036257512950451
0.3126180227826009	0.09190808361545216	1.137161322465477	0.10447624021135643
0.31334930322897214	0.09442267253535183	1.140431148801806	0.10705661700018297
0.3140800492428662	0.0926127495111777	1.1437021940940584	0.10489091275386057
0.3148102264068181	0.09137284756734011	1.146974301886374	0.10295958301881597
0.315539870851925	0.08983352089150531	1.1502476316974204	0.10042748139781334
0.3162690185017498	0.09004951568942847	1.1535223435130502	0.10025140486728494
0.3169975997095443	0.08762963846457214	1.156798122753635	0.09735049874675714
0.31772565039585426	0.09040165632905474	1.1600751293959557	0.1016667665961083
0.31845317146052804	0.09169238261477876	1.1633533648293795	0.10302797277219744
0.31918019871834413	0.09179946504869069	1.166632989258098	0.10430493800655358
0.31990666272060164	0.09240784107474849	1.169913687608382	0.10503106422540304
0.3206326344003457	0.09250102530266123	1.1731957784204328	0.10543200199055894
0.32135807937613947	0.0920238267349071	1.176479105075586	0.10448465589597505
0.32208299853857925	0.0919154334793284	1.179763668936927	0.1041341865535106
0.322807392522647	0.09391002089476813	1.1830494719602669	0.10571293740748611
0.3235312622152573	0.09404585025656628	1.1863365154982828	0.10565563440358455
0.3242545733807904	0.09440432582802276	1.189624642554742	0.10618350388528894
0.3249773616691721	0.09418397681103058	1.1929140136555398	0.1056525420897878
0.32569962796179075	0.09416758341665543	1.1962046301378133	0.10663363217155461
0.3264213728862885	0.0946123460656956	1.1994964939354613	0.10690143501582328
0.3271425973204236	0.09282133589132381	1.2027896063753978	0.10440801037411458
0.32786333675660934	0.09308098157131008	1.206084128326173	0.10398996150075637
0.3285835570509304	0.09248739666835297	1.2093799025240668	0.10367451393997783
0.329303259075781	0.09399989866189436	1.2126769302808547	0.10514265173875362
0.3300224434516317	0.09309545131736957	1.2159752135091082	0.10409123242385891
0.3307411110472972	0.09444049854677299	1.2192747535105575	0.10645356432176728
0.3314592278626803	0.09555657506944885	1.2225753926398528	0.10782990496356751
0.3321768292812057	0.09653980229668213	1.2258772919816203	0.10760155825069967
0.3328939161663148	0.09771656555709295	1.2291804528225936	0.10901708551243461
0.33361048913135316	0.10023022071265739	1.2324848770542194	0.1114973625731982
0.33432654903623293	0.10030663357989943	1.2357905659533635	0.1109154813587392
0.33504213110920783	0.1013807298096923	1.2390976809526273	0.11253156975921058
0.3357571669712462	0.10204190682289518	1.2424059042201554	0.11323382938446148
0.33647172641596645	0.10105377355028297	1.2457155568519296	0.11094776942027433
0.337185741159967	0.09948958358166307	1.2490263207620365	0.10967971984939666
0.337899280895112	0.09927567427350252	1.2523385172829036	0.10938437192249503
0.33861227743336575	0.09802679296956548	1.2556518280740192	0.10718830697910353
0.3393248003651371	0.09927889414623596	1.2589665747049243	0.11041770917012185
0.3400367815974939	0.09808337364464695	1.2622824385799707	0.10949537506731703
0.34074829061968714	0.09817651270687926	1.2655997415064744	0.1092996290314704
0.3414592594336259	0.09931093491226846	1.2689181646331167	0.11002840272617412
0.3421697574277004	0.10082658724189283	1.2722380300056473	0.11190113227879919
0.3428797166983999	0.10017143524488711	1.2755590185165442	0.10995712512875488
0.3435892065335492	0.10235807750932188	1.2788814524506447	0.11218182190616838
0.3442981591239579	0.10488498564880219	1.282205012443697	0.11497388556670601
0.3450066436571788	0.10466914112769424	1.2855300210202756	0.11644095388766457
0.34571459241808383	0.10472991077610329	1.2888561585588705	0.11699345060998625
0.3464220744942461	0.10442828240990884	1.2921837478244418	0.11721592241929275
0.34712905634459224	0.10327394532355108	1.2955126298474169	0.11557305643775274
0.34783553879650664	0.10251752874461675	1.2988428058143469	0.11506415135667769
0.3485415224346798	0.10239652396738955	1.3021742775324938	0.11350348988184808
0.3492470080831664	0.10274104964462834	1.3055070461792397	0.11311269509282777
0.3499519623396987	0.10480714682106447	1.3088409523933098	0.11605385776961011
0.3506564199134039	0.105041676039914	1.3121761587549412	0.11750119656281553
0.35136038162333655	0.1049166096593383	1.3155126664278254	0.11632852726983922
0.3520638480475854	0.10583043428385736	1.3188504771999972	0.11698240093642717
0.3527668200019211	0.10459551255375174	1.322189592226137	0.11555179980520774
0.35346933204614683	0.10266395748162857	1.3255301744475592	0.11195605556644653
0.3541713170241328	0.10687328829262903	1.3288719026883165	0.11627695979540709
0.35487284342964714	0.10559692453777436	1.3322151011690433	0.11554939246510869
0.35557387799290235	0.10749700746934424	1.3355596101194112	0.1179031912208846
0.3562743877511432	0.10987551124522518	1.338905268941906	0.12146356378387241
0.35697440706747674	0.11118288613477233	1.3422522410648174	0.12306606574767637
0.35767397046958677	0.10806233778870113	1.3456006894690156	0.12017533760096066
0.35837301107743413	0.10995573276315387	1.3489502921944552	0.12136235645118287
0.35907156329766937	0.11022181824347191	1.3523012125315537	0.12122553854148885
0.3597696617003416	0.11029797780990751	1.3556536133208528	0.1203933278297565
0.36046727305411275	0.11205810914506967	1.359007334639429	0.12276765832638503
0.3611643644321929	0.11332857941778901	1.3623622157319994	0.12316886949325379
0.36186100384132586	0.11291656595073912	1.3657185820493585	0.12270827249582324
0.36255712467532725	0.1096115228576465	1.369076110842873	0.12027449581275726
0.36325279484437367	0.11102198412137282	1.372435127811191	0.12279428720134586
0.3639479478330734	0.10988380027128856	1.3757953099418307	0.12102882183006552
0.3646426514553121	0.1093119842062776	1.3791569831818928	0.120623531620548
0.3653368392862462	0.11061408414767093	1.3825198242545595	0.12333025966610246
0.3660305790437456	0.11365816135757341	1.3858841593559788	0.12566648718963855
0.36672383781314266	0.11222254380344149	1.389249827635517	0.12348851483515383
0.36741661637682294	0.11313304096895477	1.3926168301569493	0.12448433783419716
0.3681088819101809	0.11533153653626411	1.3959850058043366	0.1272592583000849
0.36880070193987563	0.1149276456208015	1.3993546812736959	0.1256266125838839
0.36949201031125084	0.11495390094125688	1.4027255324922938	0.12455237334546662
0.37018284103589716	0.11331614198297314	1.4060977237159562	0.12265245122352024
0.3708731948884808	0.11373086398931974	1.4094712559876972	0.12334499549601993
0.3715631057856652	0.11353553919872825	1.4128462938147384	0.1218305095837035
0.3722525077517145	0.11437938841947537	1.4162225125913404	0.12300652736106293
0.3729414680285057	0.11493663422970353	1.4196002397677052	0.126241650131863
0.37362995391958587	0.11686461495698194	1.4229793138109033	0.12796346426313215
0.3743179330246913	0.11711567648629734	1.4263595723383624	0.1278224927694974
0.37500543907100997	0.1167026211123703	1.4297411803600208	0.1283243488231116
0.37569250594451836	0.11607439815682463	1.433124302426475	0.1278050052826495
0.37637906793607295	0.11638381252373581	1.436508613128933	0.12625144700447258
0.37706515881500086	0.11904251249961725	1.4398942773369348	0.12855873533422732
0.37775081250830084	0.11749531886839776	1.4432814594583925	0.12675943092865213
0.3784359963569309	0.12004858105639374	1.446669997806549	0.12876461589916868
0.3791206779956835	0.1205756399830589	1.4500597298401852	0.12957534771447626
0.37980492419714657	0.12169984235073697	1.4534509842779384	0.13102691781127554
0.38048866951664606	0.11986628101755294	1.4568434349037693	0.12990672688635244
0.38117194769255985	0.12228247632253823	1.460237246630295	0.13219273750226918
0.3818547592501914	0.12182597419372507	1.463632421094265	0.13186415651124028
0.38253713783511417	0.12125873877959946	1.4670291234642303	0.13200642401456616
0.38321901817779963	0.11937362516840297	1.4704270269836868	0.1296855760438706
0.38390046677242134	0.1222141302175902	1.4738264611390668	0.13335875740609537
0.38458145137782074	0.12243842627179355	1.47722726296435	0.13478757301355407
0.3852619725135975	0.12133106987067108	1.4806294340802093	0.13373507043709149
0.38594199802558815	0.1241159863872392	1.4840328112492591	0.13568499241496812
0.38662159422365405	0.12701357716069311	1.4874377244725463	0.13893129195205503
0.3873006960992529	0.12741216816365764	1.4908438461794729	0.13920464392844475
0.3879793371525102	0.1254750441744025	1.4942513419054209	0.1372227469758111
0.3886575178973521	0.12648538309109775	1.4976602132551093	0.13903544154047912
0.3893352717423899	0.12541085734229984	1.5010706260225843	0.13788137046779922
0.39001253385192775	0.12478490852517149	1.5044822520922787	0.13667210411077188
0.39068937026128325	0.1207974810938591	1.507895422241229	0.1324015375930984
0.3913657489388086	0.12195915547054312	1.5113099728045087	0.13262526097862887
0.39204167039288446	0.12156794471226502	1.5147259053713107	0.13195128134263984
0.39271710267771953	0.12143258080659391	1.518143056003118	0.13214056076290653
0.3933921116468728	0.12082358239288592	1.5215617559969692	0.13245996153517964
0.394066632722219	0.12138023985329134	1.52498167641653	0.13190456954669305
0.39474069916902477	0.12071294219812839	1.5284029834273452	0.13085352222042337
0.3954143114901536	0.12233781067586608	1.5318256786031936	0.13193077527736663
0.3960875028606215	0.12353474602498965	1.5352499283709404	0.13387045771154585
0.3967602088728945	0.1262416429051544	1.5386754032448888	0.13590911567863206
0.39743249510977785	0.12891288381649144	1.5421024353060346	0.13886323558237246
0.39810432974649	0.13198562970248465	1.5455308601856423	0.14198694047692018
0.3987756809133994	0.13212278335906988	1.5489605136462399	0.1418309349680658
0.39944658160466934	0.13388558552062094	1.5523915626358347	0.14249223801983016
0.4001170325329714	0.13117707278826707	1.5558240080330359	0.1406335558166734
0.40078703419253847	0.13169317857034674	1.559257851387625	0.14163881659267655
0.40145661957388545	0.1335356601513094	1.5626932596378522	0.14408355981292775
0.40212575697510133	0.13501505965758914	1.5661300679903918	0.14716678853073117
0.4027944468872552	0.1346628885251902	1.5695682779862683	0.14626480203058734
0.4034626900162895	0.13650272457942236	1.5730078904864975	0.14695080400737687
