r g(r)
0.2587500214576721 0.0
0.2762500047683716 0.0
0.29374998807907104 0.0
0.3112500011920929 0.0
0.32875001430511475 0.0
0.3462499976158142 0.0
0.36375001072883606 0.0
0.3812499940395355 0.0
0.3987500071525574 0.0
0.41624999046325684 0.0
0.4337500035762787 0.0
0.45125001668930054 0.0
0.46875 0.0
0.48625001311302185 0.0
0.5037499666213989 0.0
0.5212500095367432 0.0
0.5387499928474426 0.0
0.5562499761581421 0.0
0.5737500190734863 0.0
0.5912500023841858 0.0
0.6087499856948853 0.0
0.6262500286102295 0.0
0.643750011920929 0.0
0.6612499952316284 0.0
0.6787500381469727 0.0
0.6962500214576721 0.0
0.7137500047683716 0.0
0.731249988079071 0.0
0.7487499713897705 0.0
0.7662500143051147 0.0
0.7837499976158142 0.0
0.8012499809265137 0.0
0.8187500238418579 0.0
0.8362500071525574 0.0
0.8537499904632568 0.0
0.8712500333786011 0.0
0.8887499570846558 0.0
0.90625 0.0
0.9237500429153442 0.0
0.9412499666213989 0.07430202513933182
0.9587500095367432 0.0358070507645607
0.9762500524520874 0.17267493903636932
0.9937500357627869 0.2666345238685608
1.0112500190734863 0.4827894866466522
1.028749942779541 0.4665014445781708
1.0462501049041748 0.6013663411140442
1.0637500286102295 0.6690112352371216
1.0812499523162842 0.8446000218391418
1.098750114440918 0.790647566318512
1.1162500381469727 0.6603931188583374
1.1337499618530273 0.5121307969093323
1.1512500047683716 0.6208418011665344
1.1687500476837158 0.7228773236274719
1.1862499713897705 0.8420466184616089
1.2037498950958252 0.4770136773586273
1.221250057220459 0.7061964273452759
1.2387499809265137 0.4504421353340149
1.2562499046325684 0.41712090373039246
1.2737500667572021 0.4057387113571167
1.2912499904632568 0.5724862813949585
1.3087499141693115 0.5188431739807129
1.3262500762939453 0.4865274429321289
1.34375 0.45571279525756836
1.3612499237060547 0.550645112991333
1.3787500858306885 0.623328685760498
1.3962500095367432 0.37143659591674805
1.4137499332427979 0.362295001745224
1.4312500953674316 0.5141705870628357
1.4487500190734863 0.5175061225891113
1.466249942779541 0.6277021765708923
1.4837499856948853 0.49338144063949585
1.5012500286102295 0.5111503601074219
1.5187499523162842 0.613595724105835
1.5362499952316284 0.5160211324691772
1.5537500381469727 0.6135315299034119
1.5712499618530273 0.5599453449249268
1.5887500047683716 0.7563214302062988
1.6062500476837158 0.7016550898551941
1.6237499713897705 0.6990974545478821
1.6412500143051147 0.672053873538971
1.658750057220459 0.8134559988975525
1.6762499809265137 0.6911323666572571
1.693750023841858 0.8605060577392578
1.7112500667572021 0.7530710697174072
1.7287499904632568 0.8039851188659668
1.7462499141693115 0.9714459180831909
1.7637500762939453 0.9310998320579529
1.78125 0.9751440286636353
1.7987499237060547 0.8850457072257996
1.8162500858306885 0.7982282638549805
1.8337500095367432 1.0473579168319702
1.8512499332427979 1.1044752597808838
1.8687500953674316 1.1121604442596436
1.8862500190734863 0.9158574938774109
1.903749942779541 1.0534807443618774
1.9212501049041748 1.0878785848617554
1.9387500286102295 1.0420634746551514
1.9562499523162842 1.0579032897949219
1.9737499952316284 1.1068220138549805
1.9912500381469727 1.029341697692871
