0.0019969712386852523	0.04246573945690406	0.005999913378814581	0.08351140286625941
0.002994509627501752	0.0440630592967466	0.009000028967821283	0.0848495311518239
0.003991053970731351	0.04436016426651438	0.01200016242436899	0.08522903593946841
0.00498660624753589	0.044902363960527145	0.015000319665287054	0.08628247398970453
0.00598116843117231	0.045341998933379785	0.018000506583878997	0.08666393755842164
0.00697474248901606	0.04451743321308693	0.021000729050039135	0.08608434950122928
0.007967282626060572	0.04396267262719148	0.024000848920868956	0.0866561800376432
0.008958838601983002	0.04234223843716223	0.0270010160077254	0.08431027395579213
0.009949412366559664	0.041484798994051594	0.030001236110688036	0.08364156110595773
0.010939005863778509	0.04091225257119489	0.03300151500688901	0.08246763839557719
0.011927668364507399	0.04212949678225726	0.03600200246425363	0.0840560275443474
0.012915307135934487	0.0418324388136971	0.039002416187102276	0.08191753091392358
0.013901971437464692	0.04270500199568697	0.04200290589802915	0.08408241236503099
0.014887663190159682	0.04378897998226779	0.045003477283502444	0.08492273331563088
0.015872384309405962	0.04412294206962526	0.048004136007602824	0.08668416951011049
0.01685613647269087	0.04276706655933899	0.05100488773512247	0.08494753675918942
0.01783892204861014	0.04194628176754836	0.054005738039718795	0.08488440228177013
0.018820789711549678	0.04381103084371272	0.05700683658964596	0.08607674608694109
0.019801694300284518	0.044047753750036625	0.06000804491877401	0.08599821232714891
0.020781637702248012	0.04422808048639483	0.06300936858114817	0.08511968907250261
0.021760574698931154	0.0443780638123276	0.06601066907245907	0.08489936999321146
0.022738601367501575	0.04482825782137008	0.06901223997661636	0.08446808393232189
0.02371562547029136	0.04305747413481487	0.072013798698464	0.08239698924743338
0.024691695926824422	0.04214346715672597	0.07501549474748623	0.08235801222918865
0.025666814596944643	0.0421865173526132	0.07801733356983158	0.08197347327740494
0.02664102997772725	0.04308157390917978	0.08101946469293582	0.08301020654279173
0.027614250632833036	0.043237162765019446	0.08402160531563019	0.08468996083027043
0.028586571600717564	0.042699887259023434	0.08702404904202504	0.08438549168361409
0.029557901615233806	0.043832836185336996	0.09002651299646046	0.08520778844600446
0.03052833552350631	0.044484863316476206	0.09302929077494085	0.08581545291056066
0.031497782003422195	0.043304658919978214	0.09603209946831742	0.08383982956012366
0.032466336162638255	0.04542265836937822	0.09903523258165166	0.08524281602292359
0.03343390662333372	0.046760067645002935	0.10203840717321716	0.08756370394441333
0.034400588301648716	0.046387254041241534	0.10504191673974966	0.08665735541835952
0.03536628998985167	0.04646738301533817	0.10804547826521288	0.0869918966979342
0.036331059996222353	0.04682109923955722	0.11104924109531551	0.08786908921675307
0.037294900116752336	0.04558854194110123	0.11405321042833985	0.08604852824000667
0.038257812142245114	0.045576430930428194	0.11705739144255581	0.08543921449246654
0.03921979785833592	0.04595276111242597	0.12006178929631701	0.08598452548786614
0.04018085904551164	0.045251507472562055	0.12306640912815643	0.08498547487246233
0.041141043451645216	0.046436568531376496	0.12607140030606348	0.08680030105176215
0.0421003068304794	0.04610639094008659	0.1290766236917861	0.0863286845726423
0.0430586509472584	0.04450822889234922	0.13208208436520558	0.08394999570070236
0.044016077562156405	0.04464689757284412	0.1350877873867586	0.08404362697157411
0.04497258843029691	0.045607532113997845	0.1380937377975307	0.08536139393369366
0.04592813932925741	0.04579546968044757	0.14109979637016612	0.08502774056595866
0.04688277802062465	0.0464710837978345	0.14410611234475312	0.08670480619330087
0.04783650624440145	0.04775186286444824	0.1471126907046336	0.08842710190094343
0.04878932573561695	0.04745373328376004	0.15011953641416573	0.08871537298836446
0.049741238224345355	0.04671035716645656	0.15312665441881365	0.08746005073460278
0.05069224543572508	0.04654938613246175	0.15613404964523822	0.08755857912732909
0.051642349089977155	0.04681455748276685	0.15914172700138496	0.08717039557780722
0.05259155090242419	0.046744765251326384	0.16214969137657417	0.08751851047582326
0.05353985258350876	0.04701254531480184	0.16515794764158825	0.08737737147743305
0.05448725583881211	0.04736040854562688	0.16816650064876018	0.08830060611616891
0.05543380769041931	0.04781607325174753	0.17117549968248594	0.08864516343643891
0.056379419191549665	0.04669462569565885	0.17418466065760854	0.08681428773426644
0.057324182590574216	0.04679619899625818	0.17719427730327386	0.0862248681831776
0.05826805429530007	0.04584412771781372	0.1802042099334044	0.08568643211390932
0.05921103598735545	0.04712202231307274	0.18321446330960955	0.08726254831913777
0.060153084022269154	0.04738314145560512	0.18622489772513884	0.0878472535311215
0.06109429071487635	0.04711141713120253	0.18923580680666896	0.08833840356976386
0.06203456717533712	0.04758813233838025	0.19224690633061833	0.08850900135883376
0.06297396034488803	0.04807288367659559	0.19525834545284237	0.08874308637028125
0.06391247188149263	0.04806456982964287	0.19827012884589162	0.08799831492989861
0.06485010343845064	0.04776384815741692	0.20128226116479955	0.08737545441808164
0.0657869015198405	0.049065178080269015	0.20429489167808706	0.08775344171964816
0.06672277805883733	0.04786050463720584	0.2073077357441582	0.08634365834210496
0.06765782432201994	0.049744768297758285	0.21032108726353516	0.0876606805946312
0.0685919524007257	0.04968048742977619	0.21333466148874897	0.08806346080047614
0.06952525338530566	0.05058769753738254	0.21634875235830212	0.08873890789638256
0.07045763931607849	0.050374587921311394	0.21936307510832503	0.08904299575782987
0.07138920152510961	0.05258650854173823	0.22237792353556493	0.09198985035720394
0.07231985200192305	0.05183462445427574	0.22539301286050567	0.0908342280988601
0.07324968190218033	0.051567957204361664	0.22840863691763522	0.09115382875987255
0.07417860337345941	0.0494971828706216	0.23142451082164212	0.08909466914964252
0.07510666274890967	0.04971342987283986	0.2344407837249941	0.08959594920378888
0.07603386162720543	0.05009751253654979	0.23745746007879087	0.08993211326107033
0.07696020160257819	0.04911846949869088	0.24047454431764653	0.08966330292751483
0.07788568426483322	0.04905881378339558	0.24349204085976628	0.0882320369471398
0.07881035547547728	0.050913244827767615	0.2465100990059748	0.08966796165700927
0.07973417249859369	0.05048031192088346	0.24952857826366714	0.08837170920738294
0.08065713691088171	0.0508418364003343	0.252547483002482	0.08900538975880815
0.08157925028467918	0.05133686180475809	0.25556681757594896	0.09007338336255975
0.08250051418797841	0.05034273403055234	0.25858658632156245	0.08915149898589567
0.08342088590833087	0.05000929832104701	0.2616066486619029	0.08896602843206047
0.08434041132200423	0.049897371787516784	0.26462715378083446	0.0892137552760944
0.08525909198397522	0.04838706157524455	0.2676481059679802	0.08679513601975627
0.08617692944493874	0.04896478232575079	0.27066950949722113	0.08623047737277935
0.08709392525132385	0.04991748888716506	0.2736913686267693	0.08745146013165704
0.08801008094530915	0.0499423953951317	0.27671368759923864	0.08778066727226105
0.08892539806483864	0.0507247342245944	0.27973647064171736	0.08814476315005762
0.08983987814363688	0.050448444456018614	0.28275972196583743	0.08750148510578036
0.09075352271122467	0.04969798105753527	0.2857834457678467	0.08605642526070602
0.09166637700450556	0.05013537732212368	0.2888077914365522	0.08718954392505349
0.092578398793294	0.051206997215865115	0.291832617953343	0.08863790538412056
0.0934895895946633	0.05266726836739302	0.29485792946892925	0.09015073743550349
0.09439995092154364	0.0523491718175963	0.2978837301189138	0.09041104868877428
0.0953094842827373	0.05245836210063312	0.3009100240238615	0.09191810880229752
0.09621814747136212	0.05278013720363817	0.3039366700814926	0.09120219586339441
0.09712598573935394	0.05045459131321551	0.3069638175667987	0.08771814448629407
0.09803300058314833	0.04924087423615449	0.30999147055543974	0.0865922117922703
0.09893919349511285	0.050077603556515665	0.3130196331083094	0.08668958259802882
0.09984456596356141	0.05178293368119858	0.3160483092716013	0.08841986565876646
0.10074911947276921	0.05236324425179534	0.3190775030768755	0.0901971737956332
0.10165285550298725	0.05420010173259201	0.3221072185411248	0.0921148246721582
0.10255577553045689	0.053872272929619255	0.3251374596668402	0.09107699333428765
0.10345788102742418	0.053509097124948196	0.32816823044207666	0.09121905819217355
0.10435917346215451	0.053656149106868375	0.3311995348405178	0.09122142130154183
0.10525969742141449	0.05298739471785345	0.3342315224034538	0.08963482707311007
0.10615936812061535	0.05201526926267576	0.3372639059121932	0.08883995904221269
0.10705827318375291	0.05209275601340179	0.34029698051463064	0.08933424463262202
0.1079563709796225	0.05396236421597612	0.3433306045194189	0.0907844291556787
0.10885366295686834	0.0537201047183376	0.3463647818295342	0.09047548232564534
0.10975010743777106	0.05384805649542973	0.34939937075205085	0.09104379979724547
0.11064579210813238	0.05443311093447109	0.35243466632585574	0.09192303964373255
0.11154063223736364	0.055130855692125794	0.355470381195208	0.09322016479316858
0.11243467234229841	0.05459295821009023	0.35850666481569105	0.09279991611941914
0.11332791385217134	0.052944079605740574	0.3615435210207735	0.09113035058461096
0.11422040093086226	0.053130805611374905	0.36458109948512296	0.09148659929332723
0.11511204952302263	0.054262594181187555	0.36761911230515565	0.09210482140698122
0.11600294644741377	0.05471947883546492	0.37065785504002785	0.09240827723104222
0.11689305041766411	0.05401231757890094	0.3736971855858574	0.0916549222382135
0.11778232025729334	0.05402302123737964	0.3767369617393371	0.09169658548549925
0.11867079980794586	0.05274780415299001	0.3797773333364076	0.08961414703704929
0.1195584908512352	0.05085004327548363	0.38281830382943577	0.0876390429267675
0.12044539440795334	0.0496103663102337	0.38585987723255777	0.08577017652881101
0.12133151206248527	0.04968540513282947	0.388902057114093	0.08617156184723715
0.12221688779319125	0.05136752629270597	0.3919449931425927	0.08765216637470163
0.12310143781438307	0.052894143760657965	0.39498839706602124	0.08865676675330222
0.12398524860839359	0.05468140891816647	0.3980325645542072	0.08997636464837588
0.12486823653306864	0.05614428293854263	0.40107720721268414	0.09280859451066059
0.12575044547663533	0.05683646926152272	0.40412247471623364	0.09328059579542332
0.12663187681233476	0.05691106697394918	0.4071683706993965	0.0934655687566097
0.12751257408491634	0.05706148088491534	0.4102150450819941	0.09472991272751452
0.128392496448214	0.05623637113916113	0.41326235520589344	0.094810670589929
0.12927164526468798	0.05484011032369755	0.41631030466758284	0.09336009231459842
0.1301500218932083	0.05411547661839335	0.41935889705091983	0.09220809697775319
0.13102762768906745	0.05311399075130677	0.4224081359271875	0.0907362786084672
0.13190442182885687	0.055155433822142254	0.4254578785570714	0.09292710686738491
0.1327804478729154	0.055666147307536745	0.4285082747540047	0.09329069567989791
0.13365570716581326	0.05657092774669595	0.43155932805170455	0.09349221218548776
0.13453020104859306	0.05738973730664126	0.4346110419715321	0.09526419419396279
0.13540393085878244	0.05630224357377552	0.4376634200225475	0.09365619133066991
0.13627689793040593	0.0545227196449714	0.4407164657015623	0.091510050265638
0.1371491035939977	0.054852413799621816	0.44377018249319433	0.09147390085212467
0.13802054917661316	0.05494753787654763	0.44682457386991925	0.09180613104370286
0.13889123600184158	0.05575205401335885	0.44987964329212476	0.09232221221485004
0.13976116538981775	0.05821332945432204	0.45293539420816203	0.09612583523274561
0.1406303386572343	0.057126489662394614	0.45599183005439897	0.09392309105390315
0.1414987987077407	0.056365646966638046	0.45904910106864083	0.0937615187688947
0.14236650522478522	0.05606421970813828	0.46210706388368417	0.09404087591988022
0.1432334595148673	0.05411674312500135	0.4651657219004182	0.0918688568162507
0.14409966288109158	0.05411179924339769	0.46822507850795464	0.09101212110478157
0.14496511662317935	0.055682228700700845	0.47128513708367764	0.09411065872892954
0.14582978044709335	0.05491965034758334	0.4743457541799264	0.09304648543015222
0.14669369727221923	0.056199771442483455	0.47740707993054293	0.09344527481855758
0.14755686838813661	0.058445775609957326	0.48046911767787237	0.09551155094221261
0.14841929508108853	0.05946138992907824	0.4835318707527344	0.09690654174069553
0.149280978633993	0.0582763857369589	0.48659534247447367	0.09502754863252129
0.15014196155953385	0.06017732298550433	0.4896596833076984	0.097881792615426
0.15100216266785468	0.05928789179209683	0.4927246022355688	0.09698446320288581
0.1518616656274012	0.059006790292720226	0.495790396927241	0.09756086657482763
0.15272043051027914	0.058019464466789177	0.49885692346491045	0.09640050418481165
0.15357841749113996	0.0600863395945066	0.5019240378129961	0.09885125411553819
0.15443566878391657	0.05982422950733436	0.5049918906633579	0.09792115091311894
0.15529218600128442	0.060539143332793074	0.5080604849012333	0.09885189118706263
0.15614797004785802	0.061092523911160275	0.5111298241126148	0.09814794942770091
0.15700302235319424	0.06111446967912208	0.5141999113374058	0.09755399838283219
0.15785738525945453	0.06018164581322155	0.517270897081305	0.0954577899678268
0.15871097782998062	0.061359901681598085	0.5203424899437498	0.0960750862006096
0.15956388342217293	0.06130189641367052	0.5234149877788357	0.09618513043470082
0.16041602123348492	0.061506342476417966	0.5264880990206384	0.0973217747835087
0.16126747430075375	0.06082615644510991	0.529562121829536	0.09749103985680453
0.16211816230305143	0.06081569654582396	0.5326367641057608	0.09788067375650622
0.1629681679577642	0.05888198907063952	0.5357123243188902	0.0959984216236149
0.16381741107602368	0.05927430918192657	0.5387885101986953	0.0959796119119869
0.16466597423084328	0.057783435557699506	0.541865620343132	0.09394935620443064
0.16551377719249696	0.05896950443222749	0.5449433624979605	0.09458288893269917
0.1663609027351174	0.05907846657578841	0.5480220350159595	0.09539113130798679
0.16720727058828064	0.061242776555876434	0.5511013456593563	0.09761679285823424
0.16805296338159623	0.060930144081920566	0.5541815929090688	0.0969039860477229
0.168897900976592	0.0615859990742682	0.5572624843568038	0.09742697634761459
0.1697421252536973	0.0612891664785951	0.5603441707991446	0.09753438929515146
0.1705856374163005	0.06057284414492581	0.5634266552839488	0.0962652540431185
0.17142843866474702	0.05948291184475341	0.5665099408488035	0.09463637401059932
0.17227053019635002	0.05986495549328868	0.5695940305210684	0.09484383846240475
0.17311191320540043	0.05965804624731777	0.5726789273179186	0.09479191853283259
0.17395258888317713	0.058974299175680346	0.5757646342463879	0.09363294518625044
0.174792558417957	0.05983869309463674	0.5788511543034102	0.09429109430575586
0.17563186319209936	0.05964048911653671	0.5819386387545527	0.09341767088511817
0.1764704641571962	0.05918916163576419	0.5850269423376583	0.09304659880832367
0.17730836249263518	0.05892343860321747	0.5881160680197588	0.09329089306246174
0.178145559374842	0.05907796319217647	0.5912060187579543	0.09313649963723851
0.17898205597729033	0.05844632801143928	0.5942967974994556	0.09209654503977746
0.17981781327343727	0.05939241375802581	0.5973882589029353	0.09368016654869894
0.1806528726615931	0.0603998153202982	0.6004805541349681	0.0946922313449094
0.18148723530637795	0.061153113305496686	0.603573686113201	0.09531452223443795
0.18232090236949916	0.06301227766723362	0.606667657745555	0.09695186689216065
0.18315387500976105	0.06314766307288569	0.6097624719302663	0.09708830936943755
0.18398615438307464	0.0622516579952059	0.6128581315559275	0.09660106418142332
0.18481778147259564	0.06087528142761833	0.6159547882242713	0.09564944228848857
0.18564867776822017	0.06031051398058675	0.6190521473592284	0.09505615830530076
0.18647892401149632	0.05942038124258648	0.6221505093487182	0.09437226001228757
0.1873084418185953	0.06005940508354693	0.6252495794326018	0.09524797254284828
0.18813731179358806	0.06109409897199622	0.6283496581454685	0.09606430631948265
0.18896545551393754	0.062047260200901774	0.6314504507495219	0.09670309625794773
0.18979295377587965	0.06285998319498583	0.6345522575125796	0.09705107523010983
0.19061972811831612	0.06399809939323622	0.6376547837196153	0.09858587847969594
0.19144585919986223	0.06529855316964196	0.6407583297848838	0.10016589345428693
0.19227126868558866	0.06520025797753984	0.643862600809213	0.10024186863390967
0.19309599743141972	0.06622120596360864	0.6469677484244479	0.1015591073058957
0.19392004655928483	0.06597624515590969	0.6500737754065133	0.10179374025714877
0.1947434171883421	0.06585923948893592	0.6531806845221949	0.10146561351750331
0.19556614983999931	0.06426014993501841	0.6562886277979805	0.0996107908777688
0.1963881668178755	0.06346118445222017	0.6593973094448852	0.0985023349112245
0.197209547978296	0.06316419756592576	0.6625070308261032	0.09772287292649091
0.1980302157485952	0.06339002917944114	0.6656174959626457	0.09748400500849097
0.1988502498506543	0.06310154898213019	0.668729006372272	0.09765329787978604
0.1996695726740391	0.06381078478576288	0.6718412661010557	0.09811837375887555
0.2004882641288381	0.06558426821644336	0.6749545763905879	0.10033111114115303
0.20130624656699003	0.06586987478672131	0.6780686413124106	0.10091466539116598
0.20212359976399868	0.06576386614028609	0.6811837622624511	0.10048417147574368
0.20294024619541315	0.0655416727651043	0.6842996431221648	0.0997321688787302
0.20375622625869572	0.0658201791787498	0.687416435958238	0.09970964458991886
0.20457154104044903	0.06555075913161046	0.6905341434306684	0.09903200315273016
0.20538619162462	0.06505662913918715	0.693652768190789	0.09847578688613884
0.20620017909250865	0.06539219833307834	0.696772312881304	0.09947316317835002
0.2070135045227767	0.06692550208931175	0.6998927801363235	0.10183271376741049
0.20782620791708895	0.06752527847017356	0.7030143225076887	0.10247268127239446
0.2086382513916794	0.0668624706414121	0.7061367927309794	0.10241444476070169
0.20944963601739686	0.06752401661517679	0.7092601934148566	0.10309583349009516
0.21026036286248606	0.06692060305020987	0.7123845271595252	0.10160952586834104
0.21107043299259556	0.06706229658776797	0.7155097965567683	0.10081656575647335
0.21187980854515345	0.06682734894654016	0.7186358542636917	0.10182097717352234
0.21268852953781842	0.06650184108655174	0.7217628527367835	0.10148352623496726
0.21349659702845059	0.06581932073454605	0.7248907945426423	0.10022621897045726
0.2143040120723474	0.06684756969467615	0.7280196822395798	0.10115951214523439
0.2151107757222525	0.06546364481659038	0.7311495183776557	0.10008714941446155
0.2159168890283633	0.06557276444837173	0.7342803054987102	0.09956280217132815
0.2167223530383398	0.06723035729530512	0.7374120461363973	0.10066496464968719
0.2175271687973124	0.06781505249639211	0.7405447428162178	0.10095883698498204
0.21833137586739657	0.067729749902199	0.7436785485743969	0.10114033027440905
0.21913489824967472	0.06782925498644718	0.7468131648825379	0.10131347015844241
0.21993781395902168	0.06812304744482514	0.7499488953725406	0.10118313928856809
0.22074008554196267	0.06859401743297855	0.7530855919724654	0.10264439731130655
0.22154171403115103	0.0682988399681253	0.756223257167654	0.10287679189123329
0.2223426619372522	0.06862612043489655	0.7593617429166436	0.10397922292421034
0.22314300732697812	0.06967268291981282	0.7625013527265777	0.1044281697651525
0.22394267424827757	0.069774634613894	0.7656417879283517	0.10508237572188725
0.22474170221249434	0.06824561096978436	0.7687832015408135	0.10279317811661036
0.22554009223990498	0.06813986596552155	0.7719255960097053	0.10222837925121477
0.2263378835611652	0.06896223744392722	0.7750691247614127	0.1023904659913061
0.22713500076603416	0.06938187194586556	0.7782134882492197	0.10342213058693256
0.22793148308030736	0.06931317589697436	0.7813588398840023	0.10253510986789631
0.22872733151454072	0.07073865391660206	0.7845051820804836	0.10367241553226414
0.22952254707687947	0.07216109026339865	0.7876525172457095	0.10653079820275478
0.23031713062155051	0.07237335115878885	0.7908008480182349	0.10635682062857213
0.23111108345493067	0.07096873732492319	0.7939501763115278	0.1047763946803373
0.2319044444274986	0.07220194120683865	0.7971006560730012	0.10658937713129567
0.23269717650673363	0.07215479381932982	0.8002521384036317	0.1078338115809443
0.23348928068888852	0.07168314646356436	0.8034046256726427	0.10576042131065115
0.2342807199065452	0.0709344200319299	0.8065579690141598	0.10518181111974646
0.23507157127384432	0.07065551924944838	0.8097124732376417	0.10543824095358036
0.23586175971762394	0.06988250548364419	0.8128678381382458	0.10605729349657075
0.23665132425581886	0.07040429539653975	0.8160242173310441	0.10558378946534529
0.2374402658728819	0.06985315121300047	0.8191816131479551	0.1056601444525094
0.23822858555093748	0.07092191289210392	0.8223400279135469	0.1075463326479609
0.23901628426978933	0.07281042644241116	0.8254994639450659	0.10918548766518718
0.2398034007094454	0.0736645777569498	0.828660075365586	0.10783769290000704
0.24058989811297832	0.07272136302176588	0.8318217127141908	0.10642319330272015
0.2413757774533194	0.07405671939084904	0.8349843782864445	0.10834262844947984
0.24216103970110778	0.0744337280504466	0.8381480743707038	0.1088195667401625
0.24294568582469814	0.07393314331449326	0.8413128032481462	0.10743672864460357
0.2437296790876495	0.07336502177898566	0.8444784153796786	0.10646013393344927
0.2445130581858797	0.07393101590333137	0.8476450647958111	0.107654505213552
0.24529582408088557	0.07338211126207754	0.850812753756243	0.10652541824697472
0.24607797773190787	0.07312855357796116	0.8539814845136067	0.10523129185011991
0.2468595200959382	0.07314085703342091	0.857151259313495	0.10593103525993772
0.2476404521277262	0.07446865891639604	0.8603220803944892	0.10817636226465963
0.24842077477978647	0.07427248090037956	0.8634939499881855	0.10761093068133205
0.2492004890024055	0.07533596244286694	0.8666668703192233	0.10832224903529081
0.24997959574364856	0.07480603512590149	0.8698408436053111	0.10784619960150138
0.25075809594936693	0.07496069903225529	0.8730158720572547	0.10759373495756072
0.25153602782664086	0.07366731832936298	0.876192110446139	0.10738310542933016
0.252313355024569	0.07434602795257376	0.8793694084530056	0.10835680685234883
0.2530900784824458	0.07257005484113936	0.8825477682682145	0.10733585492109185
0.25386619913737896	0.0730720317708885	0.8857271920753294	0.10734002346711391
0.2546417179242958	0.07378301194201939	0.8889076820511426	0.10844953259235258
0.255416598512514	0.07317882024838085	0.892089087798547	0.10631489007248697
0.2561908791249659	0.07239497028476907	0.8952715639969109	0.10508888513592184
0.2569645606900341	0.07285339283650835	0.8984551128027675	0.10538019621050186
0.25773764413394806	0.07224308883580505	0.9016397363659843	0.10487524455629033
0.25851016738565097	0.0724818511440285	0.9048255898607438	0.10511544630987377
0.259282057357366	0.07274134544337148	0.9080123693617466	0.10558632441377468
0.26005335197376295	0.07426887545417239	0.9112002300299709	0.10770708661450067
0.26082405215252497	0.07448507957366166	0.9143891739888755	0.10740192741447036
0.26159415880921516	0.07459906276918093	0.9175792033553805	0.10864258539320633
0.2623636727151777	0.07564184093453144	0.9207703205011285	0.10928339093351691
0.2631325950659652	0.0757921226123831	0.9239625270075654	0.10921497280164205
0.2639009634349319	0.0747443123372951	0.9271559786307719	0.10711932209772243
0.26466874189480405	0.07486014725645303	0.9303505241171222	0.10741384848341345
0.26543593135068444	0.07486489615519484	0.9335461655513171	0.10654345994441775
0.26620249584283967	0.0732540659129054	0.9367427517194753	0.10536966558304642
0.2669685099977256	0.07364714875403038	0.9399405912779272	0.10653208264659117
0.2677339010452472	0.0736389426292123	0.9431393796026947	0.10698732703992982
0.26849870671664094	0.07425026419594916	0.9463392720977076	0.10729406236914789
0.26926292790662265	0.07416459368230795	0.9495402708158621	0.10717012005705003
0.27002660208964546	0.07477302826459938	0.952742531625941	0.10728998829377914
0.27078965699275814	0.07478283809069793	0.9559457489240175	0.10692953995828287
0.27155216661244086	0.07601183141391166	0.9591502324957303	0.1075617722438591
0.27231409528136424	0.07525962507446075	0.9623558304934521	0.10783386297790815
0.2730754438841001	0.07667379126393833	0.965562544939072	0.10957678472758865
0.27383617672141447	0.07570998795948905	0.9687702240261733	0.10913453626205195
0.27459636783742153	0.0759365609604605	0.9719791774086781	0.10929116475756331
0.2753559450027604	0.07590533954990604	0.9751890993386189	0.11015175342302339
0.27611494564784833	0.07635988288647216	0.9784001456890161	0.110865778496375
0.2768733706471822	0.07616153583084471	0.9816123184511444	0.11091737471188456
0.2776312208732706	0.07756167464739422	0.984825619610244	0.111998593147835
0.2783884971966399	0.07708356542132086	0.9880400511455434	0.11144132933225044
0.27914520048584035	0.0751936292867521	0.9912556150302836	0.1091923858248364
0.279901331607452	0.07599284670763395	0.9944723132317386	0.10837888860191248
0.2806568914260906	0.0759852199920327	0.9976901477112399	0.10787978058702566
0.28141191697269186	0.07609608804996379	1.0009092750594237	0.10773385189467084
0.2821663729124477	0.07695544156008621	1.0041295426455332	0.10935338364337169
0.28292026010415766	0.07799453030746714	1.007350952413296	0.1097583678372842
0.2836735794046803	0.07711175156617057	1.0105735063005858	0.10993811641597767
0.2844263316689394	0.07536458787091566	1.0137972062394431	0.1074694428787791
0.28517848158165127	0.073962824095512	1.0170218995208722	0.10599329055867035
0.2859300661894003	0.07411593802334919	1.0202477426455834	0.10541764337776996
0.2866810863412993	0.0751862890202062	1.0234747375281583	0.10723038682413039
0.28743154288454936	0.07764075706940472	1.0267028860774343	0.1092424065798848
0.28818143666444584	0.07889235052513986	1.029932190196524	0.11103065508623204
0.2889307685243836	0.08054802434133096	1.0331626517828385	0.11266502919623028
0.28967957517679277	0.08045137958309803	1.0363944279729256	0.11265914373882728
0.29042778571942574	0.07934676860292775	1.0396272101632211	0.11177000625850728
0.2911754368609405	0.07908830421450426	1.0428611554789748	0.11112794061645506
0.2919225294371877	0.07918909300557087	1.0460962657950013	0.11126836587551102
0.2926690642821464	0.07905500147749941	1.0493325429805198	0.111243106173601
0.29341504209438346	0.07965368231767268	1.0525699891798694	0.11158514456290307
0.2941604996820356	0.08090511907123202	1.0558087612716653	0.11186336070087813
0.2949054020026091	0.0800741061669308	1.0590487058637328	0.11101790124037733
0.2956497498826899	0.08083523113711379	1.0622898248032	0.11146836729086158
0.29639354414701974	0.08032342212643118	1.065532119931703	0.11158512638078326
0.2971367498811171	0.08038989176815435	1.0687754375598892	0.1122924523938303
0.29787940367002547	0.07852179102690753	1.072019934987578	0.11087699670246624
0.29862150633294665	0.07813907666921469	1.0752656140399584	0.11049705134125185
0.29936305868726015	0.07882247959097992	1.078512476536808	0.11183389334437419
0.3001040615485282	0.07883700376609754	1.0817605242925126	0.11104300175512466
0.3008445512037498	0.07926700330649918	1.0850099152096135	0.11060786893482008
0.301584457518373	0.08161887197562348	1.0882603389047172	0.11336461755602714
0.3023238521966793	0.08203497749771241	1.091512109477848	0.11441421801808052
0.3030626652052366	0.08154140633027734	1.094764916305688	0.1133049539326635
0.30380096814017865	0.08259063136898498	1.0980190737072775	0.11429932316012521
0.30453869093829916	0.08215238865009612	1.1012742711060086	0.11430790923340241
0.3052759053491254	0.08331693014095459	1.1045308224662178	0.11482487187472962
0.30601254127977556	0.08266312601795457	1.1077884172582566	0.11356541051559904
0.30674867037151654	0.08253218513702383	1.1110473696652898	0.11488217693039028
0.30748422263249475	0.0824498299427186	1.114307368917636	0.11542938333101313
0.3082192342534044	0.08212625074508745	1.117568573037282	0.1150469210112656
0.3089537060284171	0.08118826956834656	1.1208309837754413	0.11493315912933734
0.30968763874995564	0.08269549961822925	1.1240946028781882	0.11665206990809383
0.3104210683443544	0.08372534569758194	1.1273595889312287	0.116679600596701
0.31115396043919724	0.08362485807777097	1.1306257868840344	0.11624895302403468
0.31188631582172954	0.08513505276220541	1.1338931984674567	0.11789321134653002
0.31261813527746835	0.08499987832254921	1.137161825407283	0.11723113105874951
0.3133494195902076	0.0844070316484416	1.140431669424255	0.11683525080792379
0.31408013440636806	0.08393803141839254	1.1437025753893333	0.11629742206634644
0.3148103156676693	0.08449969661547903	1.1469747017996033	0.11632529895297587
0.3155399641527281	0.08410680050263399	1.1502480503606949	0.11648481959048616
0.31626908063845804	0.08395153217360297	1.1535226227732671	0.11704124596225983
0.3169976659000745	0.08429324604707614	1.1567984207330224	0.11692354057206772
0.31772572071109983	0.08487918791875114	1.1600754459307285	0.11752911822725418
0.318453245843368	0.08457891694817939	1.1633537000522336	0.11828900207757749
0.31918024206702944	0.08519338072033816	1.1666331847784854	0.11903925235544136
0.3199067101505567	0.08477345113369504	1.1699139017855489	0.11744518453157742
0.3206326508607479	0.08461751770378416	1.1731958527446238	0.11775710779188833
0.32135806496273295	0.08450154892488954	1.1764790393220623	0.11708434512032942
0.3220829532199779	0.08396742563068843	1.1797634631793867	0.11562558986241228
0.32280735109805403	0.08354603062173782	1.1830492838214373	0.11413422399877768
0.32353122462827477	0.08470755134330124	1.1863363451117395	0.11600093153853855
0.3242545745691793	0.08522089420754893	1.1896246486975084	0.11580913125996749
0.324977401677662	0.08510573567959641	1.1929141962211995	0.11625251435301959
0.3256997067089773	0.08489039177449377	1.196204989320524	0.11643736489121591
0.3264214557129795	0.08628438330513925	1.1994968717803365	0.11876557154084266
0.3271426841704962	0.08667351243824661	1.2027900030173022	0.1182497277590458
0.32786339283185395	0.08543786209779008	1.2060843846549263	0.11748634451783317
0.3285835824457578	0.08684369818026139	1.2093800183120373	0.11905462695503449
0.32930325375929664	0.08881860274211949	1.2126769056028075	0.12075170487935272
0.33002240751794726	0.08941033108941399	1.2159750481367655	0.12061626505330872
0.3307410788954971	0.08764990059240023	1.2192746060283906	0.11912489559007412
0.33145919977437793	0.0887840677547598	1.2225752638588296	0.12033288906117859
0.3321768397057687	0.08820565553334574	1.2258773403641956	0.11982716718342755
0.33289393066756134	0.08817988765925851	1.229180519873948	0.11977655247175581
0.333610542109242	0.08668151744291028	1.2324851213578893	0.11756791304213467
0.33432660598084896	0.08808794170344592	1.235790829196968	0.11894072477790507
0.3350421918765754	0.0883568236116133	1.239097961987909	0.11892187606833846
0.33575723171869476	0.08888192555878187	1.2424062041633683	0.11905899700747007
0.33647179499960256	0.08861840879340076	1.245715874553586	0.11934008881728521
0.3371858137369453	0.08975409489068667	1.249026657339421	0.12090294641816948
0.33789932301475356	0.08981440042036687	1.252338712772007	0.12138765151138659
0.33861232355951904	0.09085832271817348	1.2556520424064517	0.12264375903208018
0.33932485023224274	0.09063159771060338	1.2589668070350968	0.12249890518745368
0.3400368354841894	0.09015991365441453	1.2622826897208774	0.12135894560804056
0.34074834826084266	0.09004455068903726	1.2656000106120397	0.12220963451080633
0.3414593551707418	0.09024600283925946	1.2689186119429832	0.12233277569112223
0.3421698228934674	0.09078166851309603	1.2722383357588283	0.12289147148522164
0.3428797860886807	0.09179074189837229	1.2755593433228753	0.12350533897943526
0.34358924571401905	0.0921771264018931	1.2788816355431796	0.12396065155085503
0.3442982022420929	0.09172080134639843	1.282205214556941	0.12327089864574042
0.34500665650636564	0.09357655603099453	1.2855300815714048	0.12513894819854357
0.34571464325722145	0.0932282270064002	1.2888563975861416	0.12458937803742164
0.3464220951258613	0.0933208503330761	1.2921838451322478	0.1254215548855046
0.3471290808506661	0.0946470331694981	1.295512744812461	0.12637382983652184
0.3478355331562578	0.09488311373168838	1.298842778902095	0.1266532159098889
0.34854148673879537	0.09346150159681026	1.3021741085073457	0.1248136446575154
0.349246942301934	0.09319770722754858	1.3055067351184881	0.12436910169658259
0.34995190054784103	0.09409881995802125	1.3088406602215976	0.12515335698447383
0.35065639592917286	0.09261445934279801	1.3121760455327884	0.1236701177018025
0.3513603953694414	0.09225213363322966	1.3155127323581939	0.12251573925576113
0.3520638995664078	0.09410293888694495	1.3188507221714447	0.12444624635274132
0.3527669092163617	0.09514052067594715	1.3221900164420293	0.12635824604350063
0.3534694250141254	0.09285194514494252	1.3255306166353091	0.1236772867134475
0.35417141390108475	0.09342495026642475	1.3288723639783055	0.12404186849036199
0.3548729103448311	0.09469577109028489	1.3322154200997522	0.12598606438069773
0.35557391503577596	0.09291122669252605	1.3355597864526434	0.12353805459442278
0.3562744286628797	0.09311902820207883	1.338905464485903	0.12285438173014113
0.35697445191365607	0.09404359885697428	1.3422524556444002	0.12467257904382455
0.3576739854741758	0.09420610262070976	1.3456007613689613	0.12421907418775445
0.3583730300290709	0.09373898040558261	1.3489503830963867	0.12352646247405591
