19.628794
24.918153
6.832205
6.178677
12.869680
4.072703
9.358824
8.814256
5.897214
12.113103
9.431748
22.695117
4.558434
5.290163
10.926587
8.088346
6.344897
24.122196
12.844203
12.065694
20.187353
15.557030
28.012900
15.835911
17.850255
13.794213
14.836605
18.171344
34.240591
5.973762
6.331530
34.838991
6.593157
7.386780
12.345846
9.953722
37.177516
21.525008
21.182438
11.614996
14.667417
20.068499
33.362722
6.620116
8.080068
25.637276
10.100647
24.722377
17.940471
19.656234
11.610682
12.310417
62.594751
18.368206
18.687778
8.389457
4.688195
17.091294
34.118857
15.998562
15.779959
7.095388
7.836615
13.792737
10.677822
14.291408
10.665718
16.860623
27.073284
12.179649
17.153667
17.009102
16.872332
7.545235
11.161634
16.174433
7.597400
11.835684
40.162150
22.224565
12.223420
8.476802
10.692865
27.138628
37.338310
23.480988
13.367453
11.891998
16.172702
26.723541
22.482197
7.430561
5.208636
10.130275
7.045125
14.646179
11.447606
15.250355
10.845062
20.927066
4.111226
4.808592
7.469690
18.813538
10.522587
19.212243
13.308717
30.077199
12.049314
7.481416
15.569938
49.411412
5.332789
6.683028
18.977610
5.224798
6.057116
6.322526
22.351748
38.331801
26.771133
7.627807
11.709328
15.458112
12.108605
21.322712
7.696578
6.263583
5.668357
21.900688
12.287367
22.654613
23.770688
5.694689
15.795618
13.422468
12.107547
28.960412
4.048103
12.225059
18.798107
17.084789
21.826070
10.002994
7.276739
11.467030
29.377007
6.244298
22.524359
3.584790
7.769954
25.851240
26.915001
8.788712
13.203018
38.912446
19.688942
6.732583
9.171127
11.385528
9.692156
7.938203
18.515969
10.270421
48.980916
14.533700
6.497667
6.978336
10.091413
15.236662
29.357359
28.199796
12.284874
4.333335
26.078778
17.061396
11.633785
18.395581
19.575627
14.398746
9.892416
10.538008
15.448919
10.192326
13.741973
14.825857
45.654939
8.831498
6.380632
10.141139
12.616878
16.028894
43.671505
21.980867
12.606060
14.582853
3.952369
9.483711
10.489767
12.635595
37.488681
9.054679
17.778236
11.738247
10.513813
13.511348
35.227866
7.782381
15.215699
12.353771
12.687933
7.005105
14.086206
15.814331
19.813967
13.480602
8.567065
11.640847
10.157636
15.000094
16.824537
23.108208
18.993420
7.080620
17.244799
18.603550
13.754792
8.147444
9.552966
13.497408
24.749168
33.162510
8.279317
13.498123
11.872231
5.060655
19.186715
16.277747
18.908531
13.078863
40.386822
22.587822
20.451047
22.329304
11.231972
27.731143
5.581696
6.469333
10.514275
11.862748
21.685679
8.814482
13.921802
7.201542
27.119096
10.719388
12.185591
6.876186
19.429488
10.970713
8.851041
14.295115
11.869268
26.989095
12.539288
41.440419
6.604683
5.283890
29.432610
20.651868
7.913509
6.607287
13.875627
10.785011
25.191439
6.576405
6.935575
12.909726
11.824606
6.366219
4.583346
17.849110
10.883073
19.188557
18.373971
10.006295
10.861065
9.991568
21.915453
9.533150
14.015777
16.073408
10.799310
27.137543
18.328508
18.770908
11.047981
10.841612
18.745365
6.126489
8.921722
16.505210
26.478356
15.503733
9.547711
13.135395
34.467925
25.759141
16.284584
23.983611
17.605251
13.376885
6.935448
8.875962
13.349963
15.437239
16.266857
14.367442
14.374415
9.603382
7.151575
19.183864
10.229491
9.194624
5.904495
8.897021
19.572854
14.272170
40.825965
17.983096
10.815792
4.302908
7.144493
36.944324
13.443154
30.015944
23.466131
8.582301
16.508504
18.666987
19.481866
26.246774
10.182253
11.652743
14.839055
32.986255
14.379650
12.444146
5.573977
5.672628
17.485506
11.656066
13.284131
14.079424
25.879730
15.815310
8.944584
12.405034
8.598035
20.826527
23.541797
11.679692
9.163075
10.676507
9.896068
13.639183
11.943777
6.922097
5.934246
16.530640
21.797745
13.618787
19.396780
16.719724
11.684668
9.992625
54.020642
8.431179
11.397705
25.072057
11.222817
5.993668
11.110428
13.522414
8.497287
14.156152
8.900169
20.212737
8.165900
17.453002
17.172073
21.336388
19.342933
12.452107
11.746180
6.349103
8.322320
5.256046
7.624987
15.422572
21.608812
11.905380
17.989930
12.229646
17.895009
19.740520
9.466565
5.604153
6.604548
7.230168
19.407064
14.547780
8.356915
4.402683
7.018508
41.965978
16.145091
13.436444
11.407145
14.703903
11.949143
20.835278
16.330927
26.938485
19.588879
14.430573
13.792723
11.581580
10.544032
23.594926
21.259374
33.676167
10.182089
9.075361
9.280041
8.545862
12.754984
12.204744
6.576371
9.305283
10.824012
27.389330
5.851309
9.820985
19.784773
35.515447
10.775754
29.985233
21.328009
20.286402
21.388307
13.540839
3.815566
37.777134
23.598294
14.131977
9.560728
4.839227
9.313949
25.453308
3.822462
5.074216
20.879975
18.292216
5.925039
17.015128
13.270501
10.443667
14.192479
30.200410
36.113445
8.671115
10.376593
10.396456
13.127926
9.482064
9.431080
10.973212
12.005712
18.108728
8.108755
18.040188
6.837040
4.670348
7.137341
6.760007
12.585395
27.765140
13.449009
30.134683
6.082028
23.565318
28.241828
33.463297
6.370858
31.544100
36.553256
17.184279
10.678928
13.901446
7.952076
12.489094
15.652769
9.413357
9.409294
27.357353
11.947076
15.105102
18.824466
19.676713
9.469666
5.584412
18.805408
10.550898
13.761670
4.060924
3.790667
10.021908
5.865839
15.611741
9.822358
10.829297
7.650897
4.841767
3.189818
21.857099
12.072420
17.098919
3.863226
7.747545
17.896470
30.900656
7.295487
13.733411
16.742378
13.357054
16.043614
13.185633
22.772321
16.112267
20.098569
25.281670
20.567642
12.766731
10.279691
10.291336
8.755773
17.357466
6.415184
8.009536
6.920026
6.005109
16.748926
50.500922
12.728896
12.219304
16.102884
13.835445
23.981603
22.314033
20.461186
4.002208
4.634324
8.894516
18.979915
5.594279
9.911463
12.782696
15.145685
20.109908
8.347798
12.516026
17.074657
22.530541
10.585865
16.178726
13.751848
4.986843
8.874161
5.600709
18.565232
15.205885
17.633471
11.529273
11.025867
10.323857
4.337740
16.406449
10.558150
14.715191
17.634022
11.492865
5.030775
15.168399
11.092943
4.508883
13.622561
25.070744
13.616054
24.726940
11.926393
4.567916
3.112789
10.448406
11.176295
10.469034
15.250726
12.491068
4.133887
17.253898
10.151827
9.502618
10.943841
20.809914
18.734994
14.739625
6.852777
16.030453
7.814610
11.163728
12.024832
13.122852
30.803582
10.922398
9.619177
6.538687
51.215876
9.015704
10.383916
9.194646
11.477944
14.906834
4.973874
13.835588
4.826312
20.526247
29.267186
16.864483
12.699338
7.214047
7.868718
4.911926
10.673692
14.588945
15.894878
15.948767
4.489169
24.301477
6.359411
5.497053
12.066177
8.903033
8.940273
5.638384
17.376144
10.250308
5.141406
6.893889
8.696353
5.707352
10.076543
18.806562
16.447563
20.471815
12.726196
15.760645
14.535546
10.690228
14.783512
11.949185
16.205944
10.145786
7.450025
29.554457
23.033410
10.437406
15.253772
7.140540
8.311476
17.953797
17.218844
4.987552
4.649819
5.584618
37.004516
10.448980
39.173496
22.780832
16.827372
9.806044
30.380507
9.148152
11.697365
6.844571
11.322546
13.008100
18.352331
23.146543
14.482263
13.978396
13.672079
5.678981
5.851062
7.950077
13.015159
5.509834
11.554960
20.417694
11.387620
20.254851
23.282142
18.393119
11.337109
6.081332
11.184690
7.944214
10.780484
10.214164
32.956759
5.378391
16.330923
17.105183
7.169367
9.519456
17.662663
18.052554
25.997285
18.901766
11.355205
13.099445
27.058952
12.714815
12.926016
18.594871
22.597018
9.863521
26.835694
14.363093
14.761742
29.874996
3.847435
5.356184
23.729255
8.983632
10.102640
6.428403
3.100463
26.046407
15.753206
9.420728
14.054395
17.602305
11.562318
11.948126
11.513019
12.117834
16.208353
30.200514
17.279045
20.442108
8.891908
13.006862
16.647761
9.737894
25.956661
7.379474
14.570688
14.031161
22.642831
19.019268
6.988158
15.146258
39.836016
13.796840
4.908793
9.141304
9.489443
5.982394
2.769263
13.617416
10.716197
9.361949
13.346587
15.653965
15.813687
8.596362
5.135066
10.414179
17.037409
10.281083
13.044080
10.909855
5.108032
11.492734
10.256741
15.813122
3.954282
5.638854
26.264018
26.971392
20.248747
11.260201
11.702553
9.475217
11.842957
14.518462
11.118670
11.251541
12.396934
11.364522
9.911141
28.844232
12.548961
5.300114
4.635320
4.821757
5.340701
16.631369
18.846243
24.328169
22.932117
10.845448
7.918426
3.580439
11.231295
14.413803
7.544079
6.619613
4.719326
20.877473
23.967012
25.364437
15.211514
22.628872
5.721755
13.488568
28.703292
6.225799
12.735983
31.866265
8.952018
14.493467
29.733578
24.824230
7.513186
21.639975
9.235926
18.695725
9.875179
11.833536
49.401994
23.063447
15.591697
21.170156
10.102765
26.321741
24.539823
14.134732
21.403021
13.069697
10.546980
35.258584
16.751875
13.430595
15.035268
26.819977
11.589032
9.441475
10.060509
21.683811
7.063366
44.026635
7.688184
14.452531
21.376288
11.066623
5.836399
20.980289
10.446265
17.497730
20.210518
17.867446
10.503730
7.795819
20.786442
12.764544
15.698974
30.358282
10.726249
15.102902
9.091220
23.109706
5.856050
23.821498
13.685995
3.389003
4.566681
11.202526
12.420101
18.253361
5.363307
17.267380
7.329227
5.511654
14.006056
11.999768
27.018128
5.396992
7.999345
8.814744
14.972063
26.354601
17.770072
12.297345
31.404713
14.985912
11.695448
16.266980
12.388054
8.526339
6.953887
15.947418
20.698230
13.517257
10.052171
8.962463
4.047118
27.128298
4.771201
6.475909
27.262840
26.592615
12.481688
7.368632
34.199796
13.838758
6.582161
12.900589
16.524466
13.249024
8.462601
34.229968
15.569229
5.536317
7.234186
5.785696
7.298163
11.286794
13.391460
29.838230
20.970230
19.506486
11.620331
18.003581
8.262578
4.035879
7.474027
29.346401
19.063835
12.852462
15.486213
22.100534
2.932855
4.498130
8.009238
7.357315
10.243421
6.669056
23.805151
30.423230
5.009492
10.135101
19.115353
15.668227
10.389796
4.643658
4.766191
20.113274
23.106095
15.686915
14.389415
23.247030
12.612807
18.507555
8.583437
15.660680
10.735193
5.682661
19.861848
14.793459
14.975204
8.417394
4.740112
23.827437
15.240433
6.932742
7.945721
29.243077
19.444375
24.452506
14.234480
15.553506
10.708208
14.744962
38.692611
15.187794
8.013767
5.450781
14.385560
7.187701
9.328432
14.931611
10.527011
15.034180
15.740555
11.438062
10.751969
20.543966
11.980902
10.533592
7.054925
6.308726
23.609207
13.840293
18.522611
16.322455
11.703379
21.790986
26.820569
6.663146
18.050988
3.830825
6.168847
8.730720
5.853043
9.996183
21.434469
29.267920
23.273413
15.181942
28.792443
26.103499
8.936280
12.638109
10.662359
12.807323
6.160612
15.657244
33.515059
14.778107
14.855635
13.516426
4.107216
5.320365
8.003355
20.816112
18.381377
6.738342
18.650556
12.970390
15.424085
15.858137
19.066513
12.151916
16.135388
24.374782
15.801905
11.976304
8.343290
34.966988
22.142761
11.015431
13.950839
9.694639
8.724142
33.038861
37.194285
18.315213
5.876891
16.446259
4.653318
15.097622
19.766822
7.093092
8.498944
11.847954
13.283966
4.564740
26.493533
19.444979
9.226036
13.486334
4.181712
8.145072
6.542897
5.843962
27.635561
4.840389
7.522362
24.464976
32.013287
15.918905
4.586040
6.679314
24.168192
13.202558
5.555048
9.061214
8.710488
30.730349
10.205122
9.502338
6.619915
6.106174
8.852166
13.843296
8.279295
27.992062
30.727941
22.567437
12.595818
19.508915
10.546591
26.891671
14.980691
10.479652
11.142052
8.954466
8.225919
56.769146
12.242607
13.998382
11.121833
25.801136
7.621380
22.685004
10.933085
17.772378
19.609273
14.157247
19.442455
6.645710
11.232879
15.653193
15.452407
8.883292
13.849964
19.440791
8.625359
18.836204
11.619593
4.597840
8.044899
5.509848
26.138308
14.909909
11.021506
16.267565
7.400877
20.310107
17.552580
8.525964
12.611602
39.534522
12.091510
10.204616
13.473605
14.933336
14.365452
17.792240
22.170256
8.867367
6.637588
12.233860
11.307380
5.324478
20.629479
20.441893
13.812639
13.247411
11.144740
15.167424
9.352392
19.336516
24.168875
14.936759
23.808349
5.089256
8.783255
8.932448
12.533546
9.812045
14.304354
11.913910
20.148704
9.244281
15.028156
33.606844
26.252145
5.993264
19.078471
15.080797
9.486033
15.697460
15.949700
25.375949
22.742942
17.247227
29.872145
10.404345
19.594440
21.979842
21.824053
22.963692
19.739039
32.901931
6.054857
18.583218
10.018950
7.689711
12.390148
8.503868
21.201097
20.432056
25.438144
6.146703
8.019717
15.372989
9.475257
8.515014
9.340887
20.692910
10.144325
22.292809
6.406433
10.648676
5.712613
3.632798
11.105979
18.375763
19.766367
17.224405
10.332335
35.837541
12.980246
7.386118
8.711034
30.131265
37.785638
6.182309
20.157962
24.554273
7.214889
11.995428
13.109226
19.795002
18.875859
15.187385
7.373647
14.326997
30.217825
14.302951
9.159765
9.835587
10.894262
11.199137
24.435762
19.923326
19.024481
25.320629
9.993352
40.425746
13.790041
9.911707
5.577892
21.205868
24.887810
12.309689
14.576953
16.555003
5.316269
4.064445
10.472410
7.051409
22.445589
16.986647
9.297983
16.568821
9.263585
7.546848
28.960065
8.612679
15.959267
11.720313
14.550064
8.679806
19.004296
11.954301
7.712511
15.067350
13.200649
12.707877
2.809182
4.025235
9.096163
18.207569
10.619397
4.912036
19.779180
10.606946
3.232851
5.247811
12.831041
14.780791
11.782404
12.651280
16.566135
17.538301
15.496542
30.793369
20.385535
8.549130
11.111174
11.064795
16.615066
7.082820
9.990838
27.428386
14.991605
21.275888
16.943375
23.285019
10.987087
13.452146
8.351114
9.965653
25.745108
15.119945
16.447328
21.116331
38.061830
14.322560
23.293111
18.852681
5.649739
5.708022
15.449998
32.226898
8.427262
7.952404
20.421172
19.933363
15.469029
22.895180
9.667530
9.268540
8.684574
10.484389
19.412925
42.566133
12.977598
4.169470
23.223883
22.246273
10.859019
14.877142
4.199781
9.305892
25.540872
16.038219
4.969412
18.142523
14.513113
20.775905
11.474298
16.079041
14.868450
21.046160
7.091827
12.539491
11.449036
38.135135
20.008610
4.783137
10.504991
12.685679
22.286707
10.108700
9.589965
15.208377
9.553018
21.677243
22.815381
12.902871
29.083511
21.975699
22.799418
20.778478
70.609791
15.889053
11.059954
8.305934
14.647959
23.754528
27.237117
6.942635
9.625790
12.275070
17.120185
30.907219
36.924417
18.222674
12.473586
8.202895
11.999501
29.415414
13.738376
23.534389
9.359421
10.497108
15.495448
12.534976
6.993348
10.508274
24.423536
3.803493
10.492818
21.213207
22.925114
30.310911
14.378294
14.476729
22.130016
4.629027
17.595459
18.665333
18.603651
19.835561
17.768043
9.215747
19.108156
21.366830
6.687294
10.602395
15.917570
26.781405
19.155594
8.818014
21.019102
27.117083
10.287260
19.351436
13.435419
13.789850
12.107017
7.447042
27.654920
10.968326
10.348140
26.144061
6.588164
15.452234
5.468060
3.058578
5.390158
7.125691
14.736552
19.846920
7.233134
12.532488
17.124567
28.650557
13.517143
6.833725
21.495605
28.465667
5.188727
2.830267
5.071812
15.888014
9.888219
7.039589
24.766768
9.873356
16.705342
8.155060
37.104430
37.759492
20.477599
6.136569
21.354799
22.226837
11.042313
23.701146
12.122745
24.349211
15.966128
14.546034
10.481843
29.981066
10.228256
12.397420
5.936513
9.425078
18.273386
4.845861
3.384202
6.709783
6.908452
20.994526
35.359095
18.837273
18.418195
13.169621
12.076906
30.574346
6.473315
6.608087
9.752022
22.622072
13.794516
13.616785
8.546068
13.800309
50.502895
24.026382
9.697299
18.339378
7.473860
13.012716
11.445165
8.548207
24.972528
15.900793
7.123310
7.971195
14.803095
4.211275
13.216993
13.094571
12.387573
10.694980
10.430818
17.368773
7.638053
3.770836
19.016328
3.964508
24.597605
10.281318
23.653267
5.144370
34.324031
5.324287
6.384205
14.515966
7.785780
5.714336
10.056252
12.414904
22.621259
11.799052
13.890586
29.399123
42.210880
8.417685
7.545197
7.771374
5.640281
6.775142
17.653456
18.432809
11.346553
10.915122
9.571496
5.139921
6.697322
8.319397
12.555976
20.879833
16.024129
6.823422
26.080732
8.036254
7.808642
13.899750
16.948792
20.214944
14.966337
18.613232
33.999673
25.382443
37.418195
18.152625
21.110181
11.372639
37.275767
22.050084
26.433809
12.625726
20.647658
12.075218
9.830880
7.825432
20.818510
10.210687
11.938903
12.303179
15.008180
11.827182
15.606200
10.159510
23.533905
12.784755
7.127132
11.268608
8.480326
12.874148
34.873273
22.999216
12.162953
3.778877
18.793386
9.991413
6.900028
13.147423
10.802996
33.294742
8.092373
26.178604
12.143355
17.705611
17.694638
9.478359
9.889401
16.179601
14.965007
28.598692
21.022049
17.179240
8.304420
9.297918
12.382538
11.308257
13.400108
10.871573
11.733593
13.221898
10.672437
18.213457
14.392462
31.717672
14.448375
8.807666
4.491520
37.193609
19.681230
12.083536
18.322670
8.966990
13.825810
15.270469
16.009134
8.676506
19.893130
11.072869
13.852655
20.104186
5.428376
7.121276
8.562779
13.690666
9.828428
13.544683
7.429870
8.252385
22.618045
32.870401
29.283238
24.961074
18.482528
17.286163
6.742096
16.971386
28.789023
26.397960
4.363665
11.322051
8.503801
11.476197
5.334462
33.666268
14.084877
16.946448
23.805994
12.827206
12.553467
13.960150
6.299322
8.510486
3.402881
15.715866
19.069152
15.565877
18.734588
20.116071
5.708993
4.181858
13.308577
4.843402
7.191706
12.341509
7.504844
6.742126
17.267433
9.906547
8.118860
3.181609
5.366529
7.053066
8.440010
6.735174
7.018763
12.193814
12.950344
27.887925
15.788859
7.098204
6.792862
18.802253
7.710863
4.657962
19.585613
45.127493
8.557620
7.159683
10.944212
45.336500
14.412691
8.035507
19.824625
5.460322
6.908411
23.500060
9.031912
18.315170
9.904238
6.649963
17.508504
7.085233
11.459862
18.066481
15.370861
22.303371
16.249329
13.518411
39.141780
6.405951
5.963500
26.103838
7.062093
10.382504
6.104629
8.299242
7.428374
25.078031
10.358353
6.875244
15.586020
5.407578
8.655309
20.714790
25.589471
7.340001
9.031507
31.879516
10.864867
7.284284
9.333422
22.027067
10.814301
11.965501
11.712179
40.390735
10.929365
37.721740
4.451370
4.439499
12.302157
8.460014
16.266570
9.732871
10.822016
7.913759
24.580933
9.884259
10.317142
9.185144
12.106603
15.925199
6.440337
9.534797
5.236446
9.728099
9.853136
7.327877
35.818149
28.123832
16.608558
24.528041
19.316820
5.955935
3.918199
14.786213
10.574430
39.017866
45.370724
12.015639
4.392174
13.581521
28.315723
11.510055
15.101917
14.384320
34.239047
17.238818
25.864657
9.643926
26.062815
9.536278
12.886880
6.916077
6.655384
4.213576
6.705190
15.287328
12.203596
4.850265
21.539218
37.815836
8.354368
8.921146
12.987134
7.184154
12.142406
11.594009
22.143893
20.031958
11.961783
13.549731
9.795784
15.369480
9.180295
15.409925
20.030000
12.687645
7.199145
19.792904
6.892219
16.432581
20.529961
31.327521
31.071453
18.199759
14.076011
12.043364
15.638611
11.332397
14.946727
6.918816
15.133268
25.225655
14.564170
6.505818
34.438318
15.827081
21.693270
16.206756
10.336705
17.538242
9.270346
11.510331
17.520079
12.500983
21.034150
31.410498
21.401766
10.991687
21.374710
27.169096
19.360058
29.762939
19.073498
28.321604
23.682700
13.284435
21.771735
26.338280
5.729810
38.505731
10.128984
15.660161
14.644714
22.973718
9.056693
35.405250
11.633655
13.964359
17.081660
9.798905
12.555523
18.894287
17.350525
15.568165
5.033915
12.953541
19.174944
12.168313
13.625703
11.192289
5.576830
2.632445
6.285157
32.052764
7.029446
9.363619
24.408421
7.735912
14.363208
13.126164
8.219314
12.654765
14.158322
48.645201
17.696296
9.730350
29.477725
15.313003
3.495890
8.696830
14.343468
15.918752
18.549017
6.209722
12.584771
10.660795
46.096491
12.129897
5.580812
10.875670
5.842147
8.011395
12.851204
10.034666
8.832732
41.750767
10.007179
6.348847
10.893163
13.147269
3.377203
6.290165
12.067862
13.467018
7.995548
9.835554
5.168337
17.756985
16.512813
9.693910
14.592111
5.620104
15.855123
23.649617
5.488431
5.649878
12.685985
5.312127
7.344306
29.166142
13.695389
22.530643
15.790694
10.023265
6.672903
16.065109
46.433665
17.525138
14.659169
10.303230
11.782985
19.317725
8.707626
7.692474
5.958375
9.641961
27.727468
8.271294
39.381829
10.005479
11.739004
15.691598
8.728173
18.579832
16.808425
6.071689
16.095879
7.255756
12.498375
18.525554
20.548346
28.295684
11.941861
20.226975
20.978681
21.699662
7.667156
5.094670
4.306373
25.619166
24.909239
10.812558
9.389607
5.938277
7.796346
10.202336
6.564292
21.016230
19.656036
3.379480
5.435836
19.996776
12.826035
17.869228
9.502498
5.442948
18.029166
12.234447
24.024786
19.611119
10.025689
22.301985
39.678743
27.441205
5.310423
7.428757
11.327130
14.191916
3.728270
5.717252
25.454755
17.259700
9.609800
8.761390
5.882183
17.766640
9.309566
11.212255
19.444042
5.835975
6.503307
13.237465
7.160876
22.157896
20.361672
7.175990
7.363132
6.616589
13.130345
18.916068
22.775132
6.944270
8.557517
7.512894
21.737606
13.658231
37.817598
21.144715
34.774301
30.213051
17.394562
17.120119
13.056969
11.098120
5.307834
6.327203
8.493763
6.429292
19.996205
19.560056
9.899262
5.540556
6.895389
22.297860
9.650470
28.570114
30.741302
9.570407
9.355942
11.345677
27.465748
20.620129
15.430180
12.011388
7.748900
11.645607
11.581063
10.618871
11.581369
8.223713
24.233469
15.590311
7.432382
10.475608
11.985030
14.156079
20.278659
11.910874
12.126870
23.066527
16.239888
9.710607
21.188213
9.674093
7.028402
16.018909
7.985603
9.876147
11.369428
15.335624
14.154946
9.861897
16.559492
42.305166
9.115566
13.337153
10.412511
11.024818
18.856585
13.438021
15.818483
13.054998
10.304589
9.496766
10.442535
22.196568
3.999474
18.728824
28.433187
38.226553
38.525581
9.171715
10.398557
6.049092
7.782652
12.634346
9.261570
16.478083
30.674249
17.360362
20.553046
11.185050
11.094041
8.224053
12.078539
4.656827
4.431925
11.115310
12.152338
6.631031
20.889545
13.305977
6.114024
27.574646
11.445515
14.171272
19.634598
6.945269
12.978813
8.725762
7.938392
16.123439
11.854259
10.745341
10.627679
24.283528
11.328176
6.840916
10.578540
24.465668
5.224233
12.379440
14.135560
18.734457
30.790706
4.424299
5.606672
29.581925
21.609942
13.338469
21.233640
6.133971
6.535763
11.247686
7.294537
19.563126
11.923473
36.951441
15.823966
6.170136
3.971402
7.233421
12.610933
17.113190
17.727930
12.856830
39.245383
13.245553
21.195723
9.227568
31.568620
9.527612
14.017456
21.801831
15.527943
7.574298
10.519181
19.598839
29.120505
29.446097
6.122252
11.282749
32.155319
14.182527
19.023295
11.011281
6.050984
31.050735
46.945194
6.357246
3.714504
4.493352
14.931917
12.478649
20.293045
6.997601
26.086700
35.665872
33.060341
5.809046
17.369033
16.629880
7.871407
10.071414
5.904495
12.767799
9.550528
13.984962
43.457359
12.454603
22.438201
14.940591
27.679546
62.865975
7.683980
9.979781
14.648332
12.751866
17.151649
14.813840
21.542949
27.812307
34.891107
6.590946
5.724740
5.451496
11.228828
7.873656
4.147490
4.495396
7.158872
33.103650
10.542875
17.526191
44.043025
28.369355
15.839139
8.284834
57.131608
22.360576
17.657793
11.998380
18.566447
13.437531
16.747497
6.640043
14.639958
10.862273
10.641015
32.802869
18.409361
13.762759
37.842234
20.705095
14.884793
16.541754
7.112947
11.963261
18.338157
12.282314
16.127420
11.140832
22.731134
25.421739
18.006797
13.229051
8.847659
10.576654
18.434165
4.031545
2.957159
10.513548
6.931366
13.704140
9.903609
14.780127
4.550354
8.476595
11.409867
10.933924
6.494355
7.718654
22.878025
14.706015
5.223915
16.937106
7.492463
17.304023
10.688401
21.584369
29.619370
12.935710
19.255560
11.544364
5.256637
18.274897
15.108961
6.637978
9.294032
34.172318
10.776187
13.229791
8.382971
5.192807
20.102005
18.656567
30.044490
17.105834
22.304542
17.159994
12.221314
8.047397
13.177067
21.011304
10.358370
12.483244
13.966690
11.810069
20.836431
12.259190
20.705159
26.995202
4.252659
20.082602
41.961510
13.208631
41.362994
19.190214
12.384437
10.727884
9.896888
11.930130
11.333327
6.390718
8.028282
8.464746
18.933760
15.704747
10.134908
11.697193
5.757849
5.658054
4.628404
5.563917
8.361253
7.139351
19.375142
16.692865
9.815950
2.633169
2.772755
13.992584
9.023811
20.789242
38.814080
29.779332
9.062724
37.332356
9.164336
9.158494
17.076450
8.990470
15.716532
11.680433
8.655538
5.785178
15.483662
8.100021
13.389057
7.985622
33.696709
20.577663
9.016834
17.635705
22.219775
35.317566
7.203986
7.806380
15.608364
25.657133
21.656708
14.743112
14.929821
31.391109
15.197790
10.559089
18.252982
13.649130
25.010032
26.008218
31.141698
11.020301
26.900754
12.818026
5.464499
13.233803
11.575084
5.717843
8.218726
17.207771
10.486426
25.315968
10.342219
25.121128
12.545053
6.295815
8.067795
25.742115
20.700036
12.029827
13.407337
26.532815
16.400156
22.294060
5.578498
7.750443
18.977939
9.710415
13.690652
13.467819
6.391003
14.130818
3.933456
4.469310
19.985786
17.025739
31.797352
20.033373
27.606644
17.048622
11.029863
9.238661
18.414780
40.706702
16.962178
16.337204
8.865727
25.489389
15.795596
17.783575
5.773538
11.175493
25.359484
16.008256
31.703073
6.815850
6.827124
7.933389
14.773951
8.846353
27.428134
18.511346
23.450869
10.716705
22.374713
7.064100
5.046918
12.880856
12.056835
23.364434
4.595324
5.562749
8.158121
6.255635
16.453504
16.232709
9.866568
26.328374
9.147958
5.501428
32.741388
7.135950
9.248887
19.729263
14.017434
4.959542
77.737243
5.355527
11.250764
20.702340
21.264403
17.983858
43.208475
8.368536
19.778631
9.544965
5.608408
30.149261
6.728734
6.869929
43.200345
11.389793
26.766346
19.355486
23.412939
13.362711
10.859262
17.582486
10.281591
13.402079
17.385856
15.452956
6.809951
10.930595
12.589302
6.199629
19.055351
12.434895
21.509019
15.049025
16.227518
19.264453
12.840878
5.072255
11.405987
31.815608
7.822648
49.196197
19.152133
7.056162
8.150649
10.465902
11.645616
11.224134
24.126814
20.733283
8.847898
18.780491
4.818970
10.835209
7.116731
4.012233
11.048485
12.138002
41.422701
6.561938
16.058960
19.719579
15.269734
6.613739
14.874826
5.019379
22.666707
13.635753
28.274839
16.706912
22.881874
10.413314
11.382449
5.575592
33.930543
15.390211
7.103954
17.532920
16.026781
11.120867
20.021205
11.502110
27.221447
13.046079
14.359184
12.579312
12.488811
8.573934
14.010825
15.103202
17.025270
14.723921
13.441363
17.729901
29.056633
10.779693
7.768338
13.064785
7.534310
4.582853
28.911955
5.940513
6.996679
13.773138
34.443808
18.865284
8.142616
9.294377
7.465706
13.677869
21.944185
9.376940
23.957772
19.594088
16.400970
11.789153
8.617892
7.264513
15.829376
19.767542
9.158016
21.483748
17.140158
26.659237
18.772156
7.158037
4.274578
37.877361
19.779938
8.718326
12.668850
18.516501
7.392852
22.856057
10.526085
11.192834
7.427462
23.490149
11.416835
39.943830
18.794530
21.220678
31.379111
17.132617
11.868384
10.397438
5.886046
8.875534
40.367553
19.029846
10.932926
11.061719
12.880066
24.575859
21.433855
7.188150
11.365003
9.579783
16.466166
5.119737
12.336263
8.388019
14.954952
6.644291
13.616781
25.066108
6.845175
17.538287
16.033189
3.523987
14.410448
5.949759
15.982250
24.224991
9.624850
12.633695
18.636499
19.044108
22.806622
4.264229
12.125980
8.553001
7.207654
6.565976
23.992398
4.585110
10.412449
13.476661
24.686062
11.681402
14.556590
11.965462
14.674349
6.420072
3.810804
18.044268
22.148642
32.461865
21.244756
10.371546
19.178269
20.001575
22.568565
6.065063
17.280539
7.949611
16.241267
16.566414
8.540199
31.188795
9.353701
17.786783
13.274843
29.412140
12.244420
5.528415
3.789644
38.893749
26.190503
14.546486
11.167219
31.082117
25.329660
9.447896
11.714404
6.165122
8.272609
13.037528
13.680259
10.057784
20.177879
6.584877
10.774105
36.254647
18.640024
39.756807
16.069195
9.034670
5.158185
20.399122
15.896629
10.956124
26.319380
36.766996
9.691128
9.006385
7.886544
7.205184
22.806900
19.569689
17.306456
23.766303
17.126403
7.273876
5.331313
18.400012
12.393972
15.974257
23.569063
20.049078
20.277955
11.068851
18.512447
28.595486
11.699050
9.470899
15.931496
15.281860
11.700784
4.433187
10.465365
12.031114
10.887586
22.098986
12.847692
15.613382
19.121297
15.565551
9.300373
13.501535
6.236025
5.020533
16.213013
9.497069
9.757330
25.079962
20.548646
14.847505
7.571284
11.666894
16.352000
17.690801
13.706184
24.017885
4.396610
20.409012
13.759249
24.676100
6.418653
6.937492
11.372988
19.035995
27.700371
12.795189
12.200448
9.091289
23.064957
5.857296
8.759704
6.676317
12.089248
10.069609
26.872264
15.968550
18.374664
11.176922
22.361712
19.526280
5.419075
55.433196
5.446488
11.425684
26.473097
11.355000
8.464624
5.657082
5.853717
12.965710
22.816824
15.595189
7.803499
15.269751
5.423387
10.422124
28.319486
8.688998
8.455683
6.725650
12.556228
26.070364
12.000529
23.834859
12.402703
17.774188
7.527761
28.991890
33.656158
9.836037
20.410737
11.984435
15.119355
16.518043
11.673516
6.363715
12.697503
12.649979
11.759260
27.814459
11.409090
10.323608
6.639096
20.546694
13.027585
8.818687
7.317298
26.006862
17.317066
10.949261
12.456355
13.295005
24.955939
7.758154
7.390344
12.154052
13.706637
22.083802
12.387672
16.938420
21.132210
22.625036
16.591593
12.925180
13.105686
17.231596
18.107704
35.251430
19.726875
14.340152
16.683688
9.857994
12.261971
9.711174
76.730186
17.294635
10.266822
23.065486
10.173528
8.291928
6.716818
7.267414
6.512216
6.657952
13.316821
28.878289
8.733270
21.326670
8.560587
3.631835
11.607268
10.409689
13.991310
18.281284
22.305429
8.817233
12.514897
27.300497
16.143174
5.591504
39.224840
9.322921
12.266107
12.165972
10.127158
9.906720
23.289936
16.763017
18.540501
7.765587
8.500874
22.046929
34.288704
17.212715
7.353369
10.283145
9.938724
5.839264
15.316026
18.327622
26.101158
12.341732
13.849198
7.941993
19.407652
29.010213
23.915660
21.289002
29.711532
29.864197
11.532095
15.976259
7.256724
4.877302
17.253255
24.213319
19.278959
6.006213
31.650783
8.827099
24.887504
16.958926
12.526985
19.923700
17.468838
13.650467
22.340767
27.595330
8.838887
21.295221
13.927329
12.245500
66.351299
13.389809
23.247216
6.255232
18.815015
8.090235
34.123898
5.594156
36.874625
16.638675
5.228749
15.590456
13.921095
6.263007
12.615322
14.585766
7.767275
10.315139
5.193859
8.774220
6.689589
20.708296
22.219080
27.838303
4.529420
4.622437
29.059424
26.460172
20.739418
12.498999
8.980827
23.840577
27.826135
12.050294
9.353778
32.732667
4.809910
11.814335
7.153895
15.523007
29.253437
7.863205
10.622576
13.533286
16.556225
20.736214
25.441756
19.379901
21.246852
19.250218
4.504098
4.363463
44.108733
17.868540
7.663571
36.919230
28.190751
18.572851
9.528588
8.317118
9.673117
16.835704
4.597278
6.430011
6.360667
17.969542
18.245634
17.615531
20.322943
17.681056
23.049444
13.346826
8.835207
7.164902
13.307908
9.462979
16.854500
14.067992
6.382020
4.625053
15.160592
21.104306
18.413990
15.375820
9.587803
7.093701
8.288360
32.331492
11.776556
25.760148
17.423427
15.478623
29.203106
14.815627
20.107006
11.612004
13.539581
9.446873
7.185893
17.451365
13.214385
10.935550
19.394227
14.583785
12.385046
5.879544
17.530618
19.376292
8.852012
36.946249
12.884490
12.140074
17.722112
21.192674
13.329296
11.855169
20.467351
11.053173
6.726145
5.002407
16.343495
11.894278
24.685351
21.227992
14.097330
21.418210
13.355663
22.215808
7.714183
9.274462
14.003088
21.639045
4.682737
5.860173
8.608893
15.353375
21.792545
10.610668
6.651592
5.469667
13.992453
15.695432
13.092547
5.533628
10.606925
12.240493
6.851850
8.152621
26.148842
4.696782
5.987626
11.622097
10.422945
25.283677
10.797644
5.538005
12.451883
5.810689
17.086075
9.296987
10.706769
12.313065
8.832257
16.650365
9.795175
17.885076
15.074168
14.567281
12.145452
19.572460
13.974065
9.982860
4.018780
10.549085
8.688441
15.886964
14.671002
11.831390
21.338438
16.216568
19.405100
16.943207
38.344246
20.728191
10.337258
13.639629
31.525546
12.850049
17.486714
20.964751
4.067727
7.279210
12.464877
7.572143
13.397396
12.032837
20.977634
3.332882
10.741192
10.731002
6.325169
18.342110
6.485621
9.236074
15.271444
17.537560
10.376805
7.275394
15.658230
28.414387
26.684821
16.845905
25.565063
15.535857
15.223149
23.384220
13.926682
18.492136
12.004382
11.937248
18.374229
32.272103
7.225122
7.382795
49.230611
23.098108
35.485382
23.434448
10.714770
23.340282
12.187519
7.118361
5.944832
20.174289
13.098100
5.678430
6.717085
22.518565
35.896391
10.349285
17.286532
22.957874
26.049980
17.012309
8.847639
8.644809
7.505574
6.154564
30.751754
7.469446
7.707458
7.082940
36.612609
32.471327
10.450407
24.846471
15.353755
4.882526
8.614789
6.934912
25.573706
20.884741
11.349330
7.994143
37.223946
28.501425
19.482875
30.736536
6.675326
7.594699
10.600414
15.121253
8.078103
13.543070
13.625779
29.808147
14.852133
15.586308
8.616982
28.328422
10.464988
23.263418
24.367940
15.746864
28.765475
13.137605
26.018881
23.206090
16.333043
40.959013
20.930527
5.099742
9.736842
13.423253
13.487882
6.431130
17.187532
19.843641
14.397123
21.741943
13.054166
17.380515
9.650026
16.066773
9.315544
6.900550
29.544388
23.553521
9.798962
15.766992
5.062200
5.266927
13.743268
8.363774
16.142376
13.710723
11.202634
14.663776
10.065690
15.054243
21.738580
28.691942
13.587653
39.239780
17.853348
9.871399
31.580093
14.239421
17.234401
24.337760
20.731020
14.475192
10.224888
34.380220
9.949130
4.078939
5.043592
10.372375
5.750360
14.353394
9.479924
19.557235
12.363320
13.475468
4.153645
14.999458
13.351167
26.151772
17.797368
26.117335
9.763413
26.999814
27.017043
5.505491
13.249228
13.088607
12.331222
23.665373
9.117416
13.775648
6.985072
16.470788
10.399860
14.392299
18.033467
10.040281
21.008306
18.673895
14.993556
16.587038
10.123596
17.326950
20.492433
9.845895
16.532860
11.511578
15.829626
27.949576
7.754197
36.030895
11.192044
6.607537
7.638186
16.965041
26.987692
34.442875
5.714591
10.101972
15.976511
5.133829
13.462376
9.208864
39.674327
9.397971
10.327442
10.489887
15.082830
16.595596
21.433827
9.550313
35.141576
11.621790
20.624546
12.343739
17.730054
8.377624
8.013418
9.804458
11.014372
12.698498
13.796402
10.699116
18.987275
17.673871
25.489791
8.179488
16.990912
10.391202
8.382734
8.087103
33.152927
51.931405
7.790409
15.434072
17.865758
4.818469
23.101757
12.261858
13.445491
23.807083
11.697648
17.141199
32.863883
10.264175
4.660146
16.463323
11.950100
10.826158
4.721759
11.687294
16.648410
12.786379
11.411948
32.286312
6.021042
10.688632
11.944453
9.118761
13.671441
11.551387
28.161511
17.667488
8.638682
6.242601
8.901162
13.278151
13.133357
11.928927
18.639272
7.571026
6.353411
11.810684
28.511733
14.241169
11.279712
53.931537
19.393502
23.571188
8.087496
18.158358
8.120681
4.833157
29.385625
8.726432
14.303202
34.137623
10.735487
10.703827
12.416945
11.712181
11.904762
15.748619
18.458058
9.860630
12.211475
13.618168
6.193491
10.372622
6.270234
17.660740
16.561427
6.229216
22.254315
7.806486
8.141251
17.131028
11.130967
7.554990
6.605554
8.084608
21.984022
9.479674
14.157453
20.678458
17.374277
39.328929
28.948480
20.685247
14.375155
9.958422
10.913994
7.153557
19.940112
15.075482
25.005434
26.196870
9.892718
7.511350
18.347793
13.649702
22.109022
36.696953
11.492624
24.316424
17.243256
20.664566
15.589274
12.001373
7.289940
23.294122
7.767018
7.221251
8.525571
10.121634
25.285039
22.526465
13.836916
8.995038
13.332185
11.095816
3.647566
4.456520
5.587730
12.182403
9.987131
33.948432
11.289422
37.211925
12.351073
11.472315
7.721347
6.523503
8.947310
14.629360
17.511302
10.909813
26.907433
5.927519
10.252523
12.856465
10.189780
12.165361
16.034231
20.030226
12.412963
16.390355
23.170105
13.961249
9.959718
22.149711
8.976616
10.096951
18.695578
20.030665
27.996950
3.283489
10.463393
13.621439
28.571408
16.311591
8.698651
16.957168
13.196453
6.638312
11.068682
5.913354
11.868964
9.167350
15.904146
22.131131
15.972704
34.141120
16.745321
15.249913
8.993626
7.579909
8.533137
22.548894
12.033039
13.385416
11.294820
10.876791
7.854702
9.554261
6.000156
35.690779
7.005013
12.188171
27.068606
13.366003
7.447835
7.501250
12.924319
22.163439
10.917392
8.819328
8.854523
20.697714
13.980345
11.657542
10.004777
7.443954
9.885832
9.016547
9.256997
10.854637
20.571729
15.755523
7.253538
14.518062
13.277107
7.405325
13.273013
8.119779
23.915373
12.552028
5.855932
18.519180
10.094337
24.391887
16.141886
7.580903
33.290627
11.532522
6.187917
9.068982
11.259073
17.100277
10.005778
29.570125
19.018997
15.625554
24.453038
12.161637
18.355844
8.429814
6.614972
19.860177
18.573377
11.523565
10.177033
19.692815
13.090339
14.648341
5.707649
8.304654
12.248747
6.261442
10.069474
9.586404
9.216316
10.241412
15.747250
7.410549
7.755696
7.203233
22.030965
8.244941
7.077850
21.279577
17.656140
14.655915
8.373148
38.930208
3.966666
4.356319
10.034412
10.496786
16.189872
8.525202
21.718898
21.754265
11.695260
6.634043
34.722970
5.484321
3.197558
3.268981
9.377088
58.316188
5.692334
7.470274
9.404936
16.985321
24.476367
16.082630
3.404907
6.601284
18.064421
8.006662
21.979713
26.482021
21.523853
9.712329
10.847224
7.783447
14.709775
11.658742
8.638786
14.578643
5.905910
23.744556
10.909362
33.120536
12.538578
19.129719
12.178048
43.359969
51.260593
9.872917
17.073436
18.583281
15.309557
8.850486
22.604443
8.442331
9.671649
32.188757
23.359095
17.320015
13.816242
23.166402
30.094325
36.356841
54.537744
7.991843
12.831728
6.516638
5.948415
15.120899
5.217483
20.379820
24.484415
11.539369
10.028987
14.359639
23.487392
15.827029
9.398971
7.017785
14.536654
10.671054
15.284585
16.334679
17.726875
16.382497
7.022800
10.777820
9.485083
21.420496
7.912284
9.380391
10.684354
9.574736
7.215003
9.210114
7.310107
5.650745
33.908068
5.866951
7.971142
7.779398
17.181995
7.074472
7.471704
8.208454
3.458906
19.260682
10.461196
5.199381
13.083161
15.207647
20.138979
27.246025
15.109615
22.868813
31.368849
14.665039
6.005616
25.110657
12.691564
22.290166
11.172379
8.872456
6.575896
9.326752
25.229951
30.570629
7.116179
5.591549
9.577940
19.242112
12.829269
9.908022
11.690759
18.912485
9.395822
26.149451
15.439707
7.106933
12.425067
15.127687
9.116709
8.114100
10.353510
12.919486
8.001151
5.287218
9.061300
9.599537
9.822506
10.124160
19.468218
8.021493
11.776039
19.084108
13.388894
13.538881
12.731370
16.944506
15.591982
14.336452
14.734742
17.605949
11.161835
28.836014
16.057320
10.197055
10.823407
22.895109
18.983373
11.698690
8.898170
5.791081
3.774623
9.664144
16.806962
25.732025
37.484153
21.071179
8.632430
33.044067
23.166115
29.286205
4.573919
26.174753
9.812886
16.043127
24.146252
8.878307
16.723156
15.851419
10.985007
13.310094
23.666788
28.411165
18.863327
14.004804
4.933444
5.295961
5.431971
33.002962
20.647357
21.723666
6.015946
7.941121
18.905797
10.317607
11.671287
14.851491
27.716652
7.154804
29.537786
4.262533
7.598662
23.052413
6.107375
19.737405
14.816740
14.502654
16.279444
10.567478
25.816835
8.270068
11.931556
10.511803
8.302707
13.744519
10.720027
27.526085
9.986460
6.315371
6.999950
20.616745
9.482696
9.675548
12.977001
7.959150
16.258109
17.141785
21.187577
41.309000
20.941793
22.377588
13.600367
3.963291
8.821202
6.925886
4.284790
17.202012
26.414265
22.236924
17.897646
3.826723
7.440744
11.710553
18.406546
13.968167
6.747466
12.953475
28.712136
8.878015
11.857171
25.044917
5.411682
8.181929
14.173995
13.999041
22.067555
7.832627
9.005729
11.996738
5.481006
26.167379
35.674113
20.774854
16.330065
10.040436
14.472942
17.587728
9.960090
42.317532
13.736055
5.596697
36.215027
5.597823
23.179601
10.492912
9.431975
5.693077
13.657146
22.273106
12.647868
13.543052
51.526892
18.235322
9.413741
7.339642
19.778412
8.500699
4.593277
23.920255
11.770851
7.323094
10.608601
8.278949
22.262684
9.499570
18.477309
18.020951
13.087375
21.235577
36.868606
9.011481
6.772223
12.688514
13.702118
9.487663
8.985258
6.891288
16.544920
15.880587
5.166601
3.271767
9.174702
5.128922
15.772207
24.338537
9.488988
17.208075
26.539307
20.671336
7.984878
7.131334
12.971978
19.757679
12.593254
51.137823
19.252782
5.516268
18.097839
7.064066
13.246812
16.459078
20.887257
3.325334
8.097307
3.389060
6.404789
28.145820
5.068750
17.360526
10.278197
13.597793
12.324537
19.295472
5.628210
12.564400
33.140061
19.428262
9.405700
17.360497
11.218773
10.830485
16.698430
12.249441
13.278207
35.229788
12.919780
8.657387
16.302062
16.954273
7.543519
28.757968
10.214805
8.992570
14.895821
11.902562
30.010598
4.879829
8.918528
4.841444
4.196157
10.507941
6.587737
12.682086
19.206502
23.355041
13.102245
5.481926
31.412718
10.006630
5.275780
10.794733
6.367799
5.793270
7.121287
20.537598
7.712399
7.376520
23.189541
8.378841
7.091268
5.089830
5.007900
21.023413
5.831789
15.234155
10.656254
16.617951
17.829003
22.679266
10.755199
10.385952
11.811716
12.598313
12.027417
28.558087
23.650081
10.815328
14.825049
22.490428
4.958696
22.467177
4.924088
10.146896
11.026795
14.441516
20.840035
27.634430
11.214262
14.098644
21.702955
7.776361
8.860178
6.453131
13.540651
12.941156
16.726066
17.906325
7.291580
8.169742
17.537761
19.663723
18.170366
5.163926
19.273746
11.605145
19.133790
10.362576
4.693785
12.109810
12.713996
11.953418
6.880751
35.655883
42.382345
19.125878
30.312409
20.274640
13.590972
6.145321
12.957433
7.341074
23.447304
17.136392
22.312042
10.239826
4.748657
9.745154
12.111755
18.326811
18.990980
17.015368
9.749507
48.284368
12.733387
6.701413
4.945217
6.493172
4.611568
8.571342
15.660590
15.020314
12.853141
4.799772
7.827292
3.693566
11.675650
16.657486
7.503579
22.997619
15.653274
8.963977
15.529185
12.202596
17.385275
12.357056
15.415790
16.753940
13.574057
31.761889
17.661707
12.654051
11.846120
20.579377
52.932848
7.389339
17.106260
17.052944
14.979378
23.522585
14.793108
19.193141
26.430511
15.244123
22.690076
25.564524
19.522417
27.885620
19.571607
9.474859
14.441228
15.049862
8.401900
12.939544
19.998260
24.854517
11.267330
23.596304
14.397692
15.609714
27.631949
9.067619
18.122420
3.978578
15.972651
24.427478
12.396067
7.090054
2.812242
12.324653
6.491800
8.659195
9.425538
15.786907
8.868619
9.783649
7.486087
11.160908
9.328269
10.472537
6.496106
36.644704
13.469492
21.743533
12.082115
23.178565
12.897772
11.416954
2.558624
3.618584
24.625789
9.469179
19.212706
6.408814
7.111064
27.848471
10.643465
16.770875
10.152226
5.120724
9.450254
12.544024
19.346899
11.825799
16.313477
10.757799
16.036029
13.769546
11.230347
3.095381
12.203300
11.565271
14.593036
7.976540
11.960751
14.020758
17.044713
22.503640
8.426190
14.027864
7.162690
11.552192
19.437709
14.137300
6.939929
10.534872
7.080987
29.638544
21.052603
11.363462
17.340307
19.133709
9.324545
10.988137
16.216637
11.943022
11.558025
12.808544
10.542465
5.835700
6.187327
23.525802
24.954260
28.160446
6.309681
6.822056
8.591399
11.883899
8.735661
23.417899
17.679724
8.859295
19.734814
9.575278
9.719274
11.242640
22.061485
15.351136
16.439404
41.352357
9.778757
14.847102
12.178986
12.683533
8.876679
9.407469
18.585233
14.502792
7.242014
16.824899
25.386287
10.607458
15.537217
8.222844
7.916385
33.234744
20.362179
19.719033
5.347975
51.640936
14.514710
9.898860
9.167402
5.923565
7.727539
3.455580
16.680744
20.743617
9.948695
16.752361
6.170599
11.477306
13.349183
19.756708
19.259498
9.410408
14.202251
13.839499
27.175254
23.266230
14.387860
14.059646
10.801744
7.791268
13.928544
23.471779
36.119690
15.192291
13.881132
7.117165
13.124506
12.417531
16.076181
5.698270
10.663586
24.112325
38.082511
11.033235
9.387459
16.132436
12.816269
8.649141
3.817221
4.905726
30.775124
6.321876
10.491461
5.516072
11.152210
10.416471
6.491323
20.322984
24.710381
16.456399
23.742919
27.712991
9.743872
17.588420
9.248770
5.670156
3.341028
22.592190
18.395497
10.123828
14.660866
7.882656
10.730909
8.158511
20.658275
28.821970
11.749089
34.270042
27.364842
7.137940
24.010955
9.211364
17.718810
17.565958
31.662254
10.979427
45.242753
22.652053
11.566603
11.925190
6.024892
11.351285
16.761901
21.119176
6.823471
18.769610
14.302817
14.443798
42.676565
12.591273
23.650675
9.483954
10.187408
12.396058
9.683802
8.141840
31.451780
14.159935
9.655506
16.580732
3.127442
5.302499
14.391683
29.674232
26.589454
23.420156
22.869545
41.937765
20.045490
24.157251
12.957705
18.563646
16.091346
10.333470
20.530021
20.229581
12.958274
11.156186
5.712379
8.693983
9.335023
12.532364
13.387054
15.937051
8.237698
9.063874
6.511524
21.364064
10.171912
14.464386
13.929519
19.452774
14.298425
9.520376
12.859169
9.627835
16.765437
13.783029
8.763323
4.861176
6.420777
12.782451
7.150202
8.113292
14.671148
9.118436
9.960802
8.824112
7.985098
22.547613
30.325034
8.488329
10.586752
32.130979
12.914167
30.515231
47.274366
8.752240
12.407748
19.569840
30.972271
35.213905
19.771083
21.937881
10.817782
11.124101
14.264992
20.833925
5.805558
17.032892
9.440943
17.551907
5.069064
7.604782
7.547824
8.441970
17.508748
6.586325
8.827280
11.730284
21.204869
16.271596
26.737575
4.890420
8.741612
30.753749
11.204525
40.088250
18.393101
12.699996
17.053678
14.014127
8.892437
16.449407
13.489663
29.601311
26.260931
6.735581
7.858428
7.151604
8.598908
12.294226
11.858197
5.207204
10.123311
20.021073
20.128928
13.606883
35.737693
6.536671
5.005394
22.396342
11.655470
23.065236
6.365902
18.418654
22.880115
25.103819
18.680826
7.092362
41.627470
8.049310
10.824811
14.417601
24.742272
17.159962
14.417648
8.498749
5.345987
19.450616
10.657414
16.278846
27.500711
6.910456
5.802856
12.170611
25.028988
7.854798
21.659985
3.741476
4.947181
37.185627
21.816465
6.315730
26.591540
3.900135
11.969781
23.292028
5.186992
15.224140
7.093700
16.655005
11.914154
28.804667
13.985104
7.031397
6.180082
17.088427
16.187196
23.739879
10.695150
7.165961
18.722497
8.016777
29.657640
4.909044
30.046028
17.217679
4.390553
1.798401
8.168735
12.231956
12.579522
7.776839
8.335479
12.846172
12.087051
7.709295
10.004122
12.846683
12.794219
16.659718
13.072519
12.449592
22.608455
15.077473
8.583212
12.888007
12.234470
17.327821
13.162905
29.650585
25.553788
13.590287
3.915187
8.257298
11.136545
28.517252
6.956245
10.266444
6.361224
6.674383
23.863696
4.759883
6.207946
9.686030
17.776472
7.177270
6.555866
5.656114
8.769906
5.283356
3.531050
10.380855
7.211286
6.251476
5.259131
8.115546
14.640981
15.264772
8.044808
15.452708
15.949299
13.852593
15.057965
9.294221
13.401129
31.618496
25.451157
9.163492
19.106652
25.931519
16.575952
