15.049347
15.884581
13.056603
8.215773
9.128060
6.925950
11.236981
8.236056
14.218403
10.260603
5.113162
9.972212
9.472717
39.982801
13.967262
17.848060
5.793298
26.840459
8.021937
17.198743
11.690396
11.898116
8.955138
13.180991
9.304624
20.086080
7.004736
6.845419
13.003531
4.391152
5.319031
17.869622
12.462770
20.691401
12.691483
4.436554
11.248528
7.827971
10.232922
5.571121
9.823601
8.705512
7.420343
5.540204
9.935962
21.941953
15.234371
9.389542
13.966875
22.280733
15.889450
7.361787
15.219208
10.933796
6.088688
5.872987
7.047391
4.753858
5.438128
7.315182
4.316627
4.422810
23.831077
8.529893
4.844775
11.927869
25.280455
9.314493
18.099876
14.068396
13.667770
6.782285
4.975909
28.806450
10.572638
47.652964
20.926013
5.532494
15.765288
11.694543
12.557089
13.260782
16.676557
19.691810
16.811748
17.739224
11.439352
13.390796
8.782173
16.487325
12.792079
10.118301
17.877064
13.935461
10.883188
9.051594
9.416378
7.200627
3.608761
13.496687
10.175687
18.163881
8.478053
11.108542
14.903977
9.421261
8.636753
13.472932
4.862494
8.101448
6.072899
29.032662
8.791667
7.801690
10.388205
10.379997
16.659719
20.078591
19.761088
8.158890
10.188916
8.849136
10.489448
5.708621
13.740521
13.894770
10.303651
11.852294
8.199788
23.096170
8.577971
9.662694
9.343079
12.657520
4.796934
11.770789
7.136945
23.548048
12.794120
17.189585
6.321708
10.709341
8.911282
12.195630
3.964462
4.937931
15.494169
8.412985
6.358826
22.537621
9.842810
14.287025
13.746516
12.446065
8.798939
9.116059
10.127546
16.082941
7.953223
4.212410
11.475977
12.649831
12.671547
6.188712
16.665417
12.283191
9.558266
19.860746
14.282611
10.939513
24.483610
16.990470
11.039143
6.359697
17.687878
15.234959
4.318160
8.648498
10.641296
9.858407
3.719869
4.761017
12.142784
7.765545
6.087546
4.652116
9.925785
9.848618
12.012693
16.819625
8.941604
7.414495
5.746475
34.170673
18.515509
5.469414
2.688807
8.922411
23.154593
14.732806
24.294315
10.514387
26.528008
6.587435
9.964774
9.076708
9.508622
4.614693
22.020589
5.202422
13.366253
17.079772
15.280834
12.902167
12.536039
22.051331
16.713779
34.713381
5.493211
18.173811
14.237869
17.917811
11.830405
12.172207
21.724348
8.819630
9.685036
20.301535
22.979233
12.277947
4.538172
4.629353
8.542292
5.975284
5.133274
3.551077
3.728440
7.246879
9.349798
6.689546
5.908801
33.959475
6.240005
8.722005
18.854423
13.055908
12.678721
20.611756
10.287537
10.931686
15.395942
18.435106
15.708736
14.716601
7.145710
11.706306
5.196705
8.440779
8.674935
23.656088
14.803405
14.961390
4.827478
12.161006
7.014852
6.829473
12.829449
8.176157
14.679309
22.217750
18.211192
15.047743
10.160472
20.969015
5.789965
4.987020
7.351281
8.674667
11.278716
17.130155
7.923734
5.495777
18.105967
10.585890
17.329254
11.661636
10.444299
3.902361
9.800493
15.894464
4.644423
3.581412
14.898297
11.514477
12.578319
8.450266
27.402601
4.791931
10.453845
11.097735
9.643246
13.481096
13.373197
26.238372
16.573310
16.214980
5.133591
10.179600
11.460572
11.981085
2.678286
5.621729
31.295095
17.942227
6.433729
19.430342
23.262095
5.659362
13.631689
11.290352
6.132329
22.856463
14.715711
15.092173
6.206262
27.775873
7.953832
20.744310
13.775057
5.813224
13.230688
15.682581
12.483648
10.525058
10.811915
9.567522
15.519713
18.635546
7.061687
21.588379
16.066006
11.705042
3.588288
7.509438
4.874921
4.770125
20.908816
7.940917
9.476718
21.762307
7.674017
8.681082
6.161583
12.207591
15.658420
17.209121
12.442190
9.302121
8.502756
6.408291
6.661875
20.332326
8.259535
19.537525
7.112552
6.655016
15.797813
8.659362
14.213698
12.669077
9.244070
19.360312
6.143570
5.295026
12.397340
8.306645
5.671237
7.319735
20.792517
32.028953
10.588105
8.847553
12.261474
8.217445
5.327632
9.334221
14.742199
8.402893
31.832170
11.115532
11.799913
4.590421
10.050924
5.928860
13.328770
7.237085
10.469728
13.915474
10.361271
14.754505
13.631744
14.053713
23.773411
13.212732
16.266789
18.400657
20.366433
10.222000
8.824216
11.202964
8.347449
8.578874
12.394212
13.666652
8.985991
23.036633
5.557861
6.271787
5.050945
21.112579
9.332092
11.493111
12.152062
9.873720
7.507379
12.130015
3.285095
6.064770
22.738500
4.798939
7.881342
6.996618
12.482292
14.005958
15.924116
6.398466
12.796293
10.042745
7.446081
7.901552
6.350097
5.221737
10.659844
12.558793
13.773281
4.799052
9.964252
20.506934
13.020633
7.640426
4.210169
13.891025
7.455854
12.477783
3.865429
11.804390
13.094758
5.346333
9.290722
13.184697
15.790479
9.993255
23.301748
16.763696
7.416244
5.529975
4.320594
24.076978
12.855143
12.979130
9.127037
22.287008
3.974095
14.160449
7.486426
3.475807
11.780374
4.653594
5.060499
12.488299
8.194006
13.455212
4.600888
10.758824
6.764706
18.515635
15.564629
3.538215
9.427852
13.307767
5.260151
3.832146
17.227984
13.691815
11.126080
6.281259
25.609275
6.232737
12.050438
11.857935
13.603626
12.374008
21.281955
15.886996
12.357556
11.719535
7.044343
11.831188
7.199821
8.027337
7.803034
3.910794
7.023844
7.071998
31.434341
15.375053
7.715432
14.149226
8.501823
12.113326
8.989989
11.813571
11.977664
21.008069
15.607811
7.078707
12.589439
11.919893
56.410054
7.223567
3.601191
7.732645
6.737215
8.567351
6.052547
6.229490
12.692251
16.672839
5.205214
9.213604
10.003506
8.373060
11.171646
9.415839
6.416254
13.743081
15.832309
16.338238
4.084612
16.021664
12.531713
13.312883
14.834462
12.951742
10.140342
10.792465
13.991123
10.229826
13.268389
13.908622
12.201055
22.090229
12.577520
16.977959
12.483291
17.674761
16.682142
8.363633
28.732242
10.201015
9.032073
8.973548
5.773478
19.755409
6.824506
22.461926
13.311535
9.449643
4.595607
4.095188
7.326934
9.336951
5.369093
15.372333
10.859700
11.835819
9.228020
7.763510
9.083923
11.061484
7.712166
7.168684
13.406400
13.960462
16.414069
13.061928
11.691838
19.766914
7.824759
7.914406
7.284893
11.427480
5.375681
10.485583
9.734044
12.941326
6.626906
15.224708
8.159767
8.258914
7.621614
20.620299
12.805979
14.265462
16.605911
6.269690
8.066791
4.478224
11.270637
6.426638
4.298992
20.618300
28.256215
10.506908
27.437092
8.974385
20.370891
11.281773
24.522829
24.455306
12.954572
9.287315
6.964465
9.133225
7.778754
10.328853
9.641571
9.660338
19.491637
9.423928
3.105427
6.427544
4.041659
14.551745
5.200093
10.330973
9.079147
29.155516
4.164633
11.097660
11.880449
8.692620
10.022854
15.945863
5.260272
5.631266
4.031290
4.290037
11.268431
17.594361
10.808521
31.029192
15.313003
4.995067
6.992059
20.942318
8.245230
24.362084
9.156921
8.791081
6.429550
7.193109
5.416719
6.965626
4.442259
7.810640
18.350565
15.703527
14.744161
12.959464
10.986964
7.623580
7.048376
35.455304
33.527649
14.732808
14.959246
14.777251
8.997883
9.761668
11.732558
8.939615
8.960834
6.644466
9.125027
12.772892
13.288355
12.212989
9.093599
8.043608
11.024447
11.443102
13.505437
8.715368
9.135060
5.140610
4.104258
15.997280
13.525518
32.787138
13.921049
9.443345
14.213190
16.376321
11.569289
14.235480
11.311771
6.912866
12.261498
16.094460
8.480215
8.456813
13.214378
18.528531
12.074083
24.620448
9.396508
7.234620
20.272110
12.917458
5.148594
3.132841
18.133072
9.470077
13.984696
12.060452
6.716241
10.715855
15.886921
8.353326
5.055021
13.548973
12.977884
9.505514
8.422187
8.361056
4.065075
5.650209
11.217927
17.940921
4.071471
5.360939
30.915804
18.422170
13.839257
12.903291
18.294388
8.759678
10.282212
15.766460
20.013775
14.021586
8.492784
10.525780
8.307424
8.087330
9.714004
7.303691
5.339686
4.991149
5.291892
19.026558
11.611869
17.430509
16.171258
6.223789
8.080583
12.615304
25.058308
17.564428
16.510960
12.896338
26.148690
14.047073
22.382000
5.319318
11.309096
18.706291
6.342031
16.686696
11.863842
13.639718
10.876144
16.757564
21.698213
9.754824
16.913238
22.729637
5.842820
9.942911
13.246072
13.420270
5.420598
12.968198
7.989279
11.121172
7.545146
8.444944
12.890385
6.955580
6.066255
10.531557
19.379492
8.453179
6.558119
4.637439
11.159750
6.974313
6.296877
8.615192
8.015496
4.645614
11.624246
7.148599
14.237647
21.004896
7.322662
10.338264
8.173387
10.735298
11.174916
2.992547
7.233234
7.598081
10.804630
8.971779
8.921453
10.444270
12.499990
8.852361
13.350390
12.983337
9.562807
6.702919
9.057115
9.795420
8.440497
8.274685
12.739189
4.512860
13.788861
10.761821
4.029068
7.850638
10.859896
10.450757
22.141107
14.537644
6.991298
8.663927
9.982249
10.009568
5.352037
14.261809
13.008852
22.409942
14.587122
12.042094
13.188014
10.378884
9.333794
15.777856
6.095913
11.868448
7.248616
10.653732
18.214184
11.380433
16.679039
9.719985
7.482541
5.901720
10.658462
5.970580
5.731621
42.739115
8.805312
7.215220
12.495183
6.303880
17.083180
6.839320
13.179145
2.098022
4.029565
6.438466
8.712991
9.849382
20.130821
10.707442
13.789606
8.494991
6.544981
4.804208
16.790968
18.460919
12.583899
18.536436
7.641055
10.155361
10.633656
25.976164
9.131460
5.386132
5.963160
23.127937
11.056190
10.504415
5.558885
16.493187
10.330993
18.951100
8.438097
13.582545
22.987901
25.716676
13.153761
15.415227
9.172470
5.595687
7.283199
15.979370
21.884292
5.186677
8.062327
25.463588
4.416172
32.403813
23.800551
11.810148
11.377507
19.498040
11.950090
11.943665
10.335831
17.713782
20.686300
11.153678
9.534937
10.512876
11.368015
15.386718
7.687041
10.939861
4.122476
6.473163
13.755130
9.117684
7.638070
7.826208
12.342724
12.344422
4.419096
5.099255
19.808110
9.004096
15.137627
6.767242
10.938771
10.890419
7.529959
20.987018
10.252819
14.937406
12.449635
13.114446
10.343510
4.785646
11.954976
19.629240
11.282809
9.542163
15.186192
18.122987
3.696286
6.615276
12.478872
7.564879
4.391535
10.777696
7.947608
10.201511
17.668476
15.446244
30.589328
6.198373
29.625931
13.677945
3.605747
14.483049
21.342532
8.218905
9.765727
9.710362
7.294905
5.647398
14.241250
10.446259
16.030457
7.739826
22.685317
17.917417
18.493845
6.720729
14.020079
14.497670
11.751316
14.968643
19.537191
24.279383
15.751933
12.003938
8.009780
13.327337
8.246028
11.629283
15.534108
14.623528
14.781257
4.283002
10.863661
7.524551
11.555849
13.857412
13.997150
8.952172
5.060321
7.051616
4.811396
5.263672
15.929317
18.893754
8.380011
15.606467
23.162580
5.093532
2.940191
7.994675
11.604316
4.286874
10.487600
3.174413
5.915722
32.256015
16.467682
16.582211
7.515069
34.111216
14.831139
8.723969
7.139958
6.466699
13.790051
6.790177
11.403329
11.822464
5.809306
18.699821
15.065922
7.216068
14.222448
13.451298
16.799846
21.675020
12.452936
6.408264
11.131626
6.401000
20.802925
16.985469
12.369874
11.651258
10.026722
11.927100
6.628571
11.169366
9.845041
12.932997
11.691390
16.767345
10.819589
11.490279
18.549247
9.569909
16.382179
4.635188
4.770549
5.555383
18.635577
19.899284
4.341890
4.512235
5.708872
9.493341
8.956521
9.750068
25.186333
20.099330
7.673737
19.043504
11.659930
7.727201
9.849915
4.609753
23.957031
11.147892
24.125868
11.580300
3.751809
12.555263
12.330537
8.818958
7.145682
7.400633
19.946223
13.506342
7.549892
16.122583
22.652718
7.585088
25.039115
33.113705
6.651049
13.553559
9.207226
13.707337
9.116574
10.620319
5.748853
14.957457
8.813196
5.381872
16.998620
7.337903
4.634505
5.449259
5.816848
14.693481
11.235951
3.807282
25.815292
14.417446
13.006410
9.057310
9.981647
10.271654
10.120140
12.186601
15.535389
13.525495
7.988773
6.365369
9.335451
6.830636
28.979021
12.336239
3.384800
18.341088
20.283924
29.912433
10.311112
9.216873
9.221103
4.335917
5.246510
6.382567
6.165213
9.811562
4.296087
4.983443
13.669230
10.527530
7.905118
43.210301
6.472527
5.989143
4.197216
4.830725
12.902756
22.831437
12.319797
14.152533
17.703534
10.720440
11.656524
23.091438
15.403669
8.614781
4.712690
21.181223
4.807814
8.583449
16.859986
4.627099
6.193799
5.166891
9.434076
20.224389
15.137328
14.433914
5.565943
15.942613
5.240120
5.425115
12.215913
13.179016
5.766188
8.437184
29.210403
27.782468
24.912900
5.877839
21.472746
11.558612
13.964594
9.323942
7.205057
9.762226
16.663713
9.849696
6.704281
7.226915
7.420598
7.567975
6.845799
6.441856
6.258133
8.057174
10.550250
6.051403
5.229939
14.295008
13.681663
3.505706
5.479783
15.015733
7.284023
6.461659
9.071324
7.402680
15.020574
18.061232
13.853276
7.886485
5.831788
5.749748
11.507308
8.129278
16.917169
15.367758
14.954189
7.702569
6.456887
13.332073
23.573983
10.126827
13.978833
10.428526
16.585312
18.229784
10.324210
7.062466
2.912565
5.016200
11.848220
16.531969
31.666925
14.690156
9.077606
10.954343
9.765828
16.654162
8.909402
9.951715
20.276725
9.833505
10.954455
9.763734
6.065372
16.361418
5.699034
10.461873
24.453669
20.860581
4.532292
5.651845
14.474481
8.909003
18.428746
11.586315
4.824016
16.889043
3.818655
14.612809
19.682571
18.362889
20.731297
4.492649
4.447299
7.542176
11.351775
10.246143
16.504890
14.276827
6.744917
5.576713
14.930961
6.620233
9.484927
16.775461
12.635241
8.215328
10.299700
14.580567
11.256107
19.729686
9.278437
9.207705
5.700384
4.188872
3.727928
7.614110
11.433928
8.680233
11.108582
22.223385
26.445349
15.379274
10.401288
19.425889
7.334636
9.360196
12.702695
5.729250
4.434294
7.008928
7.584718
10.805557
7.908910
10.357133
12.134135
12.700757
15.262197
9.521384
5.352035
4.764845
3.982541
5.600618
15.815086
7.992498
7.805038
19.282538
13.329757
7.708629
15.196071
14.496694
10.086378
19.091126
14.917211
5.952007
9.840284
9.563313
6.170855
8.908926
7.951544
14.693728
15.984601
6.344164
11.838022
7.838248
4.157584
5.076230
17.529521
24.739671
7.061466
8.820388
14.361620
14.319784
10.561594
13.948656
37.596387
7.435707
10.662522
13.849225
19.726318
13.176074
11.098506
3.971565
3.078819
12.894050
3.384076
6.339036
6.505496
14.186923
9.618405
6.324168
5.974518
19.920909
7.753123
5.515626
3.219074
5.399240
13.435699
5.617742
26.879143
26.551260
12.791474
35.672414
14.166215
10.568954
11.088478
6.196879
7.465321
12.329436
11.870485
9.289378
8.670059
9.071013
6.826941
14.144332
21.964321
19.944783
9.787495
8.295335
29.369478
6.765038
10.239530
5.848483
3.161487
19.935857
14.739398
4.869430
12.215597
10.018864
13.790892
8.014613
5.423263
8.631646
8.525021
17.169158
4.609551
6.225753
21.400550
17.621712
7.642449
8.874856
12.731649
13.188593
20.992058
13.637206
7.207242
5.230083
12.433798
24.964448
14.083077
17.784624
9.766540
24.774194
12.483841
10.289057
9.496918
5.255405
3.074751
14.685840
18.026434
7.477390
8.976532
6.285680
12.382390
7.033109
7.230397
16.201082
23.787621
8.409578
7.931565
9.829203
14.829670
7.823380
6.892563
12.740798
13.285324
13.187410
13.408759
3.868943
2.445923
12.247223
8.232386
13.738182
4.060345
8.822068
15.342022
9.872385
12.837967
14.037075
16.348564
17.492066
8.360215
10.566734
9.433247
6.623559
9.266912
8.513285
8.612003
5.390034
7.847810
9.038457
5.418486
26.589067
22.767020
11.256833
14.166997
7.390175
19.178141
12.102379
9.159186
14.978586
18.999147
3.835630
10.196457
6.093512
14.115724
7.636482
11.782019
17.899211
10.470069
5.535673
14.956110
19.063766
8.552042
16.799301
12.790467
12.125518
10.029581
8.818430
7.281821
5.885318
4.515045
6.510309
5.563359
14.685902
25.483843
7.804200
17.925763
5.860528
3.489098
16.598140
7.164554
7.944253
4.635764
11.264635
8.496234
7.450583
5.183329
21.883412
10.315741
4.898555
7.515712
12.429208
9.064223
5.760743
8.498755
4.541671
11.940498
4.826963
4.655805
6.654034
13.758134
6.352009
10.010071
10.040620
4.824395
10.385127
7.270940
44.127911
24.801588
14.871041
9.737392
12.745949
21.391708
12.416746
6.928113
10.060423
15.064127
14.888138
6.943396
8.087876
14.088116
12.121900
9.393477
4.746014
8.864173
12.115701
8.066995
10.732580
9.792892
5.150350
4.405220
13.406829
6.979133
6.016620
19.043201
19.616215
11.132536
11.689606
23.849222
27.851571
10.179822
20.616979
6.560243
12.994141
14.560880
7.398320
7.231665
15.567518
10.185878
7.355994
7.946874
4.083621
5.420015
11.460850
7.342835
7.724718
12.164806
14.475987
12.024099
7.287820
15.100989
8.365561
7.350969
11.690905
15.962845
20.995792
7.983226
12.393550
6.633337
13.015767
9.607870
8.440364
6.675895
3.664105
22.444634
10.289519
15.624769
9.720622
7.830489
20.661820
6.934650
11.841103
7.831795
6.058310
4.101400
10.785933
11.472114
9.085875
18.320005
9.139229
14.339772
11.082209
9.333248
6.120769
15.829930
12.066852
36.651143
9.882547
8.004538
7.082268
6.330963
6.758175
9.071754
14.832146
33.464729
10.790598
5.689186
22.538677
11.389186
7.839829
7.000143
25.371859
9.463558
13.027124
9.804612
15.904368
30.710461
4.516595
9.808461
11.899993
9.640524
21.237571
13.717965
10.379691
6.486546
13.345945
26.283566
8.539770
14.504785
11.833161
6.314878
3.696534
11.368146
18.736425
7.257927
6.957692
12.722224
20.296834
5.165103
5.593528
9.632675
10.581592
12.861686
4.466729
9.117903
9.506470
6.740062
12.484014
6.629773
8.414299
8.079870
13.218160
10.385079
8.746108
7.932706
20.076245
23.112206
5.686870
11.906573
7.651013
7.007838
3.695324
4.438419
7.274031
5.381800
6.163801
3.830046
8.118131
11.626372
14.244866
8.125871
6.152254
15.080590
8.585061
17.114754
13.530757
5.449449
8.974322
25.817440
5.482927
10.760921
8.279731
11.839299
9.941581
14.044313
17.056196
13.263801
10.196816
12.470673
11.504204
20.797671
9.349076
8.684578
33.624307
3.612841
7.626884
6.450097
5.185280
5.597487
10.704707
32.095279
20.797701
9.299038
11.275720
7.387282
15.481692
12.582534
5.192941
3.639835
9.833992
16.207152
18.717143
54.973242
12.646671
10.129677
7.139569
15.981720
11.696494
5.526594
4.468461
9.750853
8.091043
8.574297
16.858119
12.812182
11.264986
19.556983
14.983683
8.904077
10.107361
4.796566
21.628276
27.371817
12.987908
5.474057
4.154004
30.068189
7.910386
14.227689
13.953504
21.813787
9.048968
9.346358
5.331578
10.729837
15.467388
31.076067
13.273077
28.703888
14.118244
6.444003
15.092601
13.629252
11.860585
6.159940
17.781304
9.144451
6.511895
25.125939
10.903087
14.325510
3.458442
3.340853
5.516123
10.436053
9.938764
22.696731
12.536072
16.234724
14.107835
3.632916
11.805214
13.363293
12.268843
8.360680
5.501646
10.371282
7.513443
16.044746
7.137200
6.394759
6.117798
22.814252
16.312068
7.172143
18.234260
6.991494
10.753590
10.705089
18.242357
4.838361
5.859053
35.749279
13.471759
27.556197
19.423083
10.761999
9.382634
8.248434
4.695878
7.034438
6.400909
7.602624
14.276017
16.349412
15.689941
34.164300
11.059837
13.319279
19.933310
7.146232
16.664582
11.836927
6.338020
5.652530
23.303520
29.472215
7.370608
7.369794
9.941303
8.284908
22.577932
11.571079
11.208271
5.748988
4.863419
33.397739
14.070026
11.800555
18.870145
12.720678
7.159689
6.498416
15.095088
18.918230
6.429493
4.707901
13.060927
13.867717
30.105822
7.911159
9.453200
9.381273
8.865876
6.748501
9.666968
21.814829
8.493368
10.477120
7.450245
4.138645
5.593134
7.755744
14.211423
3.350651
7.205936
5.765150
11.734051
16.311186
14.742907
32.941054
6.395975
33.487883
6.806535
13.395668
15.481027
21.897052
11.462068
7.738260
5.999947
8.967415
6.773603
11.363749
12.639181
14.008791
12.000312
8.309977
14.337089
7.728941
15.630102
9.831014
20.726923
7.192451
4.345506
8.452758
7.758955
7.613286
14.920887
6.712120
16.995682
4.372325
3.312947
21.791124
6.749011
11.275826
4.727243
3.317215
5.624982
19.883636
23.755038
12.810015
5.174636
3.501811
11.835123
12.289681
8.568724
21.145016
6.845234
15.173784
14.235621
6.026692
12.669104
14.550087
15.341096
16.960950
6.797289
4.290134
18.872766
12.972652
4.845383
9.283435
4.907539
5.611222
7.164083
19.850565
10.349366
24.216096
10.442681
15.654082
8.646187
10.309316
9.311445
17.683837
5.466225
21.767412
10.566030
8.244003
27.362370
6.509943
5.272183
10.814185
7.047549
4.930441
22.849295
19.688818
11.672181
11.111164
17.413567
15.133510
9.378847
7.322565
19.057031
15.184312
9.011189
7.434897
9.320981
10.128976
11.399597
5.571671
9.467755
19.380208
7.368531
6.945762
16.426488
7.175652
18.754055
5.517605
8.046946
7.354418
6.071375
10.251794
20.134684
12.235666
13.055351
29.106198
12.077015
9.553226
19.309861
18.855377
13.326473
15.932092
15.741646
5.153549
2.706948
17.027220
24.823776
7.607019
10.086691
12.244230
11.012024
24.466253
10.374176
16.320539
28.925002
15.421778
18.660225
6.879476
7.220644
7.440353
11.282651
15.633628
5.400175
8.060901
14.287908
13.641561
6.883997
10.530081
14.315034
7.932647
5.071118
17.393546
20.380049
26.538611
21.851316
10.147115
8.748509
7.474257
10.827963
13.542079
24.126308
6.650402
27.580488
13.018965
16.536764
13.404731
5.035990
4.313060
16.201339
7.405204
17.826199
34.295079
15.410071
6.184248
7.071389
14.969533
13.215573
14.032329
3.947001
6.227408
18.476390
14.036778
12.687052
7.900268
16.266312
10.433640
12.893780
12.058062
23.881353
8.480619
7.050595
3.994181
7.479443
7.353235
14.586130
9.130812
6.041787
8.838503
12.269187
14.889866
11.135141
17.309022
4.975110
6.546909
22.582543
5.408391
3.726417
38.994865
11.306986
11.096896
20.492825
6.637722
6.751541
4.864736
9.060801
9.959339
10.629749
11.965691
7.672510
13.531221
11.624661
72.379496
11.906506
15.185174
13.883714
10.858598
4.467482
9.321021
15.017930
4.871306
7.558722
10.815350
10.681433
30.940746
7.392533
8.707587
11.431802
10.519387
9.356286
11.066324
27.812887
7.832712
8.650933
21.788586
7.865647
5.694688
19.672409
5.768200
22.881040
8.220401
16.145661
8.585431
8.466927
11.090769
6.195353
11.653653
13.166301
7.257133
19.939995
11.147787
8.515040
9.371938
13.175074
15.766653
17.176704
21.446937
10.698351
8.709483
10.275832
13.649521
10.686340
14.037367
10.051365
10.972852
10.661671
6.355635
15.006278
5.441098
16.866477
6.243540
3.802336
13.666636
8.922316
5.156581
16.507031
16.693664
5.685500
14.436841
17.857938
5.783711
11.824874
10.880321
5.082759
23.252403
13.045007
13.450928
9.712888
15.313179
14.032191
11.058391
6.649821
6.083381
8.735830
8.013867
21.837478
4.514959
6.274551
9.905882
10.509045
6.346954
4.832418
15.202566
13.532048
9.437102
10.506791
9.182850
7.253617
14.287345
10.214900
15.098498
11.448452
14.824977
10.733940
13.672832
20.465652
4.847253
8.984732
14.907050
7.171987
8.543345
13.789318
20.914244
11.558976
9.584129
8.454471
8.986408
6.976025
12.507616
7.768155
7.140321
6.729472
5.605125
4.122512
18.703634
11.689284
4.287057
10.404123
15.865765
23.823183
16.815205
3.554726
2.777921
14.995981
10.800844
12.790912
10.422364
5.094739
13.006265
10.292962
10.916041
9.888657
15.211777
7.107390
4.233423
14.597208
5.884577
8.970542
2.653671
6.683699
10.489297
12.129634
10.526845
11.673596
10.429503
9.613371
7.078949
6.601774
4.658845
6.460465
6.126595
7.528982
12.191698
7.249952
9.851488
19.277173
17.159318
8.286079
6.070655
6.952080
15.721359
7.656295
17.466516
10.503959
13.330786
17.305003
13.459656
9.270501
13.454693
22.374898
17.384662
9.301679
13.897545
11.660047
16.611810
9.467376
18.360276
16.023291
17.356679
14.128673
22.793087
21.638977
16.669881
5.887919
8.748460
30.378800
8.516496
9.386547
6.436419
6.239633
10.059630
6.455353
11.192497
10.279768
7.738155
5.737794
6.636258
3.933164
6.257985
10.064075
12.827520
14.215283
13.845156
8.896408
4.432209
9.050043
7.500372
17.817017
22.231179
13.687071
5.437197
11.166707
10.095787
21.815398
14.389975
4.524565
17.400176
25.141162
10.493517
27.607067
6.700629
9.616645
10.140348
10.389973
7.654255
17.637054
13.808701
14.293222
15.843571
19.768068
9.217061
13.244309
10.349875
8.287010
8.430367
9.905005
7.281727
9.594715
13.495005
13.253175
9.427796
20.020805
5.546289
18.811556
20.280359
9.915418
9.705499
8.858142
4.866984
9.097262
9.337697
18.989910
9.653923
13.116095
5.149623
13.555351
18.372310
11.551827
23.491451
6.548317
25.559550
19.315445
4.430317
15.728185
12.139150
19.932229
35.496833
10.454050
9.866322
18.802291
12.377213
12.231406
17.717622
10.517806
15.606483
6.168589
4.477586
14.061467
6.315656
16.368579
4.992278
8.203903
39.201450
11.450069
10.408207
10.897167
18.975636
16.691529
6.591633
9.909775
10.488279
8.639427
11.904268
10.655177
6.228872
6.854238
22.049782
15.963730
6.114698
13.585470
10.622888
10.327337
7.985239
7.127080
19.992858
17.207042
12.205694
14.901703
21.972384
16.758123
6.384751
14.244190
23.409743
30.636164
9.976061
15.942024
6.841770
12.720739
5.726935
10.216116
15.209993
13.346008
7.133886
10.321215
15.938284
18.857420
6.969714
6.873325
21.529098
13.385336
4.893163
17.773188
7.441986
7.674329
10.085015
12.186376
10.790356
9.083988
5.491423
8.150052
12.018316
7.622658
12.971682
12.030112
17.571784
13.998217
8.152930
5.655682
14.427185
18.780127
6.388067
12.227906
19.939500
6.181180
29.069339
6.419547
6.612272
17.528117
27.616625
6.899170
11.567593
5.598078
17.028626
10.723968
9.633853
3.390412
15.968993
2.626335
4.001185
9.422699
9.044900
12.934200
4.108610
5.939307
8.034299
10.037474
6.279345
7.387813
19.639121
10.523851
10.750022
21.762656
10.788382
19.352811
19.353168
25.599617
5.466778
9.984306
4.698042
9.339320
29.739357
8.978453
8.511438
6.109325
12.259066
4.025886
7.303311
17.670918
14.909767
7.826185
13.437123
12.674626
12.811352
19.190897
10.524424
13.617126
12.601187
18.129460
12.377467
34.659437
9.606801
6.887022
11.521958
13.542062
9.317661
9.716624
10.345227
11.598636
15.854907
6.807611
5.635523
20.876999
11.021509
3.358008
4.351062
15.949342
7.162781
8.609469
14.874943
23.646686
15.373333
24.578431
12.142121
7.503018
7.820519
11.146640
15.008069
9.375430
17.005064
6.315963
4.073161
17.245725
7.625035
6.412276
16.735888
13.348363
12.267345
9.451596
13.293142
20.625769
9.128455
15.769177
12.849170
12.743137
15.978759
13.302340
19.029465
11.669178
16.223333
5.575472
6.695354
6.386643
9.403118
13.638365
9.618046
3.451252
4.968542
10.452714
12.630174
18.021469
17.231895
7.719375
18.590751
21.713634
11.618663
14.728248
14.122627
6.373824
14.057419
20.515251
15.472313
16.125319
16.470333
22.587087
4.415095
6.219944
12.635852
8.285956
9.850266
20.804612
7.106962
10.099043
14.669715
16.059730
6.107384
11.836277
12.618469
25.701179
13.281393
9.536260
10.877460
5.360373
4.721604
5.880177
5.300957
13.589624
10.068518
26.081338
12.413660
4.867099
8.267924
6.651614
6.176823
10.853299
13.147531
5.055283
16.810887
7.759966
5.781011
15.312424
19.340864
14.396884
9.296072
13.608707
3.396125
3.707489
17.523568
6.229005
18.477036
7.859161
15.234780
12.303002
5.808639
29.907998
17.999157
26.897099
6.973798
6.074525
13.351394
4.783393
4.482163
10.299610
19.772554
7.565800
9.409553
9.430334
14.488996
12.714659
12.497209
26.650203
9.307098
3.115182
10.009104
3.877629
11.544849
10.052997
20.818048
12.616972
12.099318
19.726979
5.566158
6.603173
13.149722
5.562121
16.917084
8.827634
14.379349
6.939919
6.102943
8.070380
11.735098
10.969338
7.318207
5.683102
3.438905
26.794869
13.993449
19.247676
11.080980
19.745193
13.394557
10.377340
5.881384
5.940983
2.636920
10.106416
13.081490
8.421086
42.714025
14.391177
10.596605
12.019755
28.061065
11.971660
17.372356
14.167617
3.773955
5.123331
4.894306
11.125239
18.421062
17.272558
9.367716
8.449340
7.861433
25.229703
24.706177
7.963970
4.636667
4.999326
10.710268
18.211634
12.373837
7.461068
17.812526
13.326042
10.647752
6.706074
17.235133
12.173521
5.739540
15.409758
18.952995
5.706939
15.634345
18.344281
5.235377
5.267428
7.219665
20.151414
9.219787
10.802721
8.476855
20.217034
6.396547
9.863114
17.785269
9.619981
6.548936
7.158883
3.327030
5.672705
17.313673
20.053708
13.765493
13.509978
6.573989
5.864440
8.249797
8.624140
56.341074
8.040852
14.152793
7.172888
12.723735
30.247266
21.588518
4.128951
2.794545
25.378526
23.295063
17.085295
10.156780
12.261424
4.142397
5.569160
23.831925
5.443391
11.836544
7.538717
10.972595
24.608206
9.737543
8.470489
11.208014
7.009868
11.649493
7.438281
6.544709
9.357266
16.710000
7.974463
8.024170
8.120070
33.147974
10.384945
11.480398
8.810517
13.351928
9.276936
10.764436
9.276699
9.946708
8.314056
30.261621
23.116007
12.935840
7.280361
11.354205
24.558947
6.165957
8.211450
23.017649
16.095172
4.338706
13.324094
13.989199
5.912421
7.124476
13.800128
19.402179
13.091016
3.845447
11.284900
14.669194
8.563285
12.849579
8.406975
12.488369
7.921030
14.088955
15.939621
13.910676
14.954619
5.015832
6.592490
8.131857
9.215034
8.663967
12.527391
9.611207
13.216038
12.187136
10.612085
10.781351
6.236509
4.460997
6.727637
18.811342
21.918415
27.269641
5.334666
5.471731
11.365207
7.891568
7.688420
19.549842
12.064994
12.192638
12.839254
29.815672
4.010389
7.400312
10.575218
10.647291
6.710453
8.143887
3.740615
5.038037
9.412445
5.603246
10.479155
17.933470
6.830553
20.283572
7.633547
11.177190
7.408937
6.357461
20.103091
11.502985
21.182245
13.825357
6.552768
20.965744
8.872635
16.129122
8.900679
8.738972
9.944758
4.284224
3.453456
13.731768
11.788230
13.515135
10.732751
5.999240
8.118993
16.277404
18.280640
11.288578
23.954465
6.697797
15.586555
11.148948
14.439499
12.970898
15.426835
6.022482
4.953973
10.313236
8.476160
9.152013
28.605716
10.789627
13.858082
6.871156
10.658642
9.419845
11.026858
4.416381
14.288525
10.406056
21.876787
8.722407
9.012243
15.241348
23.431856
12.041712
21.059881
3.907585
4.090815
5.062760
15.455182
14.418531
7.001600
19.666668
13.210672
5.370573
6.130257
6.187627
5.163054
11.890254
9.013851
31.747771
17.162033
10.613727
7.571992
23.684165
13.575881
6.458225
5.954490
11.052182
7.525072
5.687173
11.200589
4.690546
9.790433
10.903619
11.143364
5.025528
3.636482
14.565970
5.546218
27.895013
22.232432
13.147276
14.376261
25.793153
8.844634
7.606254
5.492708
6.671268
21.593691
12.084278
16.599139
18.074526
4.340591
5.777962
16.495800
25.314581
5.679367
8.236834
7.680458
4.099731
12.744116
10.352001
9.935257
6.384555
11.972066
11.760300
13.636986
15.887981
7.621792
11.932544
17.543011
7.186118
18.880014
5.389286
11.166575
10.062577
9.677979
12.576148
9.475823
23.067107
9.233464
9.167152
6.661577
8.637621
14.009511
9.654627
17.663157
12.641300
29.445535
5.884022
8.109150
4.284953
13.110459
20.993179
7.268894
3.150232
9.444954
10.786046
12.173160
25.406873
23.167787
12.404268
8.359239
12.131068
15.400612
3.686853
8.153910
8.767023
18.305452
7.416666
5.985613
13.873310
18.122892
11.941005
13.763579
12.858503
19.358578
13.060436
7.506453
13.137441
9.760504
10.282583
17.069355
13.062096
5.224321
13.100100
13.562824
19.847249
9.815392
21.052842
19.010608
4.515119
3.965390
12.691630
14.990531
8.494826
16.468013
8.733497
15.838892
9.458977
21.110561
9.140513
4.857141
9.901530
6.670421
13.642814
9.361396
10.641606
6.628543
15.784889
5.926957
8.178427
4.250980
17.561343
14.728513
6.603988
8.689046
15.198002
16.795460
10.170795
8.409887
6.362100
7.459764
10.162185
18.514140
13.464304
12.501252
7.450828
11.464124
8.384791
14.865955
10.876370
8.945978
12.381974
7.719492
16.261921
16.159503
14.822961
28.146349
14.524453
8.117765
9.357059
10.653028
13.773929
12.074747
16.941427
13.847535
14.888872
9.477768
7.756046
8.569834
12.595642
21.807979
13.186754
3.719376
8.996584
7.728799
4.175837
9.020540
11.172758
5.312012
11.131796
3.624298
4.959357
6.445259
10.684833
3.030018
5.443194
10.034468
24.192573
14.192808
10.787065
13.626160
23.201520
9.384738
12.457888
7.092163
13.761525
17.700120
6.045945
9.083525
18.633847
10.498951
15.028045
9.303056
11.221035
13.186467
9.281344
4.876465
6.945063
12.363003
10.572430
15.308658
5.919984
6.148643
14.120579
12.221907
19.089009
8.567088
11.297188
7.864625
11.573675
11.634719
6.290303
15.416662
10.970292
5.064449
12.504743
10.152125
14.559288
13.960331
12.181709
7.959694
15.248488
4.233307
14.034711
10.490347
8.278709
9.282443
15.021498
15.815270
12.102470
6.497858
7.774890
13.334905
6.613555
7.349913
16.306198
6.461758
12.044323
10.764501
11.596574
10.775785
11.188912
12.820268
9.084544
9.540893
14.312332
23.175040
10.929838
5.316021
6.198704
4.660608
8.478079
15.271304
3.886394
9.854131
8.373306
4.709779
11.031066
10.608372
3.739420
4.398680
32.937886
6.356737
3.175757
6.057823
9.297468
9.138056
4.171807
6.466853
7.522677
8.685654
5.621674
5.516385
8.172013
12.919002
16.743076
12.981652
11.738910
10.299811
10.874942
17.176772
9.234073
3.639403
12.148404
14.029765
5.392550
8.739193
10.044847
10.429302
27.484235
14.904898
4.472615
8.576360
9.820064
12.910143
15.932849
29.043001
30.981052
4.106960
7.836964
8.386852
7.693306
16.031965
14.266666
13.151692
14.625941
10.038515
15.221421
14.051365
15.105731
6.335541
4.903345
6.167325
3.646977
11.066670
17.683443
13.385382
11.355445
10.837301
10.119777
9.700001
23.695702
8.778597
5.129251
21.602824
23.267061
16.110871
7.178057
6.692186
3.424096
4.269481
8.438395
6.783035
6.635178
21.857361
9.179570
10.087511
10.366130
28.031340
5.890438
7.990647
5.718076
4.312875
8.395111
9.156321
22.864926
14.873001
8.377027
12.931959
7.775525
10.186901
5.712922
10.600954
16.240355
9.260085
8.004703
13.575308
7.665271
12.318273
8.296641
17.352650
16.339370
12.218633
8.244583
9.598263
4.625753
23.166984
14.380760
6.369472
9.160483
18.134577
9.937069
16.677647
8.429176
6.139958
8.153344
23.615769
13.177913
12.790608
14.122196
5.942345
12.440938
13.304150
46.089215
18.684742
2.767825
7.254047
9.405362
10.595559
6.688893
6.202291
17.599672
6.839041
4.579636
5.382363
6.724744
5.871162
16.498472
7.926736
14.012423
22.488667
7.483955
9.126696
28.785051
11.839174
13.717453
6.152330
5.381404
12.025887
7.335479
3.571000
16.117099
14.156809
15.318017
10.319176
7.296227
8.031621
7.498399
10.672598
19.503481
29.350119
10.192640
7.387292
14.917898
10.439092
15.648803
10.589884
8.391519
11.469011
4.036745
7.787135
5.645364
8.075915
19.037994
16.543993
11.249525
14.878987
7.891812
6.840569
10.612844
18.612634
12.973665
7.904860
3.527511
6.909235
6.965108
12.978907
8.620428
8.143902
24.564260
32.028369
6.468410
7.142808
9.640558
22.370855
10.071979
6.010162
9.130824
23.607531
7.378476
9.457582
3.545522
3.211689
12.708950
13.104757
3.606173
7.152269
10.963880
8.978325
6.670638
19.121649
8.150389
8.968467
14.639162
12.374717
18.617467
19.455052
9.924185
12.650706
11.981950
6.491503
11.791131
17.571230
9.702286
16.719577
16.132919
7.227575
28.004680
6.531170
10.849187
18.488219
3.846432
3.951669
9.304684
6.050530
14.135492
17.501808
13.701682
7.669171
9.513994
8.784074
11.621618
9.804162
9.788146
12.931988
9.783862
10.417407
4.618546
16.190574
7.999269
15.849234
5.851243
3.439824
4.748037
12.042386
23.231118
15.329328
8.024386
8.681496
5.641978
5.680975
15.291636
19.270000
17.230628
17.767514
16.411012
6.533753
10.634015
11.774680
8.388295
14.294283
10.224127
15.642133
14.934939
9.087981
11.787438
7.677812
10.703988
21.064673
15.282619
4.748503
8.694590
21.614102
11.144771
22.431706
12.417084
13.350294
11.161584
16.762964
8.081969
7.744341
13.146304
5.807214
9.249666
14.920673
9.184219
5.499866
17.501258
13.442843
14.468861
7.233598
6.299311
7.077048
10.694141
3.550576
9.569139
13.682949
9.352158
10.325399
4.548937
5.393384
10.851032
7.415498
7.414920
9.066102
11.404575
11.779956
10.866651
14.077988
12.067742
11.272023
30.985998
5.996907
6.105306
9.468356
14.324555
11.424183
16.043197
6.658508
27.830412
15.085392
14.609859
13.206711
8.097659
7.525491
5.491593
10.297588
12.653897
3.555935
5.542398
20.781850
14.868318
9.919707
10.944052
10.415788
30.070592
14.031967
8.797700
16.799485
16.893839
14.421099
22.412855
15.214593
4.972798
8.202967
16.487386
6.653125
6.395075
13.865671
10.129497
13.037329
17.663578
6.607827
6.414937
8.940764
21.708582
12.658486
7.675165
4.616505
7.399752
8.838149
10.724316
13.191799
10.738508
6.925315
9.014097
11.950978
4.624185
16.405945
8.660992
2.480663
5.239038
4.747446
3.902124
7.461486
3.386962
14.947812
11.879432
14.242275
17.663319
11.664563
16.120837
12.025061
7.429843
9.033105
9.607420
10.149524
10.060906
9.616595
36.327007
5.082335
18.797297
12.915106
8.046475
9.732172
18.503970
15.448814
9.935061
9.276469
5.626351
9.937538
14.908417
8.495662
5.059116
9.874233
6.984455
12.040620
7.055387
17.243183
15.788412
10.398686
6.052692
4.795584
5.905576
8.121792
8.892851
29.179272
14.422030
8.310530
9.060355
15.080812
5.421702
7.233917
11.705055
5.692496
4.561575
13.561918
8.101512
6.454117
8.280478
9.619668
5.568482
10.029523
8.061928
17.585767
7.562690
4.283770
25.271070
12.877214
13.850044
10.091127
9.171316
25.625616
18.133072
12.854284
18.070647
9.656937
11.391530
8.578995
3.658883
6.088766
22.446691
12.679920
14.065194
5.736262
8.491369
7.256653
4.103597
6.136622
8.326065
11.099069
14.547988
8.911034
13.969527
16.820157
6.360580
13.257164
10.795780
26.878587
6.412951
9.143840
19.684105
10.033957
9.635189
6.338093
10.097564
11.808694
5.584497
7.825188
20.033335
8.302836
17.466062
28.498222
10.146668
25.934834
17.582575
6.725958
9.692660
4.922970
13.095722
5.576236
2.890444
9.925765
48.402145
3.469216
12.367030
17.823150
12.267381
9.981517
5.963497
11.565040
5.679013
3.942328
10.670161
5.750461
23.012051
7.201919
9.284263
9.466557
26.203530
3.305044
5.674734
15.405892
8.380027
5.373236
26.850292
7.889264
15.271499
17.077368
9.330481
15.112457
10.853388
12.724008
33.105520
9.458299
11.651059
7.367678
24.210640
12.859552
16.480116
13.902214
10.994472
18.120157
8.959466
18.393301
20.494637
6.294087
6.435582
14.505392
11.649516
10.350286
8.197848
4.262915
10.312617
10.701721
7.562113
14.470995
8.201352
5.795543
4.430448
9.781785
25.109675
26.953199
5.126759
16.512142
19.989908
12.991562
6.624755
8.128458
11.597885
14.599083
5.742032
12.604809
9.251528
9.670342
26.370592
12.806634
11.928217
5.684134
22.133030
18.731587
15.818933
9.079059
9.766716
16.652914
8.155476
12.255382
13.098620
8.637192
4.028785
13.247118
23.857255
13.207338
10.024598
10.373690
25.578125
11.225804
13.204612
14.785489
6.240672
7.394405
3.182930
7.431920
7.720802
14.036890
20.514465
4.789433
4.345900
13.944569
9.403517
12.527389
13.601390
22.162048
8.845883
16.840867
15.199624
16.946464
4.181141
3.769551
13.259146
21.094514
10.553482
18.575231
8.076821
3.805931
8.445542
13.723121
16.426575
8.653319
6.490054
6.387840
12.431626
39.088609
22.726564
14.099125
7.518211
8.032449
17.774073
8.353115
7.764364
11.778522
14.089821
15.275075
9.711170
10.112118
24.928658
4.684045
8.246473
10.670013
14.908775
12.028005
12.531557
10.767230
13.798798
12.779082
12.387423
10.044695
31.805750
12.898406
7.142112
13.443675
40.108909
24.142893
15.365405
6.787617
25.352650
13.814091
12.628399
6.593679
6.010406
8.461118
12.572621
8.328329
11.744229
13.788994
14.567795
8.254351
2.777389
4.888705
8.955579
18.030489
4.596959
13.308165
23.857536
6.842448
7.037756
17.184488
15.942527
15.966737
24.758763
25.404661
12.318219
11.884353
6.882209
40.760362
11.147719
4.549193
3.762676
10.848094
21.290716
6.910442
6.994534
4.914018
6.720298
7.952685
15.535814
9.147560
9.783548
3.040715
17.952527
10.724741
5.704015
7.669135
24.346542
9.800734
7.391723
14.374645
9.364232
14.766554
5.308556
5.389278
14.858170
9.587949
11.174074
5.595801
6.520613
18.721683
14.195603
22.383925
8.900039
8.006107
42.202725
7.773035
4.519977
4.320074
16.302558
7.301355
13.864902
4.717347
9.504956
22.135497
25.278692
21.399253
5.328983
4.988720
7.157893
10.820717
11.971140
11.201659
10.089698
8.471937
18.620741
16.323488
12.434201
18.697285
11.780747
9.388209
8.001490
11.802321
8.715540
7.338515
16.800765
11.948235
5.462677
15.785953
5.558948
8.119033
5.200359
17.303233
4.847879
21.692215
7.425141
5.026359
37.089234
11.520528
19.067227
21.076511
11.137950
12.847651
17.501956
29.864326
7.462173
11.751068
12.548599
6.807940
14.331794
6.490124
8.611220
7.287605
7.080679
13.950856
10.244653
12.480376
2.252118
2.905248
7.137537
6.583856
4.464195
16.444249
27.578658
19.243925
29.104762
8.440924
5.745615
11.211440
19.756647
18.043610
3.105781
6.535042
16.128349
11.398194
12.405053
27.539048
19.134469
5.049448
25.152934
24.058385
7.267798
4.638778
10.004283
12.728491
13.454869
9.124724
8.447795
14.153618
9.098219
15.631572
9.535718
11.440690
18.673779
11.382102
18.469830
5.696959
8.535409
10.490229
10.833518
6.113515
3.737010
11.112699
9.548413
17.370713
7.194851
17.649794
7.625448
18.508067
8.424160
7.776134
9.787147
7.762038
5.903451
5.687463
7.241145
4.641619
5.347482
4.547424
6.324376
6.128863
7.328117
23.791115
14.556088
18.210646
28.776798
13.603313
8.354860
4.811962
5.182388
6.499000
6.103081
25.317638
23.447261
6.734129
9.417843
18.417487
14.988759
4.836678
10.985750
9.228719
12.432744
7.781550
6.286234
8.664638
16.836438
6.334671
13.711550
8.525079
10.140580
19.746109
6.348149
16.195745
8.189080
21.363218
10.301073
28.896124
17.533028
17.857777
30.093468
5.868370
4.850503
7.662124
3.594558
12.039395
6.824088
12.384574
7.451064
6.717211
15.245542
10.315620
5.178351
7.784894
7.463529
10.739288
21.400688
11.226194
15.659622
22.194681
10.212440
6.031699
9.323970
3.968585
20.355636
12.309960
7.090305
11.946133
5.037508
9.306882
8.664646
13.007919
11.457209
5.124988
13.380667
11.321056
3.776577
4.489696
12.661469
14.104936
14.117373
8.015857
3.805768
12.592013
9.411366
10.743882
3.726434
11.380591
7.583176
6.066783
11.000578
8.367265
7.851899
5.293863
8.568416
8.961930
7.622129
6.682313
8.925617
17.731746
12.435182
16.098433
20.250759
12.010259
13.209574
15.054163
9.594196
6.396329
15.891339
26.218908
6.625643
8.812691
7.930051
8.562689
24.467334
10.192750
6.070733
4.677901
16.872379
7.526366
7.616424
11.595423
10.649170
8.015396
6.044020
21.821657
12.859790
10.090092
18.713951
16.315234
8.009964
18.260163
5.091161
9.351616
15.078939
10.040262
4.993473
24.343109
10.511907
10.905215
6.464449
10.536772
7.350750
9.303878
12.747122
6.863609
14.065622
7.705891
7.044834
8.138074
21.044565
39.670367
9.861060
13.961713
6.723156
5.836888
19.990201
5.385460
6.991823
12.178999
6.537781
4.617133
36.943614
38.228289
10.148058
13.691334
5.306640
9.717466
4.534981
12.963350
13.939049
11.439624
27.049389
11.583833
11.373439
8.018463
15.681463
18.850035
9.091027
15.032597
15.480007
17.160981
13.084267
23.749121
10.100149
9.018458
4.733650
12.500868
11.121907
12.984352
27.851234
7.910885
17.838876
6.403625
12.288060
11.200737
12.239575
8.271476
3.511427
7.645212
13.687238
13.035885
8.197589
5.118611
11.948955
8.671660
8.557619
8.565987
9.424283
13.007620
10.875510
9.214007
40.432037
11.077848
6.954895
10.048497
4.802857
23.133649
10.615348
4.230913
15.375899
8.408796
19.407815
21.675723
9.535727
19.885011
19.262685
5.027574
4.268265
13.423902
48.780499
14.211493
10.932522
12.099666
13.682275
18.740048
22.136847
9.430106
10.446250
9.066044
14.723000
10.302183
15.238452
5.927322
9.960331
9.270217
8.832374
14.149632
34.232059
13.233608
15.752907
11.559484
8.898363
8.005447
9.468741
7.764651
5.975807
6.414240
19.208935
14.618907
6.979580
6.831042
10.687829
4.915159
8.729678
5.657440
4.197564
7.389489
16.320526
12.414957
18.586651
17.454484
15.913942
14.425623
19.688808
14.642947
14.226460
14.394798
6.850552
8.548375
18.898359
7.395958
7.869046
3.053369
8.388606
9.934155
7.941967
10.646307
4.243569
4.668790
7.613211
11.567686
20.517448
13.777941
8.178356
7.133002
5.179372
16.907400
14.366767
7.618173
14.252941
7.451246
3.560140
8.795053
16.878002
12.448048
7.106873
3.071646
11.761794
22.879489
6.885327
20.422172
9.781502
13.412540
9.034574
7.343600
5.931608
11.853972
6.428455
14.096348
5.366930
6.358996
6.331698
6.574396
21.023293
12.173339
7.375445
29.815307
23.245490
2.440830
5.742522
17.329454
9.967015
15.136808
6.538168
3.983045
4.530709
14.525416
5.194064
18.684314
14.257028
9.514485
6.459699
5.174819
9.875335
27.244111
20.952599
11.266507
5.693216
4.061863
5.830487
5.296997
5.191326
5.969431
26.046614
7.285481
8.460694
4.108483
4.502342
20.392813
24.564620
49.969617
11.785773
14.699274
10.415540
12.878112
14.801920
8.042074
9.709534
4.864548
15.927467
17.420751
6.394331
23.807553
8.756828
8.948654
12.461712
7.753561
14.238809
9.275825
12.166471
11.341039
23.477526
14.018393
19.813987
5.563181
4.372219
8.073399
5.783020
18.071857
18.999994
8.236762
9.076459
15.324925
16.367869
12.073730
15.587825
19.088645
7.469156
19.517087
11.742498
22.977560
27.638193
12.604108
7.763840
8.571848
9.624437
7.982808
16.397111
7.310648
17.918023
14.733371
24.670154
8.627403
9.646931
8.437236
8.897703
17.846706
12.421234
12.268318
13.738445
32.056900
5.812354
11.401933
14.279991
24.760166
42.227574
10.691354
12.655540
16.471780
6.955233
15.645515
3.601789
5.159611
8.339493
10.251900
20.505717
4.156571
4.780731
7.426994
9.910071
9.503834
15.544377
8.264682
9.815760
8.590538
9.738781
6.772323
7.238560
10.172461
13.120673
28.355155
15.796222
8.753971
8.782960
9.929070
7.669328
17.025348
7.624263
15.390682
14.399877
20.857335
18.723202
6.521590
5.480368
7.689935
2.482827
6.428044
4.850676
5.552686
23.592496
8.488520
3.978053
18.675106
25.795369
13.594992
9.621196
8.653887
7.489299
8.830189
10.426695
4.307579
4.309785
20.493325
8.949041
12.899402
3.462174
6.266726
5.336704
6.344502
30.760255
8.530529
14.643043
8.231391
9.649504
12.173631
5.749272
5.787083
4.376705
17.618392
8.113255
9.777715
6.899848
5.254714
7.714952
6.830561
8.328747
7.765674
21.069965
13.701361
11.619768
6.554578
12.892189
3.934346
4.611256
21.393031
3.560489
4.043440
42.018520
16.430579
10.858362
8.594868
11.217784
8.574891
14.229029
19.794694
9.762513
11.649732
11.042537
29.662105
15.875277
25.241439
17.482123
2.990618
7.436536
19.904266
8.855509
14.462205
9.008416
17.930302
23.626345
18.567606
32.965247
27.687348
11.227243
7.051293
3.254331
4.407425
8.641619
21.313189
8.956464
14.110448
12.074628
11.391769
19.231207
6.131415
15.003634
13.809965
7.696420
18.119833
11.026875
5.250947
12.639629
13.454972
5.756138
10.457300
6.703429
6.646404
4.205817
8.020695
4.856046
9.302436
6.557587
7.086086
37.177933
8.874387
9.389551
8.176196
22.893778
6.671345
9.529366
23.050552
3.450494
3.801542
5.139909
12.427976
12.657029
7.484259
14.936612
9.280155
14.782833
6.176754
9.226756
9.653236
7.205647
4.865868
12.966609
7.520118
5.206177
5.963338
12.319716
4.482663
5.968319
11.513139
5.283390
4.406444
10.631519
12.687905
10.256898
11.478228
34.190219
20.503406
27.382316
8.527931
3.121804
11.688756
15.013219
8.978850
7.311740
10.199108
20.576101
7.642509
20.357597
11.688166
4.387618
6.701962
6.027275
14.265649
10.943056
12.331211
7.128673
3.506328
5.856013
6.833802
15.758263
5.734480
6.015436
12.713780
33.222953
7.545490
8.526413
10.720292
6.552345
10.235497
4.258334
4.552431
7.121925
12.001531
18.147181
6.609892
9.820605
26.209744
17.345085
14.001875
9.704715
14.213707
5.155115
11.298581
15.827091
10.133324
9.551239
11.138766
11.377595
23.132539
17.812060
13.862464
8.431667
8.826675
8.690973
3.783926
11.725218
4.033039
6.486748
7.667582
12.772979
8.909335
5.852804
8.351102
9.575870
3.577512
10.025856
9.663040
8.733809
4.363023
13.884426
8.766188
7.338597
14.479024
28.110030
45.393293
17.316093
8.651403
8.199868
24.200370
28.018674
9.441606
11.396379
10.733495
8.113792
7.209571
11.246741
7.221814
6.742770
13.316342
6.102332
9.252368
12.501807
15.494225
3.297576
3.196762
13.665330
41.561881
5.570808
8.228959
10.863551
7.821782
7.742172
11.408520
20.159556
11.759626
8.117835
14.843228
10.360412
24.932672
19.884903
9.868397
10.441429
13.972635
11.410963
15.627805
8.885085
7.169064
11.711942
19.357420
9.615744
11.002143
5.435983
12.679947
6.273373
39.898746
11.095954
8.304674
13.564644
14.229081
13.067408
9.967658
11.411446
10.466264
27.077127
8.311162
6.892326
18.009033
15.718840
13.242751
8.415778
14.890400
7.675232
5.830853
11.943430
13.546239
14.553785
12.156045
5.436991
6.806557
3.297230
5.624387
7.138886
7.920633
13.455455
5.081393
4.623885
5.707142
7.900698
10.257745
9.698120
9.378281
28.548435
13.057677
12.331993
9.669239
5.346340
7.370895
7.187576
14.606533
14.546790
10.676406
15.457572
20.335908
44.529153
11.192014
14.927027
5.971456
22.351681
13.916100
18.135366
9.387535
13.183659
13.849546
8.822341
11.304331
9.236924
10.436884
11.018508
9.828910
3.642341
13.365602
21.687260
22.973981
17.835513
6.915485
10.695334
7.137393
4.645520
10.904401
9.301455
16.438792
11.239458
8.809430
16.226190
12.826227
17.683359
11.896184
18.685351
24.397798
17.992649
6.821020
6.733835
14.769323
7.318602
28.366402
21.645643
13.292591
11.972331
10.290864
6.883457
10.618428
14.124441
24.148151
5.527040
8.231001
6.651199
11.234013
17.646964
26.027829
17.890758
17.517543
27.364436
5.186891
5.549942
16.027326
25.302761
3.896206
5.932362
8.258307
16.896049
7.835522
3.350385
8.059837
5.711533
6.872601
16.249948
7.782986
6.382105
11.398937
3.723563
5.195470
12.718985
8.615634
25.979431
11.980490
17.801024
4.761881
9.356817
7.608953
7.318084
22.496741
8.515685
33.232216
7.658792
6.746432
5.879737
6.359105
7.478578
14.171494
10.056584
10.772467
5.543851
2.262236
6.601942
6.052489
2.966391
5.848217
7.843071
14.208919
19.263495
12.547831
11.363086
8.175360
9.252056
4.489322
9.288245
10.738490
4.564431
6.329532
11.044564
16.764651
10.022320
9.317218
8.214899
8.801035
14.857204
9.734650
6.805366
16.049238
13.735478
7.236034
7.786834
8.955450
14.726212
18.440298
8.570179
7.525671
12.140579
5.966762
14.896949
16.037652
4.607861
9.693356
10.534840
3.906571
8.388736
16.370288
5.081012
19.986047
17.160546
13.420118
8.640094
9.174919
5.188002
11.171988
5.866930
8.209787
9.154126
2.998236
9.280364
12.817609
5.380780
4.385936
2.645574
8.001604
13.512148
6.366337
5.888504
13.684871
14.429507
9.183989
5.771398
12.121167
6.610645
20.394818
15.194942
13.895803
5.801810
6.931610
13.086874
7.850512
28.274813
11.281167
10.391258
6.691161
6.662809
21.415792
11.785927
6.000941
12.788307
16.407748
7.269868
5.245599
14.708230
16.396071
11.299266
5.134314
22.749920
11.960017
20.069995
10.914965
11.858876
8.760652
5.632172
6.790447
8.146986
5.177467
11.966798
13.906050
8.801545
15.786037
7.997278
28.612155
13.065916
9.324930
6.262547
11.291142
5.441341
4.284733
12.136321
3.579154
8.781990
10.491689
9.681815
11.427821
6.808498
10.232727
13.419260
5.983291
29.360517
21.308329
24.545960
7.605977
5.502252
8.998656
15.709271
12.902761
6.545620
6.239436
6.257011
15.330356
28.026179
19.986011
6.383575
6.441797
9.641434
19.525729
8.490025
7.275077
6.296916
19.408717
7.546144
15.506889
17.200729
8.226741
17.733219
25.135204
11.109612
7.475670
14.009154
7.799215
8.849319
4.339938
17.618098
19.553413
10.917705
13.325451
8.082201
8.175080
20.900696
9.544708
7.999524
9.992011
16.092577
15.468667
4.825762
2.079013
10.115712
7.926488
9.250248
15.921435
24.101103
16.305424
20.738453
5.889538
5.219734
7.322035
10.765888
12.697446
5.737603
5.426360
7.548792
11.323443
24.233491
18.246127
9.677804
6.965628
8.103110
11.221427
5.066891
13.730113
6.199482
5.754967
9.916649
10.704947
20.146565
6.379203
11.610947
10.856596
4.784106
6.188814
4.403899
14.291033
10.316088
12.133223
8.116273
13.386834
13.055972
11.879371
10.766561
15.525958
7.033975
5.652631
5.912365
26.254333
11.621206
7.676231
7.068065
7.392233
11.055544
10.634332
9.466395
19.084990
9.816654
14.891325
14.805385
15.360440
13.325114
9.121764
20.761025
3.542816
5.591016
10.265444
15.518219
13.098442
7.441411
7.096371
13.155337
8.495043
13.013291
17.116357
10.814082
8.835888
12.019347
14.100626
6.039795
9.994548
9.514819
11.117455
7.053660
15.894119
9.782052
18.547627
22.012044
17.759215
7.703286
9.483893
9.675094
10.143007
10.524415
15.650351
14.620106
12.909481
9.629872
12.355606
11.639357
7.544557
12.702074
9.029891
13.888645
9.758982
12.131436
10.787460
19.049684
8.445712
8.139712
39.055324
13.424360
10.794104
9.742878
7.487522
19.300091
13.396948
17.253570
10.435335
14.948751
7.415536
8.272372
18.403781
11.151364
14.451120
17.744597
21.710914
15.772091
24.158508
9.921617
10.220570
12.022246
10.057820
8.281598
12.784935
6.548649
17.063291
5.065675
17.030911
19.367115
11.038909
14.027723
9.103789
9.434471
12.575592
9.589387
7.137917
15.580992
16.014414
12.087259
9.784215
14.705006
14.499358
23.239695
15.159127
9.346024
14.226717
15.730795
18.000993
9.374496
19.847671
6.695161
17.734180
10.360779
15.877934
17.377480
8.083310
12.940879
14.579554
24.369743
33.965239
7.757390
28.625828
13.604106
9.319451
20.414507
6.944777
12.098897
7.888879
21.028791
8.203188
12.275676
12.120816
28.663954
7.910510
12.386121
21.939578
29.833939
7.551023
12.039279
15.400145
10.672134
26.441769
9.831692
11.983960
24.344144
13.046036
25.585190
7.029691
12.771286
24.144487
21.913892
10.074278
11.155658
13.138310
21.305672
9.954100
20.600516
12.337615
13.964511
9.704509
8.996295
18.096515
7.161950
10.924185
18.105391
13.543121
11.738184
14.844030
10.174187
38.149331
20.732014
13.390358
18.938299
54.610885
15.673768
8.664465
3.849049
9.369598
14.965635
11.705901
10.990068
9.450784
10.033134
10.004404
16.756624
11.682225
13.546255
22.914745
14.429944
9.244486
16.652228
11.976959
18.128473
21.284348
26.754556
12.964619
9.941290
11.151573
16.635203
5.582248
18.343634
20.054936
8.450993
30.921209
7.799545
12.666099
14.340531
5.667060
26.588896
16.133067
12.469103
22.416294
19.786981
26.596962
13.026604
10.218952
26.349579
10.164078
10.123797
9.385728
6.879434
6.708916
26.152564
14.391798
8.320610
16.725450
16.880325
9.985119
18.217080
6.041047
11.425138
12.726302
8.298929
15.431755
10.334022
10.008200
10.455199
14.218762
15.350598
18.637008
11.470718
5.886068
12.894875
11.992384
18.113062
21.286819
12.046202
10.511514
13.325171
13.253150
16.794034
27.923860
9.525834
11.315357
8.851388
9.433441
14.646907
22.963430
11.788544
11.653879
17.014445
23.660737
6.459580
13.334510
9.505633
9.600433
7.401892
18.913552
10.194626
8.203034
6.758638
40.881395
23.193915
7.139028
29.896547
16.804630
13.401204
25.185289
10.818104
11.237420
6.934768
9.666165
13.312686
15.609437
8.224013
11.056447
7.500072
11.433530
11.785746
19.712977
14.826761
20.409833
11.398947
13.211361
7.728027
12.463683
17.825324
8.723243
28.514051
16.168872
19.802749
13.454695
14.696094
11.301302
27.556056
8.646149
9.908597
17.259124
12.042993
10.306457
28.033513
11.519204
25.573546
11.598593
11.109490
7.961266
17.442511
7.667028
12.365387
17.415165
12.153812
12.862063
17.499303
9.278912
20.409957
29.390877
24.473355
6.886092
12.289591
16.719630
19.495963
8.293692
17.818958
11.518505
16.825585
7.627699
14.803847
15.752798
12.234520
10.292927
19.223524
11.861375
26.863400
15.657739
40.377499
16.175066
15.991989
19.452432
14.180721
30.645581
14.944456
11.569941
9.699654
36.542103
12.938784
11.947365
20.297988
25.960183
12.277063
8.390603
21.479072
10.131034
18.935471
14.279157
6.608910
23.528127
15.637203
16.524059
11.757327
18.379574
20.390815
11.422822
11.225159
9.824162
13.311023
17.555678
14.831551
12.370300
26.494986
37.515682
19.103687
21.844615
16.943776
11.858595
18.027041
14.432190
20.989321
14.095753
8.582404
27.878325
14.821987
31.041810
11.003148
19.517746
43.889858
25.918036
9.262510
22.133697
10.162247
8.473657
16.402051
23.513424
23.155233
23.416390
17.093650
10.357332
18.954970
11.924467
11.949168
18.473901
8.016946
13.435697
10.560952
19.208177
21.669923
18.599248
31.324494
13.401524
34.493897
12.044712
10.121104
8.997338
21.636002
5.434068
35.400422
13.058066
9.856384
26.215711
17.520719
24.671673
13.859167
13.193077
41.082878
21.850245
13.403619
6.869300
12.222833
10.297619
15.630215
9.856116
15.267021
16.196422
33.148335
26.240599
8.390705
7.381399
18.150309
16.617849
18.503653
14.918623
25.057787
16.575035
19.086570
8.266396
19.903991
15.967037
11.538764
27.104718
9.835452
17.887139
9.598725
6.166498
24.249211
26.423549
10.835795
36.388845
19.159304
9.701264
14.186922
19.102159
7.061188
14.228352
8.890845
20.825320
10.078254
9.897282
36.035354
24.021146
12.138807
14.074264
13.783837
8.463383
9.709981
5.941878
11.865687
9.853475
17.854532
19.321178
21.445718
15.261277
17.727337
17.663128
15.329473
11.491356
15.008511
18.347854
11.042159
13.048819
9.677462
12.103027
10.017227
15.041892
19.254671
19.188746
8.777000
25.943076
14.343799
12.216606
25.152707
12.609482
21.457249
12.704341
17.266449
9.437792
14.214801
13.965335
12.169140
18.972373
7.614081
14.860628
8.085136
10.076570
12.363035
10.326188
14.374158
25.973429
14.742917
17.488850
15.315900
16.432867
14.863114
9.502519
13.749468
11.006134
12.200772
17.546678
16.727707
14.794599
12.170518
20.043912
13.155722
9.240734
12.008714
15.730969
23.865965
18.439111
14.314021
12.255796
14.838844
19.131137
13.921959
12.746407
15.819414
14.458251
38.484349
13.126425
16.648191
10.461847
14.247109
16.700410
19.743935
16.946268
6.236473
22.021413
15.456439
14.346645
9.984997
9.287696
47.840604
12.308818
9.469260
10.439562
11.227892
17.140342
9.174936
27.300372
16.859278
16.777405
24.611510
17.359321
12.866352
15.653810
12.785375
9.659374
12.038263
15.915208
9.424105
12.714868
26.334618
29.075075
10.957600
19.643754
11.698252
16.163467
38.495948
12.363164
22.276595
16.095769
18.560066
7.975262
7.197101
17.206175
21.131225
14.074245
11.077608
14.724264
11.191888
13.085310
12.203471
12.181167
8.209346
13.369235
11.410005
13.755639
17.047260
19.249485
10.723425
19.575617
12.803289
11.970699
15.636210
17.841929
15.519832
18.708709
38.953343
