0.00199708637817667	0.0070923522233686705	0.006000259690925857	0.013472750013953991
0.0029946103438622806	0.007203975022151883	0.009000331793107951	0.013343173905476772
0.003991091905227777	0.006121035060775827	0.012000276453017267	0.011764807016804248
0.004986629817152687	0.006325741810992076	0.015000390205280833	0.011738708221206609
0.005981129373484785	0.007445866595301312	0.018000388323725792	0.012730771262393775
0.006974640881029636	0.00785684968159558	0.021000421987165074	0.013450172979193618
0.007967214257848087	0.00700303931338153	0.02400064236488062	0.01334455694111279
0.008958803455281862	0.008772130749304653	0.027000909959519828	0.01544579345851782
0.009949410423114412	0.007910750080081854	0.030001230571183535	0.01499634904399476
0.010939037105340763	0.008322113236570942	0.03300160997702506	0.0156870183517646
0.011927685440190404	0.008209596531885636	0.036002053931363596	0.014803157611461365
0.012915309403424259	0.008513072797694067	0.039002422842573006	0.014465815407310954
0.01390195892596819	0.008034078393374566	0.04200286773987765	0.012477958454092861
0.014887635928797455	0.008303148613018481	0.04500339430948959	0.012097100411422684
0.01587238990706919	0.008207801095981192	0.04800415357009485	0.012402958942885591
0.016856175143883677	0.008085735481937152	0.05100500581356731	0.012708275002264414
0.017838993543350223	0.00865686041075732	0.05400595665955996	0.014192762850538176
0.018820847003969694	0.009115000904881192	0.05700701170566685	0.015484653428665333
0.019801737418656533	0.0094497490344374	0.06000817652753119	0.01606779331691838
0.020781619094904127	0.009352384432010597	0.0630093113240934	0.01589682054304709
0.02176054154106734	0.008313946780578445	0.066010566977093	0.014792974852081076
0.022738553888261057	0.007650615407367192	0.0690120943934607	0.013634655759874
0.023715610706204385	0.007198461387403123	0.0720137536721174	0.013239442295990288
0.024691713860204627	0.006590004009538783	0.0750155502805468	0.013397060568083992
0.02566686521011243	0.006279220192749643	0.07801748966491724	0.012432370244978206
0.026641066610343076	0.007765836684169337	0.08101957725018577	0.01396036649426765
0.027614272654977318	0.009364420932500736	0.08402167304343394	0.015780427615712043
0.028586532488599242	0.00972081220681678	0.08702392781722366	0.016268354942692596
0.029557847949354947	0.010685633114751791	0.09002634693323214	0.016596647683216628
0.03052822087003926	0.010081676303347054	0.0930289357323347	0.01609357166479544
0.03149769992172978	0.009519487758076045	0.0960318450042637	0.015931171182575764
0.03246624003771034	0.008335403497169287	0.09903493458840842	0.01499580730858615
0.03343384303493406	0.006884541296636634	0.10203820976409597	0.012386640816863395
0.03440051072508509	0.006193770787662152	0.10504167579025069	0.011436388267780602
0.03536624491459899	0.007685010343140635	0.10804533790549262	0.013424403608394265
0.03633100056107007	0.007117016033224881	0.1110490558586784	0.012860264272945494
0.037294826349368315	0.008497656048541144	0.11405298030829775	0.012930552658981707
0.03825777059883902	0.009020581541500806	0.11705726197283763	0.014569130816958563
0.03921978852176441	0.0088965571603119	0.12006176048109887	0.014609747984803566
0.04018088189863772	0.007629858708698505	0.1230664809716327	0.013493485949245303
0.04114105250482368	0.008025012024716102	0.1260714285632651	0.013515730103631832
0.042100302110578164	0.007065820344958673	0.12907660835519127	0.013224244910156058
0.04305858595244616	0.007474390595226594	0.13208187988662232	0.013809198104447095
0.044015998625777875	0.007865243818634921	0.13508753935797208	0.014629085626741343
0.04497244936157427	0.008060594656060453	0.13809330058810837	0.013704671487532311
0.04592803234552613	0.007818090744879796	0.1410994598455631	0.012900075271067549
0.04688270310479759	0.006847466991135288	0.1441058765093084	0.012148906466524919
0.047836463379398286	0.005946149542499674	0.147112555562706	0.011515280929579926
0.048789268642384136	0.006588176534349021	0.15011935635925855	0.011597237566100163
0.049741213147796344	0.006095854189785541	0.15312657506620186	0.012707469760237214
0.05069220618501939	0.0073916177238793025	0.15613392536304627	0.014535000540412527
0.05164229569203577	0.007189417196358673	0.15914155778098324	0.014190468731781104
0.05259152925179542	0.00666763501300644	0.16214962294189414	0.013037740137300684
0.053539862663567826	0.0066213780503142205	0.1651579799982899	0.01270462366116735
0.05448729763294012	0.007053719809696885	0.16816663380252012	0.012564808174267337
0.05543383586065643	0.0064122966226762826	0.1711755891885721	0.01136914239207269
0.05637947904263619	0.007443081735842067	0.1741848509721577	0.011758303970312495
0.057324183002288386	0.007659894398589131	0.1771942782180198	0.010812829361348614
0.05826804094559702	0.007336966130514579	0.1802041672482399	0.010342795682900332
0.05921096333690955	0.00732698288181508	0.18321423117477093	0.009681821305204657
0.060153042984343735	0.007133538822914884	0.186224766422509	0.01042242415212494
0.06109423599430785	0.007505956508355763	0.18923563187635226	0.011173987414969807
0.06203454403415196	0.008775080358137153	0.19224683224415012	0.013924194998448809
0.06297392315796485	0.008647844940597175	0.19525822639146292	0.013620229836148107
0.06391246624084143	0.008906288156425106	0.19827011064007466	0.014712894677349809
0.06485008380469075	0.009238776187208994	0.20128219796337815	0.014209216194818044
0.06578686833131558	0.007260301337186024	0.2042947847992882	0.012784791387018483
0.06672277615483721	0.00728171655123438	0.20730772982594392	0.01220874607892879
0.06765780891467445	0.007633467390954707	0.21032103764633542	0.013449855508336729
0.06859196824565186	0.009014548696062063	0.21333471284626188	0.015347606165838912
0.06952525577801699	0.007762616479099041	0.21634875999441167	0.014452520231129855
0.07045767292690713	0.00865826361031338	0.21936318373417632	0.014842193240061306
0.07138917650926759	0.008611989992400385	0.22237784243908046	0.015711936746699164
0.07231985817199832	0.008579782665991836	0.22539303276803851	0.01566810064754073
0.07324962958043785	0.0059265814809451815	0.22840846704234502	0.01092293661282286
0.0741785822054578	0.006168739553801347	0.23142444196471068	0.011134388198442318
0.07510662766155501	0.006570822116896788	0.23444066984207637	0.011805517467800774
0.0760338576614391	0.005711983002863169	0.2374574472286409	0.01010744372985661
0.0769601837689871	0.005437465744026169	0.24047448641773284	0.009524252688231701
0.07788569752070229	0.007262149529332299	0.2434920840070981	0.012538507844953185
0.07881031063865257	0.00862566225560136	0.2465099521800176	0.014023248299354125
0.07973411427714291	0.009121500517939321	0.2495283876823317	0.014588180170339301
0.08065706532987553	0.009126427464591339	0.2525472486531833	0.014800237527196562
0.08157916536911854	0.009101447022012096	0.2555665394459092	0.015410489571012589
0.08250041596279492	0.009169342720076943	0.2585862643978122	0.014684351719205655
0.08342081867449848	0.008051138761855743	0.2616064278302346	0.013308495195366248
0.08434037485872788	0.007783587189806038	0.26462703415639033	0.011888784779572677
0.08525904187938912	0.008049977642530123	0.26764794117804375	0.011799655010120624
0.08617691007965282	0.008514448277097218	0.27066944593140313	0.012489484150424248
0.08709393660971856	0.009309793707270819	0.27369140629353983	0.014451425735238764
0.08801012301177057	0.009349392763065132	0.2767138265070833	0.013905863394732747
0.08892542638679418	0.008733204748737618	0.2797365644401523	0.014792988880332026
0.08983993714244817	0.00906942263600859	0.28275991702236447	0.014614871216579273
0.09075356801571438	0.008000769717509869	0.2857835956874663	0.012854732020550723
0.09166640904128985	0.006893002361393003	0.2888078975394203	0.01168665652006019
0.0925783735138685	0.007063256608632469	0.2918325336596035	0.013195788059419128
0.09348955109657683	0.008687806370978574	0.29485780133024825	0.014655326184868311
0.09439989922921763	0.008354791979819632	0.2978835581209205	0.015002509078781427
0.09530941942052612	0.008434902057808415	0.3009098081520019	0.014349206363631985
0.09621806906192644	0.00801103925928515	0.3039364089868432	0.014410110118163365
0.09712593788034023	0.009079912221748473	0.30696365780007984	0.014872664105079342
0.09803298305976332	0.007241899413105298	0.30999141224824933	0.012564186076431056
0.09893916249806131	0.007828612078361297	0.31301952953238504	0.013573256522780333
0.0998445652717862	0.008737684459452128	0.3160483071745689	0.015515941561355141
0.10074914907110205	0.009829189119574103	0.31907760246843797	0.015948197232585844
0.10165291537626513	0.00835792550958023	0.32210741943099935	0.014553388202096292
0.10255582182977432	0.010047026995602346	0.32513761535199237	0.016588224471262354
0.1034579575713768	0.009736372748087956	0.3281684876450192	0.015761358954941886
0.10435923648103887	0.009104377524898417	0.3311997468077099	0.014934414229480037
0.10525974733579112	0.008425811551367983	0.3342316904567384	0.014129626455367585
0.10615944803816937	0.009238367051364898	0.3372641756442286	0.01391898306235078
0.10705834004458703	0.008709714764819047	0.340297206301149	0.012258851194652132
0.10795642480753363	0.008993419612575722	0.34333078634435366	0.013039819088701839
0.10885370377558905	0.01001571857454385	0.34636491967664546	0.013533949715631622
0.1097501348747563	0.010161482311815882	0.34939946326730087	0.013811232312999414
0.11064576310358298	0.010364629612838449	0.35243456788404187	0.014982089831427495
0.1115406331456227	0.01028256367734722	0.35547038449812585	0.016245572014006823
0.11243470314861985	0.00971624769720119	0.35850676987418106	0.014801247170324648
0.11332797454181395	0.009638990155573339	0.36154372784568883	0.014365647290978232
0.114220448750618	0.009777131966471009	0.36458126223245224	0.014307447031866719
0.11511212719663211	0.009565765234464271	0.36761937684065654	0.013077772939844459
0.11600296805096824	0.010167121543358717	0.3706579283525104	0.012324949208940249
0.11689301601290776	0.010799953477023883	0.37369706762955374	0.014236872211054187
0.11778227249262481	0.010481191605218416	0.37673679843729807	0.014255000008975546
0.11867073889653469	0.011072384621418588	0.3797771245278784	0.01595069249653168
0.11955845952925066	0.01176814389740745	0.38281819700921743	0.01806831835999717
0.12044539284980238	0.010674989371124065	0.385859872267416	0.017253256769761055
0.12133154025347608	0.010376894203701713	0.38890215401501316	0.01593613267352951
0.12221690313185216	0.010530540767884464	0.391945045951407	0.015326889691968675
0.12310148287281832	0.010293143608033866	0.39498855176291214	0.013505883356769555
0.12398523795863932	0.008441419542383942	0.3980325277537131	0.011530034701566803
0.1248682127097648	0.009087319826147374	0.40107712492359077	0.01237637942318016
0.12575040850301517	0.009021866458311078	0.404122346919777	0.012867181894437384
0.1266318693116535	0.00836548382406905	0.4071683449878765	0.013249589477564659
0.1275125538677154	0.007816425180888192	0.41021497516929833	0.013498949455089606
0.1283924635372035	0.009598063085334901	0.413262241073057	0.015366210093630815
0.12927159968251775	0.009576909354864929	0.4163101462954819	0.014415357554711468
0.13014996366246825	0.008449344117509002	0.4193586944202731	0.012776560993459179
0.1310275142322045	0.00874339719003653	0.4224077414073303	0.012876066674112042
0.1319042953809108	0.00944134073202799	0.4254574383954334	0.014173353279571605
0.13278035079605527	0.009391767838782886	0.4285079367627759	0.013747108149413392
0.13365559714331235	0.009642511624282927	0.43155894437847	0.015151354805348967
0.13453012036861278	0.010725810647200955	0.4346107604928457	0.016355188540272163
0.13540387950704763	0.009969316464374666	0.4376632407504988	0.015186519212698646
0.13627687589264673	0.010105173217142157	0.44071638864825463	0.013928220680852334
0.1371490685165312	0.00995594879110329	0.44377005983852025	0.014478318127651647
0.1380205433845977	0.010352448073837485	0.44682455345823385	0.014892307908638514
0.13889125929741633	0.009792054214063348	0.44987972530020925	0.014576260475827555
0.13976117571365793	0.010888045987464106	0.4529354305540477	0.01629716715903839
0.14063037804080936	0.010409884285063958	0.45599196884605125	0.016264073384395367
0.14149882554674248	0.011151701218661146	0.4590491955057059	0.01642787852570743
0.14236651954130558	0.009757826454219862	0.46210711394557913	0.01496921379467217
0.1432334192490173	0.010546083988901549	0.4651655795048738	0.015505971215886498
0.14409961013677114	0.009916965683953437	0.4682248916956254	0.014354456414124908
0.1449650094133779	0.009625235999163493	0.471284757704982	0.014248687864680807
0.1458297022119155	0.00728433639835178	0.47434547732683224	0.011939645958394455
0.1466936062423474	0.008435075997569723	0.47740675724788495	0.013214515487630535
0.14755680630511267	0.009154241895705262	0.4804688975470181	0.013884518720319153
0.1484192619310318	0.010084684301350767	0.4835317531868038	0.015467414158254037
0.14928097440302765	0.010420790842625576	0.48659532748659895	0.01619889261935764
0.15014190320925622	0.010973056325055238	0.489659475420803	0.017616983762602515
0.15100213320893138	0.010860435720175024	0.49272449695303283	0.017122170279148283
0.15186162370471343	0.0095919170372167	0.49579024721182674	0.016112126682583206
0.15272037614554923	0.008643479845727612	0.4988567292950788	0.014561886305261989
0.15357839179790672	0.008541104358512321	0.5019239464655015	0.013292097406157399
0.15443567192499683	0.009211171962446824	0.5049919019746245	0.013702996770931878
0.15529221778678456	0.009176175958838401	0.5080605990628422	0.01408049781150124
0.15614798909943958	0.01057364858578075	0.511129892379468	0.015690246421626697
0.15700307002051825	0.011464627906535197	0.5142000824843094	0.01640383221506979
0.15785737914446535	0.009763699056534157	0.5172708749897084	0.014983333786282629
0.15871100030369772	0.010253694507982296	0.5203425707603117	0.013996749691252083
0.1595638522270739	0.010102006869603176	0.5234148752392175	0.013894881175558937
0.16041601860007387	0.00890262997771734	0.5264880894173327	0.012633723299193465
0.1612674181099757	0.00935231559763857	0.5295619187528688	0.013767280034810755
0.1621181346469613	0.011668127197223991	0.5326366639936069	0.016280489657696687
0.16296808685689124	0.011571943027784764	0.5357120306133617	0.017007372936984934
0.1638173584828571	0.011885600081849206	0.538788319485929	0.01776250914349702
0.16466590931797304	0.013395342297362034	0.5418653850496551	0.019451170485518823
0.16551374075877948	0.012355967260049379	0.5449432302272711	0.01835799281751726
0.16636085402403802	0.011988094391652274	0.5480218581186567	0.017949134384817753
0.16720725032941558	0.01212418534726669	0.5511012718132015	0.017192307169722556
0.16805293088749518	0.012972811854699237	0.5541814743898493	0.017901238277521915
0.1688978558948359	0.011687561317714	0.557262319783306	0.016069977635445418
0.1697421084111688	0.010993263646739703	0.5603441095123421	0.015065041895225811
0.17058560802855235	0.011430577472357206	0.5634265478949093	0.015786633225438416
0.17142843748991815	0.010513805104601879	0.5665099367764189	0.015640319240597785
0.17227055722129261	0.009900543889319385	0.5695941297803343	0.015424915347971725
0.17311196841697102	0.009759706815730166	0.5726791299238414	0.014555137643140226
0.17395263146259857	0.010004041127381395	0.5757647908490997	0.014180370819976959
0.17479262915773244	0.010457464519794155	0.5788514142828247	0.015261401101112328
0.17563188114502257	0.010887906196294254	0.5819387044039459	0.0158315111655222
0.17647046991047266	0.011040103607257925	0.5850269632742251	0.01427522303977818
0.17730835606700956	0.012041234744739598	0.5881160442194684	0.015356843102399627
0.17814554079100653	0.011909877670784053	0.5912059501966446	0.015309790100874077
0.17898202525588497	0.010615231860166153	0.5942966841528327	0.013564573759864595
0.17981781063212438	0.01135995103988327	0.5973882490252644	0.014431120200803178
0.1806528979183839	0.01088179035863746	0.6004806479436664	0.015026433285346976
0.18148724811849024	0.010159818689657053	0.6035737336997916	0.015170874131720236
0.18232094305409	0.012136037703796409	0.6066678090501888	0.017811353888739664
0.18315390329110298	0.013138916502593542	0.6097625769623065	0.018254764335392623
0.1839862105112859	0.012166724979023342	0.6128583403377239	0.01598680946156042
0.1848177852411743	0.012294879787723673	0.6159548021655216	0.016049015619047508
0.18564870935807506	0.013594194510357293	0.6190522650819883	0.01708737216168645
0.18647890334928954	0.012707511239321114	0.6221504320982745	0.015373183093534927
0.18730844895208806	0.012198529854945236	0.6252496059954615	0.014877972687799234
0.18813726678216514	0.012750057585750409	0.628349489601409	0.016542022608108026
0.18896543827113638	0.013508808342900365	0.6314503860525132	0.017162531503785466
0.1897929244918267	0.012511101036517824	0.634552147914619	0.016530626014783247
0.19061972657734685	0.012660924671078173	0.6376547780005957	0.017205776683248904
0.19144584565799957	0.012685427053444182	0.6407582791140225	0.017552139381578357
0.19227128286128875	0.013239354332797017	0.643862654049226	0.01831924816786492
0.19309599928193408	0.01210964051062473	0.6469677552928425	0.016290013604447758
0.19392003610491806	0.013068398822670345	0.6500737358770264	0.0175116669303548
0.1947434342490963	0.012523163412082932	0.6531807491655468	0.017498140073205458
0.19556615499839192	0.012393445328818692	0.6562886473620516	0.017730335991978353
0.1963881994664515	0.012704678575374056	0.659397433215171	0.018698368553750015
0.1972095687641777	0.013124542817568903	0.6625071094645089	0.019056522982424162
0.19803026399973808	0.011058637517317163	0.6656176788406793	0.015864121097339822
0.19885024647882665	0.011967634077107646	0.6687289934682378	0.01715314130136075
0.1996695571365906	0.012875659053227118	0.6718412066138427	0.01715759806331034
0.2004881970729926	0.012908200847619395	0.6749543209812285	0.016975636777335393
0.20130620692512743	0.013342312248443271	0.6780684902116243	0.018879512214637545
0.20212354821548667	0.015256168997713433	0.681183566089015	0.021562906763311566
0.2029402220360142	0.015384839374997572	0.6842995512908433	0.02120856180249509
0.203756229475981	0.013627454337881843	0.687416448485817	0.019872957785511635
0.20457157162199371	0.013401625746448672	0.6905342603339439	0.018742395501220165
0.205386210018172	0.011800496226113712	0.6936528385402296	0.017099772661204056
0.20620018531790163	0.01155147943527184	0.6967723366494887	0.016375170742853207
0.20701349859979573	0.011508261349121387	0.6998927572957129	0.016720089498933194
0.20782619022312623	0.01330536674311641	0.7030142544081648	0.018263327612602454
0.20863822194613443	0.012215015762879762	0.7061366793451798	0.016844836272033006
0.20944959483962186	0.01202140600768276	0.7092600347153029	0.015742602313602964
0.21026030997178582	0.012168192512017992	0.7123843231186242	0.016646715604167583
0.21107036840822788	0.011137185409698058	0.7155095471468126	0.014539642840613239
0.21187973192867396	0.011021499471914376	0.7186355580793207	0.014829856374375635
0.2126884409086804	0.012876476786149518	0.7217625097496507	0.017197793043124264
0.21349649640606008	0.014730580150297372	0.7248904047242869	0.019245057409350765
0.21430393850611612	0.013997829771500676	0.7280193972307958	0.016817910974608764
0.21511072920006855	0.014285854412238043	0.7311493381960021	0.01712018889970148
0.2159168695381188	0.012752332414327881	0.7342802301617556	0.015494084497606054
0.21672236056793073	0.010809337082273694	0.7374120756617198	0.01318341555020138
0.21752720333463857	0.010349268895882075	0.7405448772214049	0.012585253348944345
0.21833135985080276	0.011314799404052455	0.743678485688833	0.015527669248415364
0.21913487021799954	0.011743578818917551	0.7468130551964277	0.016334106614380433
0.21993777428490624	0.01344854612036183	0.7499487402409706	0.017747669090359748
0.22074003424436367	0.015176721393270858	0.7530853913670007	0.02066047364236917
0.22154165112897925	0.015095312375937607	0.7562230110597488	0.02069900753730298
0.22234262596887938	0.015320323950988464	0.759361601796487	0.019552640166508647
0.2231429597917173	0.014309620142111488	0.7625011660465608	0.018166592213282925
0.22394261481154742	0.013897710681006927	0.7656415542757629	0.018722950914838523
0.22474163089330632	0.012949375810542977	0.7687829208862426	0.016359975551233103
0.2255400090572251	0.012261460758565232	0.7719252683236337	0.015385302064054893
0.2263377888850227	0.012103482509746433	0.7750687514015063	0.015326938411890062
0.22713493279744693	0.013993111672524695	0.7782132202222253	0.016993952728714488
0.22793144180747607	0.012936444857633924	0.7813586772082309	0.015065072694306526
0.2287273169256699	0.01363557062432987	0.7845051247742559	0.01567764820685963
0.22952255916017733	0.013795287504699619	0.7876525653273551	0.015857654423212377
0.2303171309528148	0.013559574113494642	0.7908008488911986	0.016220616820735917
0.2311110719015403	0.01212623429429566	0.7939501301852757	0.015545209029085596
0.2319044213574612	0.013951805860926331	0.79710056430812	0.01753989284414325
0.23269714193857785	0.012873905779556773	0.8002520009706613	0.01681150845563489
0.23348923464109872	0.013527377705226084	0.8034044425420176	0.018647603419376012
0.23428070045886717	0.01352195867769049	0.8065578913838104	0.017523721570235365
0.23507154038336883	0.01436987253420827	0.8097123498501935	0.017549538818582063
0.23586171705354497	0.01295774987863472	0.8128676675734366	0.015995885563828447
0.23665130800558876	0.014743631633679557	0.8160241525676777	0.017756184894128828
0.2374402378861736	0.014999666619833587	0.8191815011462725	0.017020019006035406
0.23822858395505628	0.014114264498287172	0.8223400217513013	0.017564944664354598
0.23901630905322954	0.01461137160184167	0.8254995636412669	0.018824858921760487
0.23980341415818698	0.015484132436220181	0.8286601291261312	0.019165795787143294
0.2405898620762483	0.014334185181733754	0.8318215674993636	0.01817710306668396
0.2413757301180372	0.014287684909615137	0.8349841870748861	0.017790001375010616
0.24216098093595104	0.014661362991973183	0.8381478373815736	0.01797228315170651
0.24294557771811517	0.014217313352599015	0.8413123670426749	0.017004380699809175
0.24372959729006838	0.014147946371114809	0.8444780851491795	0.017814934826252453
0.24451300268582202	0.012279411915198924	0.8476448405593586	0.015422100758432984
0.2452957948668766	0.012474071840867134	0.85081263553292	0.01626599181956451
0.2460779368329997	0.012861001194165554	0.8539813189642699	0.016541050827813906
0.24685950546014046	0.012789678184103974	0.8571511998154799	0.016974632406825126
0.247640425843501	0.012245857374409776	0.8603219735079665	0.016675133473485038
0.24842077458827555	0.013825447228726591	0.8634939494454262	0.01910191889142002
0.24920047719876834	0.014568647637776662	0.8666668223250631	0.020356471239429626
0.2499796100102769	0.014402475018642768	0.8698409019942537	0.01941294495461282
0.2507581362750413	0.013487343957878005	0.8730160368489815	0.018836086269773934
0.25153605693670866	0.01330090864975049	0.8761922290931831	0.01863125030887435
0.2523133352137559	0.012859803330862795	0.8793693271602778	0.01807991902375245
0.25309004749137576	0.012409850212100147	0.8825476407678654	0.017186469553976635
0.2538661568377899	0.013186148114377242	0.8857270185936894	0.01817607685940361
0.25464166433398566	0.013489117783158703	0.8889074625570298	0.018232500418839646
0.25541657091267567	0.014097948510651066	0.8920889748278381	0.018686852532111616
0.2561908775044058	0.015501936368670581	0.8952715575693477	0.020148472231944593
0.25696458503756237	0.016738076239253483	0.8984552129381005	0.020954030085183487
0.25773765691994877	0.016364784391967195	0.9016397889599295	0.019967336445749474
0.2585101689679851	0.016839315897628677	0.9048255962872327	0.01939681894290436
0.2592820474138416	0.016565666937723645	0.9080123281824828	0.018554739698454257
0.26005336780952265	0.016349795559296	0.9112002957547977	0.018940232412295054
0.2608240564979305	0.014601834800815026	0.9143891920432032	0.016762724746094575
0.26159418891200786	0.014187072871312413	0.9175793283544182	0.016684640846952883
0.26236369136165316	0.014767968015971642	0.9207703977669388	0.018274067002235675
0.26313263944794363	0.014954235741438069	0.9239627112587339	0.01825434027479212
0.2639009594478884	0.014691904874066315	0.9271559619480744	0.01730493456066088
0.26466872684337783	0.015119428561168028	0.9303504610103216	0.018041135814177878
0.26543590510956816	0.01481043904756893	0.9335460562535866	0.018469347787336454
0.26620249529219625	0.014154974217589447	0.9367427494909204	0.018110744248473275
0.2669684982921682	0.013725007202211174	0.9399405427941764	0.018181341605685436
0.2677339150083215	0.01399084232864119	0.9431394382288669	0.018291054903026203
0.2684987463374314	0.013501766927622519	0.9463394378541882	0.01846207376911878
0.2692629560867033	0.014392346692604755	0.9495403888096486	0.01905936996541001
0.27002661918260074	0.014160582272891431	0.9527426032373383	0.018405960007316344
0.2707896626798963	0.014382983443420977	0.9559457727065658	0.01860683389157285
0.27155216124675585	0.01475091634995403	0.9591502098305348	0.018422979084483863
0.27231407887994813	0.014466188832503033	0.9623557613477005	0.017635840367097862
0.27307541646400557	0.014605843728212671	0.9655624292798621	0.01773908323488384
0.27383613796353723	0.014704021012364054	0.9687700604071775	0.01745139515537942
0.2745963180948543	0.014280115976678212	0.9719789672101525	0.016886469993325243
0.27535588395683175	0.013974620798185844	0.9751888411130751	0.016342348605230813
0.2761149100098708	0.015240545999707242	0.9783999950731349	0.017834643100583417
0.2768733604064921	0.015527383319642664	0.9816122754658867	0.01870458586965437
0.2776312360192072	0.016040683860654676	0.9848256842765779	0.01916011175586553
0.2783885377185459	0.01652851157406971	0.9880402234844445	0.01953029368367265
0.2791452663730614	0.017134464937878142	0.9912558950627341	0.021521865339565568
0.2799013861551763	0.017081741210024173	0.9944725453082983	0.021667605322200384
0.2806569346514469	0.016415051946553474	0.9976903317981065	0.02000987927823514
0.28141191272449184	0.01653245429415968	1.0009092564874809	0.021036458055370338
0.28216632123497737	0.01691040777431056	1.0041293213258458	0.02084822205196927
0.2829201974872924	0.015741471900387393	1.0073506844237994	0.019562368947507056
0.2836735058651454	0.016118017838119822	1.0105731916076335	0.02023564194160056
0.28442624722342225	0.016292440134251004	1.013796844809303	0.021988783766879176
0.2851784224150797	0.01635162314679412	1.0170216459549528	0.021288597281386087
0.2859300322911513	0.01606283982835305	1.0202475969649394	0.02143445506262392
0.2866810412550846	0.017383953912231107	1.023474543586802	0.022224542462903646
0.2874314866271547	0.01632511798548152	1.0267026438407874	0.020688795442813265
0.2881814055073299	0.017215710030740485	1.0299320561884662	0.020339565172361063
0.2889307624571412	0.018022322939034545	1.0331626260249152	0.02077193425030443
0.28967955831809217	0.0179222514996071	1.0363943552418713	0.02156849968745682
0.2904277939297974	0.01706754917886574	1.0396272457254123	0.021264186625909825
0.2911754701299883	0.017337660725510264	1.0428612993559774	0.02112416596711672
0.291922551499808	0.01652728047100519	1.0460963614498466	0.020318628226576325
0.2926690751550647	0.015674039628650587	1.0493325903784947	0.020376945877398266
0.2934150779935766	0.015982510154473068	1.0525701449599836	0.02021072082287535
0.29416048871407163	0.016069718361786705	1.0558087131433125	0.019869756619873793
0.29490538022276763	0.01612845324378566	1.0590486108038935	0.01973778212517314
0.29564971730730444	0.017608449533644897	1.0622896827773476	0.020779934735664814
0.296393500792387	0.017857070948838066	1.0655319309052278	0.02095101955483786
0.29713669543513854	0.017159477748836447	1.0687752000691126	0.020962095468652006
0.2978793741880783	0.01709277950814889	1.072019806008637	0.020703229586247995
0.29862146579255266	0.016872923110470717	1.0752654365260559	0.0205543500264661
0.299363007104814	0.0135208099952073	1.078512250452492	0.017663159102909373
0.3001040347660501	0.012752511359611335	1.0817604070722617	0.016588102883287464
0.3008445137378356	0.01451039252412897	1.085009750782002	0.017322866123542502
0.3015844448321179	0.013428809646106224	1.088260283385381	0.01687277951786
0.30232382885904324	0.014601080945838335	1.091512006680735	0.01912044005667716
0.3030626666269624	0.015602953453355679	1.094764922461087	0.0196336172336673
0.30380092311677387	0.016866797172494587	1.0980188750441562	0.020686636511184874
0.30453867065276635	0.015076949038176822	1.1012741814423102	0.01857328032384213
0.30527583870314917	0.016790297589606148	1.1045305277974367	0.02040785625947561
0.30601249935140135	0.015875446452254114	1.1077882316331953	0.018592821544166426
0.30674861775584494	0.01726644272131141	1.111047136840492	0.020103793001004164
0.3074841947141674	0.017386072180341338	1.114307245180882	0.021608641049138184
0.30821919535492337	0.018255762386665188	1.1175684005931301	0.02284966755140891
0.3089536918070347	0.017204247238527058	1.1208309204636848	0.021088448877195
0.30968761358063046	0.017179818829892675	1.1240944907868506	0.020880120507808624
0.31042103256597153	0.01639683428739883	1.1273594294652052	0.021145969315756116
0.311153914067538	0.01610581630649677	1.1306255800075737	0.01898689385950982
0.3118862588725404	0.016054219404189513	1.133892944144732	0.01923659003079655
0.31261806776646106	0.016632487059082914	1.137161523602391	0.01973961300629659
0.3133493415330593	0.016089547417058286	1.1404313201012157	0.01955634660213147
0.3140800454958886	0.015616088849653886	1.1437021770709874	0.018349897233731167
0.3148102159197026	0.014843319981249093	1.1469742544492851	0.018403238246460396
0.3155398888607917	0.015210257636171657	1.1502477126416193	0.01866165507300659
0.3162689945406183	0.015234431464177653	1.15352223594866	0.019562398648803235
0.3169976042384687	0.016354052345888343	1.1567981435849983	0.02121095318044242
0.31772568347583396	0.017977067920664364	1.1600752784819668	0.02317468398519679
0.31845323302455114	0.01806173661220572	1.16335364232542	0.023244236403088533
0.31918021837706534	0.017357917477962455	1.1666330780963565	0.022970381070819154
0.3199067108572684	0.01784714955648998	1.1699139048707603	0.02222531796589585
0.3206326407278564	0.01890832995714073	1.1731958068008752	0.023152009776728724
0.3213580790793074	0.01749748127071834	1.1764791034905326	0.0207781162649254
0.3220829915763267	0.01753585514435715	1.1797636374831972	0.020793418777773416
0.32280737898072387	0.018398217875481508	1.1830494104355844	0.02114298320478115
0.3235312420526538	0.017961795465319293	1.1863364239996144	0.021444209944299374
0.3242545815506225	0.015752210141259455	1.1896246798224301	0.018158312900610242
0.3249773631581422	0.016680850351784782	1.1929140203683002	0.020170570566134416
0.3256996227291604	0.016384934067290923	1.196204606392848	0.01996999038098732
0.3264213959136914	0.01589578182627261	1.1994965991296085	0.019277952602650524
0.32714264854206604	0.015253930212205103	1.2027898406666873	0.01863551660896247
0.32786338136461335	0.016387880849056024	1.206084332627595	0.02072570593511254
0.3285835951300414	0.016200111753761147	1.209380076631167	0.01991192215473849
0.3293032905854416	0.016872819356363138	1.2126770742915811	0.01972132320754038
0.3300224335798286	0.01657089330766643	1.21597516761767	0.020113715903198763
0.33074109452492667	0.018327229283930064	1.2192746777203438	0.0219108666810563
0.33145920467044165	0.018270399807534213	1.2225752862678672	0.02128496150362377
0.3321768341997596	0.01923746327641293	1.2258773149102045	0.023049872429071472
0.3328939491306015	0.019062938903811437	1.2291806052113614	0.02349350765786591
0.33361055020045705	0.01988842724901598	1.2324851587579135	0.02442350697080447
0.33432660339896714	0.019226246333432555	1.235790817165913	0.023100139439464235
0.3350421789529857	0.018642871251985205	1.2390979019448252	0.02345552971651942
0.3357572427251694	0.017714752983336704	1.2424062550089467	0.022711394846742568
0.3364717610227065	0.017073415502132074	1.2457157171625637	0.021665574239904298
0.3371858036712055	0.0179780448440026	1.2490266108843253	0.02219317077124458
0.33789933685072	0.01854448293047817	1.2523387772764778	0.022886238148975953
0.3386123612877441	0.018977630058599263	1.2556522178941354	0.023006386538850114
0.33932484313456235	0.018604054843857434	1.2589667738923482	0.021673195721304665
0.34003685225988045	0.01922409759925019	1.2622827676086508	0.02305754239401664
0.3407483202895167	0.018697885229494764	1.2655998796702115	0.021977660487539543
0.3414593168681035	0.017544731361980787	1.2689184329629397	0.021059326682054423
0.34216977396165815	0.01737144537522954	1.2722381072375093	0.020711796619097677
0.3428797609913857	0.017319468086560694	1.275559225929609	0.02156675212909589
0.34358924432102084	0.018057535389751675	1.2788816296102055	0.021369193507270418
0.3442982246647576	0.017046215887832134	1.282205319799406	0.020528471946764663
0.34500666835891103	0.017498058559080792	1.2855301371218268	0.020771359564123903
0.345714644867365	0.01678871685469143	1.2888564048713476	0.01958895429697527
0.34642212040219644	0.017680116129322285	1.292183963976878	0.020335874324214707
0.34712909579294	0.017286805464162548	1.2955128156288953	0.021038792546430925
0.34783557174624236	0.018173595174176816	1.2988429613261272	0.021995100031018264
0.34854154896725376	0.01859973751211376	1.3021744025630702	0.022592971140069674
0.3492470281596321	0.019593401739087267	1.3055071408300052	0.024860540148173432
0.3499519758191263	0.019668490589542884	1.3088410162843422	0.024847794989769703
0.3506564268769823	0.019231404988081024	1.3121761916738595	0.024101192077467914
0.3513603820323721	0.018155457038131626	1.3155126684762073	0.0226225561970524
0.3520638759972425	0.017663479818409072	1.3188506099978643	0.022542443173919274
0.35276684143931786	0.017068523292989708	1.3221896940422146	0.021007643481424407
0.35346934703415267	0.016968956943833786	1.3255302458672378	0.02041570340522921
0.3541713594846935	0.018100020693352342	1.3288721050377745	0.02227474487943095
0.3548728794828094	0.01829597138694871	1.3322152730109087	0.022698360382748577
0.35557387370466403	0.018591126731188075	1.3355595894066559	0.022964010449297682
0.3562744108677215	0.01865514269829037	1.3389053793399155	0.02349887126821359
0.35697442367870136	0.01832482563817204	1.3422523204628072	0.023512847236663956
0.35767398063825256	0.017021926583442693	1.3456007384542574	0.021225733401531773
0.35837304858314634	0.01758258042008666	1.3489504724730954	0.022072687872157798
0.3590716281965823	0.01714821579317106	1.3523015239521126	0.020787385746896588
0.35976972016032926	0.017110863931523626	1.3556538943201002	0.02037823725831292
0.3604673251547295	0.01691337554100502	1.3590075850018652	0.020086693225876473
0.3611644100344752	0.017652781058749078	1.3623624350764207	0.020880972566555547
0.36186100932489695	0.01762718612059354	1.3657186082385504	0.020731436730606925
0.36255712370204773	0.01740157855672828	1.369076105901118	0.02122610264416387
0.3632527874768846	0.01894994286110272	1.3724350923281428	0.022996030239884238
0.36394796766298576	0.01929899787538017	1.3757954061340203	0.022762625483532077
0.36464266493221564	0.019579850286168186	1.379157048719935	0.02358175705168939
0.3653368799550394	0.019364155547171205	1.382520021483179	0.02383078342218026
0.36603061340052667	0.01956330020431061	1.385884325817171	0.0242047816073735
0.3667238323000409	0.01836033975980078	1.3892498002563824	0.02183279576038884
0.3674165709795296	0.01791712522218676	1.392616608977142	0.022695511999083966
0.3681088301038676	0.017989157537490565	1.3959847533612515	0.02216244389039401
0.36880064378702937	0.018977717498312802	1.3993543981593626	0.02285116440351464
0.3694919792175696	0.019173876718724944	1.4027253814379725	0.02191813079533664
0.37018283705626676	0.018370873338387828	1.4060977045675225	0.022300870948628593
0.37087321796253087	0.017603488636970064	1.4094713689146714	0.020257609669497842
0.37156312259440705	0.016835758979220714	1.412846375842308	0.019785672906958603
0.37225251815809995	0.014369382936246133	1.4162225633368937	0.017338879778956918
0.37294143878250063	0.014982566383139703	1.4196000960614903	0.019052153914415948
0.37362991841110027	0.016185558484784302	1.4229791391967228	0.020065965522448936
0.3743178911173921	0.01803723974402626	1.4263593664323941	0.02274757049638798
0.37500542408602655	0.01923160145261147	1.4297411069017127	0.024346167551706606
0.3756924847002522	0.022198690541195804	1.4331241980507285	0.027443131843970722
0.3763790736086655	0.021215755637296784	1.4365086412163004	0.026208015166939894
0.3770651581689788	0.021652674134418008	1.4398942739025844	0.027056297931964214
0.37775080560622054	0.021519191508364892	1.443281425097186	0.025701465766170772
0.3784359500315895	0.021839468019343736	1.4466697683369583	0.0255792907561057
0.3791206584625342	0.020672747582084143	1.4500596331930669	0.023846103221532168
0.3798048984108524	0.020747254822413665	1.4534508566955804	0.023447435951350324
0.38048867051718527	0.0202737751514099	1.4568434401595391	0.022472091256780586
0.38117197542086034	0.019360026498336007	1.4602373848963897	0.02297973564039669
0.3818548137598958	0.019016935990224082	1.4636326922139984	0.02232229018437266
0.38253718605823794	0.01883657151788363	1.4670293637471397	0.022245188551300206
0.38321906009192624	0.018167268169838872	1.4704272357151578	0.021620723465186634
0.38390050243965035	0.018820748381205052	1.4738266389177201	0.021724807966135327
0.38458144783447423	0.02032712023194494	1.477227245013273	0.022311521773713542
0.3852619627628435	0.020398479965254818	1.4806293850599272	0.02296154168981184
0.3859419819327823	0.020698532985169417	1.484032730775381	0.023809046989885438
0.3866215719627395	0.021674796584914648	1.4874376128126843	0.024802665071327657
0.38730066753577397	0.020001670366466908	1.4908437029489596	0.023189531388078995
0.3879793351779966	0.020061445283035242	1.4942513320955473	0.023774685065624475
0.38865754245327033	0.01979038928588425	1.497660337040868	0.023191369598389473
0.38933529009698464	0.020479657094473046	1.5010707187212258	0.024010834226031348
0.39001257873171713	0.02029347993413333	1.5044824784024555	0.024080480800383167
0.3906894089787811	0.02131745450631715	1.5078956173469673	0.02510168296238527
0.3913657814582295	0.01952628153876788	1.5113101368137567	0.02333324231578687
0.3920416639951583	0.018046632132268273	1.5147258727746884	0.021828630411548124
0.3927171226840156	0.017521393231182555	1.5181431573845277	0.02121934443406569
0.3933920928190228	0.017837959977166144	1.5215616605206936	0.021379667750493863
0.39406664029324745	0.016949679202524135	1.5249817149343783	0.020695415327523767
0.394740700486393	0.01823877022308485	1.5284029902273621	0.021493853470700108
0.3954143392011884	0.01965049790684184	1.531825819413289	0.02215590014204799
0.39608749179285185	0.02028987421719453	1.535249872154458	0.021979307673765842
0.396760224193512	0.02169015950939063	1.538675481054303	0.024478961708027082
0.39743247173397395	0.02231960334389359	1.5421023158358067	0.02558737697348235
0.39810433274171275	0.021857854162796238	1.5455308755896524	0.0254337625454691
0.3987757101253881	0.021882156768002065	1.5489606636058042	0.025800164768025262
0.39944663708527134	0.021911237003198403	1.5523918469906193	0.02597922213522072
0.400117114225332	0.020733453606300866	1.5558244269597417	0.023438126917892918
0.40078714214832584	0.022157523033769732	1.5592584047255569	0.024943632174974244
0.4014566889700209	0.022704957809882298	1.562693615272258	0.025380427418133726
0.40212578779830405	0.023028328316185627	1.566130225963024	0.02556130163237555
0.4027944715662529	0.02258641232469885	1.569568404700384	0.025318463535379653
0.40346267620382303	0.022911658615651954	1.5730078192839336	0.02551488417696217
