0.001996922130469946	0.00019672369622514713	0.005999765464218477	2.175285449795825e-05
0.0029944367383252088	4.204652330625598e-05	0.00899980935183986	-0.00010367264442363921
0.003990957251895574	-0.00010710739113408985	0.011999871107739191	-0.00022204723436598897
0.004986485892145621	-0.0001518742947843484	0.014999956642950264	-0.00016083794002376309
0.005981024390530109	-0.00019196513516727448	0.018000071856574706	-0.0001655174668121676
0.006974574955267281	-0.0002201808373147601	0.021000222609846287	-0.00014037700629620112
0.007967090802047973	-0.00016029565983317605	0.024000268511884394	-8.37251535277158e-05
0.008958622439997593	-5.319452652119326e-05	0.02700036163138446	-3.418308218760137e-05
0.009949220227773631	8.37541912129464e-05	0.03000065401874834	0.00012113143740459065
0.010938837652927856	9.687317506533e-05	0.03300100520435154	0.0001784615445132762
0.011927524966709312	0.00012321214038817156	0.03600156719769352	0.00017520360257651535
0.01291518771429067	6.441881589973848e-05	0.03900205320505115	9.047388758052912e-05
0.013901875897226783	-3.206221224407149e-05	0.042002615207019645	2.499679474918491e-05
0.014887591436906128	-0.00012402465399384937	0.04500325889103513	-8.22940862035002e-05
0.015872336249040643	-0.00015947732780068432	0.04800398992214092	-0.00020616791879535343
0.016856112243688055	-0.00016480243790860597	0.05100481394309733	-0.0001626277617238055
0.017838921560702534	-2.1816301551635275e-05	0.054005736549774586	-9.69780478424734e-05
0.018820765863009507	-3.626308365559336e-05	0.05700676336405035	-0.00015245117181163348
0.019801599345685626	-2.5421911374918258e-05	0.06000775365121805	-0.00010484297463374231
0.020781471641175372	-5.7056819023854234e-05	0.06300885927098208	-6.790202133349766e-05
0.021760432236494175	-1.4452383010511927e-05	0.06601023208019248	-6.20727847323652e-05
0.022738435589846128	2.54799503801205e-05	0.06901173124114815	-3.272368945359508e-05
0.023715483338740247	0.000126224157666048	0.07201336227380059	0.00012055351269855128
0.02469157758101671	9.782869555587269e-05	0.07501513061240699	5.3083662946448815e-05
0.02566671994416051	0.00011569965223241226	0.07801704173685438	1.1114974982289486e-05
0.026640864677908896	4.956313608709661e-05	0.0810189547488685	-6.647129232387379e-05
0.027614108841545096	-3.759692942966951e-05	0.08402116770147144	-5.4898546874369366e-05
0.028586406673996232	-6.741178910927035e-05	0.08702353965426424	-0.0001375566925903509
0.02955776024377523	-4.475863535466886e-05	0.09002607592936497	-0.0002731795421748339
0.030528171153651903	-4.350854879722421e-05	0.09302878190820592	-0.00027682639443666983
0.031497641231483645	1.8957953854314742e-05	0.0960316629121064	-0.00020265894683844522
0.032466172299816576	4.399636558914956e-05	0.09903472424177899	-0.00025567674453218795
0.03343371912232484	3.228165247652058e-05	0.10203782475408714	-0.00022821278612748753
0.03440037784591032	-1.7893435513714444e-05	0.10504126250835522	-0.00014049158056879654
0.035366102995532805	3.268776086474345e-05	0.10804489636661241	-1.4419271303863176e-05
0.03633089637269918	-4.138476282348985e-05	0.1110487315481408	-9.260318002328647e-05
0.037294759773706644	-9.796107870873416e-05	0.1140527732521078	-6.144972517599852e-05
0.0382576952156663	-7.985267195523903e-05	0.1170570266054376	-2.4430718034878823e-06
0.03921970425807858	-0.00011605645884522211	0.12006149681833053	-6.363541348337231e-05
0.0401807886817335	-0.0001680889414678227	0.1230661890301953	-0.00014135962590021184
0.04114095026229127	-7.621462142787693e-05	0.12607110836071017	-5.315355254094842e-05
0.042100144121967255	6.528248236634719e-05	0.12907611338808	4.688072892537065e-06
0.04305846554673298	0.00021687375550327227	0.13208150217802847	0.00015027489022775663
0.04401586942437112	0.00043642077313923864	0.13508713332699238	0.00038607768269802384
0.04497235751021984	0.0004202744124551228	0.13809301187667425	0.00042295306235172746
0.04592793155458479	0.0004599550860851706	0.14109914284951366	0.0005014038174224155
0.04688259352489491	0.0003069083271976913	0.14410553118543035	0.0004029735936201255
0.04783634493888893	0.0001220342360438514	0.14711218193075032	0.00023527380111608773
0.04878918753189166	-0.00014825837093792454	0.1501191000506788	2.052017756575534e-06
0.049741123034271945	-0.00011176819742639681	0.15312629049152293	-1.1494749170493603e-05
0.05069215317146139	-0.0001581453758861898	0.15613375818078112	-0.00011553730628655841
0.05164227988400411	-4.616120721704873e-05	0.15914150795786813	2.8969660314250543e-06
0.05259150466706522	-3.9740857416408505e-05	0.1621495447811082	-5.930235198122651e-05
0.05353982923137839	7.273583556180903e-05	0.16515787352211325	-2.8426549706922853e-05
0.054487209207662916	0.00018915648101281552	0.16816635233503063	0.00015260370294748333
0.05543369241560765	0.00030255708301222596	0.17117513273837204	0.000253365450224658
0.056379326757498835	0.0002624483202869494	0.17418436620296696	0.0002361770080384084
0.05732406767472192	0.0003678536283610977	0.1771939108869339	0.0004039136964798621
0.05826791685388165	0.00042473802986666044	0.18020377157048556	0.00048091553681364887
0.05921087619353498	0.00037618060944860394	0.1832139529370561	0.0003579218353053653
0.06015294715362993	0.00026427894240875255	0.18622445980849966	0.00029148374289186086
0.06109413140651187	0.00016398965148099108	0.1892352969112194	0.00010354310065233794
0.0620344306198085	5.071955819562229e-05	0.19224646895384914	-1.7744479633911885e-06
0.06297384645644735	-5.468536566494317e-05	0.19525798062733626	-0.0001437666431243488
0.06391238078936799	-9.977036786855868e-05	0.19826983652054164	-0.00016450201775948555
0.064850035057054	-0.00012353178419126088	0.20128204137263983	-0.0001365573334848892
0.06578681090843945	6.619415007591022e-06	0.20429459982201964	8.51530535891681e-05
0.06672266447194526	0.00010675613572552833	0.20730736957407164	0.00014129883558240686
0.06765768841902951	0.00015139154742171794	0.21032064906383538	0.000248763869371223
0.0685918390815986	0.00018344469960138968	0.21333429587212632	0.00021755388497723743
0.06952511787708003	0.00019199693553224854	0.2163483146573821	7.310909094659496e-05
0.07045752643143162	0.00023697061864702416	0.2193627099720172	4.8565301670824334e-05
0.07138906657757339	0.0001765774765938754	0.22237748625806408	-3.800129236044798e-05
0.07231969424706969	0.00011816060429509073	0.22539250119254378	-0.0001410295029412166
0.0732495019991418	9.479419052113014e-05	0.22840805314501628	-7.42950617029607e-05
0.07417844596825096	7.208612684804749e-05	0.23142399966666038	-6.475917890269863e-05
0.07510652775780362	6.0518348809165354e-05	0.2344403452258988	-7.53551580320056e-05
0.07603374917629556	0.00020153254908764979	0.23745709417570665	9.002857683334632e-05
0.07696011160829108	0.00023470055716446394	0.24047425104925302	0.00014249932926391478
0.077885616643866	0.00021544946636609788	0.24349182026549565	9.052526058229681e-05
0.07881026586868518	0.00018048419654229943	0.24650980622705512	0.00010678026114083135
0.07973401593543888	1.5418279426097082e-05	0.24952806612937709	-5.6306616827853226e-05
0.0806569584857985	-0.0001708285172157074	0.25254689862022306	-0.0002414916574662194
0.08157904995571062	-0.00011343609705118161	0.25556616096591667	-0.00015638232556235078
0.08250029191335917	-0.0002561925568932785	0.2585858575044831	-0.0002561168881847826
0.08342064115904413	-0.00014341919418858483	0.26160584528072955	-0.00013790609305303864
0.08434018898550831	-0.00013171345960365544	0.26462642304688466	-0.00012478817327530857
0.08525889197796449	-1.1674642271279547e-05	0.2676474479234524	5.9737884363701235e-05
0.08617675168737195	-8.252375523048371e-05	0.27066892418504324	2.5877207222889902e-05
0.08709376966042293	6.908780575857629e-05	0.2736908560905944	9.091797369601856e-05
0.08800994764414621	-6.374064631882846e-05	0.27671324777084055	-6.411756493168009e-05
0.08892528697178455	4.801846161041359e-05	0.27973610356516	2.3450679438418455e-05
0.08983978917732383	-9.571755119972808e-05	0.28275942768590323	-0.0002463200343386537
0.0907534557905449	-0.00014197332143723495	0.2857832243300319	-0.00032527911934348696
0.0916662883370392	-0.00013699287521060872	0.28880749767918956	-0.00028934183498376484
0.09257828854095021	-0.00010382556981158168	0.2918322517820647	-0.00020963524210431772
0.0934894577164404	-0.00012094777447366477	0.29485749090656943	-0.00012592619630982864
0.09439979737662507	-7.785504743862347e-05	0.29788321918881333	-1.089148011016623e-06
0.09530930903049058	0.0001085957478466938	0.30090944074986437	0.00012124302159205179
0.09621799418290963	0.00017535395491914164	0.30393615969581783	0.00019714661755289268
0.09712585453554601	0.0001384354331825207	0.30696337999514445	8.526080108665252e-05
0.0980328913838352	0.00012810026113788733	0.30999110584592426	-2.6187710686301805e-05
0.09893906214489079	7.886627054347482e-05	0.31301919362899466	-0.00012086042413814526
0.09984445645829589	2.9412842442348332e-05	0.3160479427527342	-0.00010596417285222421
0.10074898773712498	-8.738355772766162e-05	0.31907706183663653	-0.00019506041281619973
0.10165274565284857	1.6103863021040534e-05	0.3221068502347411	-3.4725177848425464e-05
0.10255568748657538	-0.00011633702362962489	0.32513716434488127	-0.00013714376687171104
0.10345781490916266	-0.00014159294762354225	0.3281680080262043	-0.00010791530119755007
0.10435908515471615	-0.00030603645586745157	0.33119923767540876	-0.00027321897890799577
0.105259587759165	-0.00024259629282276284	0.33423115266510284	-0.0002388797584727032
0.10615928014741374	-0.0003139246703081792	0.33726360923481435	-0.0003329011439903035
0.10705816377611843	-0.00022708768698214354	0.3402966113161674	-0.0002820048081463906
0.1079562839751574	-0.00019135757866447627	0.34333031063700176	-0.00024338877069106395
0.10885355463528798	-2.303224136060699e-07	0.34636441534476686	-1.3112957012689059e-05
0.10975002088199864	-2.4256166236740962e-05	0.34939907727364466	-0.00011142119895236714
0.11064564059287098	0.00011028112346850184	0.3524341522715535	2.4469221476855856e-05
0.11154050233199954	0.0001903713789653565	0.3554699402553917	0.00016169015107110477
0.11243456396924217	0.00023758322343060215	0.3585062970454063	0.0002345657515657122
0.11332782712855793	0.0002452509862727983	0.361543226335684	9.781046656595979e-05
0.11422029304076765	0.00023671758559961744	0.3645807320857647	9.16674341434196e-05
0.11511196332149706	7.648538217537994e-05	0.36761881796058016	-5.4756164035400405e-05
0.11600279567008616	-4.3621087915527e-05	0.3706573398387304	-0.00012208392543148713
0.11689287835681125	2.8248212458417387e-05	0.37369659775495623	-6.566756264231446e-05
0.11778216965378635	4.440252142468297e-05	0.37673644713249566	4.2034291218626794e-05
0.11867067077462971	6.337044150359036e-05	0.3797768918680212	0.00015012907265943065
0.11955838331438493	0.0001676118468706248	0.3828179355546849	0.00023694323301112573
0.12044530847987704	0.00015405611593699104	0.3858595820644086	0.00022658268140439915
0.12133140437399072	8.938785093250418e-05	0.3889016868828031	0.00014155036277493948
0.12221675897380677	3.0117344127157146e-05	0.3919445501649801	0.00013067614389293439
0.12310128734964557	-2.777367327829941e-05	0.3949878789339284	-2.3653043610636056e-05
0.1239850771266513	-3.452407114512867e-05	0.39803197358535847	-5.742048595643326e-05
0.12486808646971577	1.5000744435308332e-05	0.4010766894938867	-6.091307726484107e-05
0.1257503167559554	6.007025735958505e-06	0.4041220303075298	1.4172186042679227e-05
0.12663176935884504	3.833066268795415e-05	0.4071679996614476	-2.893868123466693e-05
0.12751244583727014	3.7483394274304835e-05	0.41021460102348534	8.455217114595117e-05
0.12839234736808802	-0.00011555427999219852	0.41326183815689277	-5.860737190006233e-05
0.1292714753139257	-5.0181686321589e-05	0.41630971465859923	1.6723264515413854e-05
0.13014983103381939	-4.220633658039112e-05	0.41935823411290113	-4.8217543154496886e-05
0.13102737319714108	-0.00011810478962712232	0.4224072513738619	-0.00014846950500193223
0.1319041887153409	-1.3480390255404801e-05	0.42545706727711696	-6.326208114808285e-05
0.13278023606295813	0.00012778532147988196	0.4285075368097512	5.0326470692979567e-05
0.13365551658479205	7.424836987565598e-05	0.4315586635060842	-3.714876692814865e-05
0.13453003162211374	0.00014417734083177637	0.4346104508880779	1.6913703748638905e-06
0.13540378269875647	0.00013994723786825682	0.4376629023030821	8.88178651492586e-05
0.1362767709625685	5.356603814234546e-05	0.44071602140995897	2.600478377953998e-06
0.13714899774431044	6.826404344104816e-05	0.44376981169392016	4.063763364382794e-05
0.1380204643712637	7.387328769636306e-05	0.44682427662803276	-5.4646787633686115e-06
0.13889117216724228	-5.83048070489056e-05	0.44987941967327255	-7.432955778433083e-05
0.13976112263706822	-4.94096649611867e-05	0.45293524411204433	-4.567228281518477e-05
0.14063031691287387	-9.580122715806832e-05	0.4559917535469942	-0.00019121191864307976
0.14149875630814462	-0.00016610894324172996	0.45904895140314045	-0.0001379214712770387
0.14236644213294689	-0.00016238973320959295	0.46210684109361866	-0.00010991412509746043
0.14323333352481443	-0.00010708194229911191	0.4651652768370215	-0.00013037993872071587
0.14409951630812914	-0.0002213084268402105	0.46822456021761255	-0.00021885430718518635
0.1449649494304604	-0.00017817813130836476	0.47128454560033695	-0.00021319679528473972
0.14582963418831624	-0.00011303432852838072	0.4743452363513139	-0.00022937817361347288
0.14669352985112932	-9.738416425077363e-05	0.47740648650348605	-0.0002010627186729457
0.14755672193773645	-8.246454317461716e-05	0.48046859786891005	-8.2295299449521e-05
0.14841916952896284	-1.6445029208641334e-05	0.48353142463056603	-7.17847021623289e-05
0.1492808739079448	4.440397513539084e-05	0.4865949701083634	2.6693550713968145e-05
0.1501418363545044	-2.668596588373586e-05	0.48965923761078306	-6.0681147046527106e-05
0.1510020583255211	5.781196231446036e-05	0.49272423025774653	3.129409955010479e-05
0.15186154091355195	6.116474240807786e-05	0.4957899515114036	-5.4228677730631344e-05
0.1527202853885449	0.00016208679623376358	0.49885640464624453	-2.3496532085564028e-05
0.15357825128129574	0.00019908238674047748	0.5019234433185839	7.427917589355991e-05
0.1544355233269916	0.00017349514292704478	0.504991369994376	2.7401340856382986e-05
0.15529206122874264	0.00011592757085642202	0.5080600381264627	1.8328711322117207e-05
0.15614786606436287	1.568806180879455e-05	0.5111294511250497	-8.275496151872495e-05
0.15700293908756738	-9.866400618147112e-05	0.514199612208939	-0.00020245298484811302
0.15785728172676114	-4.874549301039078e-05	0.5172705244024387	-0.00010884048361326773
0.15871085335085744	6.445563024779326e-05	0.5203420414417961	4.0736260580248905e-05
0.15956373860432224	-1.918508405311178e-05	0.5234144657996312	-0.00013696924566266103
0.16041589702790432	0.00010336420447060806	0.5264876510077156	5.860009856758529e-05
0.16126732985936126	0.00019360907909915794	0.5295616002303416	0.0001598360560474069
0.16211803850968515	0.00014454314056231435	0.5326363164336785	0.00010507980158974669
0.1629680240336332	4.196452361049286e-05	0.5357118029471333	-2.4975441660334008e-06
0.16381728765951883	3.5665297989854775e-05	0.5387880629028479	5.920501109788563e-05
0.16466583061252849	1.3609757933717823e-05	0.5418650994223367	-6.967785751859997e-05
0.16551365411473223	-7.268470544839367e-05	0.5449429156165325	-0.00014649011372056507
0.16636075955999635	-0.00023740557410826515	0.5480215143946725	-0.00028887255236455136
0.16720714798899167	-0.00017068143495686724	0.551100899037065	-0.00031031217504104663
0.168052820614503	-0.00021581196952027173	0.5541810726231675	-0.0003188783627187854
0.16889773754378656	-0.0002557337683097939	0.5572618879365864	-0.00032222228459982016
0.1697419411205719	-0.0002364135695954347	0.5603434982823313	-0.0002630782139971576
0.17058547375507754	-0.00016664519963685364	0.5634260568775891	-0.00014277376726318797
0.17142829540630564	-0.0003082295835377897	0.5665094166300405	-0.00016215789220360756
0.17227040727177279	-0.0002648692757633992	0.5695935805675602	-0.00015815155441437664
0.17311181071852852	-0.0001881371460673852	0.5726785515107348	-2.437420576888676e-05
0.1739525067652084	-0.00012845355180854514	0.5757643326634782	3.886565069044039e-06
0.17479249660029156	1.7271323322121075e-05	0.5788509270232352	3.8832510768930945e-05
0.1756317814092647	0.00010530316313908326	0.5819383375773916	1.7622649673047335e-05
0.17647036237463176	0.0002421819744294035	0.585026567303316	9.596558049632052e-05
0.17730824084703703	0.00022159383207658525	0.5881156189676664	1.2357940299183636e-05
0.17814541783165033	0.00016127025309754987	0.5912054957279193	2.231544596430907e-05
0.17898189450208868	0.00014068427874658356	0.5942962005316457	-4.65330741287215e-05
0.17981767202902615	0.0001542004867597305	0.5973877363165659	0.00011258836944828704
0.18065275158020402	0.00012880754767023985	0.6004801060105913	0.00013162812681788956
0.1814871344901282	0.0002606991912036491	0.6035733123275548	0.00031872373400608164
0.18232082175073255	0.0004914135008750566	0.6066673583794735	0.0005105203025714558
0.18315381452101862	0.0004470305706627371	0.6097622470650774	0.0004623916338957223
0.18398611395709388	0.0005520901687346793	0.6128579812734496	0.0003728452962819266
0.18481768075781824	0.000611967256963264	0.6159544128304945	0.0004920608070021452
0.18564859715054716	0.00045675980903816567	0.6190518465054405	0.00019860699885455838
0.18647882365984014	0.00024249181101418008	0.6221501343122268	-2.0374763124690967e-05
0.18730832107642534	0.00035236515721536805	0.6252491279222373	0.00016769181049979069
0.18813713092936363	0.0002951490398221858	0.6283489813141736	0.00022376251679218139
0.18896529481190766	0.00015905766381370086	0.63144984837351	4.197006177492919e-05
0.18979277337221023	0.00012088580989405046	0.6345515809110513	0.00020819365114276256
0.19061956774357083	9.93607870124486e-05	0.6376541817401364	0.00017601864100915104
0.19144571941038002	-1.2038223692021566e-05	0.6407578048443232	7.005804598721877e-05
0.19227114895859543	-3.4716460285318816e-05	0.6438621504460504	5.8174566440676525e-05
0.193095897700678	4.388799271436899e-05	0.6469673727230546	8.109404643375759e-05
0.1939199266703331	7.521181173234957e-05	0.6500733229303636	1.7763546368046362e-05
0.1947433171637392	7.174080326026894e-05	0.6531803068779733	3.241216107130679e-05
0.19556603020906682	2.0573444618696923e-05	0.6562881758026674	-7.055887365046225e-05
0.19638806708485135	-3.0192898553898576e-05	0.6593969322368389	-0.00016171721427358745
0.19720942873720593	-6.304114323054129e-06	0.6625065791365743	-0.00010244284424491155
0.19803011643864574	-3.258987814715366e-05	0.6656171190149166	-0.00013951366620795888
0.19885009107489104	1.6783235849221153e-05	0.668728403246633	-6.699816309966455e-05
0.1996694336961699	2.7945732557742444e-05	0.6718407378936908	-2.6153847416551432e-05
0.20048810567446007	6.428145704863623e-05	0.6749539736569995	3.764914725863953e-05
0.20130610794363513	-1.8112117587462803e-05	0.6780681134513782	-4.887533107011927e-05
0.20212344176132735	-2.364241612748915e-05	0.6811831597421734	-3.401994078547024e-05
0.20294010805657223	-1.2860602169280352e-05	0.6842991154279371	-0.0001130578041820582
0.2037560680598633	-2.240607897886495e-05	0.6874158313502889	-0.0001025494143467421
0.2045714025759063	-2.311537993429029e-05	0.6905336138247471	-8.727882525216129e-05
0.20538607282987356	-0.00010553956957591807	0.6936523136755626	-0.00015087579845791477
0.20620008006475038	-0.00013767046667078708	0.6967719333213366	-0.00021749932286428838
0.2070134251976173	-0.00011683394333897379	0.6998924756205371	-0.00021543647111635524
0.2078261093046894	-8.244658684367987e-05	0.7030139431991624	-0.0001856764863176511
0.2086381334595597	-6.344813350834215e-05	0.7061363386746841	-0.00022995859316059112
0.2094494592615402	2.82165739101574e-05	0.7092595122888843	-0.00017143011458473615
0.2102601668825363	2.2889612528665556e-05	0.7123837711489435	-0.00022789573470296772
0.21107021775620416	-1.1096540142772401e-05	0.715508965706869	-0.00022379647095064012
0.21187961294573482	-7.147147356845132e-05	0.7186350985463723	-0.0002889152724380445
0.2126883141675018	-3.1549570314315304e-05	0.721762019691666	-0.0001916955128440916
0.21349640132718162	-7.06769531278718e-05	0.7248900365818258	-0.00021390901785225497
0.21430383597659552	-4.649025881713882e-05	0.7280189994540791	-0.00010930671651556881
0.21511061916866636	4.607146872590117e-05	0.7311489108589206	2.6409803444993178e-05
0.21591675195377036	5.140618411816388e-05	0.734279773338623	-3.0300708872640232e-05
0.21672223553788264	-4.0355343589220696e-05	0.7374115891945463	-0.00015372295108288429
0.21752707080791941	-6.713745183750035e-05	0.7405443611847308	-0.0002074976782238032
0.2183312588066672	1.8919791449544227e-05	0.7436780918269857	-0.00015329173941305637
0.21913480057439855	-2.483549951029737e-05	0.7468127836310307	-0.0002440560997278944
0.21993769714888015	7.508721043445855e-05	0.7499484390985274	-0.00012752095961085595
0.22073994972225186	0.00015740107891308805	0.7530850604873341	3.425736017360396e-05
0.22154155917017043	0.00021987663222335934	0.7562226505182688	0.00013855158474705324
0.22234252652293393	0.0001841835582944887	0.7593612116690167	0.00013451215873787122
0.22314285280836643	0.0001457433825535242	0.7625007464093337	0.00014879498894633568
0.2239425390518261	2.3644385092537515e-05	0.7656412572010785	-2.157061597429834e-05
0.224741586431833	4.9539056042815226e-05	0.7687827462594599	-5.223017556573808e-05
0.22553999581296869	-6.494276506192335e-06	0.7719252162688248	-0.00016810202328175095
0.2263377682132412	-3.639928938567167e-05	0.7750686696675301	-0.0001481355008185374
0.22713490464822406	-2.3560235661829093e-05	0.7782131088861605	-0.00017429983486882437
0.22793136738105782	-4.943212847274922e-05	0.7813583828959717	-4.188674695136288e-05
0.22872723507686615	-0.00021436756662633472	0.7845048007735324	-0.00020097015103942722
0.22952246983932978	-9.741777543939957e-05	0.787652211715863	-2.3272679564141508e-05
0.23031707267436158	1.6489123982061445e-05	0.7908006181227696	4.2836933312389336e-05
0.23111100595829245	-6.36432912021662e-05	0.7939498687398266	-3.61588146436877e-05
0.23190434810002813	6.169422789577018e-05	0.7971002730007852	1.8702852972088508e-05
0.23269706131748136	0.00020410808491577606	0.8002516798795669	0.00016597167369245466
0.23348914660702658	0.000182792791038791	0.8034040917456847	0.00015383123454424654
0.23428060496267245	0.00011968140864400452	0.8065575109611528	6.767735187080285e-05
0.23507143752850582	0.00014766692754739901	0.8097119396341408	0.00010727080873537646
0.23586164514114852	5.983929381384009e-05	0.8128673803575577	3.038151791646574e-05
0.23665122878755684	-1.0039965603080777e-05	0.8160238354711002	6.4219659358405424e-06
0.2374401510684845	-3.817605072890936e-05	0.8191811532649103	-5.4238796724575384e-05
0.23822848973395588	-2.7527720103568194e-05	0.8223396441482975	-3.7961444977933594e-05
0.23901620753131267	4.0539333967915916e-05	0.8254991561475156	2.7054802468202255e-05
0.23980330528673452	0.00014471962150052348	0.828659691821561	0.00014335225674211798
0.2405897839755711	0.00017888243954818206	0.8318212534735154	0.00016370143845027466
0.24137564472139827	0.0002535581150957916	0.8349838431483292	0.0002130358316882687
0.2421608499905464	0.00022664657715129312	0.8381473092928443	0.00020909694226436476
0.2429454774588187	0.000203204553209256	0.8413119623727802	0.0002244720191034425
0.24372948973874511	0.00014064429997570814	0.8444776505703105	0.00010364843197942163
0.24451288779424973	0.00012115559012241094	0.8476443761526155	1.2620073302822184e-05
0.24529567273634298	-2.867092984526232e-06	0.8508121411261178	-1.6520367713536535e-05
0.2460778453748451	-2.643169901279816e-05	0.8539809479969459	-8.755571471082241e-05
0.2468594066669106	6.69013279850394e-05	0.8571507990110754	5.234768449707524e-06
0.24764031957250945	0.00016227512229153267	0.8603215417072373	0.00013918952690341937
0.24842066103420266	0.0002058929306110596	0.8634934877178703	0.0002464732662091959
0.24920039415568349	0.00029478759511505567	0.8666664843113744	0.00023931677389827323
0.24997951973675964	0.00032513647411522946	0.8698405339616804	0.0003114004864272553
0.25075803872344304	0.00011826487269141291	0.8730156388799699	8.173937935336332e-05
0.2515359522070348	7.484874904398988e-05	0.876191801012547	3.2572953300226626e-05
0.2523132230160621	9.517900481891147e-05	0.8793688680627095	5.863392510959988e-05
0.2530899280206339	1.9232324600702174e-05	0.8825471517243245	7.113367165829246e-05
0.25386603019262266	-9.122626689720739e-05	0.8857264994296036	-5.566960485896147e-07
0.25464153046707	-7.368955972732791e-05	0.8889069133556056	-1.8148745270247943e-05
0.2554164299231998	-0.00015730001991649665	0.8920883954119869	-0.00013644921945985477
0.25619072934513004	-0.00019183357396954987	0.895270948022471	-0.0002174128172940432
0.2569644296614017	-0.00022865426765650927	0.8984545733439591	-0.000276818449656366
0.2577375317984019	-8.101178084957551e-05	0.9016392735266843	-0.00015712946264747452
0.25851003668037087	6.455584877906154e-05	0.9048250507142385	3.696867888950054e-05
0.2592819453746369	0.00017265910580243517	0.9080119067803234	9.038478728565191e-05
0.2600532586557134	0.0002584319568971382	0.9111998441180782	0.00018506300047854625
0.26082397744143965	0.00031221002131008683	0.9143888648513223	0.000293166822803262
0.2615941026475344	0.00024368974186735038	0.9175789710973361	0.00021418557626544594
0.2623635977471195	0.00013768144214240004	0.9207700092722522	0.00011981462199516608
0.2631325386767708	8.528662644124885e-05	0.9239622926037605	0.00012882328792691137
0.2639008887610661	-5.506230357216516e-05	0.9271556677603768	3.5647406989499434e-05
0.26466861155289223	-5.7973004107175404e-05	0.9303499809784195	-1.3223190887869807e-05
0.2654357453404808	-5.271399737444929e-05	0.9335453901442161	-1.1106687466702617e-05
0.2662023284674019	8.208634590622086e-05	0.9367420530308622	1.5143556905709003e-05
0.2669683243654496	0.0001337905701474734	0.9399398160691999	7.013524038837527e-05
0.26773373393361105	0.0001870067327946043	0.9431386813250857	-3.936663091981715e-05
0.26849855821138574	0.00011225972984031532	0.9463386505886696	-0.0001537670032382329
0.26926279795084856	0.00014601943092796212	0.9495397261820859	-0.0001720880511815135
0.2700264540448179	0.00015256895043778455	0.9527419101523115	-0.00016584837098779063
0.27078952738406786	8.679748649697297e-05	0.955945204540077	-0.00027443326656300304
0.2715520188573349	5.4420294245157276e-05	0.9591496113798911	-0.00020012730837508884
0.27231396656316365	0.00010989097756713276	0.9623552888245059	-9.694768243421011e-05
0.27307529710382983	0.00010282032963280581	0.9655619263748086	-0.00016799628971115622
0.2738360484323434	8.49642823205548e-06	0.9687696824430991	-0.00017290170053710005
0.27459618444337974	4.6393372393794066e-05	0.9719784024786264	-9.825743045344403e-05
0.2753557799875247	9.500511556730502e-05	0.9751884016063603	-6.354497741846488e-05
0.27611479895544616	5.9998556401478294e-05	0.9783995252633636	-0.00010302679017713448
0.2768732423619954	-6.012518468178599e-05	0.9816117751664464	-0.0001324226527774254
0.27763111093941084	-0.00011777894217391804	0.9848251535755055	-0.00020703694249847294
0.2783884056981485	-0.00019046381794354727	0.988039662194339	-0.00023507278618564373
0.27914509040898333	-0.0003002420296934818	0.9912551466562387	-0.0003215529635863705
0.2799012029245729	-0.00016904828949059752	0.9944717654893258	-0.0001837096173212261
0.28065678101161007	-0.00012248322522911048	0.9976896773809584	-0.00013002050845450485
0.28141178860296895	-8.944267005538134e-05	1.000908727616247	-7.653523196871257e-05
0.28216622669822977	-0.00011475691247305118	1.0041289178668802	-0.00010084940744847163
0.2829200960173586	6.966224471797073e-05	1.0073502503545044	0.00014191288711432832
0.28367339741731895	-6.851311857190324e-05	1.0105727270172307	1.0149849742121083e-05
0.284426131753139	-7.814964096475665e-05	1.0137963497873357	5.712787401403195e-05
0.28517826328068774	-9.073880495209315e-05	1.0170209632525404	-1.9288098430976703e-05
0.28592986618328814	-0.00012253627447701202	1.020246883730505	-6.817781440144711e-05
0.2866809045750725	-0.0002574344364616424	1.023473956077431	-0.0002528813711547912
0.28743137930338625	-0.00017108648042226695	1.0267021822024809	-0.00017519703060811
0.2881812547260107	-0.00014884510481468486	1.0299314064446454	-0.00017796505107130645
0.2889306047986641	-0.0001553366758417325	1.0331619455481909	-0.0001596270348061361
0.289679393738263	-7.228951538316651e-05	1.0363936441226227	-0.00010150211226181968
0.2904276223845619	-7.645041759128868e-05	1.0396265040543329	-5.4950247754432266e-05
0.29117529157543165	-5.948143511956097e-05	1.0428605272240736	-7.304419233565923e-05
0.29192240228291244	-6.233163385518725e-05	1.046095715222785	-6.493527373893908e-05
0.29266895520487424	1.5481170552216938e-05	1.0493320702037414	-8.94594104417982e-06
0.29341495117357114	5.307843016190112e-05	1.0525695940309034	0.00011937176162832517
0.29416039101939573	0.00017225697066470608	1.0558082885626752	0.00019183852275445783
0.2949052755708851	0.00010869380741993031	1.0590481556519258	0.00010082631591997562
0.2956496057897624	9.634192300631503e-05	1.0622891968595531	7.66793861327479e-05
0.2963933823656325	7.313856603766402e-05	1.0655314143134247	0.00013979716164342528
0.2971366061214986	0.00017087949457639996	1.0687748098499275	0.00018757035366502014
0.29787927787853036	6.995909927709545e-05	1.0720193852999949	0.0001257105229412424
0.2986213984560687	-1.8420074413002076e-05	1.0752651424891269	4.403883846155324e-05
0.2993629688056693	7.068659381884689e-05	1.0785120829487274	7.121253810614362e-05
0.3001039896087971	0.0001017192199542107	1.081760208781731	0.00012892808698347223
0.3008444616793414	-3.910330625934965e-05	1.085009521797461	2.8574357320561663e-06
0.3015843858293846	8.669608885961724e-05	1.0882600237998843	0.00013200763034680376
0.3023237268931868	0.00019917481385905013	1.091511557931332	0.0002494207571403448
0.3030625577643234	0.00012331736828227543	1.0947644430068562	0.0002110477200326362
0.3038008431402226	0.00012625626846539192	1.0980185224486219	0.00015640737569836208
0.3045385838257935	0.00019702209317796728	1.1012737980393823	0.00016231282405768132
0.3052757447540333	7.658139635120436e-05	1.1045301126664167	2.8682685006857377e-05
0.3060123985988251	6.348849582244694e-05	1.1077877855898142	2.7568445775666584e-05
0.3067485101571611	0.00011721161899549852	1.111046659978582	-9.264138446391692e-06
0.3074840802268612	0.00016845298228341978	1.114306737594569	0.00015398902900946306
0.3082191096039862	7.864966765890003e-05	1.1175680201944462	0.00011348587576824716
0.30895359921433213	5.189582379561229e-05	1.1208305092354016	6.147965314017809e-05
0.30968754971877405	0.00015541056511918542	1.1240942067577044	0.00015583362593997476
0.31042096190812585	9.825289274700158e-05	1.127359114502605	0.00022011288110128886
0.31115383657146284	7.936560473916434e-05	1.1306252342062508	3.345311366460887e-05
0.31188617449612643	8.660118925144952e-05	1.1338925675997056	7.115795116970696e-05
0.31261797659825874	9.728210668180718e-05	1.137161116112531	1.6975017407812055e-05
0.3133492435310291	-8.907964758170491e-05	1.140430881761695	-0.00014097591436295945
0.3140799760766086	-1.424171312575959e-05	1.1437018662631206	-0.00015117503397022667
0.3148101394852002	-6.137884086561101e-05	1.146973911667886	-0.00011908997363662381
0.3155398055960628	-1.8780773868232462e-05	1.1502473390015824	-6.378322545437447e-05
0.3162689397855663	1.6310247525057713e-05	1.1535219900068039	2.756952258665988e-05
0.3169975426992899	0.00026304426551778596	1.1567978666776473	0.00019393942344430072
0.3177256151108876	0.0002522346959500845	1.1600749707051667	0.00019382923506610738
0.3184531579213385	0.00018776647867778327	1.163353303475746	9.255196412240506e-05
0.31918013626734704	9.140699699615534e-05	1.1666327072503362	-0.00011796197022917505
0.31990662192626723	0.00022048707500697356	1.1699135031445378	-1.6555252892422735e-05
0.32063254483636894	6.627493759640748e-05	1.1731953729697984	-0.0001038985234509954
0.32135797641147895	5.161248813298529e-05	1.1764786386735766	-5.522562513818754e-05
0.32208288221898995	2.5649236866227205e-05	1.1797631414754792	-0.000123219832532207
0.3228072628925718	7.40000423344225e-05	1.1830488833338797	-3.6488066364165994e-05
