10.469835
7.230514
25.007498
34.789639
21.598765
8.560250
13.560961
28.165731
4.300470
5.966977
10.432211
21.087982
8.753261
13.910261
7.461187
12.854618
14.985894
10.172070
7.102920
6.038357
6.604962
9.855152
21.683267
7.499078
6.883914
9.189364
14.179887
24.133179
19.890727
16.447655
8.237590
11.506703
14.982690
17.888521
4.551739
12.048576
12.627772
15.338581
9.576493
11.560940
12.525449
13.377780
26.848422
16.305261
18.580723
21.112722
15.017908
10.697604
11.371020
11.300681
8.995323
15.478714
14.662972
21.309768
22.571222
21.796223
21.552806
12.338005
14.892590
28.149158
18.608737
24.698971
10.909369
10.600227
10.780682
11.495811
8.982752
17.443000
5.351270
5.122493
12.951064
13.688502
12.693339
22.292901
13.761544
11.688058
17.087023
5.389018
14.967520
8.104966
4.454820
8.618766
6.939421
12.485754
15.196408
13.458646
12.306314
6.094338
7.871352
16.834320
12.999230
7.275429
7.194854
17.201531
30.575165
7.215125
6.548746
9.670073
8.128442
20.947501
20.011410
3.914203
7.843226
8.669613
8.244316
6.912593
6.683811
24.663976
9.243458
5.645568
22.553126
20.472396
19.539554
13.577336
16.890509
13.229923
13.530214
7.666880
9.473978
12.381525
7.567726
7.130508
14.197226
17.082880
13.869117
22.060096
11.260408
11.888625
10.134844
10.371499
10.407402
13.137245
6.039952
10.786604
15.597453
7.494453
10.536974
13.908498
3.710723
3.628150
13.182592
7.350532
21.452005
9.525282
12.571262
4.671145
9.074173
13.448118
16.664622
8.075701
8.013283
14.518489
12.767628
5.345927
11.458432
23.597485
15.039480
4.941752
5.524274
7.135431
7.000624
7.613697
17.409965
15.849472
19.810024
21.631502
6.874673
6.678636
19.257671
5.457630
21.605085
12.951773
5.184561
12.712435
21.855833
11.487423
6.820647
18.955114
11.442169
9.016707
31.152232
4.146736
6.856800
5.821503
9.661190
10.731919
16.862603
13.458569
5.140595
12.331077
11.608455
15.936848
7.172415
3.917403
15.342737
4.291018
16.801196
18.428398
12.814760
8.519116
12.702069
6.053651
15.032005
23.366162
14.073048
27.228278
16.465704
15.740369
9.216149
7.820989
5.083338
5.948860
12.468528
16.767342
13.264962
15.038477
7.994678
14.759598
31.759574
22.594589
9.887782
16.899893
14.201812
15.180851
4.384307
6.897667
17.357978
23.393691
8.477309
14.095736
12.871731
31.078736
6.257725
9.204682
5.303631
7.828434
21.475463
18.484611
5.252558
12.329285
16.702909
7.346947
4.770179
8.490710
4.397607
6.334904
39.129262
17.922065
10.961488
18.331044
16.070199
16.049260
9.839614
14.046381
9.212556
14.142061
7.773608
10.482216
15.345121
24.482726
9.896893
20.303863
13.298643
10.667027
10.604046
12.240361
6.890381
4.642181
4.405285
5.299645
6.358476
12.833056
7.354425
7.478139
7.669998
36.134191
12.632435
6.195171
4.765254
7.432964
8.208950
11.431639
12.923129
13.389760
14.709957
11.038330
9.125425
4.700885
4.086049
22.775262
16.069144
5.819720
25.582119
12.712290
6.421768
6.315116
9.305915
25.275821
27.663333
10.873917
8.517678
14.288882
19.039262
9.479748
9.977408
2.984864
7.808446
30.964421
46.422655
13.175833
11.707262
16.400702
26.533969
10.476964
10.647896
7.762475
14.110632
14.484329
17.517442
19.027387
16.862960
20.085177
35.080173
4.059674
3.651999
16.686099
26.704449
24.038011
41.138673
14.086522
19.841255
9.886897
6.024503
7.691734
8.393073
10.727344
10.850636
11.169547
9.600025
14.010485
15.373745
20.977348
29.060884
15.781163
8.596098
11.099394
7.982717
9.669524
4.811433
19.607304
10.450496
10.580391
9.805950
14.013928
17.028772
12.077634
10.287832
10.827199
13.702765
7.885182
7.116355
5.151860
22.206408
19.792647
4.273279
6.563676
10.377103
8.529471
6.704578
5.278945
9.153089
16.599337
7.343700
9.692052
12.816478
12.405990
7.455093
15.009728
10.242464
13.187482
12.945925
8.586257
16.307792
15.259161
4.629232
26.786962
12.337248
40.174667
13.756541
20.107643
17.691700
14.638946
14.879766
11.868782
27.627671
11.749386
6.735433
12.672225
36.035376
17.399057
4.146481
5.900836
14.369887
33.906237
11.966809
4.981042
12.484267
24.037641
14.077840
15.544423
12.674608
7.418756
3.767162
19.160665
7.472938
22.778593
18.136071
4.515363
14.181680
10.968576
6.029030
14.747697
20.723090
5.028329
5.448844
15.472528
24.929083
10.874018
9.528675
14.541072
13.853220
11.170705
20.121338
5.855354
6.954667
15.660877
3.207178
13.819736
9.260903
15.902287
14.221319
9.656196
8.960087
16.048957
17.975216
29.574523
10.974175
13.498188
14.209320
11.658064
2.836254
15.203100
7.096477
12.930947
7.172351
7.280111
6.095190
14.039367
5.901309
17.062319
26.638432
16.821836
10.564733
11.901279
13.256812
19.113082
10.745388
12.113701
9.575668
4.830971
6.757310
21.519497
8.708287
7.591669
12.920248
12.461305
4.566265
7.261195
7.532497
8.897033
15.865452
9.573616
6.877550
7.096716
16.947068
8.835369
11.280479
8.187201
18.733507
8.526460
6.453877
4.502987
3.314433
3.107305
26.275160
12.017874
6.650651
5.130456
8.749012
15.357682
16.273649
6.500420
13.001107
15.110290
5.542150
11.630383
21.688953
14.074072
8.718443
8.534868
15.893933
23.368466
22.022691
16.880139
9.151248
5.009314
11.710343
10.745997
14.686609
12.518762
10.451063
13.760139
14.777649
19.006491
29.894040
22.449723
9.332360
15.497563
5.195757
5.408725
5.264194
15.068638
12.509670
23.083236
10.705270
9.929286
14.914077
12.901137
30.356165
15.281688
12.828323
26.774346
8.740103
8.646547
9.526980
33.590873
11.458232
20.006971
4.625117
10.443172
10.331273
7.018091
8.126863
15.191765
18.181766
9.034525
6.427339
4.937141
5.146075
4.437644
5.823933
4.483800
8.660452
48.506613
49.263703
12.566843
4.806796
10.957427
11.688569
16.731827
2.581332
4.726408
7.777012
5.521867
20.527267
4.394493
8.399891
16.767234
8.423049
9.061744
10.459387
11.363524
17.770320
17.884469
12.303150
9.051523
9.870280
12.847827
12.921006
6.609337
6.412044
20.392447
19.599579
12.784447
6.360465
3.541195
8.824248
13.230167
27.402467
14.796310
13.636794
13.581919
10.208736
7.247686
5.872106
27.253853
16.896016
8.250208
13.558676
9.429747
15.845715
7.307095
14.606259
41.366402
11.244465
11.357651
10.881665
26.491642
7.997353
9.348574
6.264179
5.667601
18.442756
8.383942
11.522471
10.415079
12.725577
27.717701
14.556785
12.036242
16.119699
8.559056
10.978945
14.318531
14.938476
14.882026
23.903270
9.096205
13.221408
16.813105
9.599826
8.197680
14.214219
7.211628
16.026028
14.231745
16.995692
20.318745
9.409667
26.383974
5.798941
10.888256
8.214378
5.418006
7.298991
13.133848
12.985411
5.750364
4.534937
6.391733
15.640780
13.513668
36.826339
14.635225
8.218129
4.908594
11.019106
9.254494
15.921542
50.141240
18.366684
2.883348
9.533594
12.787928
23.384065
11.088740
10.221113
29.772785
26.821604
9.472062
15.874200
19.970191
5.597565
5.215657
8.056774
18.404175
3.855726
6.013908
26.653257
14.165743
7.542429
9.858856
4.407821
6.448812
11.172598
12.713569
9.162131
9.446092
33.917984
17.465788
12.850457
9.416591
9.999133
10.024452
10.818543
32.141457
15.397921
29.924890
18.006172
8.076025
6.472742
8.003779
13.838553
11.791727
5.554484
5.264506
9.315063
11.747321
8.155033
10.398438
11.222406
9.024441
8.485575
13.541319
31.977241
20.340056
17.213505
22.730037
15.232171
12.415898
9.510264
13.264523
26.076327
17.258575
16.124169
15.513945
8.658957
16.615204
8.554875
5.900572
7.686428
13.783963
12.593284
13.189601
15.121757
4.969459
8.651696
9.234305
15.774131
17.858458
9.235393
8.789425
13.499747
11.153265
10.348013
8.445696
9.531961
20.078923
23.068101
4.574843
12.807415
10.613003
10.263814
6.523778
18.680738
9.544368
9.894978
4.820176
4.502707
12.751457
3.028290
3.835977
19.865540
5.784957
26.655408
16.395808
14.373294
11.881731
5.811500
10.085191
5.318096
16.856107
11.614304
13.034230
6.070568
11.361367
19.222988
13.277822
10.963045
12.404580
8.334709
7.468952
4.375103
25.208759
17.494505
11.854899
23.299576
13.668301
7.876170
11.075215
6.841793
29.286086
15.322806
21.324238
10.254812
10.455976
17.779039
4.609953
20.428339
16.489231
17.307590
9.393429
6.376651
8.048003
15.186035
16.330122
10.149869
6.324354
10.287391
6.539856
7.442530
12.971458
14.137442
11.987591
9.023481
6.191018
27.064068
8.246080
8.922949
13.225466
12.485165
12.205702
11.521741
20.386471
14.327195
13.807745
3.934779
4.938021
15.083354
4.620814
13.104863
7.563660
5.916018
17.582888
35.973726
12.663483
19.317242
12.732488
21.113761
14.906692
11.694892
10.957186
7.825900
5.192517
4.448042
13.679276
19.325269
8.524062
31.435989
6.555114
9.888915
8.138386
7.750985
11.284214
11.585830
9.112123
12.719226
16.841875
13.753631
20.413089
24.325483
41.674012
11.329569
13.148101
6.514571
6.909494
6.282582
13.200362
5.692071
14.245958
27.106021
4.318846
8.517412
9.408574
8.881402
13.659698
34.456693
26.813057
34.120522
8.829869
5.395715
9.572294
9.190261
8.516705
20.278293
21.268706
9.553001
20.541221
2.835690
5.093043
11.099749
8.424975
16.911543
14.911582
8.939843
12.678592
6.342567
6.545570
7.609557
8.554029
9.674899
9.599434
14.251140
10.535668
18.340761
6.400666
13.871137
25.677418
12.704195
25.278564
10.252758
18.486062
14.820280
6.161297
7.785846
9.917586
27.410337
10.764483
14.577847
10.974569
12.728832
10.485058
17.580721
7.776940
4.725146
9.862193
6.234709
6.488633
20.453243
11.756013
31.889023
12.934074
7.732899
4.353503
16.206514
11.842892
6.497066
21.321616
7.845791
14.879739
10.242459
12.153332
6.483948
10.062654
18.678598
7.986670
22.815086
15.162422
18.842066
8.963567
9.448402
11.127198
28.365327
12.436456
16.226682
9.477190
7.968672
4.249334
13.188025
17.665224
15.387847
17.440546
9.581648
12.857501
12.182819
20.994968
15.936192
14.261199
13.928340
13.352386
18.434691
11.829579
14.066955
9.349799
16.538251
23.833171
11.596970
7.566726
17.423380
11.546826
16.428512
13.993395
7.027353
12.825477
8.541628
7.180007
12.780791
11.589091
18.581990
10.250372
5.405211
3.544049
11.148527
16.704480
10.103478
23.062441
20.427540
10.940439
25.443691
43.929154
17.998792
19.850021
22.757395
6.553191
8.130665
12.265880
8.198015
16.229312
15.436199
10.064321
12.648535
9.020809
14.272996
17.780119
16.826042
5.686096
12.127064
10.429791
8.320558
6.719210
20.361992
16.953255
8.544200
24.851086
27.582273
6.053511
6.091694
13.863699
16.450294
24.076473
6.450483
10.661926
10.366453
20.942112
11.112865
12.389143
11.141102
11.867999
14.071577
4.861636
5.919190
10.839401
28.005147
4.332231
11.422507
4.097471
12.704009
8.640432
26.569687
5.805512
5.068491
5.595460
8.121565
5.929535
7.360996
16.060692
38.075769
15.122055
18.783732
21.956133
10.375229
11.157289
12.969812
23.072275
26.510956
10.817841
14.292588
10.092582
6.533493
6.026189
17.595433
10.771313
8.346246
14.637961
8.919517
5.299284
9.446345
14.386440
5.968855
5.060514
21.726476
17.706889
12.871076
4.446176
9.321121
7.271029
6.489382
9.811520
13.243518
5.924461
5.208120
12.167825
7.715099
4.041099
7.935514
10.566322
8.056751
7.481650
23.318827
16.044463
41.585616
14.864470
12.755785
14.155126
4.620622
18.225598
6.617436
5.346727
7.729913
16.418160
11.168108
18.269333
6.072390
9.260955
7.409686
24.944383
12.900026
6.346047
6.597896
24.043993
23.603273
12.171768
7.630379
15.586578
23.512065
17.804936
18.310745
17.498400
7.687950
21.053519
10.281609
13.473831
4.855322
10.629443
15.347786
12.800652
10.423262
38.390225
6.107821
16.526410
12.134139
7.557659
7.243593
18.187564
6.044694
8.777770
16.251373
6.576738
11.069577
6.047010
6.460311
8.163989
8.569297
11.784765
18.423738
10.811991
18.588512
10.703516
9.892079
7.007206
8.893455
9.690669
23.918974
20.257038
14.180648
12.892126
21.409658
14.086284
6.649398
19.806707
4.733381
7.862865
18.822789
9.288023
10.263368
10.029708
10.384310
5.531102
6.958818
10.261773
16.893056
10.775950
16.168875
8.954072
14.860450
17.365825
16.244270
11.394024
10.112282
9.080588
13.174682
9.504968
15.234590
11.383244
5.315184
12.341175
18.540820
11.064318
12.757256
17.120900
14.259163
13.688282
18.604193
9.152820
4.774131
7.039687
25.814802
14.893455
12.023437
10.453225
19.065337
9.738661
18.327709
10.135014
4.099316
7.622901
16.771114
11.721142
16.710120
5.657106
16.633839
8.640799
5.932983
19.224090
11.532470
6.750592
13.350388
21.096283
15.730830
16.328437
10.351183
21.249775
17.527001
15.055603
11.837068
16.959554
6.258922
17.257942
5.558508
19.171477
30.441526
23.164858
6.526084
25.492330
6.249287
9.468833
10.434405
20.684158
11.545111
7.621852
16.906862
6.403139
12.729785
17.513184
3.014211
6.984991
13.472896
9.026282
10.613574
8.402649
20.880600
13.682957
7.321420
13.190885
11.909252
11.310211
6.719501
8.205657
14.221109
7.599806
9.131615
6.966446
7.954171
10.988563
26.680974
17.846145
11.986994
11.649673
11.362255
23.617051
5.220037
11.461340
4.796567
8.186283
13.184259
8.940699
15.590649
15.267188
7.129132
15.512372
16.248254
7.767226
17.699965
9.009117
4.691351
14.677722
16.634962
12.418792
12.723938
14.783601
11.447195
21.612546
7.637812
9.873836
23.985834
7.702988
7.136849
6.052186
17.262379
4.325736
4.277196
4.802862
5.189115
12.067278
21.512483
16.785439
17.859848
9.369557
4.759912
3.332021
7.677765
16.171284
9.129986
11.133527
36.622313
11.847493
5.359204
7.882165
22.247254
18.463185
5.404077
7.380661
19.619601
14.559324
10.869400
9.875602
14.927543
14.490458
22.785276
20.063278
18.655052
8.822448
15.288621
5.792127
8.090764
9.666869
14.055206
8.780775
14.016022
7.497926
11.121951
8.291987
14.354117
12.249770
10.344445
3.673851
8.636830
8.524885
12.800074
17.706189
22.300044
16.674277
11.417282
12.341951
21.044463
4.478496
32.642344
12.148577
8.870870
30.309701
16.780394
14.682713
11.742362
22.055918
11.150382
10.480734
10.434826
12.815613
23.410576
6.908275
18.532562
16.656066
15.997421
39.989995
15.509763
18.681696
11.453229
22.974332
8.088485
11.371145
15.861556
22.474922
13.912057
17.015505
19.158952
7.007478
5.522603
27.660726
16.683798
7.200738
6.814227
8.878661
4.725621
10.992316
11.048036
10.572683
10.766206
15.961543
4.684309
7.567782
17.832482
9.550956
12.632427
22.019776
41.649510
7.016656
5.061707
9.545521
14.149187
15.479579
9.013724
20.016396
18.000260
9.567188
24.076900
21.498267
9.547389
21.120228
11.390366
12.007208
5.198238
8.168464
8.481273
6.788401
8.428501
10.957016
13.844234
18.978712
11.191604
8.825835
6.136711
6.921831
11.989067
28.061328
17.009872
6.316813
14.161561
20.828445
8.374377
19.779531
30.153706
4.966713
8.217312
8.789831
8.545572
26.483341
5.593409
14.053797
17.569142
10.271300
30.025035
9.937306
7.194345
11.671752
7.914165
15.564263
15.756024
12.794291
21.881784
7.976539
16.178277
30.294104
20.501071
8.435336
14.266129
13.655738
11.333721
12.593097
17.333150
51.502826
11.946935
7.351950
4.906639
10.946694
34.437096
15.508541
23.508629
11.161059
11.550694
15.320324
4.482883
4.126353
7.926898
14.153706
7.227166
10.344553
8.246340
25.559577
34.840589
18.048090
6.155655
4.755610
11.959663
20.087684
9.192557
18.264592
12.513370
6.307581
2.908421
14.649248
11.661063
13.396370
3.765760
6.480528
9.779492
11.064396
31.932795
3.888180
7.194213
6.209070
17.792924
13.416552
9.039156
5.832296
6.805675
5.823973
20.292934
14.428335
14.101235
14.578667
23.571097
6.850074
3.839111
10.173465
7.469323
16.346357
7.793818
2.819431
8.370807
13.142936
16.131595
22.463386
22.324604
20.507837
8.838114
12.021641
22.469217
22.741423
10.342868
12.857178
5.039728
10.286426
21.011348
27.384694
17.948913
19.049592
12.939848
5.759573
12.137924
8.046007
16.799828
17.179639
22.466761
21.368053
9.867203
5.767907
8.531037
9.066556
9.054612
7.079986
13.828075
35.699154
9.706950
13.626832
7.992822
18.295993
12.271755
10.391021
7.252765
11.405577
11.607657
7.426672
27.772425
10.168602
19.308261
18.594191
7.076915
6.591952
14.943271
15.191037
24.882934
9.651608
16.220492
19.780589
7.339325
17.034747
5.741935
4.424647
5.435887
8.107920
23.422309
16.229040
17.465418
12.857417
17.917989
14.738642
14.748478
13.584201
12.534498
5.221794
21.828334
7.676132
12.787391
10.917314
7.076377
12.008324
24.516956
19.701291
18.123857
22.402417
11.819636
4.472132
3.347390
10.296943
19.826650
13.448838
13.318422
11.137645
17.178906
10.094319
8.413908
17.334249
12.638628
10.282160
12.751326
7.841298
7.659354
6.494753
10.836552
11.883306
10.849450
10.410066
11.766854
5.032300
2.832317
4.928767
7.062940
13.714640
10.885694
14.791464
20.836047
13.968559
6.442801
6.802377
7.044301
8.041450
7.559186
20.336868
9.255641
8.715372
14.834303
13.600628
39.726852
9.191416
42.339999
24.562774
14.028307
18.875780
15.474380
8.604383
10.666413
2.770123
12.509158
17.157366
27.251910
12.227050
9.977946
12.620628
24.325361
13.752693
8.625514
22.888300
5.200826
6.048256
12.234624
11.676238
20.155964
10.785046
8.110711
5.560292
7.194012
16.591387
5.013786
12.047225
40.292135
8.206489
18.809194
11.151704
28.004278
23.663955
12.619472
12.263754
9.774806
4.150595
2.434308
21.210942
9.405915
5.384268
17.050785
10.635069
8.841657
15.220608
6.400037
9.850081
18.270121
12.278695
10.480710
9.747276
7.313397
5.319647
18.876485
16.403080
8.096681
28.435537
13.263791
10.132608
9.058905
13.671666
11.767139
10.112058
10.290728
16.698015
15.910409
7.652873
6.742517
31.073380
9.153572
5.767367
12.312384
3.638208
6.308477
4.157954
4.753167
18.136408
7.752360
15.955566
7.147063
19.697054
4.683407
7.651405
5.957288
7.836241
11.799575
14.929421
12.927724
19.728446
10.535116
13.513843
8.320577
18.403250
31.556511
12.369869
9.441151
21.048672
11.846979
17.385697
8.505222
35.080447
6.535598
5.303880
9.694428
7.481057
13.832983
24.971059
11.701349
10.454825
14.005656
12.594075
5.582226
4.415552
10.535287
9.595112
13.550554
4.900455
18.200855
5.812053
10.579260
9.539142
12.641903
6.824595
54.663593
8.443474
27.719007
9.297035
6.588072
11.416547
13.729036
32.512326
8.397657
4.955037
2.812460
42.226893
16.802577
16.180938
14.675061
8.933249
7.731172
22.910636
4.198804
4.739204
34.835103
8.617047
12.141562
11.692796
9.946371
5.438158
4.231566
3.974280
11.477612
8.679171
11.261560
7.200792
28.544944
5.394621
18.502313
15.682206
19.899113
7.712747
8.286080
12.918869
13.336079
8.613212
6.410876
13.208121
17.023383
21.148012
17.105820
3.070399
12.439538
15.709594
12.394916
22.203635
8.315263
10.991388
23.056931
8.994925
18.435838
8.664066
11.287648
16.987197
15.466922
17.596098
15.480038
21.133258
8.886727
7.053378
10.150443
7.454213
9.007183
3.952909
15.371603
5.680593
9.368145
18.038185
5.477942
4.110641
13.317333
25.591701
14.158310
20.782400
16.773251
26.446947
7.340401
16.405274
15.873230
17.793722
8.614820
9.664646
8.493714
4.792879
17.724036
8.075238
6.610891
14.220817
8.073669
6.208169
10.187262
10.794610
10.835688
7.563863
14.105402
14.114547
12.578337
10.708143
4.837972
5.968893
30.058997
9.882624
10.099948
25.270611
17.513426
5.740695
8.082878
11.674711
8.518514
5.925716
10.114610
7.316266
22.194933
19.650406
7.422171
8.300696
23.147598
17.172152
25.726735
16.676517
12.723963
28.145487
10.692880
9.360669
14.562726
7.222865
20.505994
7.836491
4.875868
5.992937
8.571443
5.203889
5.421470
27.668476
20.707951
12.078605
14.690035
9.848342
8.860346
7.215048
19.057205
19.521862
15.606838
17.060111
8.279483
6.661757
16.721723
7.085247
7.381213
9.349693
12.848892
6.128848
6.943906
7.478482
13.545722
18.652688
19.192596
6.703910
22.300462
13.035081
16.940090
10.409047
20.054997
17.832366
14.896086
12.600868
32.819499
14.548958
14.940033
10.915793
10.524267
7.726662
12.008565
8.136747
6.807481
10.153523
17.577228
18.507653
7.091491
35.604839
12.735741
13.762751
11.994096
5.348266
13.299780
20.390886
12.914793
10.386543
12.225041
15.614779
32.714560
9.027890
6.418895
21.904989
7.795859
24.077656
44.757325
23.176682
15.569388
32.055242
23.675761
11.135721
9.043008
10.463796
6.501813
9.394420
10.279254
8.852228
7.598455
8.249310
8.907201
9.638038
14.719776
15.275125
13.131022
15.144156
6.003225
15.910621
38.916240
9.170197
10.911955
8.333101
14.231258
15.956797
9.050555
28.084837
6.613737
8.484909
11.012768
12.969394
18.067344
10.157126
7.865006
10.782659
17.549332
14.334226
5.936271
5.239768
12.732167
8.747561
8.860541
4.122914
22.378282
24.153202
10.970120
11.003265
32.494851
7.049638
13.677488
8.022382
19.278027
22.864577
17.034107
13.860143
6.569751
29.060499
7.905671
8.448460
6.108459
31.433840
5.201683
10.873696
7.656971
4.200373
22.590530
9.671629
8.122295
19.466181
24.563654
17.785625
17.240215
21.304821
13.957413
19.732754
5.991904
14.991135
15.708662
8.234503
8.977763
8.598650
8.367684
7.113353
22.075905
27.630734
8.400500
21.939899
6.886069
14.446505
4.535266
11.306005
20.359601
19.160607
10.781402
13.629466
12.634264
6.374175
3.887969
6.456933
5.592762
12.036490
3.402144
6.583999
11.585794
4.772017
5.268434
11.529811
24.222960
4.141674
11.834176
21.797834
9.493844
4.626933
34.582000
12.925672
6.359075
12.286277
32.929933
17.456186
26.302940
13.143753
12.475455
7.275996
27.014986
3.564509
20.679774
4.794449
9.587583
20.818251
23.007146
5.870936
15.679698
6.779031
5.861523
11.246712
11.383090
11.753983
18.314905
5.522327
9.551998
10.337351
4.347300
15.768786
4.804580
12.127046
7.177600
10.759608
2.721177
28.965039
2.738858
5.056894
9.801517
12.201430
9.296035
7.680567
15.027532
5.464086
21.567998
8.913888
20.152495
27.892119
7.321320
17.015599
11.194772
17.932733
7.392526
5.879260
6.237564
17.548672
8.204060
9.911327
5.527366
6.086236
8.478946
11.380115
9.309987
3.608547
8.458940
15.671980
7.276488
26.377935
24.752406
9.938304
2.335607
5.317991
18.117442
6.157569
5.525430
9.079735
27.838169
12.589014
11.459111
10.379912
14.566731
21.517369
11.235259
18.960010
18.030425
7.121215
25.175057
20.208406
10.458492
10.323348
25.432629
6.056537
9.481474
18.125626
9.675016
4.465123
7.246944
10.218686
14.909427
18.864845
13.732365
17.103109
10.502191
14.576877
7.744103
13.458955
7.547593
9.072019
11.297628
20.168712
17.863683
32.620448
19.015826
5.693981
13.908258
15.169874
26.121876
19.367290
15.613125
20.856833
9.074000
15.180833
30.401983
10.009651
8.465296
10.241181
8.086577
6.257708
3.619951
10.061044
10.298374
6.581019
8.207437
22.585308
12.956450
15.921495
11.872366
9.769380
23.776532
8.580546
14.673721
10.925956
8.050274
15.313453
27.423745
9.589808
7.266870
9.760589
20.600014
9.858918
8.688106
21.091591
6.672797
6.797984
23.514095
10.974801
23.050450
18.676112
15.109689
6.623754
14.674781
6.215188
6.284006
10.347614
8.369366
4.846200
17.680714
15.823211
7.275821
24.525455
11.116758
3.728941
16.100511
8.826452
4.814741
5.186234
16.723911
7.774112
14.578925
20.612397
11.608875
9.765542
6.176302
7.740909
7.934156
9.025710
14.549225
18.276265
35.731324
14.867576
3.714531
23.725078
21.403672
8.760666
29.018202
16.929469
9.717309
27.868329
8.935463
12.255851
5.690813
10.820331
24.475380
3.989784
9.032365
8.253374
11.850084
15.877683
11.592397
5.284437
5.844829
23.342251
23.057976
12.660084
8.445463
5.537972
10.608272
8.940526
7.181006
18.616911
6.625069
14.480212
11.186711
29.155442
3.268654
9.613132
11.982851
11.948862
18.287123
12.579702
11.670699
16.598268
37.996072
11.883139
18.640686
8.251467
26.425716
5.815391
5.741993
9.543365
15.241238
42.658515
7.861360
17.017571
9.038490
16.851473
11.723913
8.070229
17.202480
9.001477
11.836784
15.717809
9.097249
9.545383
23.017540
17.745919
13.737363
16.006217
14.350699
18.663677
13.756492
10.241298
7.673669
10.217626
7.428120
6.097821
20.455484
4.794597
23.473274
14.946220
8.687184
18.321767
9.235074
25.024163
10.279762
12.172452
7.102055
11.895332
9.828483
23.172598
10.429261
15.169606
20.180198
7.934642
15.115518
8.502589
27.146086
4.575239
6.215170
5.810606
6.905321
7.763534
4.948116
3.018122
6.252640
16.489644
9.075691
5.998400
14.583860
26.667040
14.155654
15.847021
16.417570
10.037599
7.116814
18.490266
26.912320
14.402176
12.759079
8.193218
8.321512
8.979103
25.593901
39.766262
14.187662
17.793348
11.007637
9.202564
5.042589
10.301247
7.270539
10.317537
11.705515
24.292577
6.406267
8.287461
11.221171
22.389464
23.072626
17.385390
26.245685
12.890462
10.514634
18.224624
9.235468
15.937539
11.688588
10.379199
10.211082
11.466543
26.880437
5.205502
7.699473
8.749981
7.152496
9.714494
6.367101
10.125161
13.875778
48.214230
16.288914
32.212402
10.285468
9.094916
4.616599
16.587227
7.662269
25.795105
11.572078
16.383124
6.794675
12.471226
28.212092
8.038130
6.967952
14.729637
15.638905
15.716654
14.215517
17.048650
11.481805
14.652453
7.180786
3.953603
11.617829
11.660095
14.624833
16.403109
22.574710
4.357555
4.194823
14.524488
11.103466
12.931364
14.329608
12.392508
8.005400
8.814859
34.926649
11.327515
26.819192
11.802725
9.777181
15.859539
5.864333
15.822482
13.939183
6.505973
10.824767
19.877842
17.016337
15.028771
36.137932
12.463789
23.052359
15.731804
13.444734
9.119134
14.933289
9.402220
13.539969
9.336414
13.135657
8.692882
10.487153
11.951869
8.622882
22.199465
8.467569
12.922136
10.897689
10.761115
9.479108
15.265857
30.400936
7.120466
5.172035
14.990373
12.903611
9.751514
9.231158
13.552234
9.857427
20.276227
8.542914
13.641499
9.791033
6.993372
6.556689
5.973332
4.781465
5.840505
21.639914
6.475870
10.262554
6.797151
12.609573
24.969816
11.658530
9.534870
7.694988
37.519309
20.377665
6.515545
26.339155
7.867760
8.936780
12.969824
5.148326
3.601292
14.774908
12.197949
13.733317
6.662872
12.956171
8.775566
4.985111
9.061022
6.135853
5.821708
13.173625
30.869622
12.417506
5.994905
8.068018
18.458383
3.032202
6.008257
7.379764
5.818706
12.793776
8.135603
11.619973
6.512365
4.638674
10.239098
23.897802
13.882443
7.075772
9.279788
7.697040
5.331601
11.791888
6.503067
4.760657
16.957403
11.215527
6.742967
36.611834
11.634453
6.315724
6.867211
7.506183
10.665632
13.721622
6.111280
16.373388
21.350761
15.066278
15.019300
17.648491
4.861501
4.052036
13.592741
6.383518
5.744868
18.992516
15.577714
7.916602
12.440645
18.894462
23.862252
7.657958
6.200373
7.553554
8.495433
14.894739
29.037835
12.772780
7.367062
10.796706
7.845429
11.435703
6.859321
14.988788
6.828912
11.921588
9.584357
9.431686
16.218180
6.278809
8.489755
9.652748
11.812315
23.014809
4.999270
6.437796
17.731034
8.296256
21.708511
15.592593
16.609420
22.123003
12.469632
17.467457
14.947082
16.220742
7.270272
10.134859
4.485410
10.358295
12.386291
24.659889
9.251322
16.998804
7.882096
10.215243
21.252701
14.460825
9.559100
12.300916
13.813203
10.455910
25.200614
18.508393
6.858364
7.329669
9.676978
8.557810
9.188393
13.316681
13.234074
17.108806
11.645508
11.079936
14.493986
30.022705
28.957676
8.024252
4.068319
15.525168
9.527074
8.762085
9.227772
6.230800
4.461111
6.028622
15.378562
21.344546
8.188636
10.862979
19.729050
5.832076
7.019122
24.796231
11.067393
10.848428
28.061183
17.342591
14.755343
7.202785
10.758744
12.985024
14.294687
4.995098
4.887568
16.337763
5.425949
11.188487
13.603462
17.136876
27.064323
12.868225
4.940461
5.379226
6.719623
13.066105
8.621227
8.894718
5.976115
11.375904
7.399460
4.908546
14.110226
17.480087
11.350020
8.765513
10.611555
14.788238
6.639679
7.422777
8.402454
8.860502
7.058268
14.501795
16.786063
18.247843
11.679125
9.823221
35.818373
17.902239
14.998949
9.603019
6.440342
7.262359
12.463506
13.688490
20.677827
11.162774
4.119713
7.971750
14.291568
12.397725
14.625122
11.570065
7.107369
10.352554
12.440460
9.170940
12.030514
5.368592
7.348111
8.391366
11.100969
19.950337
17.816927
8.393360
18.055219
10.313390
20.163991
20.703108
24.673351
8.056606
7.663647
11.513335
13.115479
10.963881
10.067608
7.652441
5.886921
7.654836
10.689113
20.834781
16.347146
46.924417
23.813871
4.259694
5.200256
16.043287
15.893334
15.573673
9.473295
7.195099
8.102892
19.075602
8.978666
11.794532
16.856148
11.108630
18.768602
10.184631
12.894950
29.660089
7.808533
9.816134
18.823396
8.149021
24.272746
21.267259
27.076303
2.383254
4.275407
12.046849
8.654651
15.681810
12.239423
6.048956
6.700152
3.584633
6.307471
8.914126
35.057674
16.789954
10.944241
38.769435
9.277354
6.924907
19.513314
6.942040
34.397014
6.307618
9.338739
9.597677
18.619507
5.993799
5.244291
4.732571
16.694203
16.219875
13.841857
14.105509
10.340088
29.267818
13.142242
8.940577
21.561763
17.360864
17.601820
6.110626
22.608857
9.105314
2.972026
7.015008
22.512447
15.507026
23.523432
4.550945
7.300905
10.214836
8.496200
18.146606
13.261181
10.250416
26.887352
13.750269
10.664736
12.601329
7.201491
10.826607
21.686718
14.011578
19.343420
26.422682
9.805579
18.917366
9.228121
7.773659
13.026165
20.844920
10.087540
5.904614
21.349392
9.295744
10.104855
13.909019
5.903355
7.108127
13.559309
3.579169
10.323459
9.572831
18.436998
10.600003
8.537431
12.671771
11.056201
12.314855
15.521733
14.148551
6.891550
15.039920
16.052625
7.750581
33.071674
27.473302
6.785731
15.061598
16.028504
3.494467
8.947365
12.608270
15.593283
18.573173
17.522313
4.305672
16.261310
6.624090
10.837561
19.235111
6.749055
3.472926
10.987398
20.992067
22.095430
9.618336
9.948422
19.666389
14.044173
14.911774
11.520076
12.406565
4.753009
9.564180
27.401637
25.698247
11.593720
8.367343
12.313350
12.636209
8.266939
14.001288
7.432981
15.858045
18.700296
33.021523
8.895291
11.432494
12.896301
8.828491
21.905101
21.937963
11.916713
7.140446
9.047952
10.029306
13.180906
26.443418
19.195858
14.268086
9.474741
13.597615
4.211868
5.825948
16.746218
27.560224
8.617737
4.484567
15.983338
13.960915
12.898456
17.051115
24.305604
15.142137
17.636840
11.101627
14.796213
19.349880
19.796159
6.774749
21.410067
8.732815
16.862751
11.471939
13.619593
23.261581
19.472511
7.507148
4.897705
21.123987
18.578305
8.717051
11.930297
41.091269
5.286034
4.932425
8.092008
6.600781
9.121269
13.005114
9.123706
23.092800
7.475423
7.528388
10.155116
15.495642
5.443056
30.979484
16.405899
8.245080
18.987557
19.856446
13.502861
16.451320
21.530098
13.932268
8.651330
11.488121
18.017060
14.887293
36.105005
19.162648
7.911459
11.113762
16.375592
28.656359
7.522017
9.135115
7.880916
9.068423
8.627556
7.015832
6.007493
7.815304
13.300326
22.316237
15.161325
10.383790
23.915466
16.130792
16.724969
8.291597
6.042964
19.460425
13.043402
9.613327
9.112205
13.209429
10.601155
4.080461
14.745043
7.141566
9.732964
24.298427
12.641289
26.629139
8.023025
7.839431
7.957063
9.786592
13.266642
12.494668
6.465710
29.425047
10.239055
8.968390
11.421453
3.226774
7.460197
8.753918
6.766754
12.486352
10.806929
12.226854
5.136176
6.523401
5.957796
6.931001
11.993570
18.470009
9.775337
6.456211
9.863538
12.439749
17.400588
9.378770
9.061281
7.370441
11.274356
15.380167
12.833840
18.474953
8.595745
7.443544
11.852743
14.810219
20.444855
12.234345
15.635345
6.627095
14.614138
10.247708
8.323784
31.687594
14.981160
12.522783
7.807304
18.372631
24.322731
14.668848
22.483513
10.067319
14.936640
3.596114
5.347736
11.702770
12.083611
10.653044
9.762196
7.695853
28.319581
7.065716
18.230003
10.324190
17.375884
17.348727
19.742987
8.865500
10.214721
11.349551
5.993746
4.684849
7.791780
19.244590
16.616537
11.392310
24.931676
7.454601
12.448753
12.004607
9.207674
13.651133
11.763407
17.587139
7.209105
25.972959
52.533665
3.196397
4.091414
3.627578
4.882459
14.283608
11.981603
10.664109
7.203550
14.243619
17.237117
11.853903
9.345292
4.949685
7.117713
7.972025
10.120149
8.058056
9.472704
12.900060
19.178045
26.602530
10.842968
12.179480
8.187049
8.487891
4.912705
11.320035
5.143530
24.646872
11.625989
8.007504
13.077440
8.419137
8.649933
7.965157
6.668931
14.490069
10.323900
5.790667
18.050748
4.414440
30.375780
14.528784
13.492500
24.135223
18.842488
10.083996
10.612420
5.428378
8.029357
18.590067
27.666828
9.733256
16.551030
13.118069
6.358177
6.358250
8.915712
10.708532
7.736856
19.775320
19.763487
14.207205
11.481266
8.008283
13.797923
15.905936
11.519440
14.003896
6.665644
12.714572
15.963428
9.138077
9.990707
9.564045
5.051271
8.466073
10.508807
8.151345
9.196636
2.504418
11.023571
13.298414
12.151732
11.624039
16.878293
12.625775
11.049134
11.231426
8.578662
16.993845
3.705196
4.632371
18.524400
17.057842
14.476144
10.138196
7.217260
6.634198
6.851878
6.613637
17.447386
14.716161
13.080989
17.919522
5.045121
22.714970
3.414974
5.366357
24.835770
19.591079
8.706859
10.782151
21.866592
18.417440
7.870026
10.307773
5.089820
16.910915
24.981495
6.347385
19.343284
7.596948
5.194828
15.269362
15.699857
23.366076
19.083923
10.054123
11.267207
10.201156
16.247241
7.229904
5.241515
12.553023
22.746418
7.322210
17.672580
31.896372
14.358538
17.228913
10.888999
22.054615
6.846888
13.545704
15.527063
8.715780
16.159667
21.787227
5.554317
3.822274
10.994950
17.435659
4.971989
7.559775
21.825615
17.063314
6.313974
21.469790
7.979225
8.609158
16.206552
8.702191
8.494640
8.704293
11.150244
19.728200
3.882856
6.280794
9.700443
10.144391
18.147207
16.485281
19.274075
18.893790
9.173301
6.107193
17.297931
7.445753
7.162555
10.677698
18.543271
6.579240
8.198107
53.425042
17.727380
21.465345
4.520616
7.825373
7.803942
7.914238
7.414745
10.374052
15.392912
22.194323
10.397443
8.773991
7.494159
9.836042
4.399950
8.466379
6.047599
13.933650
9.050801
10.984154
21.804865
13.575540
17.186470
12.475098
5.808167
17.626972
7.722244
18.365478
22.253891
7.480792
8.830821
14.515700
9.390884
9.932857
13.445928
13.346314
10.270418
23.056704
14.174979
19.653625
6.359283
10.116957
21.250705
18.395201
12.342353
16.127127
9.874941
11.804334
8.239707
7.284924
15.817881
7.933729
4.311116
5.036456
9.797383
14.027016
21.462043
9.447974
13.048662
9.710610
28.523453
12.524987
5.910040
16.219134
16.875805
18.534866
22.759480
7.616290
7.622421
7.741291
6.047310
16.287136
18.465964
7.648396
14.685424
20.195679
18.492322
5.370141
5.680768
9.153022
16.169681
9.758695
9.822360
17.379912
7.714424
4.210029
7.428994
8.597670
7.708983
16.382101
10.238534
5.296668
20.284941
11.098505
12.398406
7.237586
7.267887
5.425552
4.743290
7.113630
4.536319
16.989984
14.263305
30.509521
8.210187
20.715056
17.450921
6.965624
7.578258
5.870839
9.857045
15.687322
15.097998
10.046574
11.657953
23.185053
4.139827
11.857750
6.532503
24.416097
5.145034
15.583852
13.637794
15.115519
19.655323
7.665709
17.487683
6.111049
6.062241
6.956470
8.138489
11.509078
18.538609
12.381324
18.434618
13.359267
34.544763
26.526921
23.527211
13.510488
19.661847
8.828889
14.449172
18.073089
9.448215
4.716707
5.898350
6.606124
16.155795
17.667450
12.577123
8.039969
11.052979
8.976271
8.612784
12.547156
20.639897
16.443863
13.041047
21.912270
10.191808
6.249765
35.490676
9.511912
5.869344
14.349903
21.374282
15.603594
28.085763
12.781281
17.206572
13.982865
8.198797
18.514714
9.167798
43.459330
8.499619
7.830566
4.305113
11.751740
20.352681
22.814194
7.484972
15.728088
8.311776
10.688737
9.818763
15.279378
18.901101
30.399839
4.824243
6.840862
27.134072
7.389863
9.923222
2.701259
3.770148
6.579429
8.796796
19.037293
17.963833
24.125980
11.274558
7.608900
6.499027
16.480741
14.615497
22.890889
9.441639
9.880421
18.968810
10.566876
22.452602
11.443576
11.024483
11.922512
12.593982
26.995459
5.303073
10.614125
5.399897
5.579905
12.196102
10.185884
15.114134
21.014424
14.309726
8.845254
7.634578
22.730144
16.658734
14.981222
10.581300
12.326330
23.925234
5.989535
10.309688
5.086361
7.458793
23.009550
13.057335
9.364803
4.681561
8.255271
26.279405
6.624354
37.707211
16.515252
12.647757
11.170385
6.509419
12.922842
12.092599
14.736037
15.936910
10.963332
10.601706
14.200672
27.738318
21.666683
21.443195
9.194965
19.642143
10.523325
12.256266
17.234690
8.770837
10.230115
14.626910
40.068386
8.604701
15.134672
14.146702
12.613973
14.753554
4.462663
8.393598
8.476366
11.604217
22.966457
10.006030
8.461364
7.860613
26.413962
13.409147
12.363544
18.064661
13.216921
10.270535
21.984927
7.962431
12.374591
8.716037
12.343169
10.038894
5.069037
12.835407
15.167355
8.252143
12.505816
11.042161
18.969514
10.096218
13.534134
25.953998
22.336391
13.899902
20.277000
37.313891
5.668107
7.599992
11.811029
15.669249
17.045488
16.118744
15.102964
11.639160
5.872711
13.107297
17.958613
14.992444
7.255557
23.051735
5.401530
8.489999
8.885162
17.944483
30.672371
36.303301
20.158875
18.974019
15.311076
12.439890
7.617457
7.210343
10.377656
10.255018
9.537979
11.026500
15.106338
23.947182
13.951710
16.082483
9.436804
11.286397
5.232150
8.566212
14.292835
11.213251
6.628640
13.997173
5.336397
6.820121
24.077700
7.813657
10.500491
7.756604
15.022739
6.166664
11.840698
18.396907
7.640435
8.629035
20.246929
9.095249
14.481507
19.177320
10.845402
15.201753
6.874103
8.561223
16.088408
6.468583
9.022564
26.044073
19.522686
20.358442
10.646343
5.586347
6.004227
9.014814
8.008487
20.775636
15.664738
6.953101
8.078156
9.425414
28.344824
9.617070
11.240981
18.905039
8.582603
8.951186
11.578870
5.306655
9.383404
14.581152
15.822310
17.668810
20.299146
5.148390
4.726160
9.602835
22.308234
18.024436
6.702250
4.261286
7.201533
11.564597
5.615510
4.194441
13.220551
9.316630
8.504480
12.070766
10.396047
15.329377
23.544512
10.325375
7.400890
7.712411
17.058697
8.952322
7.700253
10.141370
29.284648
6.193975
21.785868
27.129590
5.399653
3.469884
19.052866
9.535947
6.511716
19.023250
11.370762
17.545847
17.554051
5.227830
10.838024
9.368136
9.165827
6.555040
7.665017
9.273281
9.094578
7.353164
12.631446
16.789238
13.987337
17.186893
10.159515
12.023213
14.327136
6.401024
13.036026
17.197957
10.630759
3.228484
6.194986
15.263584
6.091214
7.254535
7.763162
10.957871
14.949295
14.730955
4.851578
5.822269
6.370612
12.605463
20.536737
15.605683
10.200289
36.896847
8.422468
5.452546
6.800915
5.066137
5.269209
11.256658
5.045293
6.834099
4.981553
10.787487
28.382265
22.550934
15.769717
10.332676
16.510729
20.706585
13.174175
11.474353
10.028220
21.079431
9.777444
16.017205
8.933483
7.645052
6.663548
6.518198
8.043112
7.879257
14.609626
8.569065
23.037624
12.409842
11.420941
9.217977
20.404665
15.711468
13.820504
18.396675
11.852292
12.195414
26.603615
11.713537
13.170155
27.960783
8.816259
5.585650
13.783195
15.474101
9.421305
19.850525
10.870090
15.432943
8.137554
4.886938
5.514268
8.020716
17.247923
22.218025
7.551800
8.003193
20.276803
13.410598
10.890266
16.532146
10.022574
19.154423
10.293706
13.536911
7.501205
27.393443
10.042149
14.547910
16.563445
14.421239
7.053759
6.989285
16.827803
10.162139
13.455787
16.165567
21.910381
17.741807
4.864833
3.784471
11.161718
21.572075
15.148879
14.963490
12.895187
13.924211
15.678188
6.181228
17.489766
12.215749
7.087419
14.655883
6.905863
7.545840
12.517205
8.210012
6.242075
5.729624
5.872901
7.763125
28.921449
6.105033
4.854407
7.770855
9.977929
19.469061
16.244602
25.596863
27.319644
7.841008
6.825693
25.820332
4.805136
6.140921
8.516804
4.298438
6.359664
7.807097
7.209168
11.669697
17.481815
5.821398
17.774897
14.346670
13.342879
10.978482
40.733295
14.794773
24.897500
11.952229
5.852744
14.402906
3.566953
6.382075
11.608450
11.919925
42.548736
19.909733
24.828533
13.433814
21.847425
4.282082
15.487212
11.832222
10.360545
23.485149
6.494595
17.136232
11.367431
6.777704
11.041321
9.118714
8.512931
15.183779
20.061065
9.395291
9.881795
6.560342
6.541788
18.826684
4.615534
7.700777
3.822925
6.541958
16.978096
6.748292
8.507847
7.267766
14.602130
4.971151
6.289671
5.314060
22.191883
11.334374
6.854438
10.291878
18.147917
23.400934
10.867590
9.149578
12.082562
8.169291
10.042612
11.284297
12.005269
6.380377
24.416355
23.242977
7.637508
9.729663
15.315160
16.391630
8.964001
6.486565
10.850099
3.948472
9.108506
16.801851
12.065612
22.380040
11.247921
22.473588
9.934236
6.204979
5.094965
11.227063
8.320291
8.993058
16.711780
10.324166
11.857666
6.222429
13.065930
7.625255
13.118568
9.180281
6.209759
16.394130
10.439281
23.211358
12.032591
23.578638
11.956451
15.627472
15.610609
8.922305
2.960113
5.114654
7.847178
14.002230
7.761023
14.024470
4.445134
14.337034
5.033555
7.123399
5.024439
6.065671
13.328767
13.115228
6.226741
25.513370
5.576078
20.026079
15.888536
13.795915
7.949311
10.366688
9.257223
16.280166
12.679008
15.936148
9.004494
13.580572
9.122041
5.681629
11.361888
6.175813
10.774223
27.744363
9.268791
8.895423
10.726839
7.297905
15.883043
16.190916
20.754967
13.957845
10.780887
12.660641
8.260182
5.266434
11.904550
13.742643
6.742566
15.250003
22.504895
14.526327
4.272036
4.472998
25.210613
9.452202
14.713189
17.064449
12.896186
7.732208
16.839287
5.540133
8.085662
10.345418
23.408034
27.157085
19.085653
10.297422
8.106533
20.456430
20.907136
3.628420
8.434465
13.701553
13.808052
11.639168
8.778648
17.314750
14.280287
12.934834
4.043598
5.930524
9.353796
7.983559
15.508567
4.667024
5.896624
11.127870
3.491407
7.829885
6.105625
7.713005
7.013780
6.342446
18.124102
10.735754
21.470740
17.237395
4.846577
6.550712
14.386553
18.087118
5.515906
5.436458
20.285904
15.662384
19.578796
4.107423
3.428500
12.991135
8.489104
16.751668
11.447919
12.113570
14.682003
11.568613
11.814241
5.576558
5.151703
5.913900
6.043419
4.640770
21.299486
20.918030
32.178808
12.521980
17.560837
9.541784
34.582850
12.316182
17.961924
18.444282
6.543173
9.953185
12.723616
7.521268
10.239437
16.999671
24.777620
9.651896
4.907644
14.549652
16.476562
8.005559
6.110524
9.499922
19.287777
19.069967
31.765521
43.218951
18.562768
17.608422
26.884372
15.467663
15.585482
20.238309
12.972473
13.018211
10.005669
8.398239
7.283350
4.814947
18.687718
20.628330
10.832994
7.813484
17.616086
15.422174
11.653392
15.052697
15.764504
15.444549
12.188790
10.896896
5.470568
8.081168
7.567781
11.190764
23.899736
6.896560
10.770480
8.649884
15.644093
6.617816
9.398650
13.248983
14.487873
15.733529
15.749918
6.838587
8.536603
2.743189
13.135828
8.523441
20.998715
5.144849
17.973044
11.851903
24.097196
26.941469
13.436262
24.095104
4.632597
5.235648
17.055158
16.851894
22.607725
18.728856
24.381728
26.163021
16.566036
4.885631
3.692988
15.436732
7.134575
7.907626
6.704441
12.063401
14.435114
20.881183
23.037762
21.487817
8.094811
17.908603
12.360776
6.940512
25.399516
27.685377
13.297802
10.392305
5.798148
10.131411
14.126604
4.426727
8.056838
7.731014
19.950697
8.989265
4.169185
13.594620
20.605229
23.354995
6.842637
4.116046
12.251421
12.285628
19.434587
5.913875
6.951662
13.526044
19.249244
13.073330
10.693598
7.246844
7.643178
11.387158
15.911876
13.024512
15.745775
18.114439
16.147473
14.895077
7.995447
3.258469
20.214193
12.154858
7.183001
17.773970
19.513150
15.480422
6.916242
7.395916
35.373935
3.777809
10.429889
6.615699
8.302515
11.957409
10.595249
11.709506
12.224935
7.229856
16.422642
18.133037
16.890383
24.082004
11.009558
21.840344
9.811452
5.404904
11.393483
15.547665
14.036937
9.979848
7.594079
9.578865
8.730889
7.442062
23.174838
11.871566
7.026379
18.426686
7.358057
7.479269
23.730134
7.851645
10.909576
18.967851
32.602475
14.080910
10.665631
15.417531
9.806581
3.330817
8.744890
22.914231
10.728132
9.000238
14.855004
26.539481
18.088008
6.352008
7.364795
17.956329
12.922853
12.943174
19.659684
31.289466
12.749381
16.748199
18.019266
6.407264
12.538589
9.889175
9.552502
16.482057
17.303371
11.541864
6.276206
20.595030
12.591083
15.144860
18.995946
9.758428
6.827899
16.930534
14.302049
31.871491
12.473463
10.126869
14.593060
9.709997
7.583961
21.069815
25.899298
11.611132
12.684924
5.017109
10.287619
4.657422
4.841554
14.943683
15.409543
16.722419
9.747348
32.037428
8.407877
23.026869
4.427191
18.320151
16.323994
12.540728
9.357212
6.309525
24.803801
12.785342
18.265140
12.340515
6.521227
7.300449
7.634062
15.367110
11.298546
7.538200
12.186926
6.554354
9.375498
9.381539
23.095520
13.525670
11.933073
6.345906
3.851496
5.684219
26.907770
21.016418
13.179662
20.000504
11.747874
23.811047
50.146822
13.619023
10.191728
4.679164
5.798568
15.304774
13.936730
20.992056
16.089502
15.768696
11.775997
6.219675
8.530427
9.563468
11.761353
20.430257
18.195789
5.140400
7.865828
22.408226
8.854723
6.852350
30.096642
11.649059
12.985414
13.330152
4.258109
3.687377
18.076837
9.825626
6.023472
8.339380
9.551450
15.257503
11.611174
6.933062
5.063039
13.265181
11.457921
35.091392
14.451263
22.531648
7.280568
9.215483
8.704966
21.487888
19.188096
4.930502
11.193106
11.329675
25.484219
13.823858
30.256744
12.925899
5.874796
28.367016
24.427190
13.500716
11.910656
9.674450
7.906007
15.948492
9.194760
29.427407
12.751113
18.143919
6.420894
8.328557
15.434408
13.021046
7.884850
9.513718
9.107754
11.444655
15.168875
17.522487
14.359907
9.916352
13.721159
5.828884
4.417641
14.252073
5.446811
4.301657
19.447143
6.613652
9.946311
8.350858
15.359245
8.011826
8.101542
4.559240
11.255638
9.976405
10.415819
11.735655
6.713768
13.662460
6.863742
10.575224
7.601998
13.144709
3.664062
30.592870
7.853496
12.974020
17.111182
24.116656
9.535663
5.856312
20.713429
8.937407
8.367192
18.384577
10.947382
15.742650
12.410415
5.681641
5.397548
4.636538
18.755532
6.207739
20.020244
12.635388
7.955106
14.435233
7.233409
18.016414
9.335283
7.237158
19.945166
41.131725
18.225806
5.891214
22.173179
10.874957
17.794023
20.453215
10.620684
15.796773
19.922224
10.440403
14.348776
6.855425
10.701262
5.131509
10.324512
11.138602
13.797908
7.583646
14.743902
6.674861
9.319722
18.094338
18.167373
10.587175
29.574825
14.199608
8.730567
6.813432
9.500775
18.839826
7.276308
5.766748
12.200078
12.437393
14.562298
14.023356
9.971790
13.010881
8.951109
17.404862
11.095917
23.418434
7.962359
10.787651
7.791946
5.798864
9.798754
12.505485
10.551112
8.663172
14.081832
6.211573
12.039372
25.399701
13.721382
10.495002
8.182691
5.335954
9.965364
15.234104
16.476871
14.101179
18.298689
5.663656
24.206985
16.563455
17.562177
32.382067
15.846176
12.589009
14.167912
41.442530
24.415487
18.105385
11.677092
15.177938
10.324291
8.258104
11.959559
11.459422
7.429037
30.056290
12.015721
10.285743
16.325404
12.242605
15.238095
11.193457
9.955388
9.570535
6.532125
27.108208
17.809095
5.473325
13.722084
6.171741
4.913367
11.603462
17.020025
8.258205
18.359617
17.158447
5.397164
3.015622
6.777733
12.116848
18.089319
23.237874
9.070074
7.972516
10.283489
14.466093
23.160542
7.789278
13.718693
25.044856
14.936969
23.388569
8.271305
9.898058
15.858448
7.751854
7.603076
6.499958
11.605191
12.172044
3.116547
8.088627
35.165358
13.186408
7.528079
12.493713
14.190073
7.284706
9.444850
13.312571
6.873945
7.042125
30.274284
13.656993
11.263202
18.266171
17.726870
11.962233
13.017794
2.609004
4.943577
7.031138
8.299049
13.369196
14.595278
5.858137
9.438257
12.430709
20.347873
6.564318
37.189032
13.132748
24.575406
9.273799
10.439404
12.319460
15.067972
11.687950
16.927281
12.387952
9.987203
7.226151
15.863869
17.084764
6.521761
5.552006
6.716377
8.510946
8.939654
19.240838
39.201149
7.251773
12.202984
23.975263
10.853173
4.335547
9.791868
5.763045
10.716879
22.930862
12.223101
14.395450
7.602197
23.382522
26.797210
11.888515
5.502594
11.887608
17.726939
5.191013
2.892158
18.959780
12.906857
6.760592
20.827389
14.351984
8.641218
7.696461
27.429093
8.573178
8.713195
4.746424
3.850006
9.832909
22.603804
3.896771
5.440323
16.095356
12.127092
23.154007
12.066972
15.674054
8.140292
6.857234
10.271540
10.468141
17.689452
4.829050
17.026884
5.168556
16.042205
4.493247
5.874483
8.003058
7.620906
16.508097
12.137312
11.210589
7.939047
12.777731
4.942613
12.043630
5.000813
6.319971
11.696223
25.536647
35.517642
8.844605
12.588989
15.725957
20.895742
4.950939
6.230720
7.551442
9.264181
5.519657
5.581258
3.930688
4.121707
7.617279
6.375681
22.682785
14.584556
4.407805
6.990391
12.841736
8.979736
5.072608
13.969607
26.264383
8.111685
7.119635
10.611672
10.626408
6.830217
10.260733
13.860963
8.163760
7.178913
12.745721
8.575156
7.891648
6.773706
23.574883
11.187653
6.620911
11.373668
34.162222
18.423316
9.223616
30.848529
27.485949
16.264464
15.863209
15.318315
13.677189
11.372459
19.684635
12.234010
7.034430
14.348301
6.491019
5.311563
5.234826
13.073880
12.288752
13.501786
10.179142
12.639874
46.229174
16.695117
21.463059
16.407772
35.272874
8.956195
3.784755
7.072257
9.044776
10.048989
11.516404
12.544812
11.472395
13.819158
10.442840
16.863616
16.583937
23.209143
11.472031
10.065648
8.601006
11.092655
13.784970
16.833522
21.715561
14.637283
31.047401
16.475356
5.756985
19.617732
11.932247
12.689939
24.657160
9.854131
6.004280
13.017671
4.104435
7.380075
6.849905
4.087179
6.591060
15.718413
24.871051
17.465600
5.176582
5.325004
12.861952
9.073728
9.700293
10.451796
8.278854
7.970512
13.052818
16.999044
46.616132
33.885859
29.059279
8.818401
14.934723
7.459736
23.043840
21.599984
7.512510
13.784952
6.415753
15.198765
5.105520
12.366162
8.198521
13.634444
23.052181
12.577550
19.858656
13.933117
9.077404
11.255322
16.556570
14.526485
23.359711
6.853735
6.684791
18.026246
5.748360
7.222780
12.493943
5.534247
18.510594
8.678424
4.477003
10.874359
4.516500
8.433554
9.362207
7.788381
7.222582
9.052537
6.863005
14.719206
15.150502
25.265882
4.238141
25.136895
22.574082
14.746347
15.472574
25.262076
15.932622
26.873098
14.304275
7.974708
13.549608
26.814110
11.423691
11.733070
14.325046
10.810322
20.401858
13.240496
27.230565
8.262611
6.642237
11.582202
6.577811
4.875328
34.303636
17.279872
10.929939
6.980377
13.207133
13.247559
15.508397
16.028077
12.970168
8.701028
8.406366
10.956362
5.551735
18.965796
10.059582
5.758145
18.731967
13.111629
9.116158
9.975460
10.968561
8.042226
11.413338
43.695494
7.623061
6.709840
16.640768
8.574769
10.499551
12.715519
11.336479
3.603162
8.952592
17.756925
12.764285
7.858942
13.890101
13.049415
20.358481
14.069134
11.112476
14.268210
21.844851
14.762172
11.265807
15.975301
38.016174
8.789474
14.342754
15.973551
8.139729
5.779994
13.497900
8.064702
16.600896
5.840150
7.725339
6.378677
12.991674
7.900635
25.527220
7.768175
10.562346
19.594467
14.156671
5.984177
15.809149
4.730615
13.433491
22.469141
13.993035
9.085921
21.139434
9.253427
12.049653
8.037222
8.114198
10.619403
13.114303
6.481246
29.167716
8.589074
11.569810
13.855998
34.982741
26.108889
3.721768
20.607718
15.577243
8.145401
15.825566
10.514862
9.245359
21.129326
18.468680
11.108353
14.078382
8.455477
26.734415
10.413326
10.537255
6.605418
3.714503
8.746847
13.288438
6.889856
12.612651
7.754122
3.485334
6.244779
5.953603
11.185831
9.083045
12.503768
8.486035
11.371869
18.856918
8.775419
21.189305
21.518445
11.449009
14.486907
8.416697
25.671741
13.123257
16.788340
13.153516
17.320537
7.055528
10.331064
12.655700
21.373820
13.612542
12.806683
11.238860
40.143273
15.467807
24.957396
11.699841
14.544372
11.781001
13.906437
15.081300
16.339124
6.220522
10.672636
17.498058
10.913407
5.937589
7.008429
6.825224
6.241621
34.219229
8.687774
14.205929
19.786211
16.845540
13.664150
11.192528
6.371984
51.127047
6.768412
9.783085
5.153649
17.089029
16.200690
14.066951
16.346419
11.670945
12.164682
5.693847
12.022561
7.120525
8.923720
14.362667
8.891323
38.172920
13.770704
10.497269
9.149135
9.360047
8.559982
9.112963
9.193450
21.081169
22.101120
18.572164
9.694397
21.920417
11.561894
15.256196
11.187153
2.899846
13.659269
9.441704
4.470050
3.920363
5.284550
15.592658
9.849270
5.449213
7.898736
6.366410
14.642844
8.659520
10.235665
5.412997
8.746468
12.856131
5.010301
5.087151
17.402810
13.095997
25.021288
11.494500
13.533109
11.867470
18.433575
24.879973
19.559480
6.464461
19.719790
14.786839
23.882187
14.634762
4.553806
9.604065
7.651311
9.212971
7.538150
10.415238
11.037013
16.641259
6.425311
11.937119
3.420110
11.949677
17.071045
5.030303
13.244528
12.554649
6.401642
16.797993
20.029000
6.333716
24.288450
28.475973
11.424015
13.936706
5.785723
9.795735
4.314359
13.373518
14.258635
8.753137
18.127214
18.454744
11.458932
10.613149
7.047429
5.707324
17.002400
13.318707
11.446467
15.500753
11.267732
9.427810
3.722862
14.947027
22.292023
4.920462
6.279930
26.015976
10.502287
17.320926
12.900635
17.864614
16.357722
20.120703
22.589962
10.228407
21.721382
9.639406
7.689690
11.471530
54.678868
26.563655
17.062547
7.101162
8.030816
7.283087
10.730847
2.310317
8.856589
5.916198
19.601375
16.106631
6.191710
9.093355
12.631784
23.355757
16.809518
8.918283
4.534811
6.949459
21.673188
20.559921
7.688430
13.474592
9.142224
13.510264
33.853782
5.735910
12.355527
10.996038
6.860507
8.478629
9.725120
27.297440
17.908529
12.153277
5.767149
6.271600
10.938363
6.876350
8.690795
6.189078
13.210314
3.431969
9.861888
14.043254
18.881111
9.451180
8.412169
8.371000
13.714750
22.892516
5.459335
4.891921
11.088953
23.777996
8.493090
12.109274
16.548291
13.464324
19.201872
9.460929
8.789207
7.430344
16.846673
13.180835
14.597949
14.271757
12.971377
12.252978
11.970114
15.727097
20.262737
8.189499
4.356531
4.947028
6.393284
23.066919
10.980679
20.830335
13.757510
16.072496
17.745832
16.364254
17.655576
16.731817
13.152038
13.754639
6.555288
7.070920
22.566118
7.975759
14.070228
7.451876
6.378006
21.942133
13.405921
7.042509
10.799479
15.465884
10.742994
25.545139
11.523651
9.733586
7.551987
25.200449
11.369970
10.342801
22.592592
7.984661
24.377185
7.256864
13.451817
8.645290
7.053422
15.165489
4.284794
3.612295
15.187221
13.165861
7.232337
29.283532
3.141235
3.315397
18.269566
11.086204
4.482462
9.852083
14.394483
16.581467
37.197953
19.011385
13.357400
18.839146
18.460082
8.500412
12.527008
13.321485
15.077636
15.627237
27.726761
10.153766
6.639194
5.512935
6.762998
10.948471
25.678969
16.238558
6.091817
4.962325
7.138580
9.015585
14.140147
8.827547
24.347303
15.069547
8.433441
12.008415
7.819242
21.512104
14.469069
12.850083
26.057440
5.054925
6.107846
27.370458
10.539300
14.639424
13.368690
19.993358
14.389571
17.555813
5.312162
11.050105
7.746396
7.094468
13.163781
4.809779
11.658247
32.955294
