34.403139
97.294424
31.478415
81.000904
31.869580
61.568545
32.137150
116.995509
36.512723
26.020272
48.509689
51.391412
35.163693
47.201746
69.776048
32.353774
38.659103
43.986887
51.834130
47.065457
44.361654
34.592280
59.548920
77.264168
38.017136
35.461989
68.502949
55.998773
69.205555
25.910210
39.500241
51.697671
103.734766
31.425889
70.581067
9.796225
26.628605
37.917310
80.262283
37.560306
50.320843
48.112370
61.147985
36.934248
28.486463
76.120049
74.290739
26.091856
54.117015
43.348620
57.673493
69.873818
61.891370
35.584698
75.188808
63.144353
67.091972
50.145705
23.166263
44.924623
32.081035
28.342535
74.597608
42.296603
46.535247
41.057050
26.506708
65.497000
65.667806
32.923623
50.632230
55.523374
35.942936
41.222280
31.899203
92.861768
23.725954
83.099854
39.869961
48.226753
56.184352
38.984900
67.923399
39.688121
41.228542
90.582022
72.177827
44.496089
58.195231
29.920471
21.490240
69.726900
51.708351
26.069550
46.252441
29.213968
60.833858
39.999267
46.978997
67.351694
28.601632
61.246545
44.339692
14.947794
65.500398
64.818930
84.498254
50.873258
49.601754
94.475533
36.688607
28.284169
29.731740
70.926576
38.406061
82.197894
47.162759
54.444523
42.719996
66.673255
46.978810
37.225374
62.660408
26.374633
51.865197
55.319699
42.916743
53.654232
35.730242
52.441257
77.876584
28.973555
46.913699
48.990964
35.135950
66.519396
54.691762
59.896300
36.128013
54.500011
35.092930
48.129032
79.362727
60.253737
32.477980
27.127098
60.711949
62.441853
41.576296
108.331228
21.763697
61.701022
51.257562
45.219944
42.503723
56.015297
53.403869
50.295252
89.236472
40.825332
35.911404
66.703164
74.460141
79.862509
28.921469
101.026991
67.023619
31.423588
56.598205
50.434348
54.475543
51.493732
50.604763
67.691477
72.850649
79.742797
41.862950
52.948632
52.768685
88.664576
95.401658
54.772142
68.169655
58.971877
75.584689
49.212519
76.038674
36.893037
79.754459
60.789400
43.771082
31.010745
44.950866
45.237309
39.016527
23.674187
64.831264
48.977681
36.703561
51.439489
43.843956
40.842519
30.617364
54.101256
68.014909
28.772361
78.298118
123.776124
43.077015
43.623703
43.626874
64.054866
44.379693
49.052314
33.486026
46.408605
30.929171
84.045040
53.202693
22.629401
48.614985
46.625256
59.553928
71.056328
48.227122
40.646146
67.009765
79.831583
35.965974
31.465181
51.582539
14.078825
31.655387
25.454160
58.878253
21.922183
66.977880
69.131634
67.805017
23.092753
48.369754
33.004361
41.589009
66.481132
28.225560
63.081094
49.047170
52.026149
54.021661
36.787362
37.589983
46.988997
48.478057
62.101370
69.172243
38.448346
50.630664
72.619311
73.403775
50.792300
43.655576
71.541094
30.518833
67.246587
29.009762
53.089890
37.910681
19.831554
61.530171
39.407287
35.334289
45.571191
89.536129
61.738553
74.299077
45.607080
74.544499
48.626658
80.961809
34.607360
33.748563
91.808195
63.620860
74.861594
67.898975
91.744784
150.323561
70.668337
39.471511
40.365330
75.134516
40.866350
50.609122
70.276884
48.686275
39.533909
32.482836
33.958216
72.271244
50.431507
52.448711
42.669170
90.772362
65.504134
37.904674
33.328082
57.959064
97.457680
79.325300
60.053120
107.038147
32.478408
66.270151
54.135798
39.877025
52.174664
55.687200
52.213783
52.662137
38.117409
33.610310
62.374003
51.173660
38.861837
85.865351
27.980976
29.376047
43.001233
62.213312
45.213466
61.880684
41.808996
79.150650
44.839018
49.006072
58.786430
81.140595
34.188761
44.633463
76.165133
62.054980
54.453893
47.029807
51.620343
58.284078
35.046809
48.550454
32.114630
39.369144
70.411668
49.572125
78.234443
81.491844
40.661315
83.949698
60.896227
61.684378
41.866958
56.476684
27.240665
81.827778
59.709060
43.597128
88.685905
61.023253
66.048909
87.292743
63.112762
30.619017
44.580229
57.099254
34.498911
65.585283
67.323809
47.317183
91.985838
44.295930
54.633082
30.627037
29.380506
34.604027
37.333427
33.296344
83.190169
58.936845
63.353667
63.803649
82.032362
38.903029
47.907301
30.041557
55.327763
24.927211
89.761664
58.555943
119.158595
35.421625
55.326329
26.205847
35.655407
106.720300
44.854416
41.669873
98.424035
81.804426
45.997333
64.232610
44.968663
80.902922
43.311268
37.623927
88.857860
80.626588
92.461960
67.169384
68.087742
56.259821
85.455800
67.035288
34.208357
109.344963
68.392862
49.830014
82.489598
87.614474
66.690325
44.634919
54.161441
50.535049
36.001207
63.819769
84.953765
31.433177
30.813424
71.031846
26.079187
38.839571
23.220752
111.886159
85.888872
38.188321
42.746569
35.790817
45.840370
44.092000
49.883310
121.599637
46.024666
67.556595
48.665881
35.358762
49.182575
39.520185
47.120609
67.577211
39.825363
54.281427
84.677620
55.325397
28.870456
62.707722
62.989404
41.483063
81.570226
101.193575
66.140877
33.375320
58.130009
56.934746
71.921653
40.368899
52.242955
84.557625
62.743908
55.941034
32.564732
69.825333
72.632824
56.373115
29.162138
86.896586
37.828403
31.744907
58.683841
75.754186
62.155996
61.559530
61.419441
66.994119
51.745218
46.187086
59.097390
69.488706
38.421263
72.467603
58.606408
86.768961
50.408702
51.443791
71.891113
38.335478
79.058146
25.470853
30.832769
74.379034
75.734721
60.923828
36.861638
34.560476
45.588984
56.525623
64.363804
49.534573
50.141027
41.082830
44.480511
21.531370
47.323453
65.023946
81.025345
52.192455
38.630148
64.848739
25.765558
52.012934
66.738894
66.267256
75.809796
41.382679
55.324196
63.731889
59.194057
63.939292
30.112411
48.757166
70.814479
67.076705
60.417049
62.276294
27.400974
54.222857
73.254026
36.769839
28.966497
42.333163
67.921219
39.920187
36.994424
77.140798
47.242510
82.184517
53.308180
65.960438
46.100582
57.605334
83.805414
72.894891
66.047003
51.013471
41.698708
45.822183
49.047454
30.503980
20.293494
91.427359
40.822365
50.599523
72.632439
65.537289
49.660351
29.700335
45.059118
90.720532
52.486325
32.208895
87.051702
61.020138
80.092375
67.669946
48.759091
22.204818
31.117482
32.975932
62.731045
55.937570
37.827697
38.747626
40.781759
40.024049
50.312322
55.200064
28.458644
55.619613
37.409123
45.257623
64.505327
38.997345
29.958842
34.430853
39.734046
55.699662
50.993655
29.145331
54.191653
27.093640
91.299224
26.424960
51.182116
68.118571
45.875250
58.358755
60.523746
46.515456
85.343000
62.034703
22.300810
67.479014
22.769709
49.472191
102.650465
59.929978
50.090385
34.507832
77.229800
63.338803
32.508644
42.975754
48.031745
69.976830
51.498634
45.223567
51.423619
28.195094
34.865673
35.142847
130.315771
40.531012
25.345169
58.148183
35.141508
70.055551
77.896972
41.792446
47.032295
60.952359
69.830885
70.790553
54.544071
45.177166
40.390289
76.651231
72.854746
55.615367
52.543844
47.093299
76.046092
24.907230
64.005962
61.255812
87.199146
59.088137
57.832359
49.482671
28.197474
34.223990
37.626731
59.063626
49.211704
39.032612
64.878109
75.667309
39.403251
39.569324
30.045669
48.392444
41.016713
100.869286
43.484724
56.160814
80.639020
36.275619
76.983328
29.277803
64.513472
35.958066
35.238400
75.348958
65.665627
94.539850
54.711775
54.326427
60.509982
90.303114
58.413855
92.424582
78.894122
62.529458
34.888664
45.558087
57.905929
74.305044
28.631972
50.586854
81.709342
48.902407
40.410936
70.767797
54.829303
46.654901
54.091059
54.714276
58.143873
60.856383
29.451670
53.398881
63.159377
54.528333
45.386520
29.639699
66.925219
51.331275
57.774613
70.299898
69.522507
41.351441
65.124264
54.309755
33.617902
41.731716
51.569875
36.775131
78.567648
34.862897
78.115122
45.278460
49.532010
26.458025
37.922695
70.647363
70.374943
46.302837
42.164093
83.394912
62.734817
79.332498
67.903932
26.846660
65.563546
61.033299
33.305465
24.730208
36.640785
42.199679
43.351013
48.522473
31.806480
57.483397
62.718735
63.326829
25.099207
37.582867
71.150051
61.751355
45.136975
54.653392
70.973857
52.671180
35.102124
38.971831
46.096043
57.739597
57.304462
50.651081
53.294890
27.122391
46.325246
74.700703
44.937470
39.493849
60.099972
64.085764
71.014631
49.980907
65.628184
62.980489
84.590959
45.151911
40.983312
67.495891
36.685817
57.620888
46.318107
30.040249
44.756028
77.344255
88.225162
36.916835
50.708721
51.110868
46.102917
39.488118
53.839225
35.908615
58.179162
49.446496
31.869782
34.905746
75.694652
69.867108
32.185681
37.525990
68.515350
49.930551
60.998628
82.229053
66.674240
70.866370
56.814433
41.390701
84.603845
89.638673
55.456505
76.708260
75.044728
49.354463
73.038368
57.221995
30.231967
55.051343
87.642317
46.663043
31.905977
38.994786
86.221212
38.072551
67.560031
65.225838
32.009200
61.165222
29.110910
27.766556
38.051120
29.851149
56.839330
52.465341
27.534612
48.700732
120.895685
30.198992
37.247703
124.763932
94.864258
47.436955
27.848383
36.589059
39.973204
67.050796
60.001237
35.390746
86.004379
62.112776
36.514380
51.537143
39.359853
38.662235
94.102936
32.641472
72.560418
44.975061
53.766461
50.772612
67.055335
38.824998
57.512059
59.410278
48.499899
42.794241
64.401161
81.825786
62.941487
43.751183
38.223155
40.704395
43.231752
28.990126
77.286334
58.605249
42.900497
61.907109
56.488536
40.943708
82.958079
27.899442
75.694527
59.491810
111.118508
56.905309
68.941516
63.676611
48.426945
44.956578
110.876679
33.304534
46.708605
66.718902
22.538550
57.249364
39.709374
44.136212
40.513405
26.995968
44.406814
41.615249
31.138946
54.878201
30.774368
41.937713
38.476519
30.994312
39.486528
43.975590
58.598509
36.489219
31.134408
35.769558
27.557532
31.441325
72.674260
22.389604
41.927687
33.971429
36.042335
38.668021
62.528868
68.826789
72.300320
38.611168
36.631370
99.511763
35.682078
72.473097
84.906693
58.873212
23.147937
50.165139
20.380246
45.552434
44.448169
33.781840
61.742937
40.005712
43.439987
34.318758
57.411652
60.175959
56.778288
57.601691
73.361104
33.953014
45.568428
56.494300
46.111967
78.153398
26.835379
27.123223
54.516254
80.341858
35.604030
39.306447
19.849101
44.771584
39.662833
32.530347
48.844163
30.449101
79.101139
54.480053
70.012259
25.376574
101.333093
74.974382
33.108065
40.526682
34.254048
61.807773
61.941196
53.847671
51.774335
49.067267
69.055383
40.622709
20.967702
56.377910
82.830804
48.333995
31.359044
41.376209
35.067264
57.944380
67.934352
32.104311
39.525532
56.881994
59.499246
101.650150
41.439491
66.063578
58.642320
33.814454
68.144000
59.220375
28.581338
125.875363
36.255969
57.989159
42.764621
70.035233
74.036334
37.225386
39.782963
63.512941
52.300236
29.553890
40.821467
20.046626
49.830777
47.914262
22.904544
40.379278
69.025972
46.085177
46.674711
56.456294
29.613801
48.441446
43.978024
53.414207
39.166174
47.894010
41.811915
32.678224
87.829614
40.240996
63.264079
65.334745
39.950154
103.432406
71.040525
41.742577
46.003756
69.729523
29.800797
51.048624
57.242199
27.827808
38.370388
117.602812
61.369235
40.903309
64.863025
63.976077
82.214761
27.693292
78.415941
57.520207
57.259736
44.137322
75.768703
21.150604
70.731975
25.723822
38.298867
49.435798
48.403423
55.865673
82.672323
51.883708
52.294200
77.449498
42.815767
33.446598
31.511554
127.310640
30.707642
45.673640
48.508560
45.602005
43.374402
69.304519
38.708113
57.572328
106.860202
44.863291
59.380251
30.730398
37.586713
38.880670
67.869422
48.685700
56.591912
40.325458
44.316576
31.924993
51.671645
32.974643
45.623969
68.833116
67.440670
54.415964
52.942872
53.447301
47.275341
116.796416
82.912416
38.175429
77.302939
40.890659
68.246880
54.676198
68.909254
48.153244
75.806239
80.939063
73.500312
55.890478
39.154239
35.826567
34.076131
36.231320
37.055136
44.195440
77.902708
36.216748
48.362567
43.602947
65.782445
51.525139
34.131389
48.972310
33.248570
41.721303
27.068413
52.130166
45.939064
64.378105
36.141619
51.015116
37.493182
35.484284
63.410692
51.997678
26.526962
50.136386
41.042233
51.497620
73.097815
90.687482
48.014050
51.975349
39.038143
28.808510
34.097090
82.303790
41.918602
78.394017
50.477872
38.865978
17.954350
120.606300
46.404568
64.580050
63.966062
59.409296
57.106826
30.656518
44.498778
57.000138
72.137115
34.408356
54.816111
38.781282
45.522356
52.082020
52.373334
32.744309
62.749988
56.057267
67.677334
46.117264
67.640160
54.010653
22.817039
76.988089
56.503213
40.464837
62.990265
54.031038
30.049836
48.672879
30.399255
99.417347
37.423120
112.229787
70.619754
37.111684
23.712890
102.355768
68.924144
42.090908
52.320000
36.521459
23.931371
42.209195
74.520903
85.803157
55.597007
40.256068
48.585907
93.176170
87.409912
43.642230
72.194363
30.021604
95.684197
25.907713
39.142945
72.824062
53.735247
43.854519
36.617563
95.914110
58.948277
70.531836
72.358443
47.495523
40.911626
58.806219
53.839738
23.659904
76.719607
58.499306
61.942810
32.322509
66.369528
41.253748
87.939186
32.040141
59.860172
51.732628
79.273008
33.379370
29.084899
25.975252
43.210914
55.284682
105.665390
56.255991
84.030624
37.582860
37.713915
48.141631
39.819120
44.294272
64.973883
50.670641
19.448367
30.812329
80.782334
62.211703
48.430038
41.743454
49.784291
37.057528
13.783976
45.847689
83.667154
71.685499
67.773938
26.485269
54.441759
36.554401
32.433646
68.004345
56.482788
107.756813
71.987294
45.899261
58.987420
86.233495
43.642710
64.157375
48.390833
53.569024
42.359460
62.893962
81.903501
54.384365
63.873707
25.246362
55.725838
56.714327
37.181883
22.980153
81.674689
58.360923
65.429292
75.992022
43.427348
43.000922
49.845727
75.754507
58.371567
65.796082
63.537141
38.079692
70.064788
88.657010
67.830442
72.557139
63.315778
47.245231
46.686474
54.098374
55.299359
49.996441
63.219941
34.247541
52.748431
50.406511
35.962241
72.219940
61.102702
97.531366
41.926902
51.439187
44.661274
59.843278
120.463617
49.248343
85.102663
31.284743
42.116924
54.884323
36.742766
37.208657
59.228835
79.401241
34.558023
66.191943
16.126865
34.272580
22.029244
70.483091
67.864120
42.896740
67.515772
46.405065
23.710854
25.600549
46.637114
147.005609
37.590038
