0.001996969909307965 0.04516199591736865
0.002994459926259866 0.0611832697638497
0.003991004161655165 0.08027152463369118
0.004986556235342882 0.09260981067629823
0.0059810701450794665 0.11062712442120654
0.0069745958820490415 0.12332138998895992
0.007967183527141377 0.137177487211198
0.008958739035873946 0.1424427202563331
0.009949312239279546 0.15918350324167346
0.010938953057598372 0.17089908472060533
0.01192756771399315 0.18315845241122578
0.012915205880397166 0.20125966094102732
0.013901917317457215 0.22537908872163687
0.01488760851449886 0.24239209407105847
0.015872328985397366 0.2504796646339603
0.016856128332251433 0.26713935906486935
0.017838913309079128 0.27650505555124166
0.01882073327272871 0.2818302066314336
0.01980163766778576 0.2902660197606176
0.020781533511502304 0.2978694769096074
0.021760470004720298 0.3096341601552804
0.0227384964355369 0.3233090394931361
0.023715520082991104 0.34113265519179026
0.0246915899929294 0.35610682889352313
0.02566675529797492 0.3724625003787411
0.026640923537518436 0.38007000856485196
0.02761414360341143 0.38966608696754074
0.028586464473807673 0.3949866326655119
0.029557793947025554 0.4008884168867299
0.030528180761912674 0.4001157730300733
0.03149767374314778 0.40525951084229944
0.03246618094656456 0.4122202867522602
0.03343375095898758 0.42513556320897655
0.034400432452605705 0.42451934999152546
0.03536613373936628 0.4414475668105583
0.03633090325504253 0.44234697109282406
0.03729478952030845 0.4403748373147791
0.03825774755686873 0.43978304347457287
0.03921973274033957 0.44271619079767793
0.040180839895879755 0.4470481960143059
0.04114102416504692 0.4617388240283457
0.04210024104130309 0.47065833581894806
0.04305853861168917 0.4797794747654541
0.0440159650470801 0.4902002507617171
0.044972429503163165 0.4913378607609635
0.04592797991909874 0.4932991946547399
0.04688266431742959 0.5029803698312728
0.047836392104011034 0.5020784780794528
0.04878921107105405 0.5126512013146263
0.04974116909370445 0.5192590694804944
0.050692175826641823 0.533139362487589
0.05164227891605039 0.5322520095511387
0.05259152609060469 0.5374220037144573
0.05353982725247584 0.5361444778991973
0.05448722990273472 0.5424161430201193
0.055433781624501924 0.5386675382997076
0.05637939256611735 0.550461516902305
0.05732411008444353 0.558534277473216
0.05826798161795533 0.5600162313610946
0.059210917559849245 0.562372910797814
0.06015296512367573 0.5630664964100822
0.06109417160416361 0.5619582759425481
0.06203444763806393 0.5693717036041825
0.06297384029650281 0.5713787804706341
0.06391239673135424 0.5820763133209482
0.06485002782163175 0.581729779746949
0.06578678049691672 0.5865694047653328
0.06672270176711091 0.5916805334167909
0.06765770275220853 0.6107982723856038
0.0685918302411171 0.613267094262483
0.06952513110264087 0.6194296965396495
0.07045751669648229 0.6169136848859291
0.07138903367173838 0.6148316490019373
0.07231972875698174 0.6187025460145926
0.07324955841092717 0.6237106477662692
0.07417847942258367 0.6339231516530945
0.0751065832417167 0.6523477230045005
0.07603382643973734 0.6544898625022839
0.07696016591654008 0.6487520652101039
0.07788564799830391 0.6503877603532493
0.07881031908971466 0.6596792760085761
0.07973409134044687 0.6593438527948206
0.08065701093968791 0.6599891002366517
0.08157912415472153 0.6582113521796809
0.0825003433695303 0.6548675026300171
0.08342071463713845 0.6551569308788987
0.08434028408825979 0.6602735588708042
0.08525896433996379 0.6709440429963281
0.08617680130993272 0.6792274323155675
0.08709384099313451 0.6817369606684693
0.08800999623851391 0.682612731898413
0.08892531282922475 0.682689377916014
0.08983983662530579 0.6914385658983798
0.09075348070637457 0.7087529610671519
0.09166629072186261 0.7226497541876897
0.0925783123976885 0.7300735496796005
0.09348945904294928 0.7308522403760733
0.0943997761741528 0.7270630013408634
0.0953093093838994 0.7260772756752496
0.09621797220958114 0.7233826903286379
0.09712581003557381 0.7304517031322231
0.09803286832195376 0.7329347360642413
0.09893906083323284 0.7334693146309571
0.09984443282243886 0.7330354069870082
0.1007490296179116 0.7371163576300569
0.10165276521011603 0.7376436777085186
0.10255568472150921 0.7451797794500667
0.10345783334947442 0.7512420083931524
0.10435916879820174 0.7554286235440706
0.10525964908248814 0.7628934035085342
0.10615936275846319 0.7706955050566506
0.10705826763695292 0.7825862870709015
0.10795632183773766 0.7884101736252043
0.10885357018158953 0.7840462996242337
0.10975005756331739 0.785166321206091
0.11064569871825583 0.7822251823226836
0.11154053833914669 0.7767447342551004
0.11243462119239239 0.7824748872813974
0.1133278622343256 0.7954277321813017
0.1142203060304055 0.8001280643544668
0.11511199721937826 0.7999297028329916
0.11600285097745383 0.805709942015953
0.11689291174354946 0.8002700382122057
0.11778222402949864 0.7981810715705531
0.11867070323027602 0.796860285443141
0.11955839365899129 0.7946792973029312
0.12044533970130211 0.7902246539683773
0.12133145696984365 0.7959051990674322
0.12221678965264568 0.806716655336577
0.12310138200992066 0.8100472914851781
0.12398514987086802 0.8235131103896534
0.12486813729915897 0.8272931820986342
0.12575038843028463 0.8292008630678577
0.1266318193089209 0.8252980124335808
0.1275124738750952 0.8317119899023715
0.12839239614029527 0.8385779251507686
0.12927150236359308 0.8462734797402072
0.13014983636208136 0.854466369969825
0.13102744202395547 0.8552260753571459
0.13190423582161168 0.8555703563546501
0.13278026144991023 0.8455521327966871
0.13365556267445955 0.8496495353969038
0.1345300561799158 0.8537882174893751
0.13540378553960325 0.858561520752696
0.13627679439724227 0.8627618273766928
0.13714904173719555 0.8692963420965889
0.13802048683493573 0.8675019591427432
0.13889121530149104 0.8588877857903302
0.13976118622177375 0.8573307111747174
0.1406303589703057 0.8573955742245407
0.1414987768394988 0.8560111733441682
0.14236648319134895 0.8601064595701694
0.14323339541046426 0.8625245998425921
0.14409955666999857 0.8667466026342259
0.14496501021234662 0.8760699200512969
0.1458296736298534 0.8864932790479556
0.14669358997708593 0.8871072581217371
0.14755680237751062 0.8934511459516854
0.14841922863018606 0.9050307927312203
0.14928091167175706 0.8986623919488065
0.15014189450742946 0.8980293258645942
0.15100209514195892 0.8978739490379211
0.15186155639472776 0.8947608246355634
0.1527203211533427 0.8880459310786801
0.15357830762724786 0.8865884718901555
0.15443555851921648 0.8808680978396973
0.15529211659991243 0.8847266408875194
0.15614790028246656 0.8984010311355041
0.15700295215369128 0.8911794821269883
0.15785731486795812 0.8952642417579529
0.15871090704109014 0.9000023277316161
0.15956377114458167 0.8968289640082059
0.160415949717157 0.8961422980740705
0.1612673615763441 0.9050978287151984
0.16211804907895633 0.9005347093744591
0.1629680546487103 0.8993348338718863
0.16381729730385863 0.8975187957505397
0.16466581928716567 0.8949385435467929
0.16551366290797462 0.9006841863775784
0.16636074738428946 0.9169880434653769
0.16720711484545198 0.9274728132907955
0.16805280748706097 0.9383380336187381
0.16889778550136067 0.9418743831258076
0.1697420093539811 0.9418133612231451
0.17058556190285548 0.9400679359803186
0.171428403435172 0.9423629374668148
0.1722704945101387 0.9482467873344615
0.1731118769948496 0.9508135187542179
0.17395259282191267 0.951014592843556
0.174792561868234 0.9540265942813133
0.17563182588953621 0.9606490791506992
0.17647042670674146 0.961447927114913
0.17730828439236873 0.9612178400793756
0.1781454405913736 0.9642384789910392
0.17898193701359894 0.9644101223211812
0.17981769392623956 0.9639475370624698
0.18065275286408325 0.9678145260782949
0.18148715542649507 0.9698176495658428
0.1823208220744152 0.9787930517268062
0.18315379423305805 0.9881157036650842
0.18398611339190735 0.9924634713364933
0.18481770020472477 0.9935376099558779
0.1856485959877407 1.0023598201858428
0.1864788421211494 1.0001523728639201
0.18730835945061622 0.9965912066829276
0.18813718918397263 0.9938633184040389
0.18896537259270976 0.9900231579570128
0.1897928307134859 0.986258428721723
0.19061960464631322 0.9856004868922096
0.19144573555456204 0.9829173426189728
0.19227114466497863 0.9745900687396394
0.1930958729703311 0.9778542034579428
0.1939199615264462 0.9795624424310122
0.19474333174925987 0.9750800233352015
0.19556602452486654 0.9708895725113535
0.196388080802122 0.9752809745785147
0.19720942218525964 0.9734617477845126
0.1980300894542661 0.9727935286289803
0.1988501234515942 0.9807991798473397
0.19966948551074495 0.9904443297949224
0.20048813722244618 0.9882673294996129
0.2013061588651672 0.9857956746001012
0.2021235118621826 0.9889444003763992
0.2029401578927466 0.990961403864748
0.20375613749143337 0.9815646148611419
0.2045714912546021 0.9793601436950579
0.20538614140778474 0.9878412016426296
0.2062001283813014 0.9915427451858966
0.2070134926669684 0.9984817218278861
0.20782615667481974 1.0146275835243919
0.20863816073146774 1.0265904160928399
0.2094495452247346 1.0243489550831035
0.21026023274829633 1.0208837515302178
0.21107026352559974 1.010602860498206
0.21187967784101663 1.0080735280604087
0.21268839847101137 1.013598971926334
0.2134964655364028 1.011130098210965
0.21430391921865227 1.0038823878745087
0.21511068247616416 1.0037190388932178
0.21591679532766295 1.0031836309054858
0.21672229785223493 1.0007142095364467
0.21752711318938228 1.012331955384776
0.21833128125626444 1.0229772947015003
0.2191348420301237 1.0289824706524335
0.21993771883072355 1.0311659309319474
0.22073995147418335 1.0335285522826174
0.22154157983642864 1.040890440699505
0.222342527416653 1.0450118766044727
0.22314283393045703 1.0437935700282428
0.22394253915297208 1.0428994173202166
0.22474156676199686 1.0332992818653677
0.22553995637312985 1.017145192976379
0.22633774766122722 1.0147942413211344
0.22713486448187284 1.022565786621614
0.22793134635117612 1.0345486480345862
0.22872723284423263 1.0456695316568974
0.22952248637430392 1.0523251171248384
0.230317069597106 1.0490004576579608
0.23111106036919116 1.0408000957885997
0.23190442118881793 1.0298413459873232
0.23269711479555777 1.0255534524170107
0.2334891804753479 1.0276825637090425
0.23428065757248587 1.0371522116020233
0.23507147052932859 1.0464565008797866
0.2358616585340052 1.050002892170963
0.2366512608327395 1.0525125813860385
0.23744020204218513 1.0521541516737016
0.23822852125315855 1.0504586734297712
0.23901625761430778 1.0401173858910642
0.23980333591579223 1.0413171565819797
0.24058979515160792 1.0414267212642443
0.24137567437332047 1.0331070334785233
0.24216089854381 1.022812976229118
0.2429455065607401 1.0283403412951344
0.24372953737908423 1.0159286726890684
0.2445129161336627 1.006666076050161
0.24529568162629134 1.0093839705493273
0.2460778727158374 1.0008965008590196
0.24685941470828648 0.9922835498805936
0.2476403463100875 0.995580927445418
0.248420706284484 0.9906872183452523
0.2492004201078571 0.9915876084090617
0.24997952639176566 1.002317643546033
0.25075806380430843 1.0093947676019954
0.2515359579914972 1.0115360984565478
0.2523132474704744 1.0260715737550063
0.25308997081466905 1.0268706009775381
0.25386605383896393 1.0300749718294169
0.2546415349665549 1.0265582290258162
0.25541645267667296 1.018605920468713
0.2561907703245657 1.020910301490066
0.2569644514954514 1.0202139078607417
0.25773757194707936 1.0202585183716464
0.2585100951156212 1.0199722252499874
0.25928198466616315 1.0299610262154053
0.2600532788044976 1.0156372968738436
0.26082401579187103 1.0043577173983238
0.26159412200065113 0.9971291538416093
0.2623636355442242 0.9928832670952772
0.26313259459118515 0.9821773713653456
0.26390092567953766 0.9858899301397219
0.2646686668307171 0.9897053497300655
0.2654358561211228 0.9883183380579024
0.26620242025366125 0.9890361436900713
0.26696839715826814 0.9980667319835378
0.2677338248196003 1.0015222348607125
0.26849863010473807 1.0072111186939354
0.2692628508525657 1.008408501026994
0.27002652495644663 1.0056562628716077
0.27078957944691173 0.9996342486406948
0.2715520520722378 0.9932811788120637
0.2723139806349417 0.986896398785648
0.27307529232828515 0.9887000077400466
0.2738360248103791 0.9977588664291186
0.27459621579333643 0.997670651952925
0.2753557926324353 0.9926892535478421
0.27611479289605895 0.9917837015937515
0.2768732542063559 0.9833256750935893
0.2776311040799108 0.9716297806679846
0.2783883799958139 0.9746357161757788
0.2791451194866858 0.9856198988911837
0.27990125022971213 0.989923768066769
0.28065680961512196 0.9936838646058752
0.28141183508644096 0.9895853064786639
0.28216625448075516 0.968690716714106
0.2829201050998608 0.951175815977248
0.28367342429861864 0.9324166321450685
0.2844261764066695 0.920639522687088
0.2851783259711005 0.917114266851832
0.28592994659188503 0.9203613785580813
0.28668100267546726 0.9199198980866179
0.2874314588447669 0.9220305794185872
0.2881813521968833 0.9205166364717812
0.2889307198814445 0.9144907508114786
0.289679490263538 0.9106713052329056
0.290427700353236 0.9102898008774338
0.2911753872129123 0.8995280546990032
0.29192247936456944 0.8931076040332784
0.29266901373166765 0.890022880174065
0.29341502728974284 0.8867228882227315
0.29416044871703567 0.8770319582346784
0.29490531485080623 0.8815084127444632
0.2956496625801663 0.8892815011720849
0.2963934207389215 0.8939243638177203
0.297136626078541 0.8941691681718646
0.2978793154021229 0.8946980581910332
0.2986214176983693 0.8985491363783361
0.2993629696333646 0.8949034315727267
0.3001040079246007 0.8883583608781546
0.30084446171501167 0.8879009129352267
0.3015843675857007 0.8862586079865404
0.30232376216895773 0.8760439133160506
0.3030625747612891 0.8739594364375269
0.3038008418592165 0.8663034691100026
0.30453860001023036 0.8574064823259726
0.30527577866375283 0.8614683158947467
0.3060124142321218 0.8654578516450349
0.3067485431784265 0.8533165869031564
0.30748409510435354 0.8527541098405753
0.3082191063384515 0.8490622183822317
0.30895361325980475 0.8438349900587672
0.30968754562171624 0.8350609377897871
0.3104209396693371 0.8350922257533732
0.3111538316981398 0.8401360876960279
0.3118861869630508 0.8449132402679675
0.3126179709249117 0.8395174187468746
0.313349255146624 0.8423656932899526
0.3140800049560937 0.8400732011421119
0.3148101858862475 0.8367225596056769
0.31553983398914875 0.8313687175312673
0.3162689853666867 0.8254601720840639
0.31699757027293024 0.8202177808516397
0.31772562467783155 0.8168412298530953
0.3184531846009582 0.813247636317621
0.31918018044523555 0.8130422564477721
0.31990664809888425 0.8124175008194559
0.320632623499532 0.8131972382379944
0.32135803719833383 0.8161507808195962
0.3220829250021563 0.8045064737308706
0.32280732276706536 0.8047117403996037
0.32353116119182357 0.8012678816081745
0.32425447600231794 0.7969144902932546
0.3249773029734287 0.789522256393821
0.32569957295090707 0.8023584060358019
0.3264213215800326 0.7970404732989191
0.32714258455487333 0.803432102023882
0.32786329286755383 0.7998762861242306
0.328583482083116 0.8032137742572654
0.32930318781518586 0.7933966249492501
0.33002234120165097 0.792903508686491
0.33074097772768185 0.7899293907771368
0.33145913292683105 0.7966584946695201
0.33217673808214143 0.8008509727834185
0.33289382859927674 0.8120308299388185
0.33361043993208134 0.8145523374748594
0.33432650350815024 0.8060254216339526
0.3350420546540017 0.7957415089510225
0.3357571287441353 0.7920592436645686
0.3364716573500981 0.7899560986263653
0.33718567571962244 0.7836011523731536
0.3378992191482233 0.7857510251545113
0.33861225377051196 0.7858828154805326
0.3393247459163753 0.7793121482657757
0.34003676522240983 0.7632817064561725
0.3407482778926531 0.764025712508249
0.3414592503255918 0.7585440318558594
0.34216971758650583 0.763559978888513
0.34287971478799856 0.7620498763809344
0.34358917397717637 0.7665434079461926
0.34429813014171295 0.7636770668600761
0.34500661831641105 0.7688924117129747
0.345714570689772 0.7699389295533035
0.3464220221722123 0.7718863366633242
0.34712900772108357 0.7684237629864663
0.3478354596657019 0.7638499536456109
0.3485414128395724 0.757433464319758
0.34924690212294357 0.7516595192194905
0.3499518599853688 0.7516152780812807
0.3506563211837864 0.7568074885362553
0.3513603205216863 0.7562810289756016
0.3520637906082861 0.755783814832306
0.35276676612429836 0.7503175156869578
0.35346928179679776 0.7429774751317884
0.3541712703740957 0.7344663399197748
0.35487276646101884 0.7278976635674643
0.35557380470856653 0.723264797936327
0.3562743180035777 0.718945645934473
0.3569743408753296 0.7133532983456353
0.357673907899085 0.7118706488927093
0.3583729520996467 0.7172762390569478
0.3590715079310779 0.7196797255777555
0.35976960989324025 0.7184659273238476
0.3604671911483408 0.7176413109908356
0.36116428607556084 0.7116100610265244
0.3618609290996948 0.7056822523365218
0.3625570535197974 0.7042736742132774
0.3632526936404984 0.7015627478858771
0.36394788381185617 0.6992906207713436
0.36464259100575996 0.706113877751362
0.36533678237953665 0.6980186250823226
0.36603052574537737 0.6886807680450864
0.3667237881412904 0.6826090686959734
0.36741653678995684 0.6811789820073648
0.3681088058233222 0.6752062349123353
0.36880062941833536 0.6745529637890388
0.3694919413262381 0.6785660049837468
0.37018277560550955 0.6814255930255866
0.3708731663594514 0.6843943459508314
0.3715630474737801 0.6740149539207145
0.3722524529338292 0.678938469919881
0.3729414167695746 0.6733981976399952
0.3736298730006688 0.6719457666355819
0.37431785553961816 0.6665592021572865
0.3750053983433931 0.6712803221996564
0.37569243556504595 0.6679810896455636
0.3763790010445726 0.6706821265936507
0.3770651286662557 0.6728636348128676
0.3777507527160148 0.6700491537446644
0.37843590696164997 0.6761530486883904
0.3791206252150711 0.6887915892128044
0.37980484189453606 0.6909026998855035
0.3804885906959611 0.6853119208872825
0.38117190535919737 0.6951364113060507
0.3818547204343142 0.6890548278049633
0.3825370695456548 0.6780691632476802
0.3832189863613227 0.6744119702856868
0.3839004055626756 0.677901647103775
0.3845813607027919 0.6718808329511283
0.3852618853783371 0.6700351222077325
0.38594191440143694 0.6699598237595423
0.38662148125421153 0.676154649540199
0.38730061946219535 0.6755388780101399
0.3879792639677652 0.6822443358337121
0.3886574481823872 0.6851717014408019
0.3893352055607704 0.6892023205500796
0.39001250387258773 0.6811546131533673
0.3906893110638351 0.6856753151431882
0.3913656932162587 0.6724893138875747
0.3920416181625681 0.6767575916044186
0.39271705391108636 0.675287320577898
0.3933920337095904 0.6827732989602873
0.3940665908487044 0.6827669287073681
0.39474066070128255 0.6885321260987478
0.39541427644544824 0.6871871587692545
0.3960874713020037 0.6912887555251745
0.396760180771848 0.688532473590096
0.39743243796374644 0.6789594435298566
0.39810427602897636 0.6802972399441195
0.39877563059598037 0.6769031748907022
0.39944653470445984 0.6784596490182402
0.4001170214364619 0.6800879624789486
0.40078702654747467 0.6832524226792727
0.4014565830084274 0.6865833214077827
0.40212572383243034 0.6819093007655488
0.4027943849015213 0.6743827225322124
0.4034625991181481 0.6740327794658325
