0.001997009938949258	0.05944690114323857	0.006000029972850452	0.11872459113779261
0.0029945199065929042	0.058157758251599266	0.009000059869886124	0.11805652199018853
0.003991035885093072	0.059931007515995935	0.012000107632939041	0.11961999756729144
0.004986559853443379	0.06007679041245085	0.015000179178336182	0.11759026586303489
0.005981093548230819	0.060077743232433485	0.018000280406679673	0.11758251062933195
0.006974639173635815	0.06053967788695882	0.02100041718096859	0.11810996180260902
0.007967198691007971	0.06083220902678778	0.024000595347304032	0.11760409526818777
0.008958774055862699	0.060269338393358185	0.027000820728612256	0.11677838364230386
0.00994936721790416	0.061236226700224404	0.030001099124758835	0.12030366334404018
0.010938979886880997	0.06087101932203764	0.033001436327410864	0.11902521030070919
0.011927614235574414	0.06047329617188781	0.036001838077281016	0.11791827367325647
0.012915272196391494	0.0597243428014527	0.03900231010573046	0.11583428389249699
0.013901955696019491	0.061088145304451266	0.04200285812151217	0.1176490832838
0.014887666655448557	0.06059187113335953	0.04500348781088279	0.1158048540487852
0.015872406758126713	0.060993602234946966	0.048004204859272356	0.11617284970977157
0.016856178146039902	0.0603352869622543	0.05100501488806166	0.11632378597831537
0.017838982723219397	0.06142870459552984	0.05400592351667337	0.11800493862114213
0.01882082238808834	0.06024847408814085	0.05700693634247239	0.11653494135682224
0.01980169903348362	0.059882707456250586	0.06000805894087356	0.11777629702535368
0.020781567570449782	0.059430836576940815	0.06300915335465623	0.11753649106343286
0.02176052360402222	0.06076729295396093	0.06601051216680492	0.11808735171521256
0.02273852226378163	0.060413910891829015	0.06901199734849012	0.11806467016769855
0.023715565420437058	0.0601520890302085	0.07201361438839177	0.11816097318452581
0.024691654939219848	0.0599413846321912	0.07501536875377134	0.11684081528532628
0.025666792679904956	0.05935915276624771	0.07801726589057612	0.11677032328330882
0.026640980269907914	0.05817797456129302	0.08101931125962725	0.1149902060726257
0.02761421978552065	0.05793306970994089	0.08402151022976051	0.11496008679127365
0.028586513070274915	0.05806210787682982	0.08702386818359599	0.11349013527085391
0.02955786196233067	0.059078195761958066	0.09002639048285155	0.11437542698140954
0.030528268294496827	0.06123695854529407	0.09302908246844387	0.11712837702188317
0.03149773366952199	0.06200719849646047	0.09603194950307074	0.11939226449517053
0.032466260134739994	0.06341974011299668	0.09903499684513065	0.12049560351556259
0.033433849507029406	0.06324638977325346	0.10203822977373396	0.12105702711431288
0.03440050359800005	0.06341393757727852	0.10504165354758913	0.12132935908961867
0.035366224214013475	0.06345389890480241	0.1080452734051015	0.12038318506519896
0.03633101293363627	0.06285770152887286	0.11104909461322911	0.11883565256923652
0.03729482579328679	0.06278848876817068	0.11405297863925916	0.11926447664661198
0.03825775654870745	0.0623544798061544	0.11705721802784344	0.11768926976425795
0.03921976100296396	0.06371473599704008	0.12006167425385557	0.11902486280194331
0.040180840936476954	0.06362749163771005	0.12306635245563761	0.1177864370688496
0.04114099790410384	0.06456239596161252	0.1260712578067209	0.11900447749317856
0.04210023411689849	0.0652475754636862	0.12907639529626674	0.1190196657396581
0.0430585508999298	0.06700023706066648	0.13208177011598354	0.1219896715388733
0.04401595023323436	0.06665401516964412	0.13508738726974703	0.12126311490835323
0.044972433871786184	0.06565969727287807	0.13809325179821344	0.12044611289254703
0.04592795775920621	0.06549184194367026	0.1410992249950751	0.12094584384361566
0.04688261525307091	0.06622284173169297	0.144105599317982	0.12233249341140243
0.04783636206949561	0.06696346428702278	0.14711223608572277	0.12328959236799757
0.04878920016136194	0.06713184743988032	0.15011914020032552	0.12266013994687855
0.04974113125868005	0.06725543656626157	0.15312631660707182	0.12340445075113503
0.05069215708652436	0.06783920874183162	0.15613377023244018	0.12348681320798822
0.05164232469377477	0.06807752978145523	0.15914164985380774	0.12382683528971626
0.05259154492280443	0.06744132017641682	0.16214967269030697	0.12151466464208051
0.05353986502856545	0.06616567751761676	0.16515798741410148	0.12075166745361653
0.054487286716575295	0.06813618782520109	0.16816659887734287	0.12315891854254536
0.05543381168750873	0.06782877873059706	0.17117551191382152	0.12271654256356533
0.05637939630849375	0.06762808099044315	0.1741845874694415	0.12185918732140129
0.05732413271460748	0.06669554203411365	0.17719411815573588	0.12189148903655718
0.05826797747719782	0.06639964314977295	0.18020396480847622	0.12180722117659554
0.05921093227774963	0.06495396641772114	0.18321413218886595	0.12057788548280927
0.060153043738295685	0.06520051636211845	0.18622476904679316	0.12011210009449978
0.061094268543334655	0.0660721020690017	0.18923573611741698	0.12047767867026027
0.062034563287840294	0.06667073201423984	0.19224689414971813	0.12109451465370469
0.06297397474930233	0.06717178589276371	0.19525839177712	0.1219217789987411
0.06391250458562261	0.0688021778906983	0.19827023367199922	0.12277532517261641
0.06485010950473966	0.06915943036758722	0.20128228048260013	0.12306794178936256
0.06578688083601777	0.06758113774488679	0.20429482494468115	0.12280132417748477
0.0667227754883414	0.0683856590883576	0.20730772758770735	0.12295897235990216
0.06765779510106223	0.06978868420569351	0.2103209930144805	0.12365848425287544
0.0685919413089379	0.0686287419645155	0.21333462581061194	0.1230541036480014
0.06952521574214918	0.06865182912215591	0.21634863054460313	0.12354664370538919
0.07045761981844101	0.06797510014919016	0.21936301185849438	0.12161244626543183
0.07138915536715487	0.06789889514936188	0.2223777741973199	0.12190008848452077
0.07231982400484194	0.06675385437368413	0.2253929220787238	0.12109965974286793
0.07324962734354452	0.0657471453569269	0.2284084600035573	0.11905303151002003
0.07417856699081254	0.06475192258593244	0.2314243924559555	0.11838174379224087
0.0751066443437692	0.0661968509088286	0.23444072399935642	0.11989153191022822
0.07603381696887795	0.06805188059843532	0.2374573146754189	0.12187669732160505
0.07696017493728032	0.06835561029056186	0.2404744575473888	0.12104932892739285
0.07788567560023714	0.07078410196170422	0.24349201271890686	0.12453729188613138
0.0788103205430847	0.07097979739762712	0.246509984591681	0.12362168410908303
0.07973411114271262	0.07185910836530514	0.24952837765237532	0.12462887660664215
0.08065704938379266	0.07097765047132244	0.2525471960678318	0.12314245508573224
0.08157913643117512	0.0726677677760581	0.25556644439572074	0.12637277053778903
0.08250037405639536	0.07024342124701048	0.2585861268709107	0.12266392760665171
0.08342076382298293	0.07078094789879774	0.26160624781456676	0.12400049202954189
0.08434026321476316	0.07195477566594914	0.26462666713617883	0.12465870815893752
0.08525896193743832	0.07230656283669397	0.2676476779167917	0.12408081430405375
0.0861768172648157	0.0722614159042243	0.2706691401427752	0.12321590219908424
0.08709383094507639	0.07403045332636028	0.273691057964769	0.12564511074513118
0.08801000452034174	0.0746168708047264	0.27671343562522993	0.12552675656518117
0.08892533952849863	0.0729607962830649	0.2797362773510893	0.12412561798882235
0.08983983750321486	0.07214291132754039	0.282759587353824	0.12470069424975641
0.0907534997743516	0.0702327336126674	0.28578336994300574	0.121297432406297
0.09166632806715222	0.07170433198658085	0.2888076291869334	0.12279762203338626
0.0925783239027188	0.0712783617286518	0.29183236925113926	0.12191599182459607
0.09348948879799568	0.07156170792184931	0.2948575942859808	0.12144466074229099
0.09439982426578457	0.07276163207409704	0.2978833084267103	0.12268023141905342
0.09530933161696775	0.07404227314747532	0.30090951591197523	0.12552407312102817
0.09621801255425806	0.07415992567700824	0.30393622072957077	0.12547883858437836
0.09712586857811858	0.07552524694297062	0.30696342696984	0.12726562942941716
0.09803290118492958	0.07485848792619851	0.30999113870829287	0.12622880143409151
0.09893911186700347	0.07580917544268119	0.3130193600056739	0.12795301141624293
0.09984450191659433	0.07704056325091517	0.31604809503132414	0.1293434585508662
0.1007490730142824	0.07631899013001016	0.319077347694323	0.12749084630554802
0.10165282664026333	0.07649120986691291	0.32210712201151304	0.12739540738349936
0.10255576427072362	0.07687122181901138	0.3251374219852369	0.1286345738731732
0.1034578873778546	0.07631809971484586	0.32816825160340124	0.1277713865218707
0.1043591972356247	0.07433791853644543	0.33119961496761563	0.1252242866856123
0.10525969550287072	0.07458739136632181	0.33423151590998307	0.1258040571278078
0.10615938363988461	0.07480044697760571	0.3372639583754903	0.12616736459504554
0.10705826310302038	0.07485828072596837	0.3402969462949458	0.12592918253571989
0.10795633534470864	0.07401375547006027	0.34333048358504537	0.12437918008519139
0.10885360162096686	0.07548726094287506	0.3463645742811978	0.12577842525879526
0.1097500635692692	0.07552429909775893	0.34939922214022484	0.12650233636288935
0.11064572263035877	0.07478686714174654	0.35243443103685546	0.12488499852511847
0.1115405802411112	0.07586430835510438	0.3554702048319568	0.12557975372094662
0.1124346804944939	0.07596913419297166	0.3585066926443332	0.1257958351172534
0.11332793930900942	0.07717940326960514	0.3615436079012074	0.12676886291622771
0.11422040096108707	0.0770760478308825	0.3645810995575065	0.12631967329195806
0.11511206687226874	0.07690838301959999	0.3676191714192601	0.12657413385187877
0.1160029384602972	0.07658552863349571	0.3706578272789413	0.12696844153412995
0.11689301694969814	0.07942222547065345	0.37369707105652805	0.13092151083588963
0.11778226150759383	0.07879234670310861	0.37673676093598485	0.13132683457076838
0.11867075840607237	0.07804224019691547	0.379777191552425	0.13008215769888093
0.11955846661498283	0.07910499679412182	0.3828182212032184	0.13156513181539597
0.12044538753327347	0.07956564289539134	0.38585985361395286	0.13144643273279874
0.12133152236841684	0.07798862704658338	0.3889020926424788	0.1288135437745272
0.12221687288745037	0.07826734759019938	0.3919449416971195	0.128887422362759
0.12310144010335547	0.0795514280038031	0.3949884047567279	0.13083486900132013
0.12398522558770755	0.08054551696829326	0.3980324853480959	0.13202771205570274
0.12486823072099087	0.08002129071523201	0.4010771871313929	0.13181589439409203
0.12575041459727923	0.08027303208064643	0.40412236819567793	0.13231979742954628
0.1266318631552773	0.08049033985635215	0.4071683232917598	0.13162947206752199
0.12751253529634116	0.0788861891654441	0.4102149106346257	0.1294182710106019
0.12839243257219335	0.07810670860610863	0.41326213368242753	0.12899289101987088
0.12927155634517803	0.08000662742363808	0.41630999603134755	0.1311309225193577
0.13014990797404952	0.08089579819496329	0.41935850126493834	0.131640247594333
0.13102748881398515	0.08030997408364587	0.42240765295417987	0.13088590719776616
0.13190430003277115	0.08303520645793987	0.4254574548133892	0.1341066455162449
0.13278034316261664	0.08297235090776878	0.42850791023355495	0.1339475908305257
0.13365561954804184	0.0829501493975007	0.4315590227482627	0.13438890486663801
0.1345301305300398	0.08238226902949725	0.43461079587874407	0.1332904000353126
0.13540387744608842	0.08373046232367251	0.4376632331339291	0.13442623110284818
0.1362768197913167	0.08359326576985662	0.44071619208545143	0.13478742421294201
0.13714904239199524	0.08332911409355183	0.4437699682287913	0.134517736770501
0.13802050491850862	0.0844491237686221	0.44682441895118585	0.13482649493202165
0.13889120869439658	0.08386656088258947	0.4498795477128935	0.13445957500270797
0.13976115503974498	0.08418261176582183	0.4529353579621375	0.1357418884658445
0.14063034527119728	0.08411318621758768	0.455991853135158	0.13456791182261343
0.14149878052163586	0.08639136928671963	0.4590490368212704	0.1358276335209485
0.14236646228150004	0.08449827004420661	0.4621069122687131	0.1335912161459869
0.14323339185717798	0.08450588107985627	0.46516548287808585	0.13336885745283333
0.14409957055166325	0.08408640335791354	0.4682247520382113	0.13208096480491766
0.14496499966456666	0.08593171950869176	0.4712847231261869	0.13377374138391043
0.1458296803133526	0.08405571852470688	0.47434539967648665	0.1325210534280959
0.14669361396998543	0.0847240404444529	0.4774067848746579	0.13353125840866373
0.1475568019239966	0.08776100617732556	0.48046888206292104	0.13706023112263502
0.1484192454615815	0.08866895838788375	0.4835316945719731	0.13819952752752981
0.14928094586561064	0.08566648628877392	0.4865952257210355	0.13531938244096442
0.15014190423840174	0.08691611475953334	0.4896594789909312	0.13647894054932166
0.15100212203375413	0.08764232778052074	0.49272445750584004	0.1367629392735775
0.1518616005246317	0.08523099073428517	0.495790164550852	0.13400352303178414
0.1527203409807189	0.08578743331646256	0.49885660339977744	0.13465909361008252
0.15357834466843226	0.08641193743241517	0.5019237773151971	0.1356439291033144
0.15443561267520806	0.0876313223934879	0.5049916897254432	0.13695070060128275
0.15529214643698447	0.08904368557332681	0.5080603436946185	0.13927366534581415
0.15614794721044006	0.09003060201461632	0.5111297424518966	0.1398240157673608
0.15700301624903001	0.08819062393418546	0.5141998892154123	0.13763701879973866
0.15785735480299684	0.0890493315540237	0.5172707871923072	0.13868051253987163
0.15871096394515533	0.0883386105171961	0.5203424397595546	0.13842054268756235
0.15956384509387941	0.08746234878888584	0.5234148499224365	0.1370213451587391
0.16041599948983917	0.08687060140257392	0.5264880208553957	0.1364742159244694
0.16126742837053568	0.08702320333969991	0.5295619557220691	0.1362193736430003
0.1621181329703121	0.08752192808529768	0.5326366576753333	0.1365757293486633
0.16296811434761527	0.08893919473525785	0.5357121300419019	0.13669067598119197
0.16381737390354625	0.08829807995413073	0.5387883757694635	0.1359532691772183
0.16466591286303722	0.08892749607420786	0.5418653979788847	0.136368893442166
0.16551373244790504	0.09059570887135499	0.5449431997804531	0.1385751203859114
0.16636083387686146	0.09045895396632216	0.5480217842739223	0.13865776411937916
0.1672072181942345	0.09059961314372501	0.5511011547368214	0.1399446233089449
0.16805284642818533	0.09167227518212097	0.5541811666671198	0.14158579943656274
0.1688978005000767	0.09179890081814276	0.5572621179198728	0.14237325188062058
0.16974204126035322	0.09153495470629329	0.5603438641598188	0.1422994072738416
0.17058556991235863	0.09187667314311265	0.5634264084347035	0.14209848082197468
0.171428387486545	0.09167224574541423	0.5665097539739163	0.14194852620267057
0.1722705357062677	0.092809422141777	0.5695940510068332	0.1424610736819614
0.1731119350538698	0.09235254477687305	0.5726790077638767	0.14145951967896492
0.17395262707653725	0.09207957731609906	0.5757647746452879	0.14037409494899128
0.17479261296250254	0.0932694982106778	0.5788513546478888	0.14125025000014657
0.17563185367682127	0.09125243211061757	0.581938603211303	0.138247382842628
0.1764704306739794	0.09022360546492295	0.5850268186027845	0.13768313737637627
0.17730830508150508	0.09236586134767379	0.5881158560464643	0.14056903414682842
0.1781454780757235	0.09371261904414643	0.5912057184991903	0.14197990824019285
0.17898195083000837	0.09439691483937522	0.5942964089079218	0.1425340804816814
0.17981772451479117	0.0951319388324324	0.5973879302097703	0.1433369475774075
0.18065280013082863	0.09669391959529514	0.6004802855317746	0.14495174161453003
0.18148717900971914	0.09541373383396899	0.6035734775924381	0.1438287476835469
0.18232086231312675	0.09377537044928992	0.6066675092995739	0.14237717498267435
0.18315385119981262	0.09449663678418205	0.6097623835513111	0.14360268760105627
0.183986146825645	0.09542459970358017	0.6128581032361344	0.1450800365309552
0.18481775017824892	0.09379329137297043	0.6159546714361163	0.14237604007703572
0.18564862292013268	0.09323786660250881	0.6190519425919242	0.14111070747347843
0.1864788455050144	0.09672284824593218	0.6221502160156338	0.1449681126158259
0.18730837942404827	0.09510536174306006	0.6252493463314082	0.14288750635838993
0.18813722581877934	0.09576932417789742	0.6283493363801066	0.14312817081353882
0.1889653856639241	0.09724559571870638	0.6314501891997771	0.14454760707959188
0.18979286042335008	0.09693400755386071	0.6345519071993169	0.14347501408113952
0.19061965090267927	0.09502093317150861	0.6376544936060168	0.14098727475488296
0.19144575839588934	0.09621507135771873	0.640757951016073	0.14264483137368156
0.19227118403043816	0.09566682720710255	0.6438622822236986	0.14278535669325154
0.19309588940884445	0.09468824412431442	0.6469673416222012	0.14290604887215036
0.19391995469729542	0.09696417228736388	0.6500734287707849	0.1457958713483945
0.19474334133065066	0.09630187242607521	0.6531803982557072	0.14412348901283545
0.19556605058763946	0.09598474685524096	0.6562882526239473	0.1433044999331172
0.19638808358186305	0.09607313184586201	0.659396994624023	0.1428782756592497
0.19720944142417898	0.09726439918117676	0.6625066269954275	0.143398806978156
0.19803016438880483	0.09766172360987588	0.6656173013265627	0.14357067250856942
0.19885017508816613	0.0999220879196165	0.6687287228377172	0.14813733464561044
0.19966951395208202	0.10020419191370628	0.6718410428855393	0.14809816531620704
0.20048818208052355	0.10184665170584878	0.674954264173784	0.15051475279606086
0.2013061805707624	0.10182710747061069	0.6780683893973632	0.14939215023883645
0.2021235103576487	0.10283050565812829	0.6811834214594952	0.1508268654495034
0.2029401726930744	0.10285237591274468	0.6842993628210421	0.15071631557119114
0.2037561686662659	0.10243061332625675	0.6874162161506021	0.1504215742103727
0.20457149936378533	0.10280541842113473	0.6905339841080742	0.1497490481492919
0.20538620474905156	0.1028501077063711	0.6936528185956847	0.1509331263505346
0.206200169137937	0.10198850491852801	0.6967722746790477	0.1486269214739862
0.20701351034312632	0.10031667522520517	0.699892802614104	0.1457215776977955
0.2078261905926813	0.10247163672971212	0.7030142557310088	0.14758646779740847
0.20863821095997256	0.10341724551319927	0.7061366366466904	0.14811154358724088
0.20944957235835074	0.10456585470349034	0.7092599481923783	0.1488703503059688
0.21026027617078413	0.10559839988197209	0.7123841925224762	0.15116645192792594
0.21107032314852608	0.10619572023093837	0.7155093726753682	0.15215587831371602
0.21187971451169907	0.10638010130050289	0.7186354910108181	0.15374294174399872
0.21268845132069447	0.10502321374798469	0.7217625501036482	0.1524219492086478
0.21349649591122857	0.10500493842058922	0.7248904030465815	0.15227169827325462
0.21430396531766127	0.10445289720242074	0.7280195010905908	0.15245162016239383
0.2151107446451745	0.10689788563285298	0.731149398048568	0.15508621533836286
0.21591687363470424	0.10654706671542362	0.7342802459809674	0.15386604105409893
0.21672235333387133	0.10756044620924317	0.7374120474213486	0.15510668122682156
0.2175271847877671	0.10669662789450846	0.7405448048951182	0.15363170051991756
0.2183313688843273	0.10745835418016074	0.7436785211490726	0.15318108833863625
0.21913490681849201	0.10439639747982704	0.7468131984635014	0.14904555014046136
0.2199377996278127	0.10411123275897088	0.7499488393395475	0.14883745061390144
0.22074004834734376	0.10418569759860755	0.753085446270331	0.14870659155426505
0.22154165400965065	0.10541194825349717	0.7562230217409818	0.15072398508246046
0.2223426174914192	0.10690071758083695	0.7593615684611562	0.15300492314582392
0.22314290177757734	0.10986124558737405	0.7625009384141682	0.15718618413487664
0.22394258428592534	0.11182160094571558	0.7656414345694359	0.1600338605595545
0.22474162784282412	0.11232246740129113	0.7687829091264087	0.16044731930621153
0.22554003346851237	0.11236898765890806	0.7719253645307387	0.1607036180687237
0.2263378020286101	0.10978168077918582	0.775068803455692	0.15761522720773163
0.22713493484283503	0.1109961884674035	0.7782132278605219	0.1589553425680349
0.2279314326202543	0.10974113894208778	0.7813586406395584	0.1559687468364981
0.2287272965233209	0.11039745905509671	0.78450504397144	0.15643414118815455
0.22952252756014246	0.1111928358715125	0.787652440263123	0.15639403449167402
0.23031708866174203	0.11274338541367386	0.7908006814713141	0.1581662551864366
0.23111105698079162	0.11104459907460912	0.7939500708729091	0.15515851589195898
0.2319043952930394	0.11056020107069948	0.7971004606488493	0.1549397546325253
0.23269710474775682	0.11239470696425193	0.8002518529368149	0.15805580535316932
0.23348918634111174	0.11227758274183863	0.8034042501058272	0.15853832061313583
0.234280641066907	0.11246975754731418	0.8065576545174113	0.1579909216258291
0.23507146991658762	0.11297972770159508	0.8097120685256253	0.15791805688592878
0.23586167372994354	0.11486959061259862	0.8128674947193453	0.16002984973691253
0.2366512536432674	0.11486423884531048	0.8160239351960862	0.15941642429356737
0.23744021064097529	0.1148205866421317	0.8191813922876798	0.15876863496258645
0.23822854570515517	0.11750962040279603	0.8223398683186075	0.16230932415523683
0.23901625981557437	0.11863023016131405	0.8254993656060307	0.16494179363908246
0.23980335380155474	0.1183942324677847	0.8286598867048484	0.16488429003176577
0.24058982878660903	0.11725932879650186	0.831821433673185	0.1629570366905019
0.2413756857435856	0.11831570630646054	0.8349840088064092	0.16490955657221779
0.24216092564304112	0.11477189108844944	0.8381476143926831	0.16103901552942543
0.24294554945324778	0.1133024800281219	0.8413122527129906	0.15941133975244381
0.24372955799322765	0.11320217450837333	0.8444779262889279	0.15960563922840068
0.24451295237390858	0.11270268347048029	0.8476446371399855	0.15926260513180387
0.2452957335567517	0.11138375284892202	0.8508123875257787	0.1578680844073079
0.24607790250096218	0.1124938182680628	0.8539811796988568	0.1592055947541473
0.24685946016349636	0.11365134874378141	0.85715101590473	0.16037169178443836
0.2476404073532411	0.11483584570457195	0.8603218986323481	0.161437965192133
0.24842074516873086	0.11361268908707307	0.8634938298633072	0.16002862285162556
0.24920047456021652	0.11393351161705054	0.8666668118221633	0.15896437345287062
0.24997959647572826	0.11461832258908804	0.8698408467265427	0.15890256809063658
0.2507581118610819	0.11550107324119559	0.8730159367871686	0.15963120419243604
0.25153602151519094	0.11578575325334485	0.8761920844609874	0.1592413233415997
0.25231332652438393	0.11808919601274048	0.8793692916924227	0.1618145631567713
0.25309002782787543	0.11979770056966049	0.8825475606716484	0.1647538398571949
0.253866126362693	0.11950829775804385	0.8857268935820417	0.16431363132871532
0.25464166007746136	0.12030411161078478	0.8889074448201798	0.16462051362131375
0.2554165557337257	0.12003269271859265	0.8920889123716937	0.16527087886092234
0.25619085141956943	0.12063638128249907	0.8952714503645096	0.16585901425545072
0.25696454806334057	0.1213668322843999	0.8984550609550809	0.1658775486837876
0.25773764659123444	0.12091676589323322	0.9016397462931951	0.16506374278253474
0.25851014778460935	0.12111154881886882	0.9048255087797612	0.1663529535286639
0.2592820158656031	0.12076672252853957	0.9080121977644743	0.16569846121759169
0.26005332543935444	0.12306276340096974	0.9112001204364498	0.16789169622044028
0.2608240405808304	0.12277459598705344	0.9143891263894803	0.16784935850914728
0.26159416220555987	0.12442830719392942	0.9175792177404065	0.17074365914390666
0.2623636910853637	0.12319355886136787	0.9207703968598533	0.1695995786004462
0.26313262841473894	0.12280662961410983	0.9239626653310662	0.16785524660427883
0.2639009748201396	0.12058002733035632	0.927156025773019	0.16671672136022717
0.2646687313500555	0.12028099591605962	0.9303504800158492	0.16645296680781463
0.2654358989095122	0.12121961956457085	0.9335460301440793	0.16752351924775727
0.26620244167196205	0.12333865800206072	0.9367425254978154	0.16830033885748316
0.2669684339972589	0.12499614394758202	0.939940273624883	0.17036221998158063
0.2677338399146304	0.12502437721784843	0.9431391241164635	0.16925639909280554
0.26849862395591717	0.12535609731307362	0.9463389256087094	0.17026221803799074
0.2692628600261889	0.12576950117127264	0.9495399864737832	0.1701877600015992
0.2700265125128848	0.12463989583935098	0.9527421555985651	0.16986487201258246
0.27078958230659456	0.1257399724644972	0.9559454350233627	0.1718283501254311
0.2715520701568555	0.12786168410379667	0.9591498270484875	0.1743605098453341
0.2723140135946096	0.12720791985425614	0.9623554865957623	0.1726439239345865
0.27307534049396615	0.12792438906405337	0.9655621093675599	0.17246068406898502
0.2738360882425965	0.12819239757726755	0.9687698505391193	0.17217090255508055
0.2745962577209661	0.1276700989457801	0.9719787121198815	0.1712361359673812
0.2753558134134689	0.12639734095874333	0.9751885427403364	0.17019137706065013
0.2761148288469424	0.12834949499451195	0.9783996514125457	0.17234032039004615
0.2768732686397468	0.12730379017098742	0.9816118864862314	0.1722547506387996
0.27763113366435843	0.12804801497298912	0.9848252499465603	0.17296017798517602
0.2783884247912714	0.12937660836877618	0.9880397437726879	0.17429218241339897
0.2791451428890037	0.1300836797279857	0.9912553699377821	0.17437828597322017
0.27990128868739145	0.1299831231213311	0.994472130680515	0.17487277643226914
0.2806568631879369	0.1307317297588544	0.997690027691144	0.17522616555173168
0.28141186725326534	0.13001972426121516	1.0009090629250064	0.1744838843093993
0.28216630174404955	0.1301146423945798	1.004129238331541	0.17412001297331078
0.28292016751901616	0.1302637486305222	1.0073505558543108	0.1739989179728339
0.28367346529926685	0.13125267819711514	1.0105730177048227	0.17390536151348546
0.2844261960755412	0.13194920173127767	1.0137966255416178	0.17457413430060278
0.2851783607007611	0.13514605194281404	1.0170213812907616	0.17781715404753004
0.28592996002592536	0.13380075070575942	1.0202472868725323	0.17627165062904937
0.28668099490011556	0.13606362328829733	1.0234743442014418	0.17961415910096498
0.28743146603583364	0.13696127613978598	1.0267025554623466	0.18100283283876772
0.28818137441321356	0.13723276377288363	1.0299319222826542	0.18123185826159846
0.28893072087561905	0.13443814962374073	1.0331624465597056	0.17801900624507322
0.2896795062645191	0.13554247009736373	1.036394130185161	0.1799607747342169
0.2904277671340573	0.13617002519615864	1.039627129784368	0.18050635792520586
0.291175432759142	0.1358877436115203	1.0428611380373436	0.18031510408238857
0.2919225398240185	0.13929302283882952	1.04609631128028	0.18409649763539793
0.29266908916263445	0.14173432137492215	1.0493326513823253	0.18727813777918292
0.29341508160707114	0.1436160401946216	1.052570160207053	0.18963495262709862
0.2941604822729861	0.14108144914884682	1.0558086848731347	0.1867105628193774
0.29490536328520184	0.14070046512062892	1.059048536992324	0.1858602324308711
0.29564968988853746	0.13902385692097646	1.0622895633921123	0.18496222672516124
0.2963934629076642	0.13883487601013475	1.0655317659139787	0.18514730762207676
0.2971367186415258	0.13813804608788055	1.068775301639099	0.18345968325578035
0.29787938695889926	0.13982022476199008	1.0720198619076864	0.18460299567036775
0.298621504023381	0.14174981971335499	1.0752656040727988	0.18681279181513544
0.29936307078420193	0.1400767550150564	1.0785125296718163	0.18388610543026057
0.3001040880568938	0.14011105279985137	1.0817606405190567	0.18283135973650733
0.3008445211790659	0.1411061264080736	1.0850097831782957	0.1849016699228621
0.30158444191485473	0.1430293418659752	1.0882602699434694	0.18680547320770968
0.30232381546754794	0.14101503858415176	1.0915119476525947	0.18445082360417733
0.30306260750955494	0.14276234117259545	1.0947646621134293	0.1863435158532556
0.3038008893810348	0.14275342430629193	1.098018726515022	0.18651030490981393
0.30453862661991365	0.14049772905685862	1.1012739869390598	0.1832082278574976
0.3052758200291542	0.13998139331700643	1.104530445162673	0.1828609921833619
0.30601247028019124	0.14146717011007304	1.1077881032448098	0.18487550950749804
0.3067485784319503	0.14262201082963852	1.1110469623780452	0.1852021722640825
0.30748414502296106	0.14617258686250467	1.1143070248988112	0.18898667815811793
0.3082191709786817	0.1475707736467862	1.1175682922759402	0.19012183553330086
0.3089536570932541	0.14655794273047018	1.1208307662605803	0.1889141040265359
0.3096875689959833	0.1475600552688132	1.1240942926682314	0.18940852417591372
0.31042101281233636	0.1463868930703811	1.1273593413785399	0.18874366745032145
0.31115388402243177	0.14461371725796657	1.1306254459312914	0.18723617100633688
0.3118862185507014	0.14412444526106138	1.133892764045361	0.18705332503477612
0.3126180171825955	0.1439802065479452	1.1371612974463894	0.18654410411514144
0.31334928070184126	0.1424489737279804	1.1404310478549713	0.1858423654991045
0.31408000976277217	0.14232088642989765	1.1437020172783008	0.18473432779437132
0.31481020527354653	0.14246655353197643	1.1469742071357192	0.18369051851250887
0.31553986801275224	0.14532162829230788	1.1502476191327942	0.18661234462539616
0.3162689987572741	0.14664535491485906	1.153522254970121	0.18969991566049643
0.3169975982822989	0.15015744576308032	1.1567981163433403	0.19221536167549494
0.3177256672345724	0.15189180536244315	1.1600752052368135	0.19521693454767472
0.3184531717838544	0.15248593438240826	1.1633533661210855	0.19752146513750113
0.31918018215822286	0.152083474903642	1.1666329145210168	0.19784637392593094
0.3199066643971433	0.1513749458807615	1.1699136951906228	0.19587230664325028
0.3206326192673856	0.15081738006954673	1.1731957098010404	0.19496128848795374
0.32135804740822116	0.15217966410630346	1.1764789603142178	0.1967185745067012
0.3220829498347477	0.1513612595620064	1.1797634478003012	0.19457906207903092
0.32280732705744797	0.1506025758942082	1.1830491745080463	0.19334305571224128
0.3235311799620937	0.14996897085932406	1.1863361417932514	0.19254080941021126
0.32425450930715954	0.14900035708970066	1.1896243513029927	0.19158954102879466
0.32497728122108965	0.148727187485453	1.1929136475209092	0.19069870700288544
0.3256996001944346	0.151388773808996	1.1962045039179878	0.19378570053463212
0.3264213632706245	0.15271159725992925	1.1994964502346843	0.19436173231582363
0.32714260580491406	0.15400454946964748	1.2027896453171776	0.1956383258682366
0.3278633285476017	0.15423855657638072	1.2060840907889117	0.196914243318555
0.32858353224736503	0.15416403540336132	1.2093797882686572	0.19690511814329723
0.3293032175274194	0.154875716574165	1.212676739670484	0.1979876502088166
0.3300223852572379	0.1566520805103091	1.2159749463042884	0.19929588873282056
0.33074103618066253	0.15749571141014632	1.219274409774914	0.20121815726832365
0.33145917103993283	0.158888721834775	1.2225751316825977	0.2020756968887475
0.33217682483199407	0.16105402247491415	1.225877271680352	0.2051445410257299
0.3328939296603279	0.1613299485633275	1.2291805155463802	0.2046736488098186
0.333610520641833	0.16102564792287657	1.2324850226230695	0.2050384017080713
0.33432659851238444	0.162140259828911	1.235790794492388	0.20488973560084986
0.33504216400627773	0.1625020646655339	1.239097832731777	0.20651786413804424
0.3357572177339763	0.16324834921357004	1.2424061392175452	0.20645656706073626
0.33647172643935996	0.16485987187133208	1.2457155567934828	0.20869103732755
0.33718575907141485	0.16516077617162142	1.2490264038668357	0.20922548857438034
0.33789928224846094	0.16736727882569205	1.2523385235754558	0.21134688299945115
0.3386122966969627	0.16740332795788032	1.2556519174743936	0.21111264948955663
0.3393248030204443	0.16596893781804403	1.25896658741951	0.20967452382910903
0.3400368021850438	0.16414046235045382	1.2622825343465296	0.20740911289043665
0.340748294670151	0.16448700611192923	1.265599760408478	0.20691494562166377
0.3414592813172599	0.1635762231038195	1.2689182668371688	0.20629941370104968
0.34216976284511463	0.16548253875387736	1.2722380551656567	0.20740425437042515
0.34287970595826905	0.16653344398027675	1.2755589682566588	0.20796956468523384
0.3435891793977294	0.16801574136532027	1.278881324966516	0.20984661556012765
0.3442981497448156	0.16885704295828335	1.2822049684570898	0.21066148212469515
0.3450066178325301	0.16877717019545976	1.2855298999366787	0.21130349995553566
0.34571458437200625	0.16796501986034354	1.2888561209167315	0.21102186823823155
0.34642205007286775	0.1706679689731108	1.2921836329044203	0.21353541568565307
0.3471290493918579	0.17060930089147575	1.2955125967465952	0.21299452353885392
0.34783551541900853	0.17189946525874022	1.2988426955636498	0.2159385654876829
0.34854148272757185	0.17416205503855	1.3021740898847136	0.21663162717880963
0.349246952021177	0.1740057116887082	1.3055067812000059	0.21608596180141035
0.34995192400196506	0.17262283610717766	1.3088407709955463	0.21589210602993492
0.35065639925192693	0.1746707376453698	1.3121760610641928	0.21861810393127093
0.35136034498274754	0.17421832134931373	1.3155124928555617	0.21744624928507322
0.3520638291047804	0.17353147423796803	1.3188503872779085	0.21682670998318693
0.3527668187079298	0.1739092681034899	1.3221895860832213	0.21677527357817045
0.3534693144869589	0.17314369231590915	1.325530090736736	0.2154537510732008
0.35417131701733284	0.17303172192055993	1.328871903012355	0.214464783327882
0.354872827226562	0.17340911524251834	1.3322150237415467	0.2152567338595558
0.35557384556969324	0.17374396094756825	1.3355594550035028	0.21619282299923562
0.35627437285333086	0.175370665743123	1.338905197933968	0.21840231279906874
0.3569744097649628	0.1765019073833964	1.3422522539777577	0.21898780817465135
0.3576739234785112	0.178260469124834	1.3456004646079052	0.22079302811584023
0.3583729817028292	0.17785867852765463	1.3489501511966364	0.21866699805147138
0.3590715514922806	0.18024631303865551	1.3523011555241389	0.22082765795589718
0.35976963364545445	0.1807573138469056	1.3556534787042946	0.22077633752213258
0.3604672288426651	0.18235863189814963	1.3590071221618514	0.22247954963482383
