Simulation.timestep  Simulation.tps  md.compute.ThermodynamicQuantities.kinetic_temperature md.compute.ThermodynamicQuantities.pressure md.compute.ThermodynamicQuantities.kinetic_energy md.compute.ThermodynamicQuantities.potential_energy md.compute.ThermodynamicQuantities.volume
       9100             7.97708                             1.01195                                          -0.19080                                      9.86649e+04                                        7.75648e+05                                    7.98532e+04               
       10100            8.79732                             1.00166                                           0.03825                                      9.76618e+04                                        7.73986e+05                                    7.77241e+04               
       11100            8.60903                             0.99896                                           0.03645                                      9.73988e+04                                        7.79288e+05                                    7.76947e+04               
       12100            8.75749                             1.00335                                           0.03861                                      9.78262e+04                                        7.82103e+05                                    7.73713e+04               
       13100            8.76229                             0.99972                                           0.01119                                      9.74725e+04                                        7.86100e+05                                    7.72605e+04               
       14100            8.67978                             0.99484                                          -0.01747                                      9.69966e+04                                        7.91031e+05                                    7.72322e+04               
Simulation.timestep  Simulation.tps  md.compute.ThermodynamicQuantities.kinetic_temperature md.compute.ThermodynamicQuantities.pressure md.compute.ThermodynamicQuantities.kinetic_energy md.compute.ThermodynamicQuantities.potential_energy md.compute.ThermodynamicQuantities.volume
      368100            6.87324                             1.01366                                           0.00177                                      9.88317e+04                                        1.18500e+06                                    7.29341e+04               
      369100            7.76239                             1.00511                                           0.14171                                      9.79985e+04                                        1.18148e+06                                    7.23679e+04               
      370100            7.71177                             0.99661                                           0.10088                                      9.71694e+04                                        1.18102e+06                                    7.22851e+04               
      371100            7.74790                             0.99755                                           0.00795                                      9.72612e+04                                        1.18103e+06                                    7.23989e+04               
      372100            7.73618                             0.99272                                          -0.00536                                      9.67904e+04                                        1.18045e+06                                    7.23033e+04               
      373100            7.71986                             1.00090                                           0.03431                                      9.75875e+04                                        1.18097e+06                                    7.22515e+04               
      374100            7.73562                             0.99553                                           0.00032                                      9.70644e+04                                        1.18186e+06                                    7.24808e+04               
      375100            7.74902                             0.99674                                          -0.00543                                      9.71818e+04                                        1.18073e+06                                    7.23527e+04               
      376100            6.70619                             0.99141                                          -0.10557                                      9.66625e+04                                        1.18195e+06                                    7.26443e+04               
      377100            6.64220                             0.98628                                          -0.04928                                      9.61625e+04                                        1.18138e+06                                    7.24293e+04               
      378100            6.66995                             0.99241                                          -0.03718                                      9.67599e+04                                        1.18135e+06                                    7.23506e+04               
      379100            6.61488                             0.99414                                           0.01879                                      9.69286e+04                                        1.18221e+06                                    7.23974e+04               
      380100            6.62886                             0.99027                                           0.00838                                      9.65514e+04                                        1.18155e+06                                    7.23926e+04               
      381100            6.59079                             0.99007                                          -0.04072                                      9.65315e+04                                        1.18206e+06                                    7.23742e+04               
      382100            6.62779                             0.98682                                          -0.06060                                      9.62154e+04                                        1.18136e+06                                    7.24394e+04               
      383100            6.58644                             0.98877                                           0.03723                                      9.64050e+04                                        1.18100e+06                                    7.22157e+04               
      384100            6.60699                             0.99207                                           0.03600                                      9.67266e+04                                        1.18091e+06                                    7.22174e+04               
      385100            6.63015                             0.99737                                          -0.01523                                      9.72437e+04                                        1.18188e+06                                    7.23684e+04               
      386100            6.61395                             0.99185                                          -0.01613                                      9.67052e+04                                        1.18215e+06                                    7.24572e+04               
      387100            6.61587                             0.98779                                          -0.02667                                      9.63094e+04                                        1.18394e+06                                    7.26080e+04               
      388100            6.61086                             0.99967                                           0.01651                                      9.74674e+04                                        1.18235e+06                                    7.23620e+04               
      389100            6.56656                             0.99368                                          -0.02482                                      9.68837e+04                                        1.18315e+06                                    7.23938e+04               
      390100            6.57962                             0.99393                                          -0.06977                                      9.69085e+04                                        1.18430e+06                                    7.26167e+04               
      391100            6.60554                             0.98602                                          -0.05895                                      9.61365e+04                                        1.18231e+06                                    7.23940e+04               
      392100            6.58873                             0.99261                                          -0.08578                                      9.67793e+04                                        1.18358e+06                                    7.25599e+04               
      393100            6.60481                             0.99226                                           0.01984                                      9.67449e+04                                        1.18323e+06                                    7.23724e+04               
      394100            6.59896                             0.99259                                          -0.04696                                      9.67778e+04                                        1.18459e+06                                    7.27057e+04               
      395100            6.62045                             0.99301                                          -0.06338                                      9.68182e+04                                        1.18398e+06                                    7.24837e+04               
      396100            6.60073                             0.98546                                          -0.06823                                      9.60820e+04                                        1.18361e+06                                    7.25414e+04               
      397100            6.60580                             0.99996                                           0.06996                                      9.74965e+04                                        1.18433e+06                                    7.24755e+04               
      398100            6.57583                             0.99610                                          -0.00588                                      9.71198e+04                                        1.18426e+06                                    7.23908e+04               
      399100            6.59699                             0.99311                                           0.01128                                      9.68279e+04                                        1.18315e+06                                    7.23687e+04               
      400100            6.63303                             0.99371                                          -0.02697                                      9.68865e+04                                        1.18343e+06                                    7.24408e+04               
      401100            7.09835                             0.99016                                          -0.00765                                      9.65404e+04                                        1.18325e+06                                    7.23941e+04               
      402100            7.10207                             0.99057                                          -0.05435                                      9.65810e+04                                        1.18432e+06                                    7.24670e+04               
      403100            7.06740                             0.99382                                           0.01035                                      9.68975e+04                                        1.18353e+06                                    7.23553e+04               
      404100            7.08123                             0.99531                                           0.03135                                      9.70426e+04                                        1.18427e+06                                    7.23678e+04               
      405100            7.17957                             0.99031                                          -0.05323                                      9.65553e+04                                        1.18393e+06                                    7.24530e+04               
      406100            7.25682                             0.99121                                           0.01483                                      9.66434e+04                                        1.18412e+06                                    7.25090e+04               
      407100            7.47255                             0.99866                                          -0.02018                                      9.73689e+04                                        1.18450e+06                                    7.24526e+04               
      408100            7.46662                             0.99369                                          -0.08410                                      9.68852e+04                                        1.18509e+06                                    7.26039e+04               
      409100            7.42823                             0.99781                                          -0.09422                                      9.72868e+04                                        1.18439e+06                                    7.24435e+04               
      410100            7.73996                             0.99599                                          -0.00283                                      9.71086e+04                                        1.18418e+06                                    7.25302e+04               
      411100            7.71567                             0.99186                                           0.01402                                      9.67062e+04                                        1.18367e+06                                    7.22803e+04               
      412100            7.80785                             0.99446                                          -0.00219                                      9.69597e+04                                        1.18396e+06                                    7.23477e+04               
      413100            7.85588                             0.99531                                           0.02617                                      9.70424e+04                                        1.18449e+06                                    7.23929e+04               
      414100            7.83693                             0.98769                                          -0.04165                                      9.63001e+04                                        1.18433e+06                                    7.24131e+04               
      415100            7.83566                             0.99141                                           0.03095                                      9.66623e+04                                        1.18399e+06                                    7.23768e+04               
      416100            7.89940                             0.99494                                           0.06038                                      9.70066e+04                                        1.18463e+06                                    7.23348e+04               
      417100            7.93789                             0.99157                                           0.06251                                      9.66780e+04                                        1.18434e+06                                    7.23295e+04               
      418100            7.94680                             0.98866                                          -0.04856                                      9.63941e+04                                        1.18457e+06                                    7.24529e+04               
      419100            7.87258                             0.99789                                          -0.00701                                      9.72944e+04                                        1.18482e+06                                    7.23631e+04               
      420100            7.91914                             1.00276                                           0.03896                                      9.77694e+04                                        1.18541e+06                                    7.23702e+04               
      421100            7.92616                             0.99090                                           0.05251                                      9.66125e+04                                        1.18463e+06                                    7.23482e+04               
      422100            7.95201                             0.99467                                           0.04725                                      9.69799e+04                                        1.18514e+06                                    7.23813e+04               
      423100            7.88121                             0.98929                                          -0.02436                                      9.64557e+04                                        1.18439e+06                                    7.23815e+04               
      424100            7.92623                             0.99306                                          -0.06297                                      9.68234e+04                                        1.18505e+06                                    7.24277e+04               
      425100            8.09986                             0.98838                                          -0.03985                                      9.63674e+04                                        1.18396e+06                                    7.24188e+04               
      426100            7.93141                             0.98733                                          -0.03788                                      9.62643e+04                                        1.18569e+06                                    7.24328e+04               
      427100            7.93818                             0.99286                                           0.06486                                      9.68036e+04                                        1.18488e+06                                    7.23112e+04               
      428100            7.97794                             0.98974                                           0.04373                                      9.64994e+04                                        1.18462e+06                                    7.22985e+04               
      429100            7.92907                             0.99178                                          -0.02490                                      9.66983e+04                                        1.18523e+06                                    7.23119e+04               
      430100            7.94434                             0.99462                                           0.04109                                      9.69757e+04                                        1.18570e+06                                    7.23076e+04               
      431100            7.95821                             0.99590                                           0.01078                                      9.71005e+04                                        1.18646e+06                                    7.24684e+04               
      432100            7.91814                             0.98930                                           0.04193                                      9.64564e+04                                        1.18552e+06                                    7.24377e+04               
      433100            7.91084                             0.99399                                          -0.03773                                      9.69137e+04                                        1.18592e+06                                    7.24147e+04               
      434100            8.14044                             1.00530                                           0.02199                                      9.80165e+04                                        1.18560e+06                                    7.23812e+04               
      435100            7.95814                             0.99089                                          -0.06990                                      9.66121e+04                                        1.18612e+06                                    7.25794e+04               
      436100            7.91370                             0.99347                                           0.00215                                      9.68631e+04                                        1.18637e+06                                    7.23742e+04               
      437100            7.94153                             0.99787                                          -0.02692                                      9.72927e+04                                        1.18542e+06                                    7.22878e+04               
      438100            7.88712                             1.00170                                          -0.03184                                      9.76656e+04                                        1.18627e+06                                    7.23863e+04               
      439100            7.94442                             0.99887                                           0.05064                                      9.73901e+04                                        1.18694e+06                                    7.25327e+04               
      440100            7.91685                             0.99040                                          -0.07773                                      9.65641e+04                                        1.18484e+06                                    7.24345e+04               
      441100            8.10438                             0.99555                                          -0.00948                                      9.70665e+04                                        1.18544e+06                                    7.23196e+04               
      442100            7.90924                             0.99534                                          -0.01192                                      9.70457e+04                                        1.18592e+06                                    7.24059e+04               
      443100            7.92396                             0.99370                                           0.05790                                      9.68857e+04                                        1.18513e+06                                    7.21342e+04               
      444100            7.92181                             0.99833                                          -0.03866                                      9.73369e+04                                        1.18630e+06                                    7.24328e+04               
      445100            7.93045                             0.99488                                          -0.03611                                      9.70007e+04                                        1.18718e+06                                    7.24776e+04               
      446100            7.90281                             0.99799                                           0.07694                                      9.73035e+04                                        1.18629e+06                                    7.22369e+04               
      447100            8.15830                             0.98919                                          -0.05726                                      9.64462e+04                                        1.18598e+06                                    7.22791e+04               
      448100            7.93581                             0.99603                                           0.01805                                      9.71132e+04                                        1.18695e+06                                    7.25150e+04               
      449100            8.11014                             0.98385                                           0.03380                                      9.59254e+04                                        1.18572e+06                                    7.23108e+04               
      450100            7.89436                             0.99637                                           0.11711                                      9.71460e+04                                        1.18584e+06                                    7.21387e+04               
      451100            8.10267                             0.99651                                           0.08861                                      9.71600e+04                                        1.18645e+06                                    7.22482e+04               
      452100            7.89087                             1.00366                                          -0.00173                                      9.78567e+04                                        1.18698e+06                                    7.23324e+04               
      453100            8.10347                             1.00299                                           0.14206                                      9.77915e+04                                        1.18651e+06                                    7.22285e+04               
      454100            7.94966                             1.00081                                           0.00233                                      9.75789e+04                                        1.18758e+06                                    7.23382e+04               
      455100            7.95634                             0.99626                                           0.03747                                      9.71358e+04                                        1.18749e+06                                    7.24255e+04               
      456100            7.87328                             0.98665                                          -0.04322                                      9.61986e+04                                        1.18650e+06                                    7.23620e+04               
      457100            8.09025                             0.99399                                           0.01442                                      9.69137e+04                                        1.18654e+06                                    7.23826e+04               
      458100            7.92842                             0.99604                                           0.02874                                      9.71144e+04                                        1.18725e+06                                    7.23349e+04               
      459100            7.95568                             0.99169                                           0.07805                                      9.66899e+04                                        1.18685e+06                                    7.22139e+04               
      460100            7.91060                             0.99927                                           0.00133                                      9.74291e+04                                        1.18699e+06                                    7.23447e+04               
      461100            7.93782                             0.99476                                          -0.00938                                      9.69895e+04                                        1.18745e+06                                    7.23928e+04               
      462100            7.88843                             0.98622                                          -0.06186                                      9.61563e+04                                        1.18580e+06                                    7.21591e+04               
      463100            7.93768                             0.98855                                           0.00293                                      9.63841e+04                                        1.18692e+06                                    7.22944e+04               
      464100            7.93047                             0.99639                                           0.04530                                      9.71479e+04                                        1.18681e+06                                    7.22248e+04               
      465100            7.94398                             0.98920                                           0.08250                                      9.64468e+04                                        1.18782e+06                                    7.22979e+04               
      466100            8.30683                             0.99849                                           0.02701                                      9.73531e+04                                        1.18653e+06                                    7.21211e+04               
      467100            8.15753                             0.99591                                           0.00366                                      9.71017e+04                                        1.18759e+06                                    7.23638e+04               
      468100            8.18590                             0.99253                                           0.02853                                      9.67721e+04                                        1.18737e+06                                    7.23479e+04               
      469100            8.11854                             0.98606                                          -0.07429                                      9.61404e+04                                        1.18704e+06                                    7.22881e+04               
      470100            8.11441                             0.98742                                           0.03282                                      9.62731e+04                                        1.18770e+06                                    7.23209e+04               
      471100            8.15219                             0.98715                                           0.06093                                      9.62470e+04                                        1.18711e+06                                    7.23002e+04               
      472100            8.16276                             0.98920                                           0.02708                                      9.64471e+04                                        1.18866e+06                                    7.25283e+04               
      473100            8.18718                             0.98712                                          -0.04688                                      9.62445e+04                                        1.18756e+06                                    7.24470e+04               
      474100            8.20529                             0.99129                                          -0.02706                                      9.66510e+04                                        1.18807e+06                                    7.23831e+04               
      475100            8.19890                             0.98274                                          -0.01661                                      9.58176e+04                                        1.18674e+06                                    7.21314e+04               
      476100            8.14842                             0.99486                                           0.02380                                      9.69992e+04                                        1.18790e+06                                    7.22813e+04               
      477100            8.20593                             0.99220                                          -0.08793                                      9.67396e+04                                        1.18813e+06                                    7.24072e+04               
      478100            8.15965                             0.99420                                           0.04561                                      9.69341e+04                                        1.18789e+06                                    7.22439e+04               
      479100            8.21356                             0.99122                                           0.01590                                      9.66438e+04                                        1.18803e+06                                    7.23554e+04               
      480100            8.20780                             0.99712                                          -0.07510                                      9.72188e+04                                        1.18962e+06                                    7.25853e+04               
      481100            8.20292                             0.99346                                          -0.07730                                      9.68620e+04                                        1.18845e+06                                    7.24036e+04               
      482100            8.19136                             0.99339                                          -0.07111                                      9.68551e+04                                        1.18780e+06                                    7.24266e+04               
      483100            8.14968                             0.99854                                          -0.14298                                      9.73580e+04                                        1.18895e+06                                    7.25367e+04               
      484100            8.21675                             0.98839                                          -0.07762                                      9.63684e+04                                        1.18959e+06                                    7.25801e+04               
      485100            8.20540                             0.99189                                          -0.04933                                      9.67091e+04                                        1.18832e+06                                    7.23371e+04               
      486100            8.26551                             0.98841                                           0.02308                                      9.63696e+04                                        1.18870e+06                                    7.23577e+04               
      487100            8.24045                             0.99808                                           0.02731                                      9.73128e+04                                        1.18808e+06                                    7.23148e+04               
      488100            8.24602                             0.98889                                           0.06708                                      9.64166e+04                                        1.18810e+06                                    7.23039e+04               
      489100            8.31230                             0.99841                                           0.03973                                      9.73449e+04                                        1.18876e+06                                    7.23124e+04               
      490100            8.20323                             0.99368                                          -0.01040                                      9.68838e+04                                        1.18719e+06                                    7.21426e+04               
      491100            8.09366                             0.99554                                           0.06724                                      9.70650e+04                                        1.18841e+06                                    7.23016e+04               
      492100            8.23900                             0.99634                                          -0.03045                                      9.71435e+04                                        1.18902e+06                                    7.23332e+04               
      493100            8.24365                             0.99003                                          -0.05794                                      9.65280e+04                                        1.18885e+06                                    7.23340e+04               
      494100            8.27518                             0.98450                                          -0.04512                                      9.59891e+04                                        1.18865e+06                                    7.23830e+04               
      495100            8.28382                             0.98575                                           0.05666                                      9.61101e+04                                        1.18797e+06                                    7.22484e+04               
      496100            8.26738                             0.99143                                          -0.03164                                      9.66644e+04                                        1.18902e+06                                    7.23861e+04               
      497100            8.25343                             0.99372                                           0.02167                                      9.68879e+04                                        1.18815e+06                                    7.21178e+04               
      498100            8.25365                             0.98927                                           0.01631                                      9.64542e+04                                        1.18849e+06                                    7.23625e+04               
      499100            8.24550                             0.99538                                          -0.04411                                      9.70494e+04                                        1.18939e+06                                    7.24087e+04               
      500100            8.45269                             0.99113                                          -0.07564                                      9.66350e+04                                        1.18838e+06                                    7.22532e+04               
      501100            8.19442                             0.98939                                           0.05015                                      9.64651e+04                                        1.18812e+06                                    7.20715e+04               
      502100            8.25939                             0.99384                                           0.00410                                      9.68997e+04                                        1.18882e+06                                    7.22252e+04               
      503100            8.27244                             0.99398                                           0.02286                                      9.69126e+04                                        1.18986e+06                                    7.23462e+04               
      504100            8.27382                             0.99408                                          -0.00264                                      9.69228e+04                                        1.18925e+06                                    7.22616e+04               
      505100            8.26022                             0.98897                                          -0.04830                                      9.64245e+04                                        1.18916e+06                                    7.23598e+04               
      506100            8.24481                             0.99351                                           0.09824                                      9.68670e+04                                        1.18786e+06                                    7.19862e+04               
      507100            8.21393                             0.99906                                           0.01420                                      9.74088e+04                                        1.18762e+06                                    7.19930e+04               
      508100            8.25156                             1.00029                                           0.11221                                      9.75286e+04                                        1.19019e+06                                    7.23294e+04               
      509100            8.28108                             0.99512                                          -0.02766                                      9.70242e+04                                        1.18949e+06                                    7.23782e+04               
      510100            8.30107                             0.99365                                          -0.05175                                      9.68806e+04                                        1.18956e+06                                    7.24683e+04               
      511100            8.38136                             0.99105                                          -0.06198                                      9.66278e+04                                        1.18943e+06                                    7.23681e+04               
      512100            8.39741                             0.99706                                           0.03961                                      9.72134e+04                                        1.18976e+06                                    7.23503e+04               
      513100            8.63038                             0.99662                                          -0.02763                                      9.71704e+04                                        1.18968e+06                                    7.24619e+04               
      514100            8.38433                             0.99310                                          -0.00799                                      9.68274e+04                                        1.18979e+06                                    7.24361e+04               
      515100            8.39780                             0.98924                                          -0.00276                                      9.64512e+04                                        1.19034e+06                                    7.24320e+04               
      516100            8.62090                             0.99284                                           0.01601                                      9.68020e+04                                        1.18959e+06                                    7.24522e+04               
      517100            8.34870                             0.98968                                           0.01270                                      9.64943e+04                                        1.18993e+06                                    7.24224e+04               
      518100            8.37960                             0.99411                                          -0.01399                                      9.69257e+04                                        1.19047e+06                                    7.24382e+04               
      519100            8.30505                             0.98647                                           0.05712                                      9.61813e+04                                        1.19007e+06                                    7.22960e+04               
      520100            8.41643                             1.00403                                           0.01581                                      9.78924e+04                                        1.19110e+06                                    7.24428e+04               
      521100            8.35506                             0.99778                                           0.06510                                      9.72838e+04                                        1.19000e+06                                    7.22512e+04               
      522100            8.40667                             0.99334                                           0.06353                                      9.68507e+04                                        1.19083e+06                                    7.24647e+04               
      523100            8.35376                             0.99764                                           0.01716                                      9.72699e+04                                        1.18956e+06                                    7.22674e+04               
      524100            8.33493                             0.99394                                           0.03107                                      9.69096e+04                                        1.18965e+06                                    7.23085e+04               
      525100            8.35239                             0.99223                                           0.00560                                      9.67423e+04                                        1.19048e+06                                    7.24227e+04               
      526100            8.37815                             0.99201                                          -0.07529                                      9.67208e+04                                        1.19053e+06                                    7.24322e+04               
      527100            8.33979                             1.00023                                           0.00417                                      9.75221e+04                                        1.19021e+06                                    7.23772e+04               
      528100            8.37011                             0.99969                                        -8.83850e-04                                    9.74700e+04                                        1.19030e+06                                    7.22826e+04               
      529100            8.33686                             1.00148                                           0.06206                                      9.76440e+04                                        1.18985e+06                                    7.21985e+04               
      530100            8.33799                             0.99231                                           0.11724                                      9.67503e+04                                        1.18977e+06                                    7.21578e+04               
      531100            8.37198                             1.00157                                           0.05511                                      9.76528e+04                                        1.19113e+06                                    7.23331e+04               
      532100            8.35829                             0.99913                                           0.04678                                      9.74155e+04                                        1.18981e+06                                    7.22222e+04               
      533100            8.35798                             0.99461                                           0.02126                                      9.69749e+04                                        1.18914e+06                                    7.20840e+04               
      534100            8.34583                             0.99572                                           0.09607                                      9.70829e+04                                        1.18960e+06                                    7.21664e+04               
      535100            8.35380                             0.99498                                          -0.02588                                      9.70104e+04                                        1.19065e+06                                    7.23585e+04               
      536100            8.34696                             0.99334                                           0.01064                                      9.68503e+04                                        1.19037e+06                                    7.23212e+04               
      537100            8.37405                             0.99373                                           0.00841                                      9.68891e+04                                        1.18944e+06                                    7.21888e+04               
      538100            8.34683                             0.99493                                          -0.01824                                      9.70056e+04                                        1.19042e+06                                    7.23493e+04               
      539100            8.36036                             0.99259                                          -0.04112                                      9.67777e+04                                        1.18944e+06                                    7.22084e+04               
      540100            8.32009                             0.98790                                           0.07245                                      9.63200e+04                                        1.18961e+06                                    7.20999e+04               
      541100            8.33493                             0.98689                                          -0.04045                                      9.62214e+04                                        1.18934e+06                                    7.21152e+04               
      542100            8.40267                             0.99848                                           0.03083                                      9.73517e+04                                        1.19175e+06                                    7.23567e+04               
      543100            8.40072                             0.99412                                           0.08939                                      9.69270e+04                                        1.19013e+06                                    7.22564e+04               
      544100            8.35033                             0.99611                                           0.04937                                      9.71204e+04                                        1.19154e+06                                    7.23796e+04               
      545100            8.35398                             0.99306                                          -0.02483                                      9.68238e+04                                        1.19025e+06                                    7.22813e+04               
      546100            8.36578                             0.99438                                           0.01622                                      9.69521e+04                                        1.18997e+06                                    7.22228e+04               
      547100            8.41148                             0.99615                                          -0.05589                                      9.71251e+04                                        1.18962e+06                                    7.22323e+04               
      548100            8.44493                             0.99416                                          -0.01186                                      9.69310e+04                                        1.19096e+06                                    7.24227e+04               
      549100            8.43080                             0.99229                                           0.02124                                      9.67482e+04                                        1.19018e+06                                    7.22102e+04               
      550100            8.41385                             0.99755                                           0.00710                                      9.72609e+04                                        1.19118e+06                                    7.22111e+04               
      551100            8.44537                             0.99624                                           0.08969                                      9.71334e+04                                        1.19000e+06                                    7.21343e+04               
      552100            8.44420                             0.99028                                          -0.06908                                      9.65525e+04                                        1.19145e+06                                    7.24830e+04               
      553100            8.42271                             0.99150                                          -0.01182                                      9.66709e+04                                        1.19057e+06                                    7.24001e+04               
      554100            8.42034                             0.99322                                          -0.03051                                      9.68394e+04                                        1.19035e+06                                    7.23774e+04               
      555100            8.42750                             0.99927                                           0.03692                                      9.74289e+04                                        1.19093e+06                                    7.24029e+04               
      556100            8.45372                             0.99101                                          -0.05506                                      9.66235e+04                                        1.19128e+06                                    7.23849e+04               
      557100            8.44120                             0.98697                                          -0.00392                                      9.62297e+04                                        1.18992e+06                                    7.22371e+04               
      558100            8.42645                             0.98838                                           0.00890                                      9.63669e+04                                        1.19240e+06                                    7.25554e+04               
      559100            8.41595                             1.00026                                          -0.06311                                      9.75254e+04                                        1.19153e+06                                    7.25010e+04               
      560100            8.65179                             0.99368                                          -0.02891                                      9.68834e+04                                        1.19050e+06                                    7.23435e+04               
      561100            8.56665                             1.00342                                          -0.02130                                      9.78333e+04                                        1.19031e+06                                    7.22374e+04               
      562100            8.40550                             0.98953                                           0.08059                                      9.64794e+04                                        1.19062e+06                                    7.22356e+04               
      563100            8.45362                             0.99422                                           0.02570                                      9.69363e+04                                        1.19083e+06                                    7.22851e+04               
      564100            8.38944                             0.99253                                          -0.00379                                      9.67714e+04                                        1.19070e+06                                    7.22009e+04               
      565100            8.39919                             0.99410                                          -0.03180                                      9.69247e+04                                        1.19103e+06                                    7.23100e+04               
      566100            8.37529                             0.99146                                           0.00802                                      9.66669e+04                                        1.19074e+06                                    7.22993e+04               
      567100            8.40796                             0.99325                                           0.05476                                      9.68415e+04                                        1.19127e+06                                    7.22807e+04               
      568100            8.41391                             0.98843                                          -0.02392                                      9.63724e+04                                        1.19056e+06                                    7.23126e+04               
      569100            8.42697                             0.99929                                          -0.02139                                      9.74305e+04                                        1.19115e+06                                    7.22998e+04               
      570100            8.39488                             0.99810                                           0.00854                                      9.73149e+04                                        1.19177e+06                                    7.23910e+04               
      571100            8.39201                             0.99337                                          -0.03558                                      9.68538e+04                                        1.19059e+06                                    7.22365e+04               
      572100            8.41188                             0.99554                                          -0.00379                                      9.70656e+04                                        1.19179e+06                                    7.24878e+04               
      573100            8.40967                             0.98649                                          -0.01855                                      9.61831e+04                                        1.19151e+06                                    7.24022e+04               
      574100            8.44152                             0.99554                                           0.01062                                      9.70651e+04                                        1.19195e+06                                    7.23948e+04               
      575100            8.43696                             0.99097                                          -0.00789                                      9.66201e+04                                        1.19074e+06                                    7.23370e+04               
      576100            8.43138                             0.99281                                           0.01022                                      9.67990e+04                                        1.19096e+06                                    7.22879e+04               
      577100            8.38732                             0.99592                                           0.00522                                      9.71025e+04                                        1.19093e+06                                    7.23144e+04               
      578100            8.43260                             0.98812                                          -0.07495                                      9.63420e+04                                        1.19140e+06                                    7.23432e+04               
      579100            8.41785                             0.99219                                          -0.04118                                      9.67385e+04                                        1.19148e+06                                    7.23647e+04               
      580100            8.39674                             0.99925                                          -0.05182                                      9.74273e+04                                        1.19220e+06                                    7.24652e+04               
      581100            8.39700                             0.99500                                          -0.02693                                      9.70125e+04                                        1.19227e+06                                    7.24555e+04               
      582100            8.40388                             0.99756                                          -0.02247                                      9.72625e+04                                        1.19151e+06                                    7.23809e+04               
      583100            8.43667                             1.00037                                           0.01430                                      9.75365e+04                                        1.19223e+06                                    7.23964e+04               
      584100            8.62027                             0.99400                                           0.06094                                      9.69147e+04                                        1.19116e+06                                    7.21806e+04               
      585100            8.64985                             0.98886                                          -0.01490                                      9.64139e+04                                        1.19121e+06                                    7.22634e+04               
      586100            8.38182                             0.98875                                          -0.07689                                      9.64033e+04                                        1.19043e+06                                    7.22987e+04               
      587100            8.41711                             0.98928                                          -0.06092                                      9.64550e+04                                        1.19222e+06                                    7.25372e+04               
      588100            8.38799                             0.98778                                          -0.09746                                      9.63084e+04                                        1.19164e+06                                    7.23747e+04               
      589100            8.43975                             0.99999                                           0.10465                                      9.74994e+04                                        1.19100e+06                                    7.20729e+04               
      590100            8.37850                             0.98653                                          -0.02134                                      9.61871e+04                                        1.19111e+06                                    7.21926e+04               
      591100            8.46069                             0.99296                                          -0.04386                                      9.68132e+04                                        1.19172e+06                                    7.23602e+04               
      592100            8.39140                             0.99424                                          -0.05390                                      9.69385e+04                                        1.19134e+06                                    7.23257e+04               
      593100            8.42280                             0.99655                                           0.04324                                      9.71634e+04                                        1.19207e+06                                    7.24580e+04               
      594100            8.40672                             0.99151                                          -0.03715                                      9.66726e+04                                        1.19012e+06                                    7.21772e+04               
      595100            8.40126                             0.98958                                          -0.04852                                      9.64837e+04                                        1.19216e+06                                    7.24159e+04               
      596100            8.44896                             0.99194                                          -0.00247                                      9.67144e+04                                        1.19147e+06                                    7.23085e+04               
      597100            8.39538                             0.99686                                           0.02813                                      9.71936e+04                                        1.19100e+06                                    7.22100e+04               
      598100            8.42139                             0.99776                                           0.03301                                      9.72819e+04                                        1.19229e+06                                    7.23990e+04               
      599100            8.59511                             0.99531                                           0.05232                                      9.70427e+04                                        1.19225e+06                                    7.22474e+04               
      600100            8.62609                             0.99592                                           0.01495                                      9.71022e+04                                        1.19221e+06                                    7.23385e+04               
      601100            8.48425                             0.99193                                          -0.01126                                      9.67132e+04                                        1.19153e+06                                    7.23839e+04               
      602100            8.65539                             0.99833                                          -0.06352                                      9.73368e+04                                        1.19229e+06                                    7.24039e+04               
      603100            8.46320                             0.99492                                          -0.02468                                      9.70047e+04                                        1.19163e+06                                    7.23644e+04               
      604100            8.47293                             0.99307                                           0.07192                                      9.68243e+04                                        1.19082e+06                                    7.22550e+04               
      605100            8.69975                             1.00019                                          -0.07102                                      9.75186e+04                                        1.19218e+06                                    7.24165e+04               
      606100            8.67752                             0.98472                                          -0.00105                                      9.60106e+04                                        1.19191e+06                                    7.24029e+04               
      607100            8.46280                             0.99740                                          -0.02018                                      9.72468e+04                                        1.19291e+06                                    7.24036e+04               
      608100            8.48805                             0.98561                                          -0.06207                                      9.60972e+04                                        1.19198e+06                                    7.24080e+04               
      609100            8.45993                             0.99381                                           0.04504                                      9.68964e+04                                        1.19228e+06                                    7.23822e+04               
      610100            8.46699                             0.99780                                          -0.03093                                      9.72858e+04                                        1.19285e+06                                    7.24570e+04               
      611100            8.46635                             0.98984                                          -0.09588                                      9.65096e+04                                        1.19144e+06                                    7.22732e+04               
      612100            8.47413                             0.99893                                          -0.04040                                      9.73961e+04                                        1.19195e+06                                    7.22535e+04               
      613100            8.49205                             0.99964                                          -0.03740                                      9.74653e+04                                        1.19269e+06                                    7.23637e+04               
      614100            8.43131                             1.00351                                           0.05892                                      9.78423e+04                                        1.19232e+06                                    7.22851e+04               
      615100            8.44763                             0.99412                                           0.09926                                      9.69263e+04                                        1.19223e+06                                    7.22813e+04               
      616100            8.43790                             1.00241                                           0.06759                                      9.77352e+04                                        1.19256e+06                                    7.22432e+04               
      617100            8.45342                             0.99750                                           0.05462                                      9.72565e+04                                        1.19275e+06                                    7.22672e+04               
      618100            8.73739                             0.99200                                           0.07487                                      9.67201e+04                                        1.19160e+06                                    7.21443e+04               
      619100            8.54894                             0.99554                                           0.05169                                      9.70653e+04                                        1.19257e+06                                    7.22266e+04               
      620100            8.51159                             0.99928                                           0.05980                                      9.74294e+04                                        1.19169e+06                                    7.21584e+04               
      621100            8.49475                             0.98956                                           0.00749                                      9.64823e+04                                        1.19206e+06                                    7.22306e+04               
      622100            8.49919                             0.99953                                          -0.00614                                      9.74545e+04                                        1.19216e+06                                    7.23499e+04               
      623100            8.70833                             0.99002                                          -0.03838                                      9.65272e+04                                        1.19230e+06                                    7.23332e+04               
      624100            8.49522                             0.98991                                          -0.05541                                      9.65162e+04                                        1.19296e+06                                    7.24607e+04               
      625100            8.50181                             0.99060                                          -0.04456                                      9.65839e+04                                        1.19174e+06                                    7.22438e+04               
      626100            8.53667                             0.99784                                           0.02818                                      9.72892e+04                                        1.19299e+06                                    7.23047e+04               
      627100            8.72700                             0.99539                                          -0.01047                                      9.70510e+04                                        1.19272e+06                                    7.24361e+04               
      628100            8.52955                             0.99090                                          -0.07168                                      9.66129e+04                                        1.19275e+06                                    7.24267e+04               
      629100            8.54402                             0.99235                                          -0.07274                                      9.67539e+04                                        1.19381e+06                                    7.25813e+04               
      630100            8.53051                             0.97894                                          -0.11103                                      9.54464e+04                                        1.19181e+06                                    7.22708e+04               
      631100            8.50781                             1.00126                                          -0.07219                                      9.76224e+04                                        1.19340e+06                                    7.24019e+04               
      632100            8.48836                             1.00144                                           0.04606                                      9.76401e+04                                        1.19294e+06                                    7.23014e+04               
      633100            8.48483                             0.99130                                          -0.07826                                      9.66522e+04                                        1.19243e+06                                    7.23570e+04               
      634100            8.54663                             0.99745                                           0.01811                                      9.72513e+04                                        1.19282e+06                                    7.23298e+04               
      635100            8.53545                             0.99517                                           0.01110                                      9.70294e+04                                        1.19365e+06                                    7.23760e+04               
      636100            8.51928                             0.98869                                          -0.05894                                      9.63972e+04                                        1.19248e+06                                    7.24003e+04               
      637100            8.44206                             0.99803                                          -0.00831                                      9.73083e+04                                        1.19207e+06                                    7.22082e+04               
      638100            8.72864                             0.99140                                           0.10427                                      9.66613e+04                                        1.19279e+06                                    7.22150e+04               
      639100            8.51899                             0.99061                                          -0.01001                                      9.65845e+04                                        1.19289e+06                                    7.24079e+04               
      640100            8.52410                             0.99778                                          -0.02691                                      9.72839e+04                                        1.19297e+06                                    7.23078e+04               
      641100            8.51949                             0.99823                                           0.02083                                      9.73277e+04                                        1.19311e+06                                    7.23018e+04               
      642100            8.46572                             0.99392                                           0.02311                                      9.69076e+04                                        1.19275e+06                                    7.23779e+04               
      643100            8.48188                             0.99298                                          -0.04787                                      9.68159e+04                                        1.19316e+06                                    7.24696e+04               
      644100            8.77602                             0.99334                                          -0.04615                                      9.68511e+04                                        1.19293e+06                                    7.24029e+04               
      645100            8.51456                             0.99220                                          -0.09258                                      9.67398e+04                                        1.19325e+06                                    7.25056e+04               
      646100            8.68465                             0.98985                                           0.00685                                      9.65104e+04                                        1.19196e+06                                    7.22052e+04               
      647100            8.48831                             0.99453                                           0.06450                                      9.69666e+04                                        1.19368e+06                                    7.24148e+04               
      648100            8.51613                             0.99963                                          -0.00933                                      9.74642e+04                                        1.19296e+06                                    7.22914e+04               
      649100            8.53233                             0.98972                                           0.02957                                      9.64977e+04                                        1.19295e+06                                    7.22304e+04               
      650100            8.50189                             0.99293                                           0.03893                                      9.68108e+04                                        1.19351e+06                                    7.22948e+04               
      651100            8.54613                             0.99157                                          -0.06720                                      9.66776e+04                                        1.19330e+06                                    7.24649e+04               
      652100            8.51603                             0.99112                                           0.02568                                      9.66341e+04                                        1.19238e+06                                    7.22064e+04               
      653100            8.54395                             0.99761                                          -0.01091                                      9.72673e+04                                        1.19342e+06                                    7.23841e+04               
      654100            8.54735                             0.99371                                           0.01623                                      9.68871e+04                                        1.19288e+06                                    7.22826e+04               
      655100            8.52293                             0.99404                                          -0.07339                                      9.69185e+04                                        1.19248e+06                                    7.22147e+04               
      656100            8.49252                             0.98459                                          -0.08273                                      9.59979e+04                                        1.19313e+06                                    7.23333e+04               
      657100            8.49570                             0.98947                                          -0.03184                                      9.64729e+04                                        1.19270e+06                                    7.23701e+04               
      658100            8.48337                             0.99862                                          -0.01598                                      9.73653e+04                                        1.19382e+06                                    7.24016e+04               
      659100            8.53571                             0.99085                                           0.00551                                      9.66075e+04                                        1.19262e+06                                    7.22391e+04               
      660100            8.56097                             0.98939                                          -0.02515                                      9.64657e+04                                        1.19300e+06                                    7.22753e+04               
      661100            8.50058                             0.99018                                           0.05313                                      9.65422e+04                                        1.19175e+06                                    7.20641e+04               
      662100            8.76545                             0.99053                                          -0.01957                                      9.65767e+04                                        1.19292e+06                                    7.22757e+04               
      663100            8.60023                             0.99496                                           0.00631                                      9.70090e+04                                        1.19269e+06                                    7.22428e+04               
      664100            8.80409                             0.99573                                          -0.00661                                      9.70836e+04                                        1.19407e+06                                    7.23694e+04               
      665100            8.57829                             0.99284                                          -0.04392                                      9.68015e+04                                        1.19388e+06                                    7.24556e+04               
      666100            8.58534                             0.99521                                          -0.09581                                      9.70332e+04                                        1.19363e+06                                    7.24852e+04               
      667100            8.44554                             0.99815                                           0.03732                                      9.73192e+04                                        1.19323e+06                                    7.21873e+04               
      668100            8.57734                             0.99545                                           0.06224                                      9.70562e+04                                        1.19314e+06                                    7.21709e+04               
      669100            8.61281                             0.99224                                           0.03429                                      9.67434e+04                                        1.19296e+06                                    7.22097e+04               
      670100            8.82415                             0.99906                                           0.00421                                      9.74084e+04                                        1.19374e+06                                    7.23446e+04               
      671100            8.63416                             0.99547                                          -0.05964                                      9.70586e+04                                        1.19421e+06                                    7.23515e+04               
      672100            8.55347                             0.98961                                           0.02333                                      9.64873e+04                                        1.19243e+06                                    7.21600e+04               
      673100            8.70838                             0.99170                                          -0.00736                                      9.66906e+04                                        1.19343e+06                                    7.24229e+04               
      674100            8.53740                             0.99426                                           0.01050                                      9.69406e+04                                        1.19314e+06                                    7.21789e+04               
      675100            8.49781                             0.99620                                           0.04707                                      9.71299e+04                                        1.19338e+06                                    7.20959e+04               
      676100            8.57109                             1.00147                                        -5.66686e-04                                    9.76436e+04                                        1.19428e+06                                    7.23370e+04               
      677100            8.57839                             1.00561                                          -0.03710                                      9.80470e+04                                        1.19418e+06                                    7.23892e+04               
      678100            8.60181                             1.00067                                           0.00388                                      9.75654e+04                                        1.19371e+06                                    7.22746e+04               
      679100            8.60326                             0.98846                                        -9.66004e-04                                    9.63750e+04                                        1.19372e+06                                    7.22724e+04               
      680100            8.61331                             0.99691                                          -0.06322                                      9.71990e+04                                        1.19434e+06                                    7.24009e+04               
      681100            8.58355                             0.98834                                           0.01177                                      9.63627e+04                                        1.19316e+06                                    7.23156e+04               
      682100            8.58032                             0.98424                                          -0.04533                                      9.59638e+04                                        1.19315e+06                                    7.22080e+04               
      683100            8.60174                             0.98877                                          -0.02330                                      9.64053e+04                                        1.19328e+06                                    7.22584e+04               
      684100            8.81785                             0.99548                                          -0.03599                                      9.70594e+04                                        1.19376e+06                                    7.23944e+04               
      685100            8.54890                             0.98509                                          -0.03408                                      9.60466e+04                                        1.19330e+06                                    7.21944e+04               
      686100            8.58237                             0.98997                                           0.02080                                      9.65222e+04                                        1.19378e+06                                    7.22272e+04               
      687100            8.59653                             0.99213                                          -0.01155                                      9.67326e+04                                        1.19370e+06                                    7.23049e+04               
      688100            8.81628                             0.98646                                          -0.04049                                      9.61800e+04                                        1.19318e+06                                    7.23359e+04               
      689100            8.57100                             0.99334                                           0.06690                                      9.68504e+04                                        1.19325e+06                                    7.22439e+04               
      690100            8.60380                             1.00110                                          -0.00238                                      9.76076e+04                                        1.19541e+06                                    7.25060e+04               
      691100            8.54316                             1.00340                                          -0.00208                                      9.78315e+04                                        1.19383e+06                                    7.22937e+04               
      692100            8.60625                             0.98985                                           0.05366                                      9.65106e+04                                        1.19380e+06                                    7.21921e+04               
      693100            8.60028                             0.99404                                          -0.05129                                      9.69194e+04                                        1.19359e+06                                    7.22615e+04               
      694100            8.58524                             0.99406                                          -0.01962                                      9.69213e+04                                        1.19395e+06                                    7.23945e+04               
      695100            8.60987                             0.98697                                          -0.04026                                      9.62294e+04                                        1.19307e+06                                    7.22292e+04               
