frame conversion largest_molecule average_molecule weight_average_molecule
0 0.0000000000000000 26.0000000000000000 4.4453563124059636 4.7144307692307690
1 0.0141567501025851 38.0000000000000000 4.5091918140825529 4.9908000000000001
2 0.0259882369032964 47.0000000000000000 4.5639657351495577 5.2738461538461534
3 0.0378881138011216 51.0000000000000000 4.6204151265282913 5.5815076923076923
4 0.0530707153604158 106.0000000000000000 4.6944966055178394 6.1658461538461538
5 0.0663383942005198 110.0000000000000000 4.7612071491356573 6.7157230769230774
6 0.0779647107098892 123.0000000000000000 4.8212431390001482 7.2258153846153848
7 0.0909588291615374 123.0000000000000000 4.8901594944327416 7.7458461538461538
8 0.1025851456709068 123.0000000000000000 4.9535131839658586 8.4336923076923078
9 0.1164683353850362 152.0000000000000000 5.0313491756327888 9.6285846153846162
10 0.1294624538366844 152.0000000000000000 5.1064498389504278 10.3710461538461534
11 0.1421146218027630 281.0000000000000000 5.1817602040816331 12.3615384615384620
12 0.1534673779236767 298.0000000000000000 5.2512522216836324 13.1775076923076924
13 0.1648201340445903 331.0000000000000000 5.3226334752702256 14.5129538461538470
14 0.1761728901655040 336.0000000000000000 5.3959820687365099 16.4683384615384618
15 0.1876624264806456 345.0000000000000000 5.4723017342987035 17.6282153846153840
16 0.1984680618246478 388.0000000000000000 5.5460750853242322 19.2843384615384608
17 0.2095472575571057 397.0000000000000000 5.6238103478110402 20.6472923076923074
18 0.2211735740664752 421.0000000000000000 5.7077625570776256 22.3884615384615380
19 0.2327315004787307 425.0000000000000000 5.7937427578215530 24.4182461538461553
20 0.2432635754342771 553.0000000000000000 5.8743786714866699 27.2957846153846155
21 0.2535220900013678 557.0000000000000000 5.9551076500229039 30.0975999999999999
22 0.2639857748598003 566.0000000000000000 6.0397695595614200 33.8181538461538480
23 0.2730816577759541 587.0000000000000000 6.1153448113651327 35.5714461538461535
24 0.2831350020517029 587.0000000000000000 6.2011066590345356 38.9042769230769210
25 0.2940774175899330 664.0000000000000000 6.2972292191435768 44.7551384615384649
26 0.3046094925454794 745.0000000000000000 6.3926042486231314 49.6146769230769209
27 0.3152783476952537 801.0000000000000000 6.4922093487814623 54.5311076923076925
28 0.3254000820681165 805.0000000000000000 6.5896188158961886 59.1866461538461550
29 0.3356585966352072 817.0000000000000000 6.6913732756845787 62.2564615384615365
30 0.3444809191629052 821.0000000000000000 6.7814293166405841 71.7461846153846210
31 0.3536451921761729 821.0000000000000000 6.8775790921595599 83.0171692307692268
32 0.3618520038298454 2131.0000000000000000 6.9660272210909868 135.8603384615384755
33 0.3695116947066065 2152.0000000000000000 7.0506562533897386 145.9142769230769261
34 0.3777185063602790 2199.0000000000000000 7.1436421584789533 157.6459076923077021
35 0.3866776090822049 3236.0000000000000000 7.2479928635147193 241.1599384615384736
36 0.3955683217070168 3291.0000000000000000 7.3546051142792486 257.4606769230769032
37 0.4043906442347148 3321.0000000000000000 7.4635434607876912 267.6285230769231021
38 0.4128026261797292 3401.0000000000000000 7.5704635453063123 298.7981538461538662
39 0.4192996854055533 3452.0000000000000000 7.6551642916028735 308.9900615384615321
40 0.4286691287101628 3626.0000000000000000 7.7807038544409863 343.3269230769230944
41 0.4387908630830256 4407.0000000000000000 7.9210333902022914 453.2090769230769070
42 0.4454247025030775 4482.0000000000000000 8.0157849303243314 476.7416615384615284
43 0.4543838052250034 5796.0000000000000000 8.1474053647530713 717.0450153846153398
44 0.4625906168786760 6063.0000000000000000 8.2718248918299828 954.9511692307692101
45 0.4710025988236903 6527.0000000000000000 8.4033613445378155 1060.6826153846154739
46 0.4796881411571605 8688.0000000000000000 8.5436382754994735 1584.6735692307693171
47 0.4872794419368076 10303.0000000000000000 8.6701347205548878 2087.2936307692307309
48 0.4958282040760498 17154.0000000000000000 8.8171459576776989 4617.2725230769228801
49 0.5036930652441527 20183.0000000000000000 8.9568692297092465 6286.5366769230768114
50 0.5111475858295719 21352.0000000000000000 9.0934527140458865 7027.8420615384611665
51 0.5180549856380796 21806.0000000000000000 9.2237831701433226 7329.6464307692303919
52 0.5242100943783340 22351.0000000000000000 9.3431076613482826 7700.4976923076919775
53 0.5301600328272467 23005.0000000000000000 9.4614264919941782 8155.6225846153847669
54 0.5359731910819313 23486.0000000000000000 9.5799557848194539 8499.5619999999998981
55 0.5428805908904391 24203.0000000000000000 9.7247157390783965 9025.0259076923084649
56 0.5494460402133771 24952.0000000000000000 9.8664238008500309 9592.4997846153837600
57 0.5564218301189988 25325.0000000000000000 10.0215849522047495 9881.1572307692313188
58 0.5636027903159623 26098.0000000000000000 10.1864911455884659 10491.5308000000004540
59 0.5692107782793051 26636.0000000000000000 10.3190982695665987 10927.5462769230762206
60 0.5746819860484201 27230.0000000000000000 10.4518411320147937 11419.2008307692303788
61 0.5823416769251812 28048.0000000000000000 10.6435238251187165 12114.1137538461534859
62 0.5886335658596635 28793.0000000000000000 10.8063175394846223 12762.4340923076924810
63 0.5956777458623991 29174.0000000000000000 10.9945872801082540 13102.4945846153841558
64 0.6016960744084257 29693.0000000000000000 11.1607142857142865 13572.3908615384607401
65 0.6083299138284777 30314.0000000000000000 11.3497468133403174 14145.4113538461533608
66 0.6142114621802763 30847.0000000000000000 11.5227796489984051 14646.8529230769236165
67 0.6195458897551634 31366.0000000000000000 11.6843429804062549 15143.5135692307685531
68 0.6250170975242785 31781.0000000000000000 11.8548240014590558 15546.6582153846156871
69 0.6308986458760771 32140.0000000000000000 12.0437279970353899 15899.7468307692306553
70 0.6362330734509642 32668.0000000000000000 12.2203421695807481 16425.9075076923072629
71 0.6414307208316236 33299.0000000000000000 12.3974823574289523 17065.7792000000008557
72 0.6473122691834222 33770.0000000000000000 12.6042272639131276 17551.7577230769238668
73 0.6525783066611954 34439.0000000000000000 12.7952755905511815 18253.5568615384618170
74 0.6595540965668171 34915.0000000000000000 13.0574527922860586 18761.4289538461525808
75 0.6650253043359322 35487.0000000000000000 13.2707227439771334 19380.8552615384614910
76 0.6704965121050472 35713.0000000000000000 13.4910751349107514 19628.5935692307684803
77 0.6752154288059089 36057.0000000000000000 13.6870920193724999 20008.5711999999984982
78 0.6795240049240870 36463.0000000000000000 13.8711054204011948 20461.4638461538452248
79 0.6840377513336069 36902.0000000000000000 14.0692640692640687 20956.8405230769240006
80 0.6894405690056080 37263.0000000000000000 14.3140277471922488 21368.7476923076937965
81 0.6939543154151279 37551.0000000000000000 14.5251396648044686 21700.3407076923067507
82 0.6986732321159896 38200.0000000000000000 14.7526100771674997 22455.4963999999999942
83 0.7035973191081931 38493.0000000000000000 14.9976926626672817 22801.2214769230777165
84 0.7081794556148270 38915.0000000000000000 15.2331849074291075 23303.7220923076929466
85 0.7123512515387772 39382.0000000000000000 15.4541131716595341 23865.9440615384628472
86 0.7168649979482971 39798.0000000000000000 15.7004830917874401 24372.7200307692291972
87 0.7209684037751334 40163.0000000000000000 15.9313725490196081 24821.7694769230765814
88 0.7254137600875393 40634.0000000000000000 16.1892901618929024 25407.0859999999993306
89 0.7292436055259198 41030.0000000000000000 16.4182874463248289 25904.2302461538456555
90 0.7330734509643003 41389.0000000000000000 16.6538560081988223 26359.3168000000005122
91 0.7364245657228833 41569.0000000000000000 16.8655941878567717 26589.1474769230771926
92 0.7401176309670360 41893.0000000000000000 17.1052631578947363 27005.1457846153862192
93 0.7431267952400492 42093.0000000000000000 17.3056443024494158 27263.5598769230782636
94 0.7474353713582274 42662.0000000000000000 17.6008665041971284 28005.0521230769227259
95 0.7509916564081521 42890.0000000000000000 17.8522383960450419 28305.1148307692310482
96 0.7542059909725072 43145.0000000000000000 18.0856983861992227 28642.6061846153861552
97 0.7582410067022295 43655.0000000000000000 18.3875530410183892 29323.1938769230764592
98 0.7615921214608125 43900.0000000000000000 18.6460126219162348 29653.2126461538464355
99 0.7644645055395979 44289.0000000000000000 18.8734030197444831 30180.7711384615395218
100 0.7678156202981808 44498.0000000000000000 19.1458026509572896 30466.3632923076911538
101 0.7712351251538777 44763.0000000000000000 19.4319880418535114 30830.3041230769231333
102 0.7747230201066886 45065.0000000000000000 19.7328476017000618 31247.6091384615392599
103 0.7786212556421830 45589.0000000000000000 20.0803212851405632 31977.9363076923073095
104 0.7813568595267405 45902.0000000000000000 20.3315608382858919 32418.3149538461548218
105 0.7851183148680071 46102.0000000000000000 20.6874602164226609 32701.4442153846139263
106 0.7869648474900834 46222.0000000000000000 20.8667736757624382 32871.9256923076900421
107 0.7899056216659828 46377.0000000000000000 21.1588541666666679 33092.7753230769230868
108 0.7930515661332239 46598.0000000000000000 21.4805023132848660 33408.8820923076928011
109 0.7964026808918069 46894.0000000000000000 21.8340611353711793 33834.6201846153853694
110 0.7993434550677062 47218.0000000000000000 22.1540558963871845 34303.6007692307684920
111 0.8017371084666940 47416.0000000000000000 22.4215246636771290 34591.8608615384582663
112 0.8037204212829983 47537.0000000000000000 22.6480836236933811 34768.6187692307721591
113 0.8063192449733279 47732.0000000000000000 22.9519774011299447 35054.4460615384596167
114 0.8089180686636575 47880.0000000000000000 23.2641374373657825 35272.1495076923092711
115 0.8121324032280126 48143.0000000000000000 23.6621769202766643 35660.6357230769208400
116 0.8143208863356586 48294.0000000000000000 23.9410681399631677 35884.6923999999999069
117 0.8166461496375325 48575.0000000000000000 24.2446848190973512 36303.3420923076919280
118 0.8193817535220900 48875.0000000000000000 24.6118894358197657 36753.0147999999971944
119 0.8212966762412802 49019.0000000000000000 24.8756218905472650 36969.8734769230795791
120 0.8232115989604705 49129.0000000000000000 25.1450676982591865 37135.9796615384620964
121 0.8255368622623445 49408.0000000000000000 25.4802038416307326 37558.8471999999965192
122 0.8277253453699904 49568.0000000000000000 25.8038904327113947 37802.4589230769197457
123 0.8297086581862946 49737.0000000000000000 26.1044176706827322 38060.6178461538438569
124 0.8317603610997127 49909.0000000000000000 26.4227642276422756 38324.2726769230794162
125 0.8338120640131309 50192.0000000000000000 26.7489711934156382 38759.9504923076892737
126 0.8354534263438654 50338.0000000000000000 27.0157938487115530 38985.7219076923065586
127 0.8372315688688278 50511.0000000000000000 27.3109243697478981 39254.1050153846153989
128 0.8385993708111066 50616.0000000000000000 27.5423728813559308 39417.4527999999991152
129 0.8403775133360689 50729.0000000000000000 27.8491859468723213 39593.6412307692298782
130 0.8422240459581453 50863.0000000000000000 28.1751192024273962 39803.0613230769231450
131 0.8444809191629052 51057.0000000000000000 28.5839929639401937 40107.2353538461538847
132 0.8463274517849816 51234.0000000000000000 28.9274588340008911 40385.7487692307695397
133 0.8479688141157160 51393.0000000000000000 29.2397660818713447 40636.7531692307675257
134 0.8495417863493366 51516.0000000000000000 29.5454545454545467 40831.4772923076889128
135 0.8512515387771851 51614.0000000000000000 29.8850574712643677 40986.9651076923109940
136 0.8524825605252360 51712.0000000000000000 30.1344459898006498 41142.7530461538481177
137 0.8544658733415401 51905.0000000000000000 30.5451127819548880 41450.3517230769211892
138 0.8565175762549583 52060.0000000000000000 30.9818875119161099 41698.2604307692308794
139 0.8578853781972371 52233.0000000000000000 31.2800769971126087 41975.7413846153867780
140 0.8593899603337437 52341.0000000000000000 31.6147859922179002 42149.4845230769205955
141 0.8604842018875667 52400.0000000000000000 31.8627450980392162 42244.5600615384610137
142 0.8623307345096430 52561.0000000000000000 32.2901142573273745 42504.5227384615354822
143 0.8639720968403776 52896.0000000000000000 32.6797385620915009 43047.8630461538486998
144 0.8660921898509096 53039.0000000000000000 33.1971399387129722 43280.9250461538467789
145 0.8678703323758720 53222.0000000000000000 33.6438923395445144 43580.0467076923087006
146 0.8686910135412392 53346.0000000000000000 33.8541666666666643 43783.2957230769243324
147 0.8700588154835179 53489.0000000000000000 34.2105263157894726 44018.2891692307675839
148 0.8713582273286828 53571.0000000000000000 34.5560871876661366 44153.3439384615412564
149 0.8723840787853919 53639.0000000000000000 34.8338692390139357 44265.4964923076913692
150 0.8738202708247845 53714.0000000000000000 35.2303523035230342 44389.3704307692314615
151 0.8751880727670633 53872.0000000000000000 35.6164383561643803 44650.8367384615412448
152 0.8772397756804815 54103.0000000000000000 36.2116991643454043 45034.5018769230737234
153 0.8786075776227602 54162.0000000000000000 36.6197183098591523 45132.7769846153823892
154 0.8803173300506086 54307.0000000000000000 37.1428571428571459 45374.7203384615349933
155 0.8815483517986595 54427.0000000000000000 37.5288683602771371 45575.4483076923061162
156 0.8831213240322802 54653.0000000000000000 38.0339379754242231 45954.6279384615409072
157 0.8844891259745589 54761.0000000000000000 38.4843102427471848 46136.4158769230780308
158 0.8863356585966352 54996.0000000000000000 39.1095066185318885 46533.1388307692322996
159 0.8879086308302557 55100.0000000000000000 39.6583282489322784 46709.2883384615415707
160 0.8892764327725345 55266.0000000000000000 40.1482396541074706 46991.0976307692326372
161 0.8905074545205854 55365.0000000000000000 40.5996252342286041 47159.5877538461572840
162 0.8913281356859527 55456.0000000000000000 40.9062303335431068 47314.7155692307715071
163 0.8923539871426618 55518.0000000000000000 41.2960609911054632 47420.5645230769223417
164 0.8930378881138011 55593.0000000000000000 41.5601023017902804 47548.7594769230781822
165 0.8944056900560798 55704.0000000000000000 42.0984455958549191 47738.8109846153820399
166 0.8955683217070168 55804.0000000000000000 42.5671250818598566 47910.3483384615392424
167 0.8966625632608398 55855.0000000000000000 43.0178689609530096 47997.9575692307698773
168 0.8979619751060046 55926.0000000000000000 43.5656836461126034 48120.0549846153880935
169 0.8988510463684859 56009.0000000000000000 43.9486139283299551 48262.9770461538428208
170 0.8999452879223089 56112.0000000000000000 44.4292549555707481 48440.6304307692334987
171 0.9008343591847900 56190.0000000000000000 44.8275862068965552 48575.3866153846174711
172 0.9014498700588155 56265.0000000000000000 45.1075641915336547 48705.1196615384615143
173 0.9024073314184106 56314.0000000000000000 45.5501051156271899 48789.9904923076901468
174 0.9034331828751196 56382.0000000000000000 46.0339943342776223 48907.8812615384595119
175 0.9044590343318287 56472.0000000000000000 46.5282748747315651 49064.1322153846122092
176 0.9050745452058542 56508.0000000000000000 46.8299711815561963 49126.7043384615390096
177 0.9058268362741075 56562.0000000000000000 47.2040668119099465 49220.6403076923088520
178 0.9069210778279305 56677.0000000000000000 47.7590007347538545 49420.9609230769201531
179 0.9075365887019560 56722.0000000000000000 48.0769230769230802 49499.4765538461506367
180 0.9081520995759814 56775.0000000000000000 48.3991064780342484 49592.0142769230733393
181 0.9086308302557790 56799.0000000000000000 48.6526946107784397 49633.9536000000007334
182 0.9093831213240323 56842.0000000000000000 49.0566037735849036 49709.1308307692306698
183 0.9104773628778553 56955.0000000000000000 49.6562261268143601 49906.9415076923105516
184 0.9109560935576528 56990.0000000000000000 49.9231950844854069 49968.2930153846173198
185 0.9116399945287922 57049.0000000000000000 50.3095975232198143 50071.7988307692285161
186 0.9125974558883874 57160.0000000000000000 50.8607198748043814 50266.8084923076894484
187 0.9134865271508685 57267.0000000000000000 51.3833992094861642 50455.1521230769212707
188 0.9145123786075776 57336.0000000000000000 52.0000000000000000 50576.8050153846124886
189 0.9151962795787170 57406.0000000000000000 52.4193548387096797 50700.3623999999981606
190 0.9158801805498564 57460.0000000000000000 52.8455284552845512 50795.7823076923086774
191 0.9165640815209958 57513.0000000000000000 53.2786885245901658 50889.5332307692297036
192 0.9169744221036794 57543.0000000000000000 53.5420098846787482 50942.6333846153866034
193 0.9173847626863630 57579.0000000000000000 53.8079470198675480 51006.4011384615369025
194 0.9177267131719327 57648.0000000000000000 54.0315876974231060 51128.6811076923040673
195 0.9183422240459581 57749.0000000000000000 54.4388609715242850 51307.9295076923081069
196 0.9185473943372999 57780.0000000000000000 54.5759865659110019 51363.0214769230733509
197 0.9188893448228697 57807.0000000000000000 54.8060708263069145 51411.0323076923086774
198 0.9192312953084394 57838.0000000000000000 55.0381033022861956 51466.1822153846151195
199 0.9199151962795787 57882.0000000000000000 55.5081127241673755 51544.5138461538444972
200 0.9208042675420599 57961.0000000000000000 56.1312607944732278 51685.3008307692289236
201 0.9213513883189715 57996.0000000000000000 56.5217391304347814 51747.7385538461530814
202 0.9218301189987690 58023.0000000000000000 56.8678915135608065 51795.9302769230780541
203 0.9222404595814526 58050.0000000000000000 57.1679859278803875 51844.1482769230788108
204 0.9227191902612502 58091.0000000000000000 57.5221238938053077 51917.4004307692302973
205 0.9234030912323895 58150.0000000000000000 58.0357142857142847 52022.9049846153866383
206 0.9238818219121872 58182.0000000000000000 58.4007187780772696 52080.1743384615401737
207 0.9244973327862126 58235.0000000000000000 58.8768115942028984 52175.0946461538478616
208 0.9249076733688962 58255.0000000000000000 59.1985428051001819 52210.9371076923052897
209 0.9255231842429216 58309.0000000000000000 59.6877869605142308 52307.7687692307663383
210 0.9259335248256052 58371.0000000000000000 60.0184672206832843 52419.0389846153848339
211 0.9262070852140610 58407.0000000000000000 60.2409638554216897 52483.7097846153847058
212 0.9268225960880865 58519.0000000000000000 60.7476635514018710 52685.1029230769199785
213 0.9276432772534537 58608.0000000000000000 61.4366729678638919 52845.4594769230752718
214 0.9279168376419095 58631.0000000000000000 61.6698292220113871 52886.9417846153810387
215 0.9283271782245931 58667.0000000000000000 62.0229007633587770 52951.9030769230739679
216 0.9288742990015045 58755.0000000000000000 62.5000000000000000 53110.8404923076886917
217 0.9295581999726440 58793.0000000000000000 63.1067961165048530 53179.5597538461515796
218 0.9297633702639858 58811.0000000000000000 63.2911392405063324 53212.1251384615388815
219 0.9301737108466694 58838.0000000000000000 63.6630754162585717 53260.9928307692316594
220 0.9305840514293531 58856.0000000000000000 64.0394088669950747 53293.5868615384606528
221 0.9311311722062645 58894.0000000000000000 64.5481628599801383 53362.4217230769208982
222 0.9318150731774039 58974.0000000000000000 65.1955867602808468 53507.4768615384600707
223 0.9322254137600875 59021.0000000000000000 65.5903128153380379 53592.7866461538433214
224 0.9328409246341129 59097.0000000000000000 66.1914460285132407 53730.8782769230747363
225 0.9330460949254548 59110.0000000000000000 66.3942798774259444 53754.5187999999980093
226 0.9334564355081384 59147.0000000000000000 66.8036998972250728 53821.8296615384606412
227 0.9337983859937081 59169.0000000000000000 67.1487603305785115 53861.8807076923112618
228 0.9342087265763918 59208.0000000000000000 67.5675675675675649 53932.9016615384607576
229 0.9347558473533032 59249.0000000000000000 68.1341719077568087 54007.6171692307689227
230 0.9351661879359868 59274.0000000000000000 68.5654008438818607 54053.2013230769225629
231 0.9355081384215566 59306.0000000000000000 68.9289501590668010 54111.5756615384598263
232 0.9361920393926959 59369.0000000000000000 69.6677384780278715 54226.5907692307664547
233 0.9364655997811517 59392.0000000000000000 69.9677072120559700 54268.6116307692282135
234 0.9367391601696075 59410.0000000000000000 70.2702702702702737 54301.5093846153831691
235 0.9372862809465189 59450.0000000000000000 70.8833151581243186 54374.6506153846130474
236 0.9378334017234304 59519.0000000000000000 71.5071507150715036 54500.9217846153842402
237 0.9381753522090002 59551.0000000000000000 71.9026548672566435 54559.5373538461572025
238 0.9387224729859116 59586.0000000000000000 72.5446428571428612 54623.6872615384636447
239 0.9391328135685952 59613.0000000000000000 73.0337078651685374 54673.1992923076904844
240 0.9392695937628232 59621.0000000000000000 73.1981981981981988 54687.8737538461573422
241 0.9398851046368486 59746.0000000000000000 73.9476678043230891 54917.3593230769256479
242 0.9405690056079880 59779.0000000000000000 74.7986191024165663 54978.0403692307663732
243 0.9409793461906716 59806.0000000000000000 75.3186558516801909 55027.7122461538456264
244 0.9412529065791273 59831.0000000000000000 75.6693830034924275 55073.7231384615370189
245 0.9416632471618109 59909.0000000000000000 76.2016412661195801 55217.3671692307689227
246 0.9418000273560388 59923.0000000000000000 76.3807285546415926 55243.1755076923072920
247 0.9421419778416086 59942.0000000000000000 76.8321513002364043 55278.2129538461522316
248 0.9423471481329504 59952.0000000000000000 77.1055753262158987 55296.6580307692274801
249 0.9426207085214061 59993.0000000000000000 77.4731823599523182 55372.3070153846128960
250 0.9427574887156340 60010.0000000000000000 77.6583034647550789 55403.6895692307662102
251 0.9427574887156340 60010.0000000000000000 77.6583034647550789 55403.6895692307662102
252 0.9430994392012036 60040.0000000000000000 78.1250000000000000 55459.0940307692289934
253 0.9433046094925455 60058.0000000000000000 78.4077201447527159 55492.3500615384618868
254 0.9433046094925455 60058.0000000000000000 78.4077201447527159 55492.3500615384618868
255 0.9435097797838873 60071.0000000000000000 78.6924939467312328 55516.3749846153878025
256 0.9437149500752291 60084.0000000000000000 78.9793438639125185 55540.4051076923060464
257 0.9438517302694570 60088.0000000000000000 79.1717417783191166 55547.8014461538477917
258 0.9441936807550266 60130.0000000000000000 79.6568627450980387 55625.4744923076941632
259 0.9446040213377103 60169.0000000000000000 80.2469135802469111 55697.6490461538487580
260 0.9448091916290521 60182.0000000000000000 80.5452292441139974 55721.7183692307662568
261 0.9448775817261661 60187.0000000000000000 80.6451612903225765 55730.9771384615378338
262 0.9453563124059636 60237.0000000000000000 81.3516896120150221 55823.6020307692306233
263 0.9453563124059636 60237.0000000000000000 81.3516896120150221 55823.6020307692306233
264 0.9455614826973054 60251.0000000000000000 81.6582914572864382 55849.5522769230738049
265 0.9458350430857612 60272.0000000000000000 82.0707070707070727 55888.4884923076897394
266 0.9462453836684448 60295.0000000000000000 82.6972010178117074 55931.1501230769208632
267 0.9463821638626727 60304.0000000000000000 82.9081632653061291 55947.8478153846153873
268 0.9466557242511284 60328.0000000000000000 83.3333333333333286 55992.3864615384591161
269 0.9466557242511284 60328.0000000000000000 83.3333333333333286 55992.3864615384591161
270 0.9468608945424702 60350.0000000000000000 83.6550836550836578 56033.2267076923089917
271 0.9469292846395841 60354.0000000000000000 83.7628865979381487 56040.6543999999994412
272 0.9469976747366982 60354.0000000000000000 83.8709677419354875 56040.6550153846183093
273 0.9472712351251539 60389.0000000000000000 84.3060959792477291 56105.6637538461509394
274 0.9474764054164957 60401.0000000000000000 84.6354166666666714 56127.9627076923061395
275 0.9475447955136096 60406.0000000000000000 84.7457627118644012 56137.2551692307679332
276 0.9476815757078375 60411.0000000000000000 84.9673202614379051 56146.5490153846185422
277 0.9478867459991793 60446.0000000000000000 85.3018372703412098 56211.6148307692274102
278 0.9480235261934072 60464.0000000000000000 85.5263157894736850 56245.0951076923083747
279 0.9480919162905211 60468.0000000000000000 85.6389986824769380 56252.5368307692333474
280 0.9481603063876350 60477.0000000000000000 85.7519788918205847 56269.2818153846164932
281 0.9482286964847491 60482.0000000000000000 85.8652575957727890 56278.5859692307712976
282 0.9482970865818630 60486.0000000000000000 85.9788359788359742 56286.0299076923110988
283 0.9485022568732048 60538.0000000000000000 86.3213811420982751 56382.8314153846149566
284 0.9487074271645466 60564.0000000000000000 86.6666666666666714 56431.2659076923082466
285 0.9489125974558884 60591.0000000000000000 87.0147255689424384 56481.5875999999989290
286 0.9490493776501162 60609.0000000000000000 87.2483221476510096 56515.1474153846138506
287 0.9493229380385720 60636.0000000000000000 87.7192982456140413 56565.5075999999971827
288 0.9494597182327998 60654.0000000000000000 87.9566982408660323 56599.0931076923079672
289 0.9498016687183696 60667.0000000000000000 88.5558583106267037 56623.3576615384590696
290 0.9498700588154835 60671.0000000000000000 88.6766712141882607 56630.8243692307660240
291 0.9500752291068253 60684.0000000000000000 89.0410958904109577 56655.0944923076895066
292 0.9500752291068253 60684.0000000000000000 89.0410958904109577 56655.0944923076895066
293 0.9501436192039393 60688.0000000000000000 89.1632373113854584 56662.5632923076918814
294 0.9503487894952811 60702.0000000000000000 89.5316804407713533 56688.7085846153859165
295 0.9506223498837368 60721.0000000000000000 90.0277008310249300 56724.2033230769229704
296 0.9507591300779648 60753.0000000000000000 90.2777777777777715 56783.9965230769230402
297 0.9509643003693066 60762.0000000000000000 90.6555090655509019 56800.8216615384590114
298 0.9510326904664205 60771.0000000000000000 90.7821229050279328 56817.6480615384643897
299 0.9511010805635344 60775.0000000000000000 90.9090909090909065 56825.1275692307681311
300 0.9513062508548762 60784.0000000000000000 91.2921348314606718 56841.9675384615402436
301 0.9514430310491041 60788.0000000000000000 91.5492957746478879 56849.4529538461574703
302 0.9517849815346737 60816.0000000000000000 92.1985815602836851 56901.8335692307664431
303 0.9519217617289016 60820.0000000000000000 92.4608819345661459 56909.3246153846121160
304 0.9519901518260155 60829.0000000000000000 92.5925925925925952 56926.1670769230768201
305 0.9521269320202435 60838.0000000000000000 92.8571428571428612 56943.0126461538457079
306 0.9524004924086992 60870.0000000000000000 93.3908045977011483 57002.9244307692279108
307 0.9524688825058132 60879.0000000000000000 93.5251798561151020 57019.7807384615371120
308 0.9526056627000410 60897.0000000000000000 93.7950937950937913 57053.5008307692332892
309 0.9526056627000410 60897.0000000000000000 93.7950937950937913 57053.5008307692332892
310 0.9526740527971550 60901.0000000000000000 93.9306358381502946 57060.9958461538481060
311 0.9528792230884968 60915.0000000000000000 94.3396226415094361 57087.2321230769230169
312 0.9530160032827246 60947.0000000000000000 94.6142649199417747 57147.2177230769229936
313 0.9531527834769525 60956.0000000000000000 94.8905109489051029 57164.0959692307660589
314 0.9532211735740664 60961.0000000000000000 95.0292397660818722 57173.4738153846119530
315 0.9532895636711805 60975.0000000000000000 95.1683748169838992 57199.7339384615406743
316 0.9534263438654083 60984.0000000000000000 95.4478707782672586 57216.6199384615392773
317 0.9534947339625223 60988.0000000000000000 95.5882352941176521 57224.1256615384627366
318 0.9535631240596362 60992.0000000000000000 95.7290132547864516 57231.6318769230783801
319 0.9536315141567501 61014.0000000000000000 95.8702064896755104 57272.9187692307677935
320 0.9536315141567501 61014.0000000000000000 95.8702064896755104 57272.9187692307677935
321 0.9536999042538641 61028.0000000000000000 96.0118168389955713 57299.2017230769197340
322 0.9540418547394337 61050.0000000000000000 96.7261904761904816 57340.5189230769246933
323 0.9542470250307755 61076.0000000000000000 97.1599402092675604 57389.3652307692318573
324 0.9542470250307755 61076.0000000000000000 97.1599402092675604 57389.3652307692318573
325 0.9542470250307755 61076.0000000000000000 97.1599402092675604 57389.3652307692318573
326 0.9543154151278895 61081.0000000000000000 97.3053892215568794 57398.7615384615419316
327 0.9546573656134592 61122.0000000000000000 98.0392156862745168 57475.8372923076894949
328 0.9546573656134592 61122.0000000000000000 98.0392156862745168 57475.8372923076894949
329 0.9547257557105731 61127.0000000000000000 98.1873111782477395 57485.2406769230801729
330 0.9547941458076871 61131.0000000000000000 98.3358547655068094 57492.7640000000028522
331 0.9549993160990289 61148.0000000000000000 98.7841945288753749 57524.7429230769266724
332 0.9552044863903707 61170.0000000000000000 99.2366412213740432 57566.1396307692339178
333 0.9553412665845985 61219.0000000000000000 99.5405819295558985 57658.3719384615396848
334 0.9554096566817125 61233.0000000000000000 99.6932515337423268 57684.7431999999971595
335 0.9554096566817125 61233.0000000000000000 99.6932515337423268 57684.7431999999971595
336 0.9555464368759403 61247.0000000000000000 100.0000000000000000 57711.1218769230763428
337 0.9556148269730543 61251.0000000000000000 100.1540832049306573 57718.6599692307718215
338 0.9556832170701682 61260.0000000000000000 100.3086419753086460 57735.6217846153813298
339 0.9557516071672821 61265.0000000000000000 100.4636785162287538 57745.0463999999992666
340 0.9558199972643961 61269.0000000000000000 100.6191950464396285 57752.5867076923095738
341 0.9558883873615101 61274.0000000000000000 100.7751937984496067 57762.0127076923090499
342 0.9560251675557380 61284.0000000000000000 101.0886469673405941 57780.8670153846178437
343 0.9563671180413076 61316.0000000000000000 101.8808777429467085 57841.2196615384600591
344 0.9566406784297634 61328.0000000000000000 102.5236593059936894 57863.8622769230787526
345 0.9567090685268773 61337.0000000000000000 102.6856240126382289 57880.8454153846178087
346 0.9567774586239912 61341.0000000000000000 102.8481012658227911 57888.3945846153874299
347 0.9568458487211052 61350.0000000000000000 103.0110935023771788 57905.3813230769228539
348 0.9570510190124470 61367.0000000000000000 103.5031847133758021 57937.4748000000035972
349 0.9572561893037889 61381.0000000000000000 104.0000000000000000 57963.9118153846138739
350 0.9572561893037889 61381.0000000000000000 104.0000000000000000 57963.9118153846138739
351 0.9573929694980167 61391.0000000000000000 104.3338683788121983 57982.7990461538429372
352 0.9575981397893585 61404.0000000000000000 104.8387096774193594 58007.3571692307668854
353 0.9576665298864724 61413.0000000000000000 105.0080775444264987 58024.3613538461504504
354 0.9576665298864724 61413.0000000000000000 105.0080775444264987 58024.3613538461504504
355 0.9577349199835864 61418.0000000000000000 105.1779935275080931 58033.8095076923054876
356 0.9578033100807003 61423.0000000000000000 105.3484602917341988 58043.2584307692304719
357 0.9579400902749282 61445.0000000000000000 105.6910569105691025 58084.8406769230787177
358 0.9580768704691560 61454.0000000000000000 106.0358890701468226 58101.8568307692330563
359 0.9580768704691560 61454.0000000000000000 106.0358890701468226 58101.8568307692330563
360 0.9582136506633839 61462.0000000000000000 106.3829787234042499 58116.9844615384645294
361 0.9582136506633839 61462.0000000000000000 106.3829787234042499 58116.9844615384645294
362 0.9583504308576118 61471.0000000000000000 106.7323481116584531 58134.0053230769262882
363 0.9584188209547257 61494.0000000000000000 106.9078947368421098 58177.5078769230749458
364 0.9584188209547257 61494.0000000000000000 106.9078947368421098 58177.5078769230749458
365 0.9584188209547257 61494.0000000000000000 106.9078947368421098 58177.5078769230749458
366 0.9584872110518396 61512.0000000000000000 107.0840197693574964 58211.5660923076939071
367 0.9586923813431815 61526.0000000000000000 107.6158940397350960 58238.0655692307700519
368 0.9587607714402955 61526.0000000000000000 107.7943615257048151 58238.0661846153816441
369 0.9589659417316373 61548.0000000000000000 108.3333333333333286 58279.7192615384628880
370 0.9589659417316373 61548.0000000000000000 108.3333333333333286 58279.7192615384628880
371 0.9589659417316373 61548.0000000000000000 108.3333333333333286 58279.7192615384628880
372 0.9591027219258651 61561.0000000000000000 108.6956521739130466 58304.3395692307676654
373 0.9591711120229791 61566.0000000000000000 108.8777219430485701 58313.8104923076898558
374 0.9592395021200930 61571.0000000000000000 109.0604026845637549 58323.2821846153819934
375 0.9593762823143209 61585.0000000000000000 109.4276094276094256 58349.8064615384646459
376 0.9594446724114348 61590.0000000000000000 109.6121416526138290 58359.2810769230782171
377 0.9597182327998905 61608.0000000000000000 110.3565365025466889 58393.3961846153833903
378 0.9599234030912324 61623.0000000000000000 110.9215017064846478 58421.8329538461548509
379 0.9600601832854603 61632.0000000000000000 111.3013698630137043 58438.8983999999982188
380 0.9601285733825742 61637.0000000000000000 111.4922813036020557 58448.3802461538434727
381 0.9602653535768021 61646.0000000000000000 111.8760757314974228 58465.4495692307682475
382 0.9605389139652578 61665.0000000000000000 112.6516464471403793 58501.4929230769266724
383 0.9606073040623717 61674.0000000000000000 112.8472222222222285 58518.5693846153881168
384 0.9606756941594857 61678.0000000000000000 113.0434782608695627 58526.1600307692278875
385 0.9606756941594857 61678.0000000000000000 113.0434782608695627 58526.1600307692278875
386 0.9606756941594857 61678.0000000000000000 113.0434782608695627 58526.1600307692278875
387 0.9608124743537135 61691.0000000000000000 113.4380453752181523 58550.8323384615359828
388 0.9608124743537135 61691.0000000000000000 113.4380453752181523 58550.8323384615359828
389 0.9608808644508275 61691.0000000000000000 113.6363636363636402 58550.8340615384586272
390 0.9608808644508275 61691.0000000000000000 113.6363636363636402 58550.8340615384586272
391 0.9611544248392833 61709.0000000000000000 114.4366197183098564 58585.0051076923045912
392 0.9611544248392833 61709.0000000000000000 114.4366197183098564 58585.0051076923045912
393 0.9612228149363972 61718.0000000000000000 114.6384479717813036 58602.0937538461512304
394 0.9612228149363972 61718.0000000000000000 114.6384479717813036 58602.0937538461512304
395 0.9612228149363972 61718.0000000000000000 114.6384479717813036 58602.0937538461512304
396 0.9612912050335112 61723.0000000000000000 114.8409893992932922 58611.5888307692293893
397 0.9613595951306251 61728.0000000000000000 115.0442477876106153 58621.0846769230774953
398 0.9613595951306251 61728.0000000000000000 115.0442477876106153 58621.0846769230774953
399 0.9614279852277390 61733.0000000000000000 115.2482269503546064 58630.5812923076955485
400 0.9614279852277390 61733.0000000000000000 115.2482269503546064 58630.5812923076955485
401 0.9614963753248530 61738.0000000000000000 115.4529307282415687 58640.0786769230762729
402 0.9614963753248530 61738.0000000000000000 115.4529307282415687 58640.0786769230762729
403 0.9615647654219669 61743.0000000000000000 115.6583629893238481 58649.5768307692342205
404 0.9617015456161948 61757.0000000000000000 116.0714285714285694 58676.1751999999978580
405 0.9618383258104226 61766.0000000000000000 116.4874551971326184 58693.2777538461523363
406 0.9619067159075366 61770.0000000000000000 116.6965888689407507 58700.8797230769196176
407 0.9620434961017644 61784.0000000000000000 117.1171171171171181 58727.4897230769201997
408 0.9621118861988784 61788.0000000000000000 117.3285198555956725 58735.0939076923095854
409 0.9621802762959923 61792.0000000000000000 117.5406871609403225 58742.6985846153838793
410 0.9622486663931062 61797.0000000000000000 117.7536231884057969 58752.2050461538456148
411 0.9623170564902203 61806.0000000000000000 117.9673321234119783 58769.3180615384626435
412 0.9623170564902203 61806.0000000000000000 117.9673321234119783 58769.3180615384626435
413 0.9623170564902203 61806.0000000000000000 117.9673321234119783 58769.3180615384626435
414 0.9623854465873342 61811.0000000000000000 118.1818181818181870 58778.8266769230758655
415 0.9624538366844481 61815.0000000000000000 118.3970856102003637 58786.4341846153838560
416 0.9624538366844481 61815.0000000000000000 118.3970856102003637 58786.4341846153838560
417 0.9625222267815621 61819.0000000000000000 118.6131386861313928 58794.0421846153840306
418 0.9625906168786760 61823.0000000000000000 118.8299817184643530 58801.6506769230763894
419 0.9625906168786760 61823.0000000000000000 118.8299817184643530 58801.6506769230763894
420 0.9626590069757899 61828.0000000000000000 119.0476190476190510 58811.1619076923088869
421 0.9626590069757899 61828.0000000000000000 119.0476190476190510 58811.1619076923088869
422 0.9627957871700178 61842.0000000000000000 119.4852941176470580 58837.7968923076914507
423 0.9627957871700178 61842.0000000000000000 119.4852941176470580 58837.7968923076914507
424 0.9627957871700178 61842.0000000000000000 119.4852941176470580 58837.7968923076914507
425 0.9627957871700178 61842.0000000000000000 119.4852941176470580 58837.7968923076914507
426 0.9628641772671317 61847.0000000000000000 119.7053406998158351 58847.3110461538453819
427 0.9629325673642457 61852.0000000000000000 119.9261992619926218 58856.8259692307692603
428 0.9630009574613596 61857.0000000000000000 120.1478743068391850 58866.3416615384630859
429 0.9630009574613596 61857.0000000000000000 120.1478743068391850 58866.3416615384630859
430 0.9630693475584735 61862.0000000000000000 120.3703703703703667 58875.8581230769195827
431 0.9631377376555875 61866.0000000000000000 120.5936920222634541 58883.4719076923065586
432 0.9632745178498153 61876.0000000000000000 121.0428305400372437 58902.5083692307671299
433 0.9632745178498153 61876.0000000000000000 121.0428305400372437 58902.5083692307671299
434 0.9632745178498153 61876.0000000000000000 121.0428305400372437 58902.5083692307671299
435 0.9634112980440432 61890.0000000000000000 121.4953271028037420 58929.1640307692287024
436 0.9634796881411571 61895.0000000000000000 121.7228464419475671 58938.6855692307726713
437 0.9635480782382710 61900.0000000000000000 121.9512195121951237 58948.2078769230793114
438 0.9635480782382710 61900.0000000000000000 121.9512195121951237 58948.2078769230793114
439 0.9635480782382710 61900.0000000000000000 121.9512195121951237 58948.2078769230793114
440 0.9636164683353851 61905.0000000000000000 122.1804511278195520 58957.7309538461558986
441 0.9636848584324990 61910.0000000000000000 122.4105461393596954 58967.2548000000024331
442 0.9636848584324990 61910.0000000000000000 122.4105461393596954 58967.2548000000024331
443 0.9637532485296129 61914.0000000000000000 122.6415094339622698 58974.8744923076956184
444 0.9638216386267269 61919.0000000000000000 122.8733459357277837 58984.3997230769236921
445 0.9638900287238408 61937.0000000000000000 123.1060606060606091 59018.6933230769209331
446 0.9638900287238408 61937.0000000000000000 123.1060606060606091 59018.6933230769209331
447 0.9638900287238408 61937.0000000000000000 123.1060606060606091 59018.6933230769209331
448 0.9640268089180687 61945.0000000000000000 123.5741444866920205 59033.9398461538439733
449 0.9640268089180687 61945.0000000000000000 123.5741444866920205 59033.9398461538439733
450 0.9641635891122965 61954.0000000000000000 124.0458015267175540 59051.0944615384651115
451 0.9642319792094105 61959.0000000000000000 124.2829827915870027 59060.6258461538454867
452 0.9642319792094105 61959.0000000000000000 124.2829827915870027 59060.6258461538454867
453 0.9642319792094105 61959.0000000000000000 124.2829827915870027 59060.6258461538454867
454 0.9642319792094105 61959.0000000000000000 124.2829827915870027 59060.6258461538454867
455 0.9643003693065244 61964.0000000000000000 124.5210727969348596 59070.1580000000030850
456 0.9643003693065244 61964.0000000000000000 124.5210727969348596 59070.1580000000030850
457 0.9643687594036383 61968.0000000000000000 124.7600767754318554 59077.7843384615407558
458 0.9644371495007523 61973.0000000000000000 125.0000000000000000 59087.3178769230798935
459 0.9645055395978662 61973.0000000000000000 125.2408477842003833 59087.3192615384614328
460 0.9645055395978662 61973.0000000000000000 125.2408477842003833 59087.3192615384614328
461 0.9645055395978662 61973.0000000000000000 125.2408477842003833 59087.3192615384614328
462 0.9645739296949801 61978.0000000000000000 125.4826254826254797 59096.8535692307705176
463 0.9645739296949801 61978.0000000000000000 125.4826254826254797 59096.8535692307705176
464 0.9645739296949801 61978.0000000000000000 125.4826254826254797 59096.8535692307705176
465 0.9645739296949801 61978.0000000000000000 125.4826254826254797 59096.8535692307705176
466 0.9645739296949801 61978.0000000000000000 125.4826254826254797 59096.8535692307705176
467 0.9646423197920941 61983.0000000000000000 125.7253384912959433 59106.3886461538495496
468 0.9646423197920941 61983.0000000000000000 125.7253384912959433 59106.3886461538495496
469 0.9647107098892080 61992.0000000000000000 125.9689922480620226 59123.5531692307704361
470 0.9647790999863219 61997.0000000000000000 126.2135922330097060 59133.0904000000009546
471 0.9648474900834360 62002.0000000000000000 126.4591439688716008 59142.6284000000014203
472 0.9648474900834360 62002.0000000000000000 126.4591439688716008 59142.6284000000014203
473 0.9648474900834360 62002.0000000000000000 126.4591439688716008 59142.6284000000014203
474 0.9648474900834360 62002.0000000000000000 126.4591439688716008 59142.6284000000014203
475 0.9648474900834360 62002.0000000000000000 126.4591439688716008 59142.6284000000014203
476 0.9648474900834360 62002.0000000000000000 126.4591439688716008 59142.6284000000014203
477 0.9648474900834360 62002.0000000000000000 126.4591439688716008 59142.6284000000014203
478 0.9648474900834360 62002.0000000000000000 126.4591439688716008 59142.6284000000014203
479 0.9649158801805499 62006.0000000000000000 126.7056530214425010 59150.2594153846148401
480 0.9649158801805499 62006.0000000000000000 126.7056530214425010 59150.2594153846148401
481 0.9649158801805499 62006.0000000000000000 126.7056530214425010 59150.2594153846148401
482 0.9649158801805499 62006.0000000000000000 126.7056530214425010 59150.2594153846148401
483 0.9649842702776638 62010.0000000000000000 126.9531250000000000 59157.8909230769204441
484 0.9649842702776638 62010.0000000000000000 126.9531250000000000 59157.8909230769204441
485 0.9649842702776638 62010.0000000000000000 126.9531250000000000 59157.8909230769204441
486 0.9650526603747778 62014.0000000000000000 127.2015655577299356 59165.5229230769255082
487 0.9650526603747778 62014.0000000000000000 127.2015655577299356 59165.5229230769255082
488 0.9650526603747778 62014.0000000000000000 127.2015655577299356 59165.5229230769255082
489 0.9651210504718917 62019.0000000000000000 127.4509803921568647 59175.0635384615379735
490 0.9651210504718917 62019.0000000000000000 127.4509803921568647 59175.0635384615379735
491 0.9651894405690056 62024.0000000000000000 127.7013752455795697 59184.6049230769203859
492 0.9653262207632335 62034.0000000000000000 128.2051282051282044 59203.6900000000023283
493 0.9653946108603474 62043.0000000000000000 128.4584980237154070 59220.8686461538454751
494 0.9654630009574614 62047.0000000000000000 128.7128712871287064 59228.5047076923074201
495 0.9654630009574614 62047.0000000000000000 128.7128712871287064 59228.5047076923074201
496 0.9654630009574614 62047.0000000000000000 128.7128712871287064 59228.5047076923074201
497 0.9654630009574614 62047.0000000000000000 128.7128712871287064 59228.5047076923074201
498 0.9655997811516892 62056.0000000000000000 129.2246520874751354 59245.6875692307658028
499 0.9655997811516892 62056.0000000000000000 129.2246520874751354 59245.6875692307658028
500 0.9656681712488032 62056.0000000000000000 129.4820717131474055 59245.6886769230768550
501 0.9656681712488032 62056.0000000000000000 129.4820717131474055 59245.6886769230768550
502 0.9657365613459171 62065.0000000000000000 129.7405189620758392 59262.8734153846162371
503 0.9657365613459171 62065.0000000000000000 129.7405189620758392 59262.8734153846162371
504 0.9657365613459171 62065.0000000000000000 129.7405189620758392 59262.8734153846162371
505 0.9657365613459171 62065.0000000000000000 129.7405189620758392 59262.8734153846162371
506 0.9657365613459171 62065.0000000000000000 129.7405189620758392 59262.8734153846162371
507 0.9658049514430310 62074.0000000000000000 130.0000000000000000 59280.0606461538482108
508 0.9658733415401450 62078.0000000000000000 130.2605210420841786 59287.7005230769209447
509 0.9658733415401450 62078.0000000000000000 130.2605210420841786 59287.7005230769209447
510 0.9658733415401450 62078.0000000000000000 130.2605210420841786 59287.7005230769209447
511 0.9658733415401450 62078.0000000000000000 130.2605210420841786 59287.7005230769209447
512 0.9658733415401450 62078.0000000000000000 130.2605210420841786 59287.7005230769209447
513 0.9658733415401450 62078.0000000000000000 130.2605210420841786 59287.7005230769209447
514 0.9658733415401450 62078.0000000000000000 130.2605210420841786 59287.7005230769209447
515 0.9659417316372589 62083.0000000000000000 130.5220883534136647 59297.2509846153843682
516 0.9659417316372589 62083.0000000000000000 130.5220883534136647 59297.2509846153843682
517 0.9660101217343728 62088.0000000000000000 130.7847082494969868 59306.8022153846177389
518 0.9660785118314869 62101.0000000000000000 131.0483870967742064 59331.6374153846118134
519 0.9660785118314869 62101.0000000000000000 131.0483870967742064 59331.6374153846118134
520 0.9661469019286008 62101.0000000000000000 131.3131313131313220 59331.6380307692306815
521 0.9661469019286008 62101.0000000000000000 131.3131313131313220 59331.6380307692306815
522 0.9661469019286008 62101.0000000000000000 131.3131313131313220 59331.6380307692306815
523 0.9662152920257147 62106.0000000000000000 131.5789473684210407 59341.1920307692344068
524 0.9662836821228287 62110.0000000000000000 131.8458417849898581 59348.8358461538446136
525 0.9663520722199426 62119.0000000000000000 132.1138211382113923 59366.0355384615395451
526 0.9663520722199426 62119.0000000000000000 132.1138211382113923 59366.0355384615395451
527 0.9663520722199426 62119.0000000000000000 132.1138211382113923 59366.0355384615395451
528 0.9663520722199426 62119.0000000000000000 132.1138211382113923 59366.0355384615395451
529 0.9664204623170565 62128.0000000000000000 132.3828920570264813 59383.2377230769197922
530 0.9664204623170565 62128.0000000000000000 132.3828920570264813 59383.2377230769197922
531 0.9664204623170565 62128.0000000000000000 132.3828920570264813 59383.2377230769197922
532 0.9664204623170565 62128.0000000000000000 132.3828920570264813 59383.2377230769197922
533 0.9664204623170565 62128.0000000000000000 132.3828920570264813 59383.2377230769197922
534 0.9664888524141704 62128.0000000000000000 132.6530612244897895 59383.2383384615386603
535 0.9664888524141704 62128.0000000000000000 132.6530612244897895 59383.2383384615386603
536 0.9664888524141704 62128.0000000000000000 132.6530612244897895 59383.2383384615386603
537 0.9664888524141704 62128.0000000000000000 132.6530612244897895 59383.2383384615386603
538 0.9664888524141704 62128.0000000000000000 132.6530612244897895 59383.2383384615386603
539 0.9664888524141704 62128.0000000000000000 132.6530612244897895 59383.2383384615386603
540 0.9664888524141704 62128.0000000000000000 132.6530612244897895 59383.2383384615386603
541 0.9665572425112844 62133.0000000000000000 132.9243353783231214 59392.7964923076942796
542 0.9665572425112844 62133.0000000000000000 132.9243353783231214 59392.7964923076942796
543 0.9665572425112844 62133.0000000000000000 132.9243353783231214 59392.7964923076942796
544 0.9665572425112844 62133.0000000000000000 132.9243353783231214 59392.7964923076942796
545 0.9665572425112844 62133.0000000000000000 132.9243353783231214 59392.7964923076942796
546 0.9665572425112844 62133.0000000000000000 132.9243353783231214 59392.7964923076942796
547 0.9665572425112844 62133.0000000000000000 132.9243353783231214 59392.7964923076942796
548 0.9665572425112844 62133.0000000000000000 132.9243353783231214 59392.7964923076942796
549 0.9665572425112844 62133.0000000000000000 132.9243353783231214 59392.7964923076942796
550 0.9665572425112844 62133.0000000000000000 132.9243353783231214 59392.7964923076942796
551 0.9665572425112844 62133.0000000000000000 132.9243353783231214 59392.7964923076942796
552 0.9665572425112844 62133.0000000000000000 132.9243353783231214 59392.7964923076942796
553 0.9665572425112844 62133.0000000000000000 132.9243353783231214 59392.7964923076942796
554 0.9665572425112844 62133.0000000000000000 132.9243353783231214 59392.7964923076942796
555 0.9665572425112844 62133.0000000000000000 132.9243353783231214 59392.7964923076942796
556 0.9666256326083983 62138.0000000000000000 133.1967213114754145 59402.3554153846125701
557 0.9666256326083983 62138.0000000000000000 133.1967213114754145 59402.3554153846125701
558 0.9666940227055122 62142.0000000000000000 133.4702258726899515 59410.0031692307675257
559 0.9666940227055122 62142.0000000000000000 133.4702258726899515 59410.0031692307675257
560 0.9666940227055122 62142.0000000000000000 133.4702258726899515 59410.0031692307675257
561 0.9666940227055122 62142.0000000000000000 133.4702258726899515 59410.0031692307675257
562 0.9666940227055122 62142.0000000000000000 133.4702258726899515 59410.0031692307675257
563 0.9666940227055122 62142.0000000000000000 133.4702258726899515 59410.0031692307675257
564 0.9666940227055122 62142.0000000000000000 133.4702258726899515 59410.0031692307675257
565 0.9666940227055122 62142.0000000000000000 133.4702258726899515 59410.0031692307675257
566 0.9666940227055122 62142.0000000000000000 133.4702258726899515 59410.0031692307675257
567 0.9666940227055122 62142.0000000000000000 133.4702258726899515 59410.0031692307675257
568 0.9666940227055122 62142.0000000000000000 133.4702258726899515 59410.0031692307675257
569 0.9666940227055122 62142.0000000000000000 133.4702258726899515 59410.0031692307675257
570 0.9666940227055122 62142.0000000000000000 133.4702258726899515 59410.0031692307675257
571 0.9667624128026262 62147.0000000000000000 133.7448559670781947 59419.5634769230746315
572 0.9667624128026262 62147.0000000000000000 133.7448559670781947 59419.5634769230746315
573 0.9668991929968540 62157.0000000000000000 134.2975206611570229 59438.6863999999986845
574 0.9668991929968540 62157.0000000000000000 134.2975206611570229 59438.6863999999986845
575 0.9668991929968540 62157.0000000000000000 134.2975206611570229 59438.6863999999986845
576 0.9668991929968540 62157.0000000000000000 134.2975206611570229 59438.6863999999986845
577 0.9668991929968540 62157.0000000000000000 134.2975206611570229 59438.6863999999986845
578 0.9669675830939680 62184.0000000000000000 134.5755693581780577 59490.3245230769243790
579 0.9669675830939680 62184.0000000000000000 134.5755693581780577 59490.3245230769243790
580 0.9669675830939680 62184.0000000000000000 134.5755693581780577 59490.3245230769243790
581 0.9670359731910819 62188.0000000000000000 134.8547717842323550 59497.9779384615394520
582 0.9670359731910819 62188.0000000000000000 134.8547717842323550 59497.9779384615394520
583 0.9670359731910819 62188.0000000000000000 134.8547717842323550 59497.9779384615394520
584 0.9670359731910819 62188.0000000000000000 134.8547717842323550 59497.9779384615394520
585 0.9670359731910819 62188.0000000000000000 134.8547717842323550 59497.9779384615394520
586 0.9671043632881958 62197.0000000000000000 135.1351351351351298 59515.1992307692271424
587 0.9671043632881958 62197.0000000000000000 135.1351351351351298 59515.1992307692271424
588 0.9671043632881958 62197.0000000000000000 135.1351351351351298 59515.1992307692271424
589 0.9671043632881958 62197.0000000000000000 135.1351351351351298 59515.1992307692271424
590 0.9671043632881958 62197.0000000000000000 135.1351351351351298 59515.1992307692271424
591 0.9671043632881958 62197.0000000000000000 135.1351351351351298 59515.1992307692271424
592 0.9671043632881958 62197.0000000000000000 135.1351351351351298 59515.1992307692271424
593 0.9671043632881958 62197.0000000000000000 135.1351351351351298 59515.1992307692271424
594 0.9671043632881958 62197.0000000000000000 135.1351351351351298 59515.1992307692271424
595 0.9671043632881958 62197.0000000000000000 135.1351351351351298 59515.1992307692271424
596 0.9671727533853098 62201.0000000000000000 135.4166666666666572 59522.8542461538454518
597 0.9671727533853098 62201.0000000000000000 135.4166666666666572 59522.8542461538454518
598 0.9671727533853098 62201.0000000000000000 135.4166666666666572 59522.8542461538454518
599 0.9672411434824237 62205.0000000000000000 135.6993736951983180 59530.5097538461559452
600 0.9673095335795376 62210.0000000000000000 135.9832635983263458 59540.0797538461556542
601 0.9673779236766517 62215.0000000000000000 136.2683438155136173 59549.6505230769253103
602 0.9674463137737656 62219.0000000000000000 136.5546218487394867 59557.3077538461511722
603 0.9674463137737656 62219.0000000000000000 136.5546218487394867 59557.3077538461511722
604 0.9674463137737656 62219.0000000000000000 136.5546218487394867 59557.3077538461511722
605 0.9674463137737656 62219.0000000000000000 136.5546218487394867 59557.3077538461511722
606 0.9674463137737656 62219.0000000000000000 136.5546218487394867 59557.3077538461511722
607 0.9674463137737656 62219.0000000000000000 136.5546218487394867 59557.3077538461511722
608 0.9674463137737656 62219.0000000000000000 136.5546218487394867 59557.3077538461511722
609 0.9674463137737656 62219.0000000000000000 136.5546218487394867 59557.3077538461511722
610 0.9674463137737656 62219.0000000000000000 136.5546218487394867 59557.3077538461511722
611 0.9674463137737656 62219.0000000000000000 136.5546218487394867 59557.3077538461511722
612 0.9674463137737656 62219.0000000000000000 136.5546218487394867 59557.3077538461511722
613 0.9674463137737656 62219.0000000000000000 136.5546218487394867 59557.3077538461511722
614 0.9674463137737656 62219.0000000000000000 136.5546218487394867 59557.3077538461511722
615 0.9674463137737656 62219.0000000000000000 136.5546218487394867 59557.3077538461511722
616 0.9674463137737656 62219.0000000000000000 136.5546218487394867 59557.3077538461511722
617 0.9674463137737656 62219.0000000000000000 136.5546218487394867 59557.3077538461511722
618 0.9674463137737656 62219.0000000000000000 136.5546218487394867 59557.3077538461511722
619 0.9674463137737656 62219.0000000000000000 136.5546218487394867 59557.3077538461511722
620 0.9674463137737656 62219.0000000000000000 136.5546218487394867 59557.3077538461511722
621 0.9674463137737656 62219.0000000000000000 136.5546218487394867 59557.3077538461511722
622 0.9674463137737656 62219.0000000000000000 136.5546218487394867 59557.3077538461511722
623 0.9675147038708795 62223.0000000000000000 136.8421052631578902 59564.9654769230764941
624 0.9675147038708795 62223.0000000000000000 136.8421052631578902 59564.9654769230764941
625 0.9675147038708795 62223.0000000000000000 136.8421052631578902 59564.9654769230764941
626 0.9675147038708795 62223.0000000000000000 136.8421052631578902 59564.9654769230764941
627 0.9675147038708795 62223.0000000000000000 136.8421052631578902 59564.9654769230764941
628 0.9675147038708795 62223.0000000000000000 136.8421052631578902 59564.9654769230764941
629 0.9675147038708795 62223.0000000000000000 136.8421052631578902 59564.9654769230764941
630 0.9675147038708795 62223.0000000000000000 136.8421052631578902 59564.9654769230764941
631 0.9675147038708795 62223.0000000000000000 136.8421052631578902 59564.9654769230764941
632 0.9675147038708795 62223.0000000000000000 136.8421052631578902 59564.9654769230764941
633 0.9675147038708795 62223.0000000000000000 136.8421052631578902 59564.9654769230764941
634 0.9675147038708795 62223.0000000000000000 136.8421052631578902 59564.9654769230764941
635 0.9675147038708795 62223.0000000000000000 136.8421052631578902 59564.9654769230764941
636 0.9675147038708795 62223.0000000000000000 136.8421052631578902 59564.9654769230764941
637 0.9675147038708795 62223.0000000000000000 136.8421052631578902 59564.9654769230764941
638 0.9675147038708795 62223.0000000000000000 136.8421052631578902 59564.9654769230764941
639 0.9675830939679935 62232.0000000000000000 137.1308016877637215 59582.1964615384640638
640 0.9676514840651074 62246.0000000000000000 137.4207188160676480 59609.0040923076958279
641 0.9676514840651074 62246.0000000000000000 137.4207188160676480 59609.0040923076958279
642 0.9676514840651074 62246.0000000000000000 137.4207188160676480 59609.0040923076958279
643 0.9677882642593353 62254.0000000000000000 138.0042462845010505 59624.3266769230758655
644 0.9678566543564492 62254.0000000000000000 138.2978723404255277 59624.3272923076947336
645 0.9679250444535631 62258.0000000000000000 138.5927505330490419 59631.9893230769230286
646 0.9679250444535631 62258.0000000000000000 138.5927505330490419 59631.9893230769230286
647 0.9679250444535631 62258.0000000000000000 138.5927505330490419 59631.9893230769230286
648 0.9679250444535631 62258.0000000000000000 138.5927505330490419 59631.9893230769230286
649 0.9679250444535631 62258.0000000000000000 138.5927505330490419 59631.9893230769230286
650 0.9679250444535631 62258.0000000000000000 138.5927505330490419 59631.9893230769230286
651 0.9679250444535631 62258.0000000000000000 138.5927505330490419 59631.9893230769230286
652 0.9679250444535631 62258.0000000000000000 138.5927505330490419 59631.9893230769230286
653 0.9679250444535631 62258.0000000000000000 138.5927505330490419 59631.9893230769230286
654 0.9679250444535631 62258.0000000000000000 138.5927505330490419 59631.9893230769230286
655 0.9679250444535631 62258.0000000000000000 138.5927505330490419 59631.9893230769230286
656 0.9681302147449049 62272.0000000000000000 139.4849785407725449 59658.8109230769259739
657 0.9681302147449049 62272.0000000000000000 139.4849785407725449 59658.8109230769259739
658 0.9681302147449049 62272.0000000000000000 139.4849785407725449 59658.8109230769259739
659 0.9681986048420189 62276.0000000000000000 139.7849462365591364 59666.4751692307690973
660 0.9681986048420189 62276.0000000000000000 139.7849462365591364 59666.4751692307690973
661 0.9681986048420189 62276.0000000000000000 139.7849462365591364 59666.4751692307690973
662 0.9683353850362467 62280.0000000000000000 140.3887688984881095 59674.1412923076932202
663 0.9683353850362467 62280.0000000000000000 140.3887688984881095 59674.1412923076932202
664 0.9684037751333607 62284.0000000000000000 140.6926406926406798 59681.8065230769207119
665 0.9684037751333607 62284.0000000000000000 140.6926406926406798 59681.8065230769207119
666 0.9684037751333607 62284.0000000000000000 140.6926406926406798 59681.8065230769207119
667 0.9684037751333607 62284.0000000000000000 140.6926406926406798 59681.8065230769207119
668 0.9684037751333607 62284.0000000000000000 140.6926406926406798 59681.8065230769207119
669 0.9684037751333607 62284.0000000000000000 140.6926406926406798 59681.8065230769207119
670 0.9684037751333607 62284.0000000000000000 140.6926406926406798 59681.8065230769207119
671 0.9684037751333607 62284.0000000000000000 140.6926406926406798 59681.8065230769207119
672 0.9684037751333607 62284.0000000000000000 140.6926406926406798 59681.8065230769207119
673 0.9684721652304746 62289.0000000000000000 140.9978308026030334 59691.3886769230739446
674 0.9684721652304746 62289.0000000000000000 140.9978308026030334 59691.3886769230739446
675 0.9684721652304746 62289.0000000000000000 140.9978308026030334 59691.3886769230739446
676 0.9684721652304746 62289.0000000000000000 140.9978308026030334 59691.3886769230739446
677 0.9684721652304746 62289.0000000000000000 140.9978308026030334 59691.3886769230739446
678 0.9684721652304746 62289.0000000000000000 140.9978308026030334 59691.3886769230739446
679 0.9684721652304746 62289.0000000000000000 140.9978308026030334 59691.3886769230739446
680 0.9684721652304746 62289.0000000000000000 140.9978308026030334 59691.3886769230739446
681 0.9684721652304746 62289.0000000000000000 140.9978308026030334 59691.3886769230739446
682 0.9684721652304746 62289.0000000000000000 140.9978308026030334 59691.3886769230739446
683 0.9684721652304746 62289.0000000000000000 140.9978308026030334 59691.3886769230739446
684 0.9684721652304746 62289.0000000000000000 140.9978308026030334 59691.3886769230739446
685 0.9684721652304746 62289.0000000000000000 140.9978308026030334 59691.3886769230739446
