0.0019969961441795954	0.04813257399989156	0.005999988320115812	0.09759480213442684
0.0029944992044256737	0.04819372643186742	0.008999997390830794	0.09729398375945689
0.003991008241798869	0.048547240255303416	0.012000024328187786	0.09752349232952719
0.004986525235440778	0.04758285263676097	0.015000075048956063	0.09712473970657831
0.005981052158587858	0.04850906436654617	0.018000155446378386	0.09705610379977128
0.00697459097859524	0.047996417270601305	0.02100027139028873	0.0959604199182251
0.007967143656959781	0.048569124771100466	0.024000428727227633	0.09745084783562036
0.008958759520723355	0.04951541015668687	0.027000776975095668	0.09852937643029717
0.009949345776976386	0.049695585704357656	0.030001034545117756	0.0992096063480441
0.010938951741160172	0.049404970603199004	0.03300135090918259	0.09962202526880963
0.011927579351570183	0.04852363023127616	0.03600173182180584	0.09921654674040081
0.012915230540758913	0.0488040555120558	0.03900218301478067	0.09947914512791722
0.013901859864178384	0.04660320456134856	0.04200256650275154	0.09649344661312287
0.01488756398572243	0.04788390514138827	0.04500317536147652	0.09745968422725958
0.015872344495114984	0.04908305131456115	0.04800401528357528	0.09827567244778612
0.016856156210348135	0.05075988502377179	0.05100494819332573	0.09909301275568033
0.017838954082287674	0.0511382435654399	0.05400583597746105	0.09858691802633975
0.018820787008976443	0.05384133524381269	0.05700682796175574	0.10242051123277325
0.019801656883393443	0.053353736930363334	0.060007929722043635	0.10204736176885981
0.02078151854730774	0.052764949807340825	0.06300900308945138	0.10157438623708658
0.021760467744392418	0.052404450361800706	0.06601034107155937	0.10236562524242102
0.022738506488688293	0.05200937660777849	0.06901194916121829	0.10188345080442096
0.023715589651657275	0.050368961928856176	0.07201368911979456	0.099845156967696
0.024691672465391442	0.05133606377199235	0.07501542263672319	0.09992151012363668
0.025666803468624794	0.051186128782591475	0.07801729892962941	0.09940940945144908
0.026640984288577942	0.050604295194084846	0.08101932345979368	0.09723651241486667
0.027614170504472173	0.050989070393121325	0.08402135779467704	0.09712124108924819
0.02858645695506384	0.050969727630726595	0.08702369492075755	0.09613262159089556
0.02955784561447464	0.05068001053968419	0.09002634017692157	0.0951751076925347
0.030528291636918774	0.05139828024703873	0.09302915513347182	0.09591966041613609
0.031497750307368476	0.051754387801043134	0.09603200131754847	0.09691432099782983
0.03246627026075753	0.05203755837107114	0.09903502777133161	0.09704517209728926
0.033433852864851094	0.05296625361584496	0.10203823986194897	0.09811591526064614
0.03440045397234344	0.051532369288334275	0.10504149893986651	0.09729696255850193
0.03536616775708171	0.0512032739765334	0.10804509797352699	0.09692986609832276
0.036330949836657946	0.05245418497388897	0.11104889831669443	0.097961007914462
0.037294848280050086	0.05197090696616115	0.11405304901338625	0.09819518295179491
0.03825777233229108	0.05078413986941272	0.11705726755098743	0.09744519672969913
0.039219816235677336	0.05264603900540747	0.12006184679840802	0.09980818746813795
0.04018088940341147	0.053507999915191305	0.123066504164726	0.10079507774242738
0.041141039794593666	0.05178129037831521	0.12607138863376383	0.09906415445837874
0.042100269179539435	0.05179783864412156	0.12907650530488837	0.09921024751512622
0.04305857932347488	0.05151033259991372	0.1320818592579289	0.09895078172176913
0.04401597198655583	0.051885106898011804	0.13508745555326973	0.09837197128885367
0.04497244892388764	0.05120592790479968	0.13809329923194447	0.09656114807991009
0.04592801188554414	0.05314442389604217	0.14109939531572702	0.09925934877625037
0.04688266261658711	0.053330055569424	0.1441057488072246	0.09834550790388775
0.04783640285708516	0.05525458212631856	0.14711236468996808	0.09934894324222003
0.04878923434213306	0.055101187491461846	0.15011924792850412	0.09958215368577304
0.049741158801870355	0.05495476888127892	0.153126403468484	0.10047721607615628
0.05069217796150048	0.053843429735470634	0.15613383623675464	0.0988070614537703
0.05164229354130937	0.05419112461061379	0.15914155114144718	0.10000431138495672
0.05259150725668426	0.05395267750000611	0.16214955307206647	0.10072681944802304
0.05353982081813202	0.054699262051671235	0.16515784689957827	0.10193923828134908
0.05448723593129802	0.05547381640769454	0.16816643747649807	0.10283158663880897
0.05543375429698415	0.056226785275641296	0.1711753296369777	0.1023685646651012
0.05637937761116744	0.056748300401196564	0.1741845281968926	0.10262769924950653
0.057324107565018025	0.05623091223368581	0.1771940379539274	0.10141521538949341
0.05826794584491759	0.0555558322672303	0.18020386368766275	0.10019344501080411
0.059210894132477175	0.0553556418313047	0.1832140101596595	0.0983168845097913
0.06015295410455538	0.05553720167929793	0.1862244821135448	0.09959046815142561
0.061094172402728845	0.054402480004183205	0.18923542851089142	0.09839920712040012
0.06203446075549894	0.05512369122739798	0.19224656558811776	0.09949316969495015
0.0629739106801882	0.05493464157044045	0.19525818654056826	0.09878953232269991
0.06391243406449931	0.055213369027913795	0.1982700075025302	0.10006679825566665
0.06485007744695645	0.05446820130880515	0.20128217739843463	0.09917599907295327
0.06578684226613907	0.05629037512041566	0.20429470095127855	0.10141641053956826
0.06672273058640715	0.05745914058237005	0.20730758261104068	0.10226216190015641
0.06765774362774803	0.05728119234323663	0.21032082715351788	0.10271430309928561
0.0685918834437449	0.05684217024056113	0.2133344389898146	0.10213744079302402
0.06952519604796553	0.05667552370084426	0.21634856716934836	0.10220710446563978
0.07045759367273949	0.05471267669195497	0.21936292754834252	0.0996532706860381
0.07138912294824581	0.05423518439556659	0.22237766887339883	0.09908182060604011
0.07231978507556838	0.055175492243323646	0.22539279584607172	0.09915591077193642
0.07324958208168597	0.056834785110525574	0.22840831278182006	0.10095416123848916
0.07417851516022435	0.05763354485594209	0.23142422435299662	0.1016392812965632
0.07510658612139923	0.05886650495323584	0.23444053493348876	0.10304763483421256
0.07603384107367511	0.05860010059265053	0.23745739340507194	0.1034472583719544
0.07696019259188255	0.059085070312936465	0.24047451534150785	0.10456245771405534
0.0778856869807269	0.05680079335213653	0.24349204949241382	0.10142720334461384
0.07881032541544183	0.05774792240011189	0.24651000045834962	0.10160546925888522
0.07973410968219832	0.05852698657512863	0.24952837252583054	0.10184897863255728
0.0806570413576793	0.0588350790675827	0.2525471700644499	0.10185787804570895
0.08157912201420624	0.057780351962120696	0.25556639742769227	0.10158623502241931
0.08250039744179705	0.05954453708692804	0.2585862035209985	0.1048562209872281
0.08342078076001436	0.05842434216571463	0.2616063035298735	0.10348630180219312
0.08434031775023317	0.05782455432919575	0.2646268463279091	0.10418930138809127
0.08525900996748886	0.05776428686433929	0.2676478362048908	0.10389784639246397
0.08617685896253485	0.05806120910176866	0.27066927743486113	0.1032418765833795
0.0870938662818585	0.05860675471473624	0.27369117427619305	0.10307969140066373
0.0880100334676965	0.05886640593165337	0.27671353097166057	0.10409599018866156
0.08892536205805072	0.059054236727968425	0.27973635174851114	0.10322935904326762
0.08983985358670335	0.058759105499606695	0.2827596408185352	0.10266597281514037
0.0907535095832327	0.05951955304074828	0.2857834023781386	0.10362287622129025
0.0916663315730282	0.058043612893369234	0.28880764060841096	0.10209914069087649
0.09257832107730597	0.05841039781888877	0.29183235967519683	0.10241671749565512
0.09348947961312376	0.058620862659550334	0.29485756372916416	0.10230015977861688
0.09439980869339631	0.05895741974678418	0.29788325690587414	0.10230903496451071
0.09530930982691034	0.05983131117566773	0.3009094433258493	0.10315680902867522
0.09621798451833963	0.06000784897382203	0.30393612709464224	0.10287516782467464
0.09712583426825974	0.06046662879033235	0.30696331230290297	0.10391409650684105
0.0980328605731632	0.06168768095531159	0.30999100302644744	0.10559570626434893
0.09893906492547398	0.06205343188840121	0.3130192033263235	0.10597091557859842
0.0998444488135625	0.06022725455045379	0.31604791724887854	0.10423295724701667
0.10074901372175998	0.06015000299339933	0.3190771488258257	0.10450512952476645
0.10165276113037354	0.06001077047875818	0.32210690207431014	0.10362640886157469
0.10255569251570011	0.057542876552469965	0.32513718099697436	0.10055425356862321
0.10345780935004145	0.05789512216387908	0.3281679895820242	0.10148626253976398
0.10435911310171822	0.05886291663443343	0.3311993318032933	0.10216921718603986
0.10525964826515448	0.05956050724055753	0.33423135689028094	0.10309383669805124
0.10615933024061193	0.05954879136297526	0.33726377824832526	0.10322112597049607
0.10705820351462406	0.06012501550558849	0.34029674507850366	0.10388277795613074
0.10795631245412865	0.06002780687157239	0.343330406647555	0.1030247577379226
0.10885357267895862	0.05917732703894478	0.3463644761589172	0.10293910668202903
0.10975002835580468	0.05894701274698402	0.3493991029851771	0.10314182117756063
0.11064568131040084	0.05941505171425164	0.3524342907335782	0.10319045613888009
0.11154057554842296	0.05931482030219842	0.35547018885787685	0.10339270025297628
0.11243462678932334	0.058992938453172314	0.3585065104246673	0.10343038222704645
0.11332792229125552	0.05863690611841524	0.36154354996724564	0.10190659011696916
0.11422037772772237	0.059013590174156354	0.3645810205521171	0.10103478037505466
0.11511203758673877	0.05932142347763558	0.36761907122291165	0.10118160908472383
0.1160029029053782	0.05996430099710158	0.3706577060511802	0.10216199183993474
0.11689297528809094	0.06022666279609916	0.3736969286767843	0.10172159050301596
0.11778225614516705	0.06075241441579756	0.3767367428655449	0.10348834948006262
0.11867074688313764	0.06154785620424384	0.3797771523699063	0.10444868788684476
0.11955849151374728	0.06176833191036864	0.38281830649958476	0.10519257423256485
0.1204454062181301	0.0615192876910189	0.3858599178392636	0.10475312029625022
0.12133153500057894	0.06194252917745083	0.38890213567219917	0.1050887903229597
0.12221687925272137	0.062120207559485746	0.3919449636979149	0.10459129266088366
0.1231014403624918	0.06307536722871473	0.39498840560284953	0.10574202218953714
0.12398521971414495	0.06274932742907123	0.39803246506041573	0.10442523798059661
0.12486821868826845	0.06319715013343857	0.40107714573105735	0.10490988829950353
0.12575043866179617	0.06325330956827252	0.4041224512623067	0.10617586814598874
0.1266318810080207	0.06489684539058815	0.40716838528884103	0.10720493893075377
0.12751254709660656	0.0642401713077695	0.41021495143253983	0.10646027596512647
0.12839243829360264	0.06441627339505124	0.41326215330254007	0.10689713045122225
0.12927155596145512	0.06397245739179037	0.4163099944952935	0.10567857610303057
0.13014990145901997	0.06442076281896635	0.4193584785946208	0.10559206638473397
0.13102747614157584	0.06421535337414866	0.4224076091717685	0.10526545130690215
0.1319042813608362	0.06312264778254018	0.42545738978546294	0.10448093874184465
0.1327803184649623	0.06338221674587358	0.42850782398196613	0.10543199367614137
0.1336555887985751	0.06474769746486098	0.4315589152951289	0.10738694234244925
0.13453009370276808	0.06436466568261671	0.43461066724644676	0.10720571303620088
0.1354038345151194	0.06336552721035452	0.43766308334511245	0.1063769022033881
0.1362768125697041	0.06406419534521983	0.44071616708807043	0.10620143062786305
0.13714902919710628	0.06410065040068294	0.44376992196006965	0.10575752711723442
0.13802048572443165	0.06494971322797811	0.44682435143371746	0.10675718782759176
0.1388911834753192	0.06589427121851803	0.44987945896953185	0.10735820947931321
0.13976112376995353	0.06683587471874369	0.45293524801599444	0.10823536480630741
0.1406303079250767	0.0674442916405583	0.4559917220096022	0.1088160935197102
0.1414987787552715	0.06772054617572629	0.45904903087371113	0.10870355073701973
0.1423664545678886	0.0658328335000398	0.4621068850234233	0.10584204357549501
0.14323337817068543	0.06528659225201375	0.4651654343583851	0.10520361712764605
0.1440995508667532	0.06519409753817111	0.46822468226767333	0.10652511434163871
0.14496497395580005	0.06552590084670844	0.4712846321286388	0.10642279046691787
0.14582964855512437	0.06608767853621236	0.47434528747625526	0.10785743455748965
0.14669357631577937	0.06572677853522431	0.47740665132597115	0.10873829084084737
0.1475567995994048	0.06593245711687071	0.48046887392648846	0.10863591402705862
0.14841923719019362	0.0661460348823959	0.4835316651348948	0.10738455459226039
0.1492809316221619	0.0651173959524813	0.48659517500759025	0.10742925108386797
0.1501418839974626	0.0643076748722169	0.48965940702590016	0.10699842287661229
0.1510020959474464	0.06747231589799416	0.492724364139928	0.1095117128266737
0.1518615683907824	0.0685740834868681	0.4957900499831471	0.11073000200256687
0.1527203439899943	0.06840495031770344	0.4988566144271293	0.11090744643328147
0.15357838276060434	0.06941829764187103	0.5019239139979252	0.1113339309080763
0.1544356448211941	0.06925487161684929	0.5049918051059588	0.1106054650678836
0.15529221372129753	0.06729636580514674	0.5080605846746343	0.10800614329354247
0.15614800849885582	0.06540576317864785	0.5111299621803667	0.10600424079380685
0.15700307151683324	0.06457207259542551	0.5142000877180303	0.10451018887938335
0.1578574040255656	0.06443920991352033	0.517270964495006	0.10519928916774289
0.15871100727218684	0.06551744702485035	0.5203425957077281	0.10583812034779898
0.15956388250063996	0.06755564245772872	0.5234149845417309	0.10833101990371578
0.16041603095168774	0.06782246767085054	0.526488134171694	0.10888104380073506
0.1612674538629239	0.06988718968636776	0.5295620477614916	0.11053980450952361
0.16211815246878353	0.07033834974708653	0.5326367284642344	0.11103989746409103
0.16296812800055405	0.07052796393454606	0.5357121794223185	0.1116670932252164
0.1638173816863858	0.06947984950500864	0.5387884037674688	0.11013782216599788
0.16466591475130274	0.0703802909109247	0.5418654046207865	0.11111648237096278
0.16551372841721307	0.06905521151585735	0.5449431850927912	0.11033687952112427
0.16636082390291973	0.06817629526707085	0.5480217482834683	0.10881815077592458
0.1672072024241309	0.06770607790527336	0.5511010972823122	0.10817506763485524
0.16805286519347068	0.06734841287922225	0.5541812351683711	0.10867968881973819
0.16889781342048912	0.06770561607770181	0.557262165010291	0.10812165736174062
0.16974204831167303	0.06807033334596638	0.5603438898663596	0.10885621107604056
0.17058557107045594	0.07041854399819426	0.5634264127845499	0.11166637320328718
0.17142838289722867	0.0713147219291926	0.5665097368025636	0.11222523882644721
0.17227048498934933	0.07234628708240262	0.5695938649478743	0.11326309374605768
0.17311187854115384	0.07211502501418429	0.5726788002377708	0.11324529263319014
0.1739525647439658	0.07224854602945772	0.5757645456794	0.11312793181827588
0.17479254478610684	0.07121261807331786	0.5788511042698092	0.11209387342582602
0.1756318198529065	0.07085244101707046	0.5819384789959878	0.11150515022259574
0.1764704312040898	0.07016757166533226	0.5850268208354671	0.11050306279794814
0.17730829986427757	0.06998997819495152	0.5881158367541364	0.11080772067874432
0.17814546708726092	0.07047642101285612	0.591205677709622	0.11070699186565497
0.17898193404650123	0.06987884395856628	0.5942963466491042	0.10983737023788989
0.1798177019125178	0.06996902393220598	0.5973878465099148	0.11035443184477398
0.1806527716859094	0.07119830098271254	0.6004801804196046	0.1117557192966224
0.18148714486531656	0.0706469505889557	0.6035733508958788	0.11041599526509319
0.18232086228948544	0.0725019685992649	0.6066675093283616	0.11318453989193702
0.18315384542929838	0.07264090588878028	0.609762362052267	0.11332102942766921
0.18398613528469301	0.07315384588115643	0.6128580602378628	0.11387675465340386
0.18481773284313774	0.07146851718891614	0.6159546069677362	0.11132515973924255
0.1856486395860339	0.07307154779458405	0.6190520047044368	0.1146203567182084
0.18647885633005787	0.07177008728591011	0.6221502567163215	0.11312765153990322
0.1873083845497921	0.0718634986347312	0.6252493654441897	0.11334786716795056
0.18813726483510548	0.07098029653255594	0.6283494825032966	0.11253359488960035
0.18896541893397645	0.07129736011114021	0.6314503137935625	0.11322876036320695
0.18979288792413107	0.0718569531747645	0.6345520102928099	0.11366335754907031
0.19061967261079435	0.07290943329245968	0.6376545752291499	0.11384078873269848
0.19144581393435253	0.07389520605565135	0.6407581597264895	0.11479723594711708
0.1922712337301807	0.07433762468254462	0.6438624695236357	0.1146378191146491
0.19309597276911428	0.07560223926449061	0.6469676559336007	0.11569439807658259
0.19392007172099363	0.07518145982510467	0.6500738703851683	0.11460753976661642
0.19474345260928078	0.0742968701616423	0.6531808183397175	0.11448980522923663
0.19556615609828243	0.07501692087891566	0.6562886512077917	0.11498123783281455
0.19638818330168295	0.074858220111327	0.659397371738114	0.11453344969089344
0.19720953533042263	0.0755119537168582	0.6625069826703811	0.11557770796000592
0.19803021329270637	0.0753161483677087	0.6656174867352992	0.11448671937946028
0.19885021829401311	0.07464903565134397	0.6687288866546219	0.11306319207003532
0.19966955143710433	0.07504802308654074	0.6718411851411858	0.11424620078458896
0.20048821382203325	0.07538020755991892	0.6749543848989483	0.11486054368470916
0.20130620654615355	0.07414372810568312	0.6780684886230219	0.11336678232745209
0.2021235307041282	0.0755533947487098	0.6811834989997129	0.11531181174256856
0.20294018738793823	0.07650802144447989	0.6842994187065549	0.11687681117674108
0.20375617768689155	0.0754238868453575	0.6874162504123462	0.11427726951486816
0.20457150268763166	0.07468065157756362	0.6905339967771844	0.11368197186281168
0.2053861634741463	0.07471049678051528	0.6936526604525028	0.11275363043690181
0.20620016112777606	0.07570085339031443	0.6967722440811048	0.11498404282891672
0.20701349672722302	0.07450220843412005	0.6998927502971993	0.11266782204174686
0.20782617134855955	0.07390646150514102	0.7030141817264357	0.11282222184232309
0.20863818606523643	0.07658052472382282	0.7061365409859388	0.11627932789226306
0.20944954194809165	0.07685686476113887	0.7092598306843424	0.11733643638985129
0.2102602400653589	0.07548029505072905	0.7123840534218255	0.11470109036553836
0.21107028148267576	0.0769014063934037	0.7155092117901446	0.11705261340519614
0.21187966726309243	0.0780856662555928	0.718635308372669	0.11786845618022343
0.21268839846707968	0.07648321308833421	0.7217623457444138	0.11527122117784305
0.21349647615253772	0.07714021089406506	0.724890326472075	0.11576468371076747
0.2143039399666382	0.07636585035345296	0.7280194030805389	0.11459433907683118
0.21511071377849617	0.07640894934578038	0.7311492781870073	0.1151077038851933
0.2159168757599228	0.0776533860173512	0.7342802543579492	0.11655403616094863
0.21672234989913794	0.0795619447174805	0.7374120340110043	0.11821024970920534
0.21752717577105116	0.07966067177635505	0.7405447697298241	0.11898561092724542
0.2183313542634486	0.08035163878283519	0.7436784642617303	0.1205475763796845
0.21913488672618936	0.08024721754723453	0.7468131196564174	0.11978514922680167
0.2199377738876756	0.07860763622082284	0.7499487388761075	0.11743096176571349
0.22074001709176985	0.07619335749993993	0.7530853239520192	0.11527211621942972
0.22154165553072433	0.07527121103712844	0.7562230279828632	0.11439491878228335
0.22234257516977968	0.07554928836181786	0.7593614024849734	0.11482583627814218
0.22314289222454262	0.07598127840085289	0.7625009007027769	0.1149841921711624
0.2239425691301307	0.07748797593967297	0.7656413751354891	0.1174705271647816
0.2247416072155754	0.07967060931029232	0.7687828277687674	0.11992674294870131
0.22554000719541445	0.08086932563799401	0.7719252615176313	0.12072619296657588
0.2263378085237571	0.08069610890685026	0.7750688290146721	0.11984109708918372
0.22713497390211673	0.08008073080433241	0.7782133823079197	0.11998563517901979
0.22793146612131301	0.07913181613527089	0.7813587732969074	0.11846784340488917
0.22872732459638417	0.07843598479170422	0.7845051546350209	0.11735111180880634
0.22952255003216465	0.07775550566772145	0.7876525292043913	0.1165247779013017
0.23031714358610814	0.0781769964110749	0.7908008991670085	0.11674401847316154
0.2311111062615984	0.08020611218801399	0.7939502669147418	0.11824506615296418
0.2319044390596312	0.08079399058214547	0.7971006348318741	0.11915681175101905
0.2326971810189091	0.08176787998717172	0.8002521561028876	0.12025796855766416
0.23348925705549994	0.08247089614219452	0.8034045314814681	0.12085900026966503
0.23428070620336783	0.08342299884106542	0.8065579141370725	0.12189364845380457
0.23507152945403176	0.0832991428848671	0.809712306423934	0.12249559271546745
0.23586172779666015	0.08203413681145247	0.8128677106888476	0.12083862060254486
0.23665130221807837	0.08170692088046477	0.8160241292711987	0.12073845668788252
0.23744025370277608	0.08347960478932796	0.8191815645029934	0.12204067543772072
0.23822858323291463	0.08228759546218214	0.8223400187088868	0.1210876209300928
0.23901629178833445	0.08076382806273029	0.8254994942062126	0.11912712228275986
0.2398033803465623	0.08171264418724436	0.8286599933050114	0.12017108580827855
0.24058984988281837	0.08086283453486853	0.8318215183080593	0.11874685668943268
0.24137570137002404	0.07984031881658654	0.8349840715108969	0.11894523981151267
0.24216093577880843	0.0814282654131234	0.8381476552018576	0.12091368210354461
0.24294555407751614	0.08343837463970999	0.8413122716620952	0.12288714348831603
0.24372955723221404	0.08436743757304978	0.8444779231656128	0.12428112923130633
0.24451294620669872	0.0841485934142312	0.8476446119792909	0.12456507927362977
0.24529572196250338	0.08433773548468754	0.8508123403629139	0.12509205008395952
0.24607788545890505	0.08434434691204226	0.8539811105691999	0.12417831090774029
0.24685943765293147	0.08340963309718599	0.8571509248438269	0.12275248886969271
0.24764037949936835	0.0825123156430774	0.8603217854254607	0.12114390509505378
0.2484207119507661	0.08338192489390919	0.8634936945457818	0.12124103091798707
0.24920043595744704	0.08354948001326527	0.8666666544295136	0.12054331628448367
0.24997955246751227	0.08233045970200396	0.8698406672944483	0.11981344924916096
0.25075806242684845	0.08172794251628562	0.8730157353514747	0.1188672871607534
0.25153596677913487	0.08277995349050929	0.8761918608046049	0.12111970049179963
0.25231330362059556	0.0823083314885667	0.8793691981422584	0.12161166109034668
0.2530899995810249	0.08190695725027529	0.8825474449722586	0.12090267940213169
0.2538661298494522	0.08227117756855054	0.8857269081629914	0.12040923146951894
0.25464162116642347	0.08302949363603894	0.8889072851040531	0.12191697703569476
0.25541651156186906	0.08393224740940047	0.8920887303590577	0.12172173485822116
0.2561907648116217	0.08516061863134987	0.8952710938000551	0.12289717590612292
0.25696445615358987	0.08555700430833121	0.8984546821661764	0.12334144497882858
0.25773754921617176	0.08579072754092044	0.9016393455737415	0.12415831733042941
0.25851008213530074	0.08683432453634972	0.9048252383538498	0.1253047347471714
0.2592820187358129	0.08611783562271884	0.9080122102497088	0.12483228572229628
0.26005332306887535	0.08537002452527145	0.9112001105845051	0.12337223398415498
0.2608240329493313	0.08551754245263911	0.9143890942367612	0.12416706638589278
0.26159411233871344	0.08700193666801659	0.9175790106722606	0.12586788833591017
0.26236363591683287	0.08614018753106971	0.9207701675646013	0.12494293257078865
0.2631325677830219	0.08676170734168735	0.9239624141063885	0.12544746001941603
0.263900945715277	0.08773560926054075	0.927155905202172	0.12614644878132658
0.26466873372369776	0.08707727006198901	0.9303504901881631	0.12478633377011226
0.2654359327134209	0.08701337689499303	0.9335461711491413	0.12447402467539415
0.2662025068037313	0.0868069283836629	0.9367427971997674	0.12435366594285366
0.2669684570925708	0.08734893784273051	0.9399403700435158	0.12477261315020549
0.26773385770888436	0.08760841366816191	0.9431391983056492	0.1257870245191873
0.2684986729344391	0.08906537382851112	0.9463391307655927	0.1271719251269647
0.2692629036639842	0.08966213899586967	0.9495401694763198	0.12829931558619023
0.27002655079021937	0.09012418190147588	0.9527423164845343	0.12829116194801035
0.2707896518188391	0.09005921354723793	0.9559457271105364	0.12865099649898823
0.27155213440838494	0.08969028637180787	0.9591500968288844	0.1279899814736217
0.2723140360604831	0.08916309185534553	0.96235558094746	0.12747356512749197
0.27307535765969604	0.08828536435097654	0.9655621814881311	0.12633502658727436
0.27383610008856757	0.08923067059245778	0.9687699004666157	0.12734817719897878
0.27459626422762895	0.08893505850722905	0.971978739892504	0.12648542314348396
0.2753558509554048	0.09081260708334188	0.9751887017692843	0.12828900120403078
0.2761148611484193	0.09091072817773033	0.9783997880943628	0.12857255420490724
0.2768732956812023	0.08979823481560284	0.9816120008590892	0.12748720465970356
0.27763115542629524	0.08984872590571247	0.9848253420487786	0.12695649703651987
0.2783884412542575	0.09040931180773072	0.9880398136427353	0.1277362181170159
0.2791451540336719	0.08952686251709627	0.9912554176142735	0.12638256116372754
0.27990129463115115	0.08925377834501633	0.9944721559307423	0.1259197507761352
0.2806568639113434	0.09139421601784946	0.9976900305535467	0.1282510575141286
0.2814118627369385	0.09172365654739881	1.0009090434381704	0.12854739290279832
0.28216629196867377	0.09031704945890912	1.004129196534198	0.12700256566920584
0.28292015246533975	0.09001778275416228	1.007350491785338	0.12727322689008436
0.28367344508378645	0.09051439053884608	1.0105729311294438	0.1285649787239284
0.2844261706789288	0.0902744004075196	1.013796516498537	0.12861402144675427
0.2851783301037526	0.08881457453209861	1.0170212498188278	0.12792958972405963
0.2859299242093205	0.09011999930818722	1.0202471330107383	0.12900851056345583
0.28668095384477754	0.08985610927949177	1.023474167988923	0.12829761194938805
0.2874314198573569	0.09046045299845615	1.0267023566622915	0.12776527756804415
0.2881813230923857	0.09082088968669659	1.029931700934029	0.1276537039776521
0.28893070021413414	0.09150082193074165	1.033162357558034	0.1276420053956059
0.28967951621651955	0.09241315842685223	1.0363941736254452	0.12897491492259358
0.29042773617188566	0.09347320853567573	1.039626996054485	0.13053515269592952
0.2911753967120637	0.09392656418942805	1.042860981637825	0.13180768723808511
0.2919224986729362	0.09221082628941699	1.0460961322503501	0.12932112451971955
0.29266900706767013	0.09305672067362064	1.0493322949049346	0.13014677507127603
0.2934149942368346	0.09290110145255777	1.0525697814582213	0.13001785181664408
0.29416046109066835	0.09292335004129132	1.055808593600307	0.1298873490758137
0.294905372663567	0.09152462902058796	1.059048578271737	0.12812443362097697
0.2956497297821473	0.09277623977768262	1.0622897373197087	0.129841383841865
0.2963934977162681	0.09370589196001791	1.06553191716799	0.13089289776960317
0.29713671273788034	0.09400745300961107	1.06877527529642	0.1306331281723334
0.29787934029831237	0.09345324660130869	1.0720196577225236	0.12944638348872894
0.2986214522211995	0.09532695048657386	1.0752653773341523	0.131019009405908
0.2993630138217503	0.09681022487535568	1.0785122804198546	0.13283122305978293
0.30010406147047164	0.09643588375068175	1.0817605242120214	0.13248785518495815
0.30084452487131674	0.0961680281413047	1.0850097996838601	0.13258255419597034
0.30158444052227484	0.09662823699691224	1.0882602637721228	0.13355840428767912
0.3023238089713186	0.09640266103384633	1.0915119188450337	0.1340160791765682
0.30306259583899514	0.09578970236503408	1.0947646104799864	0.13345569368854276
0.30380087256975463	0.09612159924775826	1.0980186523263245	0.13359758417767112
0.30453860464946814	0.09666074091955651	1.101273890235788	0.13385443079915293
0.3052758282522589	0.09762387677452411	1.1045304818018495	0.13491505763973505
0.30601247343717325	0.0968834884300051	1.107788117164116	0.13383780480123267
0.3067486116937218	0.09694983305184217	1.111047109836386	0.1331151016682779
0.307484173181756	0.09747259409905243	1.1143071497187216	0.13406864001143792
0.30821919401616266	0.0965767607062054	1.1175683944983374	0.13291016279607973
0.308953674991143	0.09690562728172591	1.120830845926513	0.13364550755443874
0.30968761689914975	0.09722730761713771	1.1240945057493883	0.13364777935677347
0.3104210205308921	0.09820562736607706	1.1273593757079827	0.13552868037976595
0.31115388667534066	0.09760208833319997	1.130625457538214	0.13469055525568185
0.31188621611973283	0.09810037857434252	1.1338927529709157	0.13627641145272323
0.3126180096495774	0.09712991833051957	1.137161263731858	0.133949239720451
0.31334926804866037	0.0980286192147486	1.1404309915417643	0.1345301102955004
0.3140799920990492	0.09755826867642342	1.14370193811633	0.13304979309526074
0.31481018258109833	0.09701495808234115	1.1469741051662425	0.13242933212692223
0.31553984027345394	0.09805323925790989	1.1502474943971965	0.1330995054771631
0.316268965953059	0.09937219445574225	1.153522107509915	0.135731600188726
0.31699756039515853	0.10054222805477964	1.1567979462001654	0.13706050113663512
0.31772562437330376	0.10064868916579948	1.1600750121587793	0.13704061407759846
0.31845315865935797	0.10029336671197812	1.1633533070716684	0.13690473719886062
0.31918016402350075	0.09948621539594613	1.1666328326198443	0.13573391476129085
0.31990664123423324	0.09893092544926047	1.1699135904794353	0.13420536390710705
0.32063259105838293	0.09778788397273078	1.1731955823217044	0.13341755415111767
0.3213580142611084	0.09818507268079976	1.1764788098130665	0.1337675457886172
0.32208291160590424	0.10017081673460464	1.179763274615107	0.13524044280155462
0.32280728385460594	0.10049853218689651	1.1830489783845977	0.1361785390120272
0.3235311317673946	0.1000738454362435	1.1863359227735157	0.13597790387645906
0.3242544561028017	0.10012031471624395	1.1896241094290598	0.13676387513784416
0.32497729217216403	0.10078217817809307	1.1929136976826507	0.1372885551379379
0.32569957162182805	0.09901191401037508	1.1962043737940187	0.1353144515662276
0.32642132975985516	0.09968030142808477	1.1994962970851144	0.13476548453561318
0.327142601818045	0.10131192091504333	1.202789627052956	0.13660056903210355
0.32786331958711445	0.10191265384667916	1.2060840495835918	0.13582661583069233
0.3285835181714097	0.10083523263157734	1.2093797244646867	0.1347844842611057
