4.019201
3.203127
9.212579
20.131913
8.903365
8.472173
8.411094
8.588033
6.957494
8.387932
3.019050
7.318350
9.435560
7.940730
5.661451
4.700325
5.354921
5.903503
7.291688
3.850546
4.175104
4.365045
6.658297
6.672383
8.142417
14.296508
7.679137
6.918630
11.718984
6.330013
6.274149
5.062861
6.199756
6.071770
2.192775
5.411974
7.495922
5.719561
7.867935
6.129624
8.911679
7.821881
12.079805
11.936965
12.462495
11.383777
3.138952
4.387619
3.994184
6.311061
12.754990
3.644590
4.290575
6.327469
6.769348
5.008092
5.837729
8.111242
12.662977
11.117047
3.932737
9.538795
6.734828
3.440759
5.121234
22.663965
14.070481
15.233047
4.478641
6.332619
9.310666
4.928415
3.821278
4.329837
8.071220
8.243246
3.861712
8.984932
10.516703
5.581572
8.460350
18.438906
7.246217
4.052500
4.637881
17.072980
6.868933
6.026488
4.614793
9.457630
3.610129
3.211239
4.541379
3.372623
7.603603
4.964337
4.381617
5.280817
4.145131
6.428692
11.427510
15.747276
5.872042
10.795075
4.015821
9.591439
10.596090
8.908803
6.985353
5.356497
6.523767
8.170192
8.752733
13.685714
5.617850
4.893540
6.188131
6.576597
9.512153
12.732118
9.713091
5.486678
6.544162
5.673570
4.371526
8.353491
10.092596
15.583833
7.628100
8.835405
5.846785
5.669459
5.521824
9.498307
4.476171
4.429401
4.931143
5.506646
4.094668
7.819275
6.443096
3.635365
9.783785
10.298507
8.013765
4.395706
14.608607
11.334296
2.444193
4.462624
8.111980
7.513762
18.882680
7.228476
11.439931
8.354430
4.562082
12.675486
7.881395
5.639368
5.439400
10.026349
6.126746
5.915912
13.527396
11.178249
3.547791
3.127157
5.148373
8.324967
6.383435
7.872639
11.190786
7.874874
8.767876
7.709908
9.288570
8.779206
6.347137
6.057593
5.656795
7.804465
6.115191
4.901723
6.446338
14.824485
8.390956
4.013848
3.067013
3.222383
6.432952
4.753889
6.091499
6.538126
5.805237
12.092985
8.217595
5.652626
3.483902
4.148369
5.871974
3.664201
8.429457
8.919901
5.249974
5.564393
2.868459
14.628379
10.190771
4.565624
3.790471
8.989922
13.448843
7.544223
3.353927
4.922352
8.272305
9.725521
12.716179
5.050013
5.029170
5.517605
11.132746
5.814273
7.746834
13.739398
4.785666
3.001627
7.522778
3.238675
7.250336
5.150370
4.600521
4.237815
5.153079
3.124931
7.119874
7.856195
3.865647
3.895998
4.963562
3.922783
5.289480
4.528289
4.346563
4.250881
5.155233
5.309131
6.350580
6.064030
4.398477
13.797466
10.028125
7.294389
8.216650
11.985409
3.131353
7.484463
6.497102
3.723163
5.330503
4.562750
11.488220
9.704447
5.356409
4.859897
8.372203
5.858363
4.493778
7.946400
7.212737
4.934012
2.949400
13.150551
8.228104
6.357763
10.623263
6.273879
12.550037
11.792545
18.300323
5.830222
3.548337
5.638718
5.439007
4.098431
14.978247
14.574660
8.439875
15.833425
7.417266
3.727699
8.928088
5.105164
4.326266
9.542793
8.095682
3.154248
7.233545
4.009024
3.352228
3.912051
11.584008
9.777619
4.125680
6.008623
5.285544
14.302432
4.368469
7.869475
6.111644
9.108220
3.908618
7.032636
9.553076
11.937915
7.948979
7.883155
14.369508
5.665536
13.688088
4.728348
10.549861
6.341900
7.225955
3.828736
3.347161
5.584355
5.642328
4.029869
7.012365
5.722711
5.449071
8.911553
20.980349
3.570583
3.304919
3.417978
3.833104
4.536546
6.608495
12.612843
3.910431
3.837628
10.088903
13.072087
8.204267
5.611300
5.458391
6.201462
8.380256
14.950736
7.600825
7.575683
6.869139
6.060717
14.157213
5.451201
4.176189
4.681713
6.445032
7.909191
12.782910
6.739438
7.563198
10.262270
9.766299
6.769227
3.670743
12.004824
7.603345
16.843740
5.116916
3.289671
11.435591
5.544154
17.674147
5.500483
6.427153
4.154831
6.246527
7.316357
11.784737
4.872952
8.090949
11.645316
4.456704
5.096334
10.588436
5.883494
2.902040
3.361404
7.325219
8.669403
15.785043
10.704557
10.304263
4.932498
9.721954
7.258288
18.076277
7.855640
4.350106
4.290974
6.586436
5.707343
7.054687
8.143791
5.804991
3.772938
9.547655
7.759502
8.878969
4.204989
3.317883
7.835731
7.654907
10.213653
8.306772
6.876639
8.548350
3.389671
2.670148
5.384588
6.305395
4.483270
7.415288
9.247543
4.572107
7.403899
10.885193
7.515089
5.774599
12.948906
7.692828
5.257720
10.681161
2.673581
3.934922
3.532019
4.747330
12.596736
3.423288
5.434372
8.766400
7.776158
7.269372
5.495332
6.057681
7.559871
11.118212
10.808708
13.003113
4.981240
6.966498
9.815707
5.477193
6.488576
5.339004
2.986121
3.409004
5.018116
6.746855
17.604491
19.185310
5.480830
2.996185
5.505552
4.290668
2.681825
18.735713
6.734224
12.052196
7.270276
6.689990
15.959789
16.490495
5.342863
6.725222
11.229321
4.479308
4.651621
2.345617
4.639911
9.866292
9.345480
10.295852
6.235493
16.124949
15.073952
7.567215
7.010312
6.900133
4.079849
6.767551
4.126480
6.588998
4.522750
9.383217
5.805330
6.506806
7.101879
16.430241
9.593738
10.549257
7.851796
10.511659
9.751454
5.591154
8.869273
5.042665
8.582567
5.239755
3.711777
4.416504
2.993172
7.077623
8.528278
11.635923
4.220342
3.575029
4.474540
6.617997
8.778186
10.503406
4.045134
14.217658
11.601237
6.781137
6.304033
6.247543
5.560363
6.737762
7.979682
6.863523
5.188903
8.672779
7.431839
4.572235
4.417794
6.815625
7.310190
5.606058
4.713836
10.656656
3.808385
5.321207
6.245716
15.488934
7.597420
13.670461
7.194552
6.042351
18.240493
19.515439
11.864664
12.755567
8.163506
5.121971
5.941656
7.235815
12.116388
28.844148
10.134579
6.631906
11.048015
6.229267
7.797939
9.805406
6.394747
7.465652
7.477500
6.515342
4.337359
7.636702
9.230843
3.429863
8.344483
8.603158
6.789429
7.008563
8.417602
10.609270
9.679577
4.582435
6.295750
5.366647
7.426708
13.081676
5.994573
10.261912
10.203352
5.154777
5.624497
6.398953
7.136048
4.807034
8.669089
6.630750
11.882119
4.725374
4.724649
5.511220
11.707574
5.979109
6.322672
4.281353
6.329426
10.490991
8.153193
13.800575
6.070009
7.226474
4.321667
15.423875
3.309120
4.983245
24.957849
16.928561
4.613963
4.542265
10.103039
8.054754
6.526006
9.057474
3.944445
3.986288
3.587908
6.905591
6.673693
5.613401
4.075844
3.095347
5.651323
8.200862
5.264736
16.071460
4.207552
14.160641
2.928262
3.880259
7.766427
6.228513
8.317547
8.178927
9.546351
6.031992
7.272147
5.953307
4.392956
16.883332
9.064233
13.553722
17.077401
2.633614
6.808923
6.451034
5.079211
4.849265
11.588168
7.935729
8.120520
9.270347
9.191163
5.213438
12.173574
11.008949
3.845062
7.255998
11.646104
3.971116
7.703198
12.572281
8.203835
6.595045
6.239017
9.612066
11.033888
8.063917
7.810862
4.982206
4.525771
5.982056
8.354863
13.178332
5.697509
2.782204
4.802134
16.464693
6.531028
9.797100
5.339877
2.763936
13.116395
4.747039
4.073092
6.252051
3.868492
5.884223
7.550856
3.598287
4.582045
8.485053
5.590672
8.362787
11.023146
3.246825
3.539882
12.402041
5.979426
8.470612
8.719823
3.890566
3.630993
8.250650
6.520826
8.087028
11.408463
3.180684
3.682114
13.341396
5.986257
4.236987
8.854000
8.886144
7.484653
5.124239
7.637108
17.097052
9.910161
6.661904
7.194297
5.747990
7.494261
3.939057
4.351192
2.262364
4.493766
5.864693
4.209995
8.853203
9.363950
8.781286
4.461477
3.762138
12.539637
8.733751
4.895436
6.757978
8.759787
9.516013
5.550239
3.572832
4.621881
6.607392
5.560086
3.798772
5.026824
10.145054
5.906887
7.403431
6.362749
3.853672
6.143099
13.947432
10.589081
10.548100
6.323459
3.948068
8.361705
4.877688
7.430178
7.128670
2.342361
21.237199
4.257982
4.710763
3.624626
4.292853
9.164505
8.497825
5.791812
10.323058
5.653910
10.659543
6.554887
8.125805
6.160946
9.318122
6.317667
7.644875
12.666200
6.271065
9.184043
11.974888
6.817815
8.212765
5.741565
7.663628
5.858037
7.463293
10.030369
6.414347
3.839218
5.762093
12.141213
9.533274
10.056567
3.997393
5.394029
3.553525
3.638037
3.832649
10.058327
6.142814
5.076657
7.399076
12.396548
4.954011
10.982990
12.572014
14.217792
10.935547
5.590455
2.946361
6.672974
4.526757
3.854429
2.868022
8.127553
5.333776
7.662122
8.088833
4.816920
6.540745
6.073048
4.065864
5.366453
6.228156
5.889791
18.568105
10.571798
8.471162
15.752268
4.617099
6.280589
11.368879
20.143117
8.530929
11.677804
9.337450
5.693332
5.677928
8.400223
6.508561
4.802234
4.714777
4.230335
5.038978
3.413645
5.517083
3.037003
7.290970
11.460861
6.350014
6.055302
8.854168
5.795663
8.539134
5.765793
4.031794
14.570988
3.162991
6.220825
7.396484
9.678995
11.728460
9.051354
4.170446
3.760089
3.873596
12.010685
8.632249
9.294208
7.058080
6.212815
11.108980
13.523409
3.184890
4.256638
5.048064
5.118793
3.937112
4.542922
10.510738
9.815100
13.925831
4.134431
4.610713
10.084269
7.633594
6.503534
18.444565
9.649081
12.713946
7.288354
7.831213
5.303313
24.430550
6.802256
6.503271
9.070179
3.078065
3.622330
8.641209
5.937280
6.818571
11.190058
3.552454
4.806108
8.568697
6.007232
5.227945
17.672117
6.717986
6.979012
13.075753
6.335361
13.506570
4.691954
5.474302
5.822071
9.533245
6.081252
7.010354
7.486628
12.592829
7.928705
6.004642
8.545831
7.360617
8.226080
13.061887
11.371594
11.554131
12.638731
8.024407
7.226173
16.583790
3.617199
6.181587
9.166499
6.599838
5.517394
5.379765
11.485373
5.186072
6.359858
10.786551
9.047716
6.696956
10.531047
9.466218
5.636698
7.139836
7.388501
6.776614
5.747526
11.359571
4.449829
5.776442
5.592064
9.974333
28.654805
7.775789
7.847900
4.228671
4.798692
8.328788
13.853450
13.628951
6.037137
2.420661
3.452634
10.589760
5.481717
6.732669
9.949922
10.377434
10.569562
15.004515
5.518661
10.192798
5.616505
4.214198
7.102267
15.570414
12.020695
11.399510
19.575614
7.791672
5.036210
20.356488
14.746830
4.929572
8.599121
8.359131
9.439594
6.061490
6.464676
13.179775
14.194841
4.653675
5.284261
7.335659
6.138386
10.767590
7.006214
7.059245
22.717765
8.569472
6.048364
6.561291
17.779147
16.558787
5.618330
7.248803
7.341867
6.118390
4.602024
5.829831
10.774520
4.882467
6.636686
5.442420
6.643859
7.718701
5.208654
4.170366
4.422913
6.309921
6.933734
8.071451
2.621937
5.287236
5.806682
11.363768
3.756163
8.629850
7.136968
7.483399
5.295300
3.142930
3.739874
8.516067
5.950187
5.003947
4.055145
9.433830
7.366829
6.930494
3.146814
3.269295
5.555345
9.562589
4.882397
6.284681
4.617490
4.941355
4.660498
8.368985
9.617526
11.221753
7.141036
12.854471
5.931490
18.526879
7.694756
5.734593
6.683851
6.808036
7.086496
3.987154
3.899298
5.561050
4.692005
4.859098
10.804976
13.667615
6.269458
7.931103
4.207344
4.733438
3.360374
5.646551
2.690119
9.283932
5.458159
5.901175
2.784355
2.374949
10.573607
8.974975
7.807058
3.422932
8.062824
4.109714
7.808171
8.043945
2.731042
7.240081
6.330308
4.528553
3.660522
7.006049
9.229868
8.195776
7.577395
11.096808
13.769590
12.014564
3.277942
3.439226
11.863772
9.903576
15.014206
14.278093
8.483016
6.361424
10.631583
5.659546
3.324608
3.815178
6.062456
11.005712
6.058809
9.231538
15.368582
7.377631
7.799936
6.227480
4.618503
10.618421
4.069420
15.439945
7.376404
11.229646
6.185277
4.914089
5.562751
6.853492
9.469240
8.452181
10.427651
11.223791
5.290923
9.217043
6.640915
7.929145
8.673866
3.486525
5.556765
12.005355
8.158308
8.232081
8.604623
21.880141
11.419896
4.392684
5.587498
12.522799
3.066524
5.505097
4.801647
4.525333
4.129726
19.954807
9.522130
9.827668
6.145731
13.535927
6.157599
10.183207
3.991796
4.813542
4.500944
7.202942
8.037340
17.587993
8.542116
3.362511
3.741013
5.788198
3.257151
3.004209
4.462393
6.235918
5.586048
9.684020
4.247686
12.973472
5.782912
5.338488
9.497660
5.362068
3.647381
6.784752
12.456573
9.114264
9.065914
2.544214
6.115005
2.373961
2.696894
3.559741
4.162592
5.869462
12.078313
10.288943
7.701541
6.360434
6.597667
5.176971
3.707736
3.527545
6.258557
8.688927
3.906307
3.687993
5.033979
3.814633
4.693280
10.191616
7.156846
8.991233
6.984674
9.988958
7.137363
6.767741
4.321222
5.827097
9.816311
6.451121
13.097611
6.472892
5.379250
3.620197
13.660314
10.634119
7.157584
6.091885
7.272613
4.965884
7.906962
5.019892
5.792924
5.099771
5.885431
10.950434
10.116715
11.273842
8.766884
5.901346
10.927049
3.102875
9.646781
7.543246
9.767291
10.737683
5.970592
9.806177
8.575465
4.708077
5.391591
6.564341
13.105820
2.899461
10.784933
15.834528
5.761971
8.638487
6.304442
4.927069
5.499239
9.862453
4.654956
12.321678
13.044279
9.474438
12.079074
12.226713
4.917134
6.683041
7.745733
7.386510
7.523631
7.476124
9.590283
5.064550
3.449049
6.439251
5.165729
4.061844
11.352554
8.800693
14.049559
5.306460
6.552531
5.290468
6.947348
10.527828
6.739591
8.383701
11.479821
3.553378
8.891912
6.137245
9.273578
10.609197
5.568996
5.694765
4.905513
10.333995
8.256397
7.933971
7.176266
8.716713
5.423545
3.855863
4.264542
6.385716
5.943877
8.098679
10.329027
12.903996
6.057265
4.146564
8.592217
3.656711
4.412729
7.252779
2.737627
4.563200
5.038729
8.087810
4.030195
9.489038
20.278982
9.540238
5.221800
11.945864
4.250561
5.644279
10.702149
5.857005
3.993259
7.535121
5.890375
7.815283
4.735986
8.735086
4.529713
5.032148
4.372026
5.386226
4.924916
6.147885
5.800637
5.550928
4.873821
3.294971
5.178749
7.966718
7.003653
5.594482
5.989367
4.025465
3.576565
3.436175
5.289248
8.558654
5.794896
7.898056
5.092474
14.320570
9.864299
7.643521
3.687679
5.109304
5.012038
7.949468
6.844753
5.071518
8.297553
7.088184
6.958808
25.380131
9.525589
10.094472
13.723026
9.796008
12.748019
6.589724
6.397740
5.714178
9.459766
8.695176
5.830912
9.682383
6.989312
9.855043
4.711344
8.551606
13.439774
4.654214
5.776901
5.846777
7.841628
7.250803
7.448016
4.634092
5.539805
7.924037
2.999445
6.416706
6.438826
9.285172
6.514560
9.335763
16.735678
9.991927
8.150942
7.154756
4.312780
12.489953
10.113194
3.093840
2.997188
5.351893
13.351222
9.054111
17.202507
5.089299
10.948149
3.405624
5.041071
6.071731
5.836820
15.934079
7.065125
7.647682
6.546851
9.646385
4.856973
7.464331
8.038767
4.178504
5.991602
5.083764
7.972182
3.640989
3.173441
14.709951
3.016228
6.167447
5.486447
4.860606
4.074631
2.999253
4.558412
5.191475
2.930006
9.101805
6.762363
3.438399
5.427508
5.071224
8.335774
5.227327
6.993569
5.304578
10.874177
8.612464
14.235139
4.778340
3.259849
6.465736
5.470146
11.943796
10.934853
10.343241
7.452780
8.953658
6.631660
9.914704
11.197042
4.455351
6.056602
5.545352
6.437106
7.010395
7.891197
6.358843
8.264872
3.992436
4.109933
9.038689
7.379882
6.044143
12.856575
8.819133
9.850377
6.939732
4.760308
5.133482
8.006134
5.949610
7.308416
4.264595
5.224808
4.763438
8.491989
11.035137
5.156896
4.214845
6.491171
8.675368
11.931343
11.355135
6.170569
5.196073
2.349499
6.876101
4.104879
6.489616
11.753923
10.122724
3.181609
3.931836
7.873308
5.570208
14.440328
4.774020
3.073444
3.606410
14.428141
13.907066
10.274443
9.184164
3.439404
9.000437
4.911919
5.236948
10.218536
6.250312
14.030672
9.108386
3.287378
3.975899
4.828116
3.764038
3.470937
3.893193
2.442882
3.709572
13.949570
10.151751
8.296920
3.006521
3.925018
2.744423
4.654378
6.512333
6.945214
6.053473
4.855626
5.754828
10.671083
12.832413
12.596608
5.484321
11.771261
7.710917
12.946000
8.235133
5.990790
5.377634
4.711535
9.320692
7.190070
14.243965
10.552577
7.246458
7.063255
5.467816
5.455141
13.591939
4.855201
7.353961
19.794692
7.807135
13.349381
4.570418
15.572532
6.063576
4.346488
4.246693
3.996687
8.772962
3.945452
8.287358
9.011718
3.605672
12.966568
6.853577
3.651960
14.863011
16.354623
3.785831
3.498890
4.716745
17.060476
9.951335
10.533928
9.908542
10.113872
14.350990
6.877920
4.560033
5.632955
5.398204
3.574852
6.109345
5.005363
12.353647
6.214854
5.737201
11.252817
9.835949
4.042696
4.953707
8.241636
16.912914
9.206495
7.825081
6.110312
5.562965
4.967911
5.685424
3.658367
6.427770
9.618919
4.135341
7.522796
13.928629
9.223701
4.047057
9.008539
4.783839
4.287347
18.241771
4.849502
7.311013
6.409717
8.112993
5.918251
12.888585
3.025658
2.577658
11.688739
3.264170
2.306078
3.067078
3.462334
8.895461
13.649024
4.942560
5.172408
6.050453
7.414007
9.285543
10.304629
4.786597
6.373357
8.176638
4.452199
8.041443
12.023068
11.291488
3.641335
7.354414
4.342762
4.200890
9.671856
10.843237
6.258807
11.468130
7.505457
14.403418
15.668221
6.305622
5.226154
2.743269
4.255972
5.010277
6.667693
4.606850
8.474360
8.640271
4.166894
4.212717
9.808200
6.382110
5.560165
10.039311
16.709023
3.549873
8.911221
6.548421
7.828290
11.321572
3.646777
5.227512
10.101709
4.567375
5.014048
3.337822
6.585189
3.507460
7.735546
19.926591
5.540474
6.528123
11.938389
5.623017
8.596413
3.877059
5.296944
7.511088
5.955015
8.728643
8.099713
7.390527
11.948109
3.568011
4.773659
6.769130
6.006650
11.374250
7.434088
5.151623
12.788362
8.618349
8.817764
7.498682
6.396708
9.670873
5.427996
6.811376
6.544880
6.988154
4.585188
8.943749
4.520640
6.913121
7.036118
5.353747
4.653702
3.442008
6.066436
6.550746
7.222807
7.947089
9.518791
10.107351
6.680892
2.482096
3.106556
16.137046
8.921404
9.561396
6.515701
8.048156
8.664629
6.109800
7.037559
6.395875
5.000259
4.850290
5.966114
3.294022
4.666992
18.154856
4.747225
5.696562
4.380373
4.067294
6.806891
4.542831
6.354599
10.028099
6.901646
15.358670
5.237328
8.186102
10.605561
12.768370
7.604479
3.852102
9.477181
8.302210
6.794759
8.789675
3.115476
10.646546
4.763545
6.065315
7.630676
7.387033
5.830461
5.110145
6.914904
7.188135
9.136150
6.077317
4.665233
4.260847
9.764672
11.710190
7.035540
4.669256
7.681820
5.199566
5.465983
13.158737
4.590248
4.390881
2.996700
7.480614
4.673565
4.482702
5.826028
4.562591
8.434608
17.774617
5.147029
11.242247
5.717576
3.667569
4.438998
4.320480
5.164104
3.436823
7.681507
5.750884
7.905301
8.844003
7.927191
4.790723
6.503708
11.024195
15.874494
6.650353
6.482407
4.686410
4.253073
4.130119
4.754105
5.638194
5.245755
6.738282
12.155483
7.284657
4.437052
4.522263
15.303573
7.750622
6.144799
8.496855
13.744972
11.402120
5.032973
3.069392
5.290593
4.774310
10.776774
3.663611
6.426230
10.651112
6.590156
5.808703
5.549080
7.462627
7.587035
4.358569
3.883453
4.415673
4.500758
5.747506
6.984919
3.610030
3.961990
6.280321
8.709713
5.177193
13.558331
6.448574
7.740475
5.990104
6.287400
6.459910
8.089310
7.354929
10.530758
5.599592
4.621972
3.428486
11.652369
4.902789
2.759572
5.451545
7.991960
5.585482
5.544010
7.488340
2.639702
3.544182
8.139447
9.823151
9.246657
10.326713
5.601945
4.769611
5.802940
4.203426
4.377867
12.342147
8.515139
8.339073
5.110472
4.184418
10.045287
10.983976
9.576799
9.878585
5.395713
5.435296
9.116117
7.199707
4.450717
4.242371
15.344683
19.503288
6.023992
9.411624
6.766967
5.034133
3.472419
7.197766
6.077426
6.095859
26.597200
4.051402
6.179337
8.585629
6.393297
13.243541
5.487760
6.857557
8.744576
7.691542
9.599949
12.080239
5.738001
7.659671
5.327869
10.855730
5.058367
20.889257
8.320656
5.143219
10.864842
18.073319
12.810489
12.255664
9.691809
14.007990
7.631076
4.900706
9.591450
3.009724
4.656999
15.437928
13.173757
9.387274
4.137174
3.762044
4.357380
6.135700
4.032300
5.206601
8.261854
5.564166
5.702170
9.045188
3.634353
6.679662
11.335351
4.967681
5.314875
6.688626
4.497992
9.344145
16.942081
8.385161
8.810101
8.652608
4.169786
6.145780
5.171713
10.364474
7.009678
19.501947
6.651586
4.614330
8.174964
7.645641
5.378187
7.242300
9.095203
8.615886
7.689169
12.459030
7.474243
7.158904
9.603992
12.134500
11.108942
3.906554
5.437090
11.058899
6.128332
7.217701
5.292060
2.942542
4.452478
7.868430
24.905629
8.131671
4.106657
5.517064
2.380539
3.868783
12.996604
5.493110
7.126304
9.226209
11.134571
14.674362
4.880062
3.686466
4.132879
4.782964
3.642695
6.328348
7.903777
5.598403
6.261409
11.026282
9.779530
8.179968
5.081641
14.015029
6.134203
2.261176
3.671730
6.332805
5.886461
3.608756
2.964570
5.027280
4.730858
9.082060
10.106664
4.383868
8.000256
2.758662
5.448948
4.517205
7.635753
18.621580
9.455529
11.812818
4.433832
5.298240
13.588190
8.813787
6.441337
4.744103
16.642024
7.548230
9.609667
7.979407
11.188397
4.489198
5.712554
4.293135
6.745289
9.796269
10.105818
8.858900
6.948116
6.245478
3.002158
4.468735
18.321475
8.509800
7.049436
4.832059
4.866677
5.825247
7.913367
11.578676
7.161098
3.091184
6.379111
7.393099
5.993655
4.348584
13.199424
9.201036
13.368302
12.454273
6.101528
5.545923
3.732083
7.068309
9.252327
15.417681
5.173218
11.268133
6.449549
5.009503
8.178788
11.133106
6.949757
5.816157
8.885421
2.900620
7.373847
4.761361
6.157749
9.818890
6.847169
6.972361
4.138562
11.861031
6.123433
3.787231
10.406691
13.512634
8.883688
5.464243
8.112747
4.322492
5.141137
6.214740
4.377493
7.423828
7.533088
9.897348
9.175455
4.300120
10.080951
5.461704
8.511119
5.946707
18.990631
9.083008
4.117938
6.753545
4.090963
6.185317
6.746923
8.880650
5.316511
4.091673
3.473270
6.743231
6.325054
8.917431
4.972114
3.549277
5.148983
7.314320
11.392317
9.207043
9.688229
7.754964
11.624987
7.692111
6.927448
6.190007
9.789417
5.556509
8.783398
4.652046
2.918543
13.200406
5.775681
3.206030
8.185019
7.456627
4.103153
6.515533
6.813179
11.208870
4.052975
13.335529
6.409403
5.315622
3.670658
7.414135
5.294534
4.951727
3.640599
7.629066
6.551101
8.374970
6.752147
4.428025
9.515910
14.369758
5.364107
8.020229
5.014157
5.907022
8.670739
9.825326
7.740321
5.200971
4.138258
6.463761
5.068221
5.855436
6.818996
7.657248
4.883013
5.730813
15.809121
4.064608
8.380173
3.383259
5.954707
6.765871
10.289406
7.540768
7.527006
6.535623
6.265004
10.103735
7.567317
14.443440
8.185365
2.334458
3.535608
10.694385
3.097633
4.313623
11.952586
12.193704
8.836008
5.107459
3.531979
5.092159
13.958282
6.106441
9.635509
4.639774
4.282074
11.626117
14.989841
5.087726
9.550664
9.388249
14.590718
6.772924
15.198112
4.376634
8.972999
6.416005
3.612557
3.737542
10.685231
5.284936
6.664717
3.727195
7.450740
4.936656
8.126720
5.352865
7.183245
3.384952
15.050468
12.547106
7.622900
7.658005
5.432398
5.399625
5.684350
2.963912
20.387771
3.286577
4.827684
4.954891
7.016154
5.339874
3.626315
7.418639
15.916957
5.433824
17.799058
12.685806
8.706171
5.088519
6.660066
4.430474
3.722999
5.693940
6.436424
3.410654
6.409723
7.092097
9.081792
6.577026
10.077456
18.844350
4.789329
4.539563
5.175088
8.026796
10.757385
7.245294
8.026548
5.734073
8.108439
8.877482
5.561878
9.926050
7.240953
5.023497
7.650026
6.009192
13.450805
3.424162
6.199522
10.743770
15.188409
4.495340
9.963551
8.607380
4.225829
4.453359
6.716860
4.178134
3.478215
4.940769
2.414218
11.153090
10.679685
8.784658
6.130491
4.003824
13.533594
10.194341
12.655154
4.638164
3.946596
4.250129
3.166281
5.323769
1.839732
2.919588
4.471567
9.769247
3.187114
3.722067
5.667062
5.566350
6.767572
6.367035
6.560688
12.262739
4.730581
5.169809
8.636562
7.896566
6.004885
5.829601
7.043600
6.130217
5.955738
5.157289
6.687903
5.844730
3.197982
7.299707
10.157617
6.328509
13.915287
4.770805
6.641658
7.046853
12.165351
9.027320
9.546583
6.184235
9.333549
5.162945
5.132005
4.668730
6.110635
5.476915
3.321243
12.371456
5.517487
7.008584
8.281402
4.271143
3.916518
4.945644
11.404181
6.210025
5.957533
7.130951
17.484515
3.929140
3.269607
5.161911
4.155383
3.906263
4.865531
6.892175
32.693990
4.000491
7.494967
7.822113
4.544098
5.016098
4.233536
5.712649
4.692192
16.847331
4.349564
2.551530
7.216976
4.505052
3.953394
9.046787
13.101188
11.803419
6.700434
3.445614
9.890361
18.721815
6.564351
6.653472
3.993034
7.570625
5.131164
13.439505
18.057813
7.757845
6.944498
13.522037
6.395331
15.783074
13.455330
8.178886
6.188394
5.132160
10.191757
5.528032
6.498998
3.718333
8.454947
6.167433
9.841290
2.818923
3.596119
8.606351
5.398757
9.683465
8.641684
5.675084
4.620961
6.154646
4.975396
6.473683
5.356564
5.169944
4.784405
6.264572
6.285964
12.594255
7.048761
4.872582
6.580139
11.491540
2.849173
8.298643
10.524292
13.959814
7.694097
13.388318
5.508449
8.119904
4.215769
3.230809
3.351142
5.932402
8.878720
11.156250
4.959574
9.831748
9.177198
4.877898
10.004182
16.604520
8.167913
6.131544
7.214462
13.099395
5.297687
8.380451
6.348020
4.531282
8.596030
3.846880
4.338997
10.396042
12.418538
10.576426
8.562483
3.410732
4.142797
8.700325
4.195411
6.051117
3.884422
4.162091
11.331845
4.289439
8.079469
9.539015
9.773828
5.729982
8.503117
11.725650
5.809402
12.011733
9.209684
10.460561
4.659274
6.596785
6.841778
9.946337
11.684260
7.375521
7.943802
4.822734
7.656347
5.522877
10.055451
15.759328
6.852641
9.026255
4.683305
3.597737
4.212635
4.840836
4.882781
5.451322
9.226831
6.713805
6.645109
5.999278
9.983260
9.738810
7.869352
3.740845
5.499644
3.905357
9.714547
9.111752
5.123143
4.182724
4.696590
6.598771
6.128494
5.527370
4.948334
5.249655
12.044052
3.805853
3.611987
16.572900
6.190321
8.535081
5.144077
4.498374
2.486493
4.336843
2.348401
3.463123
2.881447
4.321075
7.710506
15.220350
8.051190
7.288857
8.958358
8.144343
5.663109
14.246964
5.347559
5.324630
8.147022
8.341731
4.261997
9.692226
17.732225
13.114436
4.108741
6.224950
5.310100
3.344589
4.372659
20.564519
5.352025
8.590911
4.875157
4.328928
5.331294
2.204367
5.342084
18.663921
4.466990
4.113755
5.488573
12.178113
13.715989
8.356533
3.915303
3.730397
6.147373
7.630419
22.522113
5.780154
5.517467
8.607270
8.738238
6.408090
14.693770
15.818075
6.162939
9.652748
4.276039
5.731856
6.005652
6.008252
6.739298
10.449358
4.169730
5.351937
3.958994
3.101007
4.802994
7.778320
4.563107
7.939530
8.089494
8.429952
3.421574
14.611936
4.811930
4.116215
8.909867
9.284896
6.984315
7.015725
7.124635
9.047730
4.685680
4.688220
6.477207
13.238292
7.643544
11.707175
5.182208
8.390605
5.087520
4.463911
3.706436
4.397350
10.678971
3.405553
3.465106
15.519721
11.153050
5.669186
11.500765
5.559768
6.175808
5.332591
3.478818
7.921536
4.854238
13.119512
12.237549
2.816448
3.086622
8.637516
11.528016
4.233831
8.236806
6.144747
3.840833
10.873563
5.205128
6.348739
6.156021
14.099633
6.022092
4.328772
4.568883
3.128297
4.092172
4.516524
28.371734
8.396247
3.938987
2.518183
5.495389
9.298242
5.380026
2.909782
8.414504
5.346563
3.568270
5.452274
16.435293
8.134179
3.157094
3.425878
9.408221
4.889495
7.008491
5.061998
3.048224
3.583564
10.008181
9.707388
4.779495
3.712933
7.253051
3.448427
4.314675
6.613889
4.532238
4.604000
3.974693
8.195038
7.815503
12.274835
4.758947
8.753788
4.249436
3.998740
5.008523
7.625816
2.926951
7.304874
6.583434
5.910575
6.006015
9.994628
6.999883
6.754773
3.198370
2.881896
5.009506
4.699935
4.936734
4.677884
13.418983
4.820453
5.305480
10.835582
6.526004
9.033838
9.276794
6.078498
3.742478
6.203430
6.470696
3.601773
5.360381
7.826357
5.153348
5.140317
11.192906
8.548208
6.182191
6.391145
5.320676
12.801076
6.691492
9.914002
5.098386
7.214458
9.672054
4.669878
6.620605
5.990213
6.438063
20.434059
5.105422
10.883939
4.429516
9.203569
7.843683
11.733530
2.606703
5.357981
10.879894
6.164175
6.529004
3.636872
9.061269
6.857172
9.701118
3.476359
7.216265
6.017277
4.376630
2.728008
8.674862
6.600831
8.943903
4.175198
4.454088
8.168121
6.687187
4.287196
16.080740
5.075523
5.947574
6.935906
8.318779
3.758076
3.120187
4.984257
5.297295
8.548497
4.383636
6.984310
8.197518
3.924888
4.781951
6.731614
3.315949
6.519885
7.940763
6.241783
8.877742
4.467544
19.975713
4.706261
5.352653
5.190178
6.674090
12.083575
4.828313
8.714841
6.046823
6.542549
3.604543
7.870942
9.024633
9.153189
7.193107
5.276136
4.299090
4.886913
6.992803
6.589426
4.236203
6.105992
6.293288
4.067795
4.354038
11.763731
9.111187
7.760333
3.387079
2.680816
7.747691
5.989505
4.310026
13.445178
7.530437
6.729130
5.318183
6.986761
3.273707
5.462190
13.456322
6.174028
3.982151
10.842769
9.408208
5.121726
7.026339
9.340095
6.278492
11.796539
3.547032
11.905422
6.101393
18.065537
12.943033
6.240213
3.315223
4.257766
8.294632
8.395603
14.610825
4.225583
5.681804
7.704652
4.154905
11.449989
6.273161
3.866407
13.064382
6.409945
11.373648
7.066960
10.020280
7.683965
13.286904
10.248698
3.836944
11.892524
3.488446
2.848099
4.380615
6.983278
4.554014
5.442716
9.957126
7.737917
4.261527
7.172194
17.010498
10.429772
4.577235
2.846876
11.716397
2.992052
4.806195
11.358490
4.875459
4.733126
3.824990
3.724336
6.315715
9.056704
5.977476
4.881902
5.662868
8.323907
5.802824
10.192594
5.431461
10.502594
5.073910
7.400539
5.648721
6.763756
6.978386
5.928170
7.348366
8.656188
3.877354
2.726235
5.242784
10.160738
8.994342
5.178388
6.046764
4.602684
5.053777
9.405903
7.472975
10.083585
5.269042
5.357243
7.652217
8.262233
7.055601
7.016181
6.744595
3.430509
9.627762
7.229351
8.577489
6.378321
2.844118
3.804219
12.279185
5.914441
4.299939
7.727814
5.159529
4.892040
8.865850
5.228517
7.275125
4.386598
6.505160
5.706941
4.870582
13.958783
5.205560
3.567108
6.143953
12.429074
3.930406
8.356085
10.094041
9.760092
12.856514
10.306013
13.811141
6.235773
22.573855
7.300785
4.965848
7.405236
11.908755
10.230713
3.733737
8.770384
6.476880
5.307779
2.947958
13.450567
6.663060
7.885168
7.561730
3.537240
5.829818
4.351505
7.120981
11.890063
5.547216
6.272372
5.922756
8.014990
11.644179
7.076340
8.634151
6.500653
6.874245
9.100381
4.679988
8.337803
13.557083
5.068921
4.002240
7.947013
4.876731
5.963630
4.392129
3.805457
14.611484
9.201152
10.165207
8.386816
3.572552
6.236125
5.462881
11.094410
4.610860
5.389323
3.742080
7.873371
10.660731
5.313901
10.413586
3.462512
5.309280
4.196368
5.611028
7.703205
12.446747
6.020024
4.812060
5.713774
9.715581
6.195944
12.463702
7.993669
3.051853
6.530464
10.170187
9.899179
5.979897
4.845638
5.693483
3.116308
4.071799
9.813568
12.700298
11.449817
5.449918
9.729938
5.285308
4.460223
4.827596
9.136222
5.515682
14.481457
17.464113
8.778029
4.580049
3.858133
4.460477
10.404659
12.223964
4.755174
9.167182
10.815765
17.948361
12.783441
7.105720
9.969133
7.084860
5.069880
5.276918
14.294605
5.704117
6.459748
8.194028
11.344086
6.538504
9.619648
6.938699
9.424673
3.776728
4.936163
6.252954
7.179476
9.598970
7.547585
8.838034
9.682693
11.327813
7.684174
4.662655
4.037553
6.461779
8.993003
4.384402
10.684579
6.825338
9.109689
21.086442
7.738645
7.238936
7.352892
8.618013
8.688198
5.881593
7.839068
4.460688
9.525152
8.659580
4.244407
9.653873
9.638317
21.103693
16.353232
3.394005
5.277760
6.857896
8.155659
4.765674
15.049519
4.044619
4.632320
9.244056
5.548856
7.187480
9.326673
5.006322
4.425614
13.352323
3.590272
4.647605
5.547265
16.528886
2.761972
5.698345
5.558369
5.198129
7.568779
5.542659
3.787694
5.592092
5.673224
8.026237
5.140469
7.064018
13.186922
9.584855
5.017178
22.743352
5.381641
4.475488
11.968698
8.293121
5.032213
6.093836
5.611160
15.581480
8.448977
17.799754
3.275422
5.768343
7.270129
4.411182
6.928006
6.647067
11.030888
7.194050
4.765972
6.092032
4.740673
9.471945
7.223426
3.449501
3.696609
5.617572
6.497694
4.362091
13.096842
8.590473
5.170170
10.852018
6.881764
12.809246
9.205337
8.347423
7.539611
7.538477
7.863665
5.576328
4.052561
4.678214
17.247812
9.445682
20.515210
10.800039
15.238483
6.778459
6.052889
10.556856
8.942635
4.371184
3.515724
8.127554
8.544179
3.578348
3.097540
7.623838
6.950445
4.506906
7.683957
4.790285
6.596037
11.943436
8.210830
4.979797
9.313231
7.602943
7.715398
10.959715
9.517395
3.378261
8.474352
5.989976
17.033040
5.982456
6.354259
6.580283
10.386792
10.065488
7.880111
10.520661
5.664652
3.758025
5.862146
4.854203
2.418988
11.108035
15.661742
14.512442
2.952459
8.976014
4.979105
7.157795
13.589232
16.441687
8.519660
6.614079
2.489130
3.213898
4.654157
3.987233
8.179991
7.355212
6.798667
10.703253
4.593852
2.160432
11.246190
7.162644
3.540571
6.824642
6.588732
3.826894
4.515305
11.018771
7.393717
5.904150
4.993229
11.308115
9.635011
5.822290
5.763568
5.966591
3.982676
12.572519
6.750521
14.319612
8.047581
12.716849
5.227921
4.905839
6.152419
7.068354
3.986176
9.526155
7.572745
9.144711
6.337381
5.337217
7.419007
5.307413
10.926770
6.472490
14.611146
5.119980
8.797305
8.340065
3.582413
12.270526
14.080713
11.504371
13.723391
9.399296
3.287699
8.973696
8.953753
3.985376
9.775572
5.065878
10.463893
7.645166
8.124822
6.376986
4.296745
7.421183
6.656904
6.782478
13.990119
15.641211
10.771561
6.753631
5.964669
3.587315
3.581468
10.671301
12.354485
5.923340
13.850877
8.635778
11.628328
3.419416
5.081646
5.303979
6.914677
5.146010
7.328287
5.897993
5.054489
4.074865
7.668564
3.707686
16.445888
14.028777
8.753285
5.993539
6.114446
4.485264
14.607923
8.917269
11.415782
5.184290
3.471335
11.404240
9.589823
8.201063
4.138228
3.779944
7.962786
17.352994
4.965214
6.906697
2.614848
2.737225
12.955245
3.971877
5.380126
6.002155
5.684108
11.189191
6.984094
5.449681
10.373909
3.671742
2.138722
6.854828
4.434466
4.980429
10.694864
8.032797
9.255148
22.008428
5.016672
4.206282
10.014566
5.546520
4.666451
6.643329
9.772707
8.116818
6.314591
7.775709
6.638998
4.520041
5.992952
5.654421
7.194489
16.463222
10.707546
6.952619
4.666611
2.875740
8.686912
8.626905
6.467103
3.788959
14.200624
5.211671
6.317449
3.709028
17.993629
3.118479
4.049608
7.672505
5.869433
4.398811
7.720334
4.390906
6.713303
5.231732
8.288605
7.709787
7.609516
7.982661
4.541353
3.638822
3.314658
7.857373
3.878179
6.093748
2.444612
6.862299
7.524130
8.252806
5.563966
8.937603
2.117208
5.165721
5.246310
9.608732
2.194955
5.760049
5.061016
5.015901
5.762235
3.102017
4.443660
2.233055
3.006820
11.601633
8.667944
5.293047
16.140188
11.958600
7.906689
4.478769
6.383496
4.015257
2.705903
4.897869
7.911553
8.651602
3.846995
3.336187
4.029801
3.824608
3.479969
4.254740
5.942462
7.198807
14.716995
5.639951
5.696025
5.753352
10.659018
7.389831
12.289386
9.402433
9.819234
3.688186
6.127456
10.549536
8.534826
11.109460
5.131853
4.635763
5.028940
7.913386
9.913808
8.252685
4.348122
5.482226
7.804228
4.879078
18.639876
3.014385
3.917749
8.856319
4.202312
4.675325
7.062449
7.028639
6.306502
11.874347
14.037639
23.438513
7.807186
7.428454
4.740965
8.787913
10.853577
6.156369
2.799488
8.950767
7.260166
6.538751
7.638757
6.397010
6.299636
6.112412
7.948015
12.699500
9.509636
3.789340
4.118380
5.613184
3.884188
6.496542
8.752910
10.348165
9.284020
13.447360
12.720294
6.357363
4.921623
12.396440
7.408672
5.466865
7.988422
11.124511
10.246397
13.822162
8.106001
7.221604
3.788464
5.423349
8.158819
7.868813
9.486968
4.390502
10.555465
4.450503
9.831416
5.164105
3.761335
14.380544
5.343484
3.901623
8.291852
8.570843
10.171096
9.197039
5.041540
6.366293
9.402160
10.519430
4.799113
21.009644
3.236466
4.342747
12.216234
11.267607
11.362900
7.446085
10.924109
3.848050
4.836533
20.977208
8.962607
4.862428
4.549655
11.990748
5.043097
11.742309
8.076487
10.194392
5.918026
6.992055
4.620925
4.374085
4.785720
5.991509
9.306829
12.750209
12.414836
8.165565
3.858251
3.768037
5.562571
10.675467
6.529199
10.637139
2.860294
7.026756
9.695226
4.684910
4.611798
4.974742
7.727226
4.603294
4.554486
14.861147
10.290627
6.371745
6.561388
4.131723
7.473855
5.111882
11.355293
4.205710
3.914903
5.517271
8.452267
3.491199
5.884466
5.661812
8.562444
7.961951
4.205726
8.295011
9.186427
8.379129
9.760960
5.142368
2.712356
4.783181
15.768465
19.674111
4.640941
3.446022
7.054711
9.243410
6.414121
11.366092
3.644886
4.665838
13.400316
4.390309
5.126671
8.989073
5.507094
7.233530
5.829842
5.249041
4.953295
7.506811
6.353074
3.764737
3.186278
7.316638
5.251417
12.477295
10.315866
6.469683
3.759872
6.922076
7.788934
7.627407
2.217264
10.941414
8.522751
7.241859
6.661423
4.524203
9.340826
6.090943
6.877170
3.477917
5.720595
5.198540
5.462568
8.593731
4.166052
5.876789
8.321110
16.505193
6.865507
4.947126
7.169697
7.829757
4.052918
8.458739
10.393345
5.658092
3.952120
2.810970
4.703106
3.111874
4.996008
4.725495
8.856423
4.481926
8.624893
10.643385
2.993395
5.484253
10.933983
4.496731
4.018555
6.798259
2.768233
3.077890
4.453705
4.181352
6.034554
3.966499
4.384252
2.456922
9.121763
3.402156
3.950958
10.717073
3.432031
6.695605
6.541814
9.670800
4.048071
4.268873
3.642414
14.098016
8.094057
4.311861
6.602690
4.551241
5.915958
5.523805
10.362091
5.145550
5.899924
10.771372
5.824407
4.264497
6.439953
6.207947
5.415979
4.711494
9.832183
8.571566
10.738797
8.061282
4.338732
6.434055
8.221369
10.442845
7.675646
3.744801
5.982535
5.987651
4.345277
4.895308
5.114048
6.012898
6.938499
7.755113
7.897124
4.574082
4.787543
7.893519
11.309363
10.779540
12.668780
5.201493
11.403727
6.787106
7.736705
4.067840
5.694438
2.500107
4.064251
3.273531
13.444354
8.211864
5.593538
9.753032
4.577423
5.592413
11.672622
6.985490
7.676836
7.520488
5.028200
6.745476
4.258373
10.463071
5.292654
17.574168
3.671448
3.421264
2.958284
6.338524
8.760069
8.330673
7.209310
6.339961
16.337471
6.291132
7.743672
9.975909
3.789753
6.302489
2.270976
1.899142
8.957842
4.731492
4.682648
7.645917
5.121493
6.283943
5.933362
4.531206
3.851128
3.859577
5.624761
12.023842
7.869129
14.255149
7.358802
4.274730
6.020576
9.171391
10.932039
8.763422
14.221404
2.001139
4.451736
6.296977
8.892083
13.084094
11.886540
15.173713
4.478791
7.167957
7.527725
4.207999
9.515495
7.808185
4.528494
12.831375
7.854394
9.958124
4.529007
3.747599
6.312687
9.005201
13.964773
9.191572
5.567331
9.715688
10.586415
3.789694
2.841866
4.139152
7.391837
11.262881
7.687946
7.809066
5.898887
5.037335
5.149502
3.441863
8.545723
5.770365
5.224443
11.793362
6.076256
11.047758
4.529202
7.653971
2.600335
8.142365
5.011201
7.740343
3.148742
5.037157
5.503990
4.691265
5.125607
11.631046
6.563276
5.508665
23.061777
10.388065
6.658282
5.576461
3.836734
7.491499
17.000685
16.083226
6.816965
12.484322
9.234566
11.693951
6.697691
8.044484
3.240720
3.041900
5.713073
12.182327
4.477650
4.697910
11.483649
5.780366
4.052048
5.753210
7.253232
7.347517
8.760028
6.141339
5.124122
5.636050
3.475999
5.210378
8.817456
5.266296
5.531762
5.215443
7.957225
9.026948
9.560578
8.421156
11.537310
5.947717
5.747222
11.685050
7.102537
6.593067
4.620945
7.884192
3.512230
10.528755
9.797084
5.761142
10.476973
3.352779
14.026355
6.701547
3.211605
2.777987
5.427623
4.456805
4.423999
3.844485
7.785900
9.855535
13.980662
12.576905
11.610726
17.749588
3.033664
8.151589
4.092989
6.020542
8.512485
5.726399
10.035020
5.966936
2.928732
6.661014
3.700678
6.262985
5.553634
2.854814
8.367980
8.103236
12.997727
6.305004
8.677134
14.182229
9.342424
8.166264
3.477079
2.998518
4.161715
9.468856
10.401464
10.107674
6.932254
21.471588
3.157338
10.465488
3.334789
3.844130
5.099085
8.353696
7.871201
5.462509
7.213708
14.050524
3.678718
6.968881
14.564873
7.438605
7.254214
5.687589
4.815083
7.027619
5.047168
6.687342
14.377620
7.042566
4.928735
3.836564
6.537729
5.495245
4.854787
5.673283
10.506499
8.173365
9.647649
10.739720
6.619173
3.741320
7.574025
5.486735
5.829854
6.573269
5.118072
3.056721
14.678544
10.924295
3.761021
18.867348
11.590870
20.283651
8.393657
15.387891
6.207463
3.440806
9.955303
4.553499
13.983135
8.255523
9.764446
6.375940
3.716143
3.268133
5.082151
8.550247
28.388108
9.285636
3.270467
8.698187
6.580083
4.461656
4.592903
11.968001
7.037976
7.173536
5.763405
4.996051
5.703633
5.477276
5.171206
4.148884
11.116314
5.641496
5.989693
4.017585
6.155333
3.782615
4.761872
6.829724
7.776666
6.739564
7.430493
8.138266
8.194323
5.455860
3.811501
4.668732
6.795229
5.538788
5.986224
4.781652
4.210442
5.173589
9.998192
3.560345
9.942204
10.799527
5.538666
5.219880
6.229510
7.446901
3.509474
2.413111
4.234912
7.223876
7.803874
5.085454
5.487040
6.693390
2.811326
3.973998
6.125491
16.284151
4.238813
4.765556
10.757846
9.291329
2.493113
7.820507
8.305121
6.187408
7.358819
6.211108
7.270354
7.731681
4.266088
6.041420
5.664600
4.396775
4.661791
3.926583
7.964376
2.962461
5.813647
6.994078
6.250961
6.172694
4.751761
4.199477
5.503399
10.398636
5.411361
5.039863
11.033625
8.620329
12.392163
4.065549
4.277413
5.484856
4.069251
15.612461
9.166981
5.745243
14.371977
4.671440
7.513929
2.945820
2.952364
15.465164
6.321943
2.860225
8.649796
13.566423
10.563411
10.664122
9.810150
6.209866
4.194140
3.813005
3.969912
5.178345
5.438743
6.166561
7.844818
7.014473
11.176379
7.006474
7.984533
4.963276
7.450502
6.864476
4.000894
7.257554
5.091553
9.539957
10.160343
11.613403
2.081460
2.597642
6.707560
4.905791
8.813674
12.746670
7.171163
5.008771
8.070466
3.947223
7.830501
11.412351
11.099896
9.188312
4.672789
4.437369
12.366402
6.040905
10.354872
9.963051
7.431335
6.533724
6.608054
4.991399
6.238244
5.078182
6.946823
5.129371
7.860781
2.444895
2.504096
9.214192
9.488019
9.651272
17.180696
3.710534
9.430287
6.500034
4.809189
5.412520
9.362480
9.701412
6.551997
5.907930
5.062911
5.962123
5.907095
11.121686
5.078329
7.449914
5.883041
4.734211
18.695939
5.847066
12.607895
15.331793
7.859715
4.689742
5.902716
3.758301
3.097251
10.088605
13.969576
4.576645
10.136122
9.667898
5.686807
5.536079
6.777580
12.119185
5.211647
5.229831
14.457462
10.349018
6.348646
6.575421
5.439308
6.033436
9.462945
11.592439
8.662501
6.673978
3.987443
12.925540
5.078201
2.800571
2.719399
10.420628
5.872016
3.571957
3.635961
20.415459
5.031571
4.619758
5.695574
4.600887
7.931752
5.882616
5.671747
4.000815
7.538414
3.275163
4.567907
7.636449
4.500080
6.875865
9.518122
4.806433
15.277474
14.993341
2.136367
3.020718
2.602051
4.020844
15.886257
6.051914
4.709089
5.666601
7.255835
5.192482
2.876857
4.698527
3.683340
4.088592
4.309715
6.687318
5.588983
9.563607
8.595787
8.641499
9.625323
6.671250
5.845677
5.670163
6.276901
6.548207
14.131604
4.527091
4.343354
4.496240
5.603854
13.178860
8.205806
4.430384
9.057464
6.863092
4.409138
3.219418
9.867670
8.193936
4.357656
4.522054
4.935790
15.287969
10.436932
5.968423
7.371414
8.379694
4.434521
7.764679
12.680716
4.858963
5.764952
12.079548
6.422974
4.028906
5.872731
6.439988
11.623209
7.579548
5.111729
2.915952
5.432248
3.557605
6.349393
1.976499
2.632784
13.597497
7.263874
6.788749
5.270911
4.794268
6.772779
7.131439
9.101863
5.174450
6.248233
3.552122
6.710215
6.793091
2.995876
2.996510
5.188546
2.804739
2.989155
3.600925
2.556784
2.987386
11.662302
8.805211
2.773435
5.928948
9.340873
14.213982
6.135808
2.414232
2.346025
7.290195
11.875013
3.633598
2.605016
7.530473
4.979147
4.103372
3.220891
4.162269
3.876161
12.973783
8.449621
6.672943
3.836791
11.056083
17.387623
2.403238
2.283755
3.898525
5.022697
9.906122
10.121534
16.603237
9.568038
13.803026
8.000386
4.586603
4.785298
5.968818
7.139764
17.164681
3.560775
5.856950
6.299017
6.859820
4.386294
4.140864
5.284077
6.511751
7.964295
5.133966
6.185586
4.941133
9.072838
4.488833
6.135644
8.312936
9.724837
3.833559
4.608634
6.538516
7.965421
16.726501
5.985190
2.302597
4.594621
5.860487
17.906721
8.417097
6.471139
7.029336
7.884798
8.186643
5.973160
4.840249
8.605514
7.015236
3.991773
5.098532
12.065832
8.571022
5.048649
3.849457
2.818483
8.268489
9.483992
7.270082
7.933739
6.932270
5.928911
6.314423
8.593197
2.455130
2.349209
8.526203
2.748712
9.368474
11.117219
4.997409
4.382882
4.432630
4.536701
3.344655
7.164806
8.788885
5.740509
9.127784
9.134941
7.521538
3.486469
8.563431
8.761534
6.409980
10.291979
4.662777
5.042979
4.813291
9.073319
16.069710
4.099705
3.534417
10.511421
4.712525
10.814337
11.253235
4.414573
5.999127
2.906311
2.772106
4.700055
4.695361
8.215501
12.733417
4.965217
3.781790
5.351618
5.885544
4.860517
5.544848
7.822199
16.427984
4.281425
3.767054
3.166561
4.806787
4.744039
17.743469
5.451404
3.778940
4.010593
4.789057
18.615194
9.692901
3.881978
5.465713
8.952277
5.034226
5.114337
6.933812
4.207053
4.313497
4.007314
12.934447
9.685699
15.669924
8.901498
4.429442
3.217698
4.840647
5.340345
8.817196
11.096685
4.047472
3.539545
3.558505
5.471315
3.868174
8.741561
7.038125
5.216892
5.783690
5.436810
5.076555
7.254851
16.928282
9.950373
4.817059
15.565291
3.402748
4.358462
6.768905
5.489932
5.298101
14.230970
4.039342
9.067802
7.720150
8.978260
10.955782
11.074766
7.696798
5.330373
7.769656
3.767984
18.830481
4.555424
3.254431
3.970179
5.258343
14.152284
10.391709
7.864684
7.943017
6.706283
3.857445
12.371610
7.421288
7.478311
7.164609
9.951901
9.582052
14.920305
10.074438
10.222937
2.260120
7.174884
8.942048
9.235135
9.540407
8.593627
6.087938
3.276905
3.472072
6.959208
8.038589
8.463529
7.051844
4.060534
10.772706
7.660193
6.654947
4.651816
9.535566
6.048548
7.009927
4.002762
3.926616
5.151168
7.400779
4.565878
5.388885
9.791297
6.799502
5.959692
7.804373
13.607211
6.018031
6.766744
9.571673
4.345153
5.121221
8.601729
15.739780
8.496987
6.569055
5.976274
4.085275
3.321228
6.965204
5.845830
6.907596
2.942769
4.041634
6.645197
5.786109
4.873137
3.256849
8.996699
12.711104
15.803182
9.403494
8.037039
8.511697
8.959418
11.590726
5.235215
7.295237
4.865109
3.398791
12.318321
5.713004
5.754307
5.594468
11.117055
6.012986
6.223199
8.371932
4.629466
8.698033
8.011761
6.245973
5.695835
12.042272
5.742169
3.898764
10.078310
5.868764
5.394419
4.188822
5.790530
3.754286
3.335318
9.506514
5.400914
8.573752
10.301717
5.669085
3.747846
5.516282
4.639276
4.909151
5.634590
7.449828
4.204519
9.579298
4.447800
2.902945
5.983483
4.808827
6.462651
4.471213
9.909794
14.684079
5.110647
4.209969
7.612700
4.095104
7.216183
11.309075
6.885092
5.950637
5.296773
6.863755
5.557955
8.032649
6.602142
5.849328
23.415906
4.815027
5.552193
8.527486
10.276336
8.605886
5.912613
6.574274
5.488696
6.195223
3.979827
4.359746
4.894842
6.823045
3.156932
5.170674
3.469003
5.363479
3.472729
4.920812
7.563680
9.429517
8.228908
6.433898
3.636129
9.124190
12.388082
5.017488
3.058618
7.516680
5.664516
6.482712
7.281779
13.127906
9.063313
5.548092
4.499831
3.401935
5.082900
17.974082
15.625015
4.409452
5.985166
6.686427
6.159048
5.456707
7.626429
7.951362
8.476485
3.948154
5.644998
4.126407
8.165428
4.512205
4.443975
5.660764
8.600213
5.627899
5.627424
12.395805
11.148594
3.890256
4.063705
11.722066
6.021138
5.463305
8.140004
9.225034
4.649709
9.790489
13.399515
5.140126
5.008242
12.173263
6.423382
4.703826
7.710129
6.392222
5.513201
9.772091
5.884549
6.921709
6.165223
4.197881
9.058280
8.106018
6.616606
6.631115
2.398026
9.880938
6.941006
5.892396
6.578772
6.957811
4.940001
11.971926
10.824905
3.701232
3.101087
4.055674
5.729432
8.888003
13.734462
9.093545
9.890969
4.554568
5.659679
4.552848
5.551054
8.560435
5.472433
6.181453
4.195413
4.370077
14.360941
9.108919
6.695495
14.932379
10.502308
6.670007
5.340084
3.864447
5.405744
15.269514
5.511258
7.496692
5.550602
7.280766
11.443564
3.787422
6.258601
8.041100
7.642014
5.115045
4.894129
4.389301
9.175010
5.653391
7.274419
13.048629
5.199039
7.520709
7.900266
7.389372
2.860556
5.791554
7.839073
3.400668
4.020604
3.083337
3.929251
3.083572
5.462910
3.558768
4.577531
3.420253
6.137224
10.214943
3.760887
7.588383
4.014247
5.521880
3.675986
4.465830
9.176823
5.191483
3.865881
4.308154
7.371877
6.409176
5.276023
5.521232
8.399265
3.488739
8.048760
6.106028
8.519964
2.497889
5.492764
6.337955
4.378701
4.015540
9.422153
3.598010
7.344797
13.485097
11.220633
4.051618
3.369948
4.212433
4.206160
5.100667
6.081484
7.032740
7.376305
3.883265
6.950250
3.580753
5.214674
4.976284
2.503159
8.363582
5.019189
9.712259
4.452673
4.821407
12.983845
15.388192
4.475956
7.536398
3.987366
4.429927
7.973288
6.882200
3.812797
5.381351
5.822381
8.491608
8.071475
4.329166
5.468312
7.200819
8.357053
6.406373
9.677477
4.014261
12.012026
8.760714
6.306485
5.661247
5.797636
3.871781
2.598289
3.871947
10.884214
10.809192
4.363381
7.048227
14.236384
3.989471
24.755414
7.028408
10.058933
7.091587
7.946033
5.898344
13.612013
18.033335
7.813733
6.835701
6.842008
3.732844
6.302343
9.987082
5.243238
13.527470
15.072072
10.900212
6.961790
8.579828
9.570658
5.069395
9.395503
4.910555
10.528936
13.834525
8.609358
5.542948
6.336627
7.396350
6.143968
4.114463
6.271239
7.327558
6.939115
9.575409
8.782865
9.405289
5.873685
10.243012
3.313359
8.313071
3.821928
2.670351
4.832564
12.513677
4.069347
5.572032
5.237308
10.074322
12.818808
7.596019
8.048719
8.537519
10.816647
8.491734
7.642718
5.446890
14.193306
6.070364
7.767112
8.054486
5.102596
3.379105
12.638067
3.490506
9.286692
9.542040
8.045237
15.631261
6.969370
7.564522
10.215950
18.089928
2.762753
3.269351
4.877868
6.273029
3.817475
10.492943
5.530249
8.153000
6.098928
4.761146
5.295001
14.888436
10.738591
8.399136
5.111957
4.700683
8.362103
6.336804
15.478324
8.617597
9.755176
8.157784
4.044176
6.003383
10.983939
7.848899
5.210077
5.653995
9.772693
4.235242
2.959095
4.698779
2.236095
4.750528
7.505401
3.311194
5.249193
8.641570
6.813358
7.300303
4.747618
6.662115
7.066717
4.418861
5.525361
10.423775
13.463261
10.257933
6.741137
5.296579
12.478592
7.996931
6.599673
5.834131
5.033752
4.821992
8.408881
8.821039
8.940826
8.614185
11.000809
6.530530
5.850083
9.541689
4.297155
5.378717
5.925395
8.165921
8.422635
7.106977
6.431512
2.866733
6.387324
5.824838
5.255915
6.747591
9.019165
10.068516
6.620760
4.576916
5.430224
6.535427
4.322178
4.041655
7.278096
9.235068
4.895239
13.601077
8.611673
2.444760
16.593764
3.004343
2.381800
11.944239
11.588286
4.078838
5.487803
3.957021
3.478851
6.656514
4.271284
6.854363
9.718131
12.173227
7.925076
5.644721
3.952119
12.457518
7.210470
7.835146
8.725615
7.343832
5.145026
7.942639
3.944757
5.978699
12.675270
6.203587
13.729485
3.815118
5.997652
5.136673
9.898618
17.758293
5.669354
5.876196
5.350195
4.690989
8.345215
2.736207
6.366540
2.458379
4.025695
7.552611
11.648857
2.464537
7.327500
7.057097
3.022812
5.787521
7.064993
5.549634
8.659397
13.584819
13.924146
12.266372
10.489773
17.964134
11.603526
3.728432
4.027688
10.925883
8.364944
4.107183
12.285016
4.612097
6.151703
6.202126
9.427671
5.806456
6.633277
11.863154
8.332720
4.748984
8.395511
6.980397
7.150872
7.953035
3.513355
7.151137
4.202584
2.944176
4.040705
7.094067
2.880218
12.370769
16.721503
6.305528
6.445274
3.690429
3.061474
4.118849
7.234878
6.351453
4.954026
7.558708
10.679571
3.506232
3.594713
9.481856
6.310810
10.117210
5.497771
4.116930
9.079592
9.889829
6.072541
5.397025
12.643577
7.144857
7.492333
5.586993
9.134223
5.708525
13.513765
6.788648
13.846208
6.906471
11.360493
10.924983
3.249897
2.801787
13.377339
6.903777
9.218976
8.228468
7.412844
3.758333
4.599410
5.028556
7.176402
5.525681
7.612148
8.720753
7.357122
14.816264
3.191797
6.242770
5.536534
2.496717
2.867488
9.254721
8.718666
4.925518
8.755454
6.380828
12.277789
5.887191
3.214283
6.620267
3.036439
6.469525
3.162729
3.388835
4.492612
10.706244
3.865434
4.413802
5.899356
5.562113
6.935503
5.102812
5.600051
7.884753
4.771470
7.283371
8.817315
4.141744
4.783756
6.031475
5.258758
28.461192
4.024365
6.985455
10.746403
6.251727
19.470079
3.147650
3.086765
7.470166
3.230803
5.901214
9.447256
8.630483
2.521197
8.896862
11.784717
2.979140
5.962567
13.423973
7.484651
6.549446
7.253837
5.264268
4.329820
11.686021
3.261243
5.788000
8.792446
5.495633
10.272007
5.862924
3.248258
3.338473
6.136776
6.024565
12.794109
9.298730
12.406052
3.305677
12.342110
4.689879
14.288202
4.072763
6.950110
10.010676
8.217660
7.208799
15.564349
9.432188
5.641618
16.958586
9.034615
6.447582
6.336443
3.527416
10.086696
3.971149
7.626132
7.647774
4.459534
24.538702
3.834238
4.401420
6.976089
6.758591
6.834005
4.629309
4.007198
5.168117
3.329579
12.746176
5.516322
5.516035
12.289911
7.192439
7.510940
8.138279
4.659777
3.426263
5.746523
7.134422
8.847716
5.836123
11.663669
3.012501
7.041807
4.560402
12.148873
9.145550
6.975839
4.781855
3.771292
4.123134
6.095495
4.751593
8.369346
14.769644
11.652282
9.430828
15.399047
6.757618
9.694016
5.278096
5.076442
5.216807
4.463095
2.587013
5.934025
6.049368
11.066974
5.231894
9.532353
6.575058
3.751642
3.937005
6.050285
4.292974
8.963612
9.152216
6.033211
4.497598
4.127730
9.106068
11.172200
5.982775
4.890052
3.954699
5.041443
8.612655
8.384627
5.523440
5.976687
8.463161
14.684094
4.416362
12.789891
10.536918
4.262963
2.932677
4.506953
4.224688
14.539544
4.305920
4.036253
4.660741
4.810679
2.631123
6.998085
9.608928
10.886053
8.289498
8.516747
9.961525
6.685103
4.937139
18.396464
5.456001
3.698712
4.630046
11.570926
2.883932
5.016362
9.802287
9.605013
6.585629
6.167646
9.141431
7.111847
9.268810
10.683709
8.402068
6.216241
5.382009
8.613028
5.211765
5.615064
4.269416
8.161573
4.640613
12.545748
9.961745
8.167861
6.432164
12.085295
2.568612
4.946007
8.565178
5.116722
16.007354
5.100277
7.299182
6.172315
6.562195
7.304880
2.776988
4.267686
2.643746
3.006179
3.803572
6.186559
4.844018
10.552516
4.756952
5.351310
5.345070
4.036408
11.942546
3.811896
8.024543
15.644173
6.106223
9.635169
5.592044
3.134040
4.288583
7.628301
5.861039
4.876882
8.339459
5.377499
7.729308
6.341916
7.367344
9.731856
7.463888
6.098888
4.689275
4.951869
4.266020
14.849517
3.987319
9.306124
2.987314
3.876622
8.708802
6.011685
8.991019
4.485347
4.759477
8.479796
5.577001
13.905300
3.072188
4.591939
7.388728
9.193360
12.166643
6.061607
5.295139
5.962943
6.395369
5.108230
9.763932
3.633864
9.448031
7.474335
6.755798
7.962772
10.156926
4.779613
4.295985
6.026183
6.712991
12.028307
9.550288
18.663740
6.954118
7.488472
6.189232
4.781135
2.854798
10.737631
7.816551
4.279596
11.292584
3.707243
2.499786
3.217247
14.257562
5.241607
4.965443
9.116698
5.970764
10.111525
4.956806
7.668600
3.971223
3.169321
12.085224
14.377761
22.228695
4.432937
5.589660
2.422968
4.257234
8.066965
5.483356
5.824531
14.128020
6.599465
5.574865
12.629641
6.914869
4.501902
4.664101
4.028645
8.361225
14.606395
5.505342
8.685941
7.626132
5.351250
4.764670
7.389753
3.985968
7.513678
6.295057
7.636150
4.613520
9.087765
5.602518
3.991894
6.551356
5.987093
7.730986
3.204575
14.968443
6.324446
7.033848
6.352880
3.626799
3.806661
7.580659
11.587234
8.892985
4.934913
5.196214
10.376127
14.204407
12.014082
4.691719
4.767105
11.811967
12.517846
5.351466
10.584775
6.151067
13.484067
4.897610
3.458668
4.504698
18.262533
8.738759
7.609915
16.301423
4.777918
6.246857
6.448486
11.515268
6.735308
6.060589
6.040883
4.789835
3.668827
12.753838
4.767050
5.615014
8.532133
7.336673
5.180348
14.653717
9.149531
10.422671
5.664143
3.541179
17.019455
5.336028
7.110578
6.878827
8.153383
4.504242
9.381275
8.131937
3.920754
9.999787
9.346777
6.306910
11.925346
8.343087
5.001502
8.914469
3.354580
8.265035
4.891127
16.629298
9.394755
6.756176
10.251686
7.972909
5.387797
6.019513
5.865742
4.985562
7.023678
14.112637
7.140710
6.447523
9.233019
11.387417
9.980276
8.021287
14.566258
8.395674
10.430863
13.985066
13.996777
6.379837
4.133420
3.454323
18.725713
6.634143
10.870756
5.853932
13.719915
6.360677
4.555977
7.499809
11.559748
7.027983
17.331984
8.097396
6.995500
5.955712
7.922958
3.315351
3.732935
4.537995
6.742557
11.440307
11.984815
10.931290
8.154884
5.844471
7.696753
3.815883
4.257173
4.084269
6.730233
8.847370
7.937920
9.753346
8.217999
4.256125
5.286588
4.089717
3.499923
5.812619
7.043956
4.976215
3.889724
3.393926
6.986826
8.657275
4.245248
5.657445
4.586882
3.669268
11.882608
11.721690
2.077820
2.633860
4.483927
8.729626
4.475543
6.845965
15.989523
6.181611
6.994482
3.284477
7.544606
5.180261
7.766913
5.482037
12.470775
5.024599
4.677650
6.836432
7.390919
8.139829
6.448994
4.474414
3.465663
9.667103
6.336591
7.652368
10.935807
7.708119
4.436044
3.944830
5.648785
5.178203
13.115457
12.542007
7.679043
5.720171
3.896133
5.028786
6.564021
7.338285
7.299819
16.094073
16.780374
11.252288
4.965195
13.063222
6.626533
6.510878
3.586981
2.847678
8.508024
4.568251
4.725395
20.592717
15.543081
7.016179
7.206939
8.989606
3.250022
4.426201
4.379991
12.046096
9.491180
7.088812
3.343251
5.867613
6.825651
4.040306
2.840173
7.806289
3.614994
6.966480
8.106954
5.712796
6.005318
11.414189
22.278787
4.795022
3.979479
5.378552
22.469190
4.710759
4.025636
12.449078
8.411233
5.559034
5.160947
6.348056
8.908928
10.552373
15.023714
5.144695
13.533920
4.353924
13.181790
8.192601
6.431568
5.471602
6.963575
10.528411
9.366014
3.873114
3.358612
4.085129
4.934721
5.153390
11.226521
7.014433
4.174040
14.150436
11.140212
4.830211
14.929039
3.827093
3.241391
3.972124
6.001620
6.575271
5.184801
6.975051
11.855001
9.862129
4.051182
2.561822
4.020932
12.927532
11.091482
11.063030
6.055687
18.067784
17.879085
7.466325
9.808858
25.655791
8.483029
2.997804
5.906659
4.221813
4.021474
3.408063
5.443577
7.904249
3.415454
3.207022
5.175116
4.506702
9.109604
4.933818
5.863655
6.723718
4.962437
7.664144
5.281519
4.581213
5.614588
8.567584
12.168692
6.692465
11.678122
6.333890
5.111255
4.487918
12.022433
13.262301
7.262513
4.400790
6.583127
7.580937
6.301304
7.065139
5.959194
5.135975
7.814284
3.306460
16.873136
5.606628
4.540316
8.092795
4.930129
6.637143
8.814568
5.311369
5.687443
5.898536
11.966809
5.269354
6.942761
11.874549
7.115893
5.466944
9.873813
5.209887
5.428787
10.082731
7.121953
5.737649
7.048650
8.114570
7.151479
4.994929
10.871807
12.150680
7.048195
11.494055
7.689477
7.464145
5.179078
13.363766
7.640950
6.600010
3.833380
3.552917
6.320116
3.864256
7.535190
5.457610
7.458492
2.866114
2.346307
8.001499
8.116512
5.257541
7.745993
15.835473
11.964776
9.402337
5.837992
6.117086
12.790104
4.849314
4.591177
8.411928
14.341148
7.626409
7.046248
7.018695
5.360147
5.242091
3.708450
9.423881
9.973785
6.857703
5.421819
4.652410
11.836859
11.857014
13.126081
5.476449
5.764597
8.285170
3.708399
4.736240
5.389147
5.179400
7.504681
12.289956
6.819665
9.186167
6.035137
3.308264
2.867187
3.166690
6.597222
6.371551
4.112247
9.260321
5.980631
14.954585
7.611087
7.328002
2.590335
4.014142
4.481989
5.436559
4.532680
8.327640
7.814891
9.706343
7.694805
4.511190
5.021687
7.328807
6.473117
7.611520
7.001365
7.158099
8.772402
4.954372
4.137877
5.410543
5.256693
5.799636
6.856247
5.180758
3.386404
4.890507
7.352216
6.248536
3.622960
11.788731
4.068521
5.001494
4.734406
3.362822
5.094066
15.803084
4.259247
5.357518
17.779252
3.580341
4.511545
13.318829
9.648229
8.067698
3.661402
5.416605
8.992928
5.759996
3.863406
5.633251
10.370373
5.587115
5.330950
4.993974
4.515500
7.054982
4.008070
15.579842
13.343992
3.141491
3.543646
7.874602
4.878939
9.605440
4.676977
6.291064
5.613308
10.126620
24.096989
4.813432
7.043871
9.410411
5.707292
20.279707
11.834597
14.700232
6.391512
3.866009
6.555970
10.907669
10.898935
13.120158
7.166833
5.774787
4.507354
5.513489
3.969723
8.997845
5.770022
6.436678
5.179011
4.049546
8.620881
3.616690
10.680457
5.664821
6.102855
14.105138
4.165288
4.434910
5.732070
8.380982
3.279708
3.177464
7.499741
3.075468
2.893230
5.999255
9.760367
13.512598
10.538947
4.485738
10.014090
3.459400
10.973254
10.820617
7.007255
3.893341
13.649412
5.092129
7.169413
3.263543
4.218900
5.097600
3.052838
3.060471
7.135134
5.592475
6.705314
3.430192
4.720035
4.708550
14.372305
8.266535
4.359751
9.485165
8.205928
14.869009
4.844234
16.789898
8.496561
10.033565
4.141106
3.974092
5.970194
6.159626
5.765091
5.658366
8.260851
3.196438
3.747642
6.419736
6.721406
8.179048
10.904557
7.383885
5.459720
4.592127
5.693253
7.479028
5.509593
2.947525
6.445411
8.607459
6.385733
3.049859
5.340627
12.164595
8.559837
10.647943
3.479465
2.547322
8.829830
4.371509
10.460578
5.467084
4.358333
5.533883
11.076588
8.167907
6.197302
4.243019
5.575612
5.180590
5.394074
4.483375
5.516154
4.368426
2.185739
9.409643
7.725539
10.466090
8.830110
4.943053
10.320922
4.354217
10.375123
7.199943
4.162105
24.392758
9.246553
7.198633
2.995149
7.788764
8.029093
6.578877
11.091301
5.691406
4.699579
9.048096
5.711504
8.255848
4.717126
6.808446
5.375443
6.167465
5.269660
7.381872
10.692678
3.900749
4.393773
5.902312
11.069990
10.714349
7.913785
4.429847
5.391543
11.473381
9.092346
7.452881
2.743620
10.149563
7.760064
4.031283
2.922844
3.162953
4.013135
2.020174
4.942240
10.686619
9.384312
4.569409
5.084193
2.976001
5.515247
13.457907
5.029147
14.988072
13.600742
8.817859
5.719542
3.713877
8.107593
8.326135
4.835059
4.454496
2.947630
4.192035
8.238938
17.407056
5.905472
8.080799
4.982803
21.992023
7.671876
5.125065
5.789178
5.126814
11.049687
6.389858
15.045042
5.872991
4.245255
6.869207
6.777218
4.016396
5.223488
6.521099
3.001238
11.819741
13.648696
13.098030
7.538920
4.392462
4.750984
4.347815
10.204441
4.283529
9.078654
9.488644
5.615175
3.872672
5.634341
4.383135
7.868385
11.429881
5.323646
3.437288
5.529895
10.033335
8.236669
6.883490
15.244804
5.320758
9.794861
3.998834
10.480068
12.392598
6.910658
8.464584
9.729847
5.915728
12.938084
5.255179
6.578102
5.610735
18.537595
6.237216
7.088619
7.172839
2.777887
4.489842
9.297135
13.748242
4.051707
5.796848
3.829421
5.535980
3.332584
2.395505
10.539974
7.778702
9.720140
9.808150
5.721162
6.722943
4.662625
8.701326
23.212115
3.865533
11.457096
11.763072
13.827650
2.746640
3.621031
3.502656
3.643977
4.029055
2.299752
8.558237
3.136446
9.069602
3.150278
4.224663
4.983246
8.259853
7.281356
9.474378
5.822440
7.692985
3.422052
4.084886
3.661807
9.530614
3.227611
5.471678
8.284710
4.928494
4.683507
5.457488
15.958773
5.616305
4.081471
3.378226
7.626281
12.499787
3.417525
5.393032
7.419381
12.214485
5.879357
3.432963
8.201891
8.658867
9.012335
5.772318
9.009610
4.405610
3.250745
4.528726
5.810244
11.728754
8.988642
6.409629
3.115276
3.455194
5.376185
4.560231
7.621423
4.695369
7.102322
8.402816
7.008927
5.009289
5.388960
10.930617
5.809857
12.747146
12.862299
7.336669
8.381289
7.906696
11.460931
6.349442
11.976198
5.622604
12.250677
12.931034
4.949726
4.129590
5.076877
7.526483
4.590489
5.286228
8.261797
2.620228
4.421219
3.439380
4.039564
13.637219
10.993806
5.327247
8.579480
5.555157
6.472818
6.307513
11.227290
7.358341
4.178748
7.807317
9.553295
7.053020
11.664264
8.359117
11.998828
6.029337
3.056948
3.369422
14.941970
12.768966
7.052708
3.518320
4.957946
4.103091
4.615435
13.356235
12.267060
3.968083
4.661593
5.713659
3.766154
6.550426
5.406048
5.661387
3.492575
22.119663
15.546433
6.070112
4.386371
3.453141
17.868486
11.184693
6.719800
3.534628
12.771874
14.458456
9.613646
7.510185
5.722810
4.350786
3.288559
5.971583
9.393409
7.968031
5.103540
5.376909
3.713226
9.391950
9.694577
12.965212
4.065090
2.438330
3.398030
7.931055
9.613475
7.008049
3.292479
6.898168
11.953020
6.784003
10.846144
7.593752
7.850729
13.048705
3.795162
4.578308
10.612924
5.289679
5.284941
4.162923
7.584610
6.682115
5.830463
5.294446
6.724353
11.653182
4.382384
11.445443
7.451629
3.547776
4.127303
10.189589
14.281377
9.199205
18.738839
6.157660
3.077753
3.359141
10.647891
11.308053
13.864103
4.430302
12.589050
16.353827
6.210131
8.463268
4.574479
8.685045
5.848989
6.124580
3.368836
3.695302
20.967802
11.810685
5.966716
8.498061
9.561239
3.287082
4.764012
11.690026
5.016226
8.319515
9.492815
7.311792
5.099493
7.286975
4.314375
4.713568
5.490933
6.508591
10.346866
14.651104
4.549784
3.479621
3.094370
3.804329
11.098049
4.824083
2.991144
3.682006
4.546445
6.972165
8.482210
6.975248
6.340677
10.168305
4.414544
2.626177
4.770798
3.906541
9.551727
7.728729
11.432671
4.888663
6.483840
3.635262
4.392271
5.169594
6.159019
7.077467
3.943810
10.129720
10.757230
3.639161
7.985836
6.724860
4.449573
10.271673
14.902519
12.946337
3.897533
4.294210
6.683566
19.590989
3.735172
5.662688
5.580366
3.616326
6.631084
7.708010
4.276787
3.110827
4.832617
5.812018
3.419811
8.678501
3.444073
8.821257
9.448170
10.091169
6.931044
4.539969
7.790700
3.933843
9.978236
5.740382
5.282207
8.404016
6.237811
3.345842
3.117213
14.868210
5.855696
4.456305
5.545033
8.506308
23.305890
3.553769
8.368049
6.841027
4.801845
7.014098
11.298671
5.099872
10.674871
4.275731
6.792681
3.502167
3.893743
6.010300
8.629767
8.859904
7.566586
8.045716
5.189410
5.232642
10.469904
6.365347
9.021506
5.286536
5.770084
3.546419
3.947453
6.521450
6.298232
14.386357
11.856377
5.889644
6.176059
17.889695
2.559442
5.105494
4.930851
4.442415
3.372167
11.131096
5.204548
2.179578
10.227972
3.697534
3.769872
4.957846
5.986835
5.830362
4.444776
3.243856
2.637044
6.220566
3.979812
8.326614
13.704197
5.044520
5.624710
8.658941
11.651975
6.261587
5.569928
3.123887
5.784640
5.120016
3.652275
6.396326
9.709443
8.032021
7.072449
7.019925
5.375418
7.621176
8.752989
7.426980
5.698993
4.970151
11.685551
8.742758
5.816428
3.409754
4.869206
13.135123
6.556811
4.926803
8.228012
13.841904
6.514867
6.128691
2.909975
6.926337
4.542772
9.157242
4.973327
8.277736
8.295186
3.879027
4.219459
8.968794
16.199940
5.696472
6.908199
5.480173
9.266844
12.325232
5.741320
11.065750
3.542334
3.002599
11.549354
6.003098
5.068244
4.021316
18.035346
7.637771
10.739065
5.274693
3.793934
7.978329
6.072307
6.550949
9.440815
9.626228
9.799166
5.080833
4.338592
3.884153
4.272109
4.056248
11.911326
15.564806
7.294632
5.013183
3.326621
10.063618
10.734610
3.959750
13.262535
11.560549
4.506349
4.101223
3.761528
7.152368
8.815334
21.315618
4.562797
14.969995
8.578839
4.357228
6.112027
12.073781
13.055604
9.579992
4.533330
8.484736
5.247384
5.159131
4.276504
4.357956
3.213865
5.757777
3.872551
2.501378
5.901105
3.723415
10.925539
9.504242
11.113560
14.570172
7.344318
10.273281
2.984239
3.008933
7.087565
8.045028
8.914763
8.119736
3.767000
5.733678
3.827250
4.748743
3.863136
3.825264
10.297425
6.597707
7.039787
4.620899
7.239077
9.157598
6.397871
5.524160
8.131374
6.315379
7.547996
16.405605
11.661462
6.597068
8.286957
15.461146
2.730869
4.683838
7.706502
3.290628
3.695699
3.513174
5.084893
5.576953
12.411272
9.439172
13.896596
8.142468
7.916093
4.047513
3.628559
6.057411
3.933584
5.815169
3.466783
4.014933
14.133507
12.200532
6.039627
4.946890
3.926668
9.880032
4.396819
10.561396
12.258172
5.896692
8.509418
9.723248
18.902473
8.738844
6.602579
7.887318
9.127924
8.126039
6.862206
5.193555
3.714674
5.624057
9.240139
4.295288
9.810945
7.329674
12.864299
4.925574
13.361038
7.473908
5.805006
3.807729
12.515795
7.629220
13.571202
7.399651
5.042600
9.806016
4.085922
5.906528
6.361100
11.539977
9.989831
11.699535
5.293576
7.615609
13.637656
3.255814
5.983621
21.396132
2.664600
6.649501
5.149928
4.287822
4.221016
4.440831
10.358618
3.001774
5.194137
4.363503
4.590599
5.849112
6.276173
14.455770
10.121821
10.963450
12.826464
8.902180
11.288916
21.894598
3.362261
10.443218
7.803227
12.489913
8.639345
6.882228
6.158476
8.615359
6.580095
15.926527
5.788972
9.778322
14.961807
10.111330
12.137033
11.269363
8.639042
1.952742
4.898869
4.651904
12.037099
4.502218
4.639667
4.951850
11.974944
6.264257
2.156083
5.917175
6.664593
3.814421
4.611033
14.130106
4.651429
3.969007
6.311777
15.395231
8.543846
12.792285
8.907665
9.090836
4.795527
6.115715
3.700350
4.297773
6.248753
6.918200
3.205822
2.879767
15.661061
12.959403
11.355260
7.167589
5.277702
6.539872
5.522327
3.664178
2.850018
2.838199
18.600666
19.325780
11.809207
6.874957
10.452756
10.346548
6.389971
6.568691
4.685528
5.227609
16.423986
5.659619
3.556621
5.371734
4.114703
6.558590
8.380212
9.577043
7.087120
10.051818
3.093638
20.752450
15.823431
8.472288
7.966099
6.182571
15.631705
9.144959
4.135776
3.886436
6.674486
5.187450
9.718552
4.149801
17.754023
4.533669
15.559764
5.437090
7.889643
4.226859
4.491911
5.353794
6.142528
4.627940
3.078251
10.463734
8.404085
9.008344
6.809272
8.196350
8.314129
6.242509
5.213858
2.884379
4.174732
15.725794
5.358374
5.497829
5.071563
13.557303
9.952087
6.298705
2.942398
2.970747
2.354707
4.811557
5.634106
9.479337
6.368095
4.405882
5.198622
4.594813
5.173518
12.781024
4.057981
3.631491
4.658254
7.482490
7.005171
3.954103
4.356187
5.475526
2.642952
5.149922
3.109208
14.393392
10.379669
8.760683
3.070577
4.537338
5.058645
3.961106
5.727523
8.468396
5.075165
7.012376
4.529808
14.480846
7.820799
8.260281
5.160773
4.347586
5.424066
13.150113
11.385912
4.622457
8.707384
5.952395
5.893211
3.216420
4.140253
4.866785
13.853996
8.059689
5.295971
5.272013
6.375870
5.621066
4.291051
14.241401
11.857939
5.564605
9.192671
9.453125
5.408407
3.625791
6.766298
14.946588
13.565646
6.307772
5.481351
15.600712
6.766475
5.577447
8.081240
8.903487
10.805058
20.658979
10.684205
16.815232
10.185126
17.450940
5.474516
7.511293
13.952777
6.546439
6.701099
6.375215
5.852988
5.930081
3.442535
3.880556
4.258337
3.751592
8.441919
3.755735
2.592369
11.332716
6.193623
5.490612
5.143933
3.326695
9.334430
3.949340
2.958379
12.865276
7.874318
5.870767
4.391464
6.848756
12.451131
8.751931
10.607682
10.011962
4.701970
5.320759
9.390274
13.007189
7.384456
5.827326
8.820469
4.430607
13.685997
3.025915
5.085126
6.404026
3.495057
4.399064
9.463407
6.140620
6.585962
8.375692
8.816428
3.433075
5.090830
5.054357
5.902867
9.399347
5.750775
4.823085
3.649083
6.800073
4.411670
6.978311
9.801952
9.108956
6.258593
12.111386
5.750273
3.373300
9.861566
5.501779
6.649501
9.646972
5.042908
3.797068
3.161636
3.198824
4.581033
9.526163
7.808420
10.498763
8.269572
12.087427
4.258480
7.111719
13.193325
4.392818
9.212904
3.865095
10.187515
4.021981
4.698601
2.773206
5.340601
7.668639
13.033442
4.997628
3.963191
19.940566
8.319862
6.365884
3.644068
7.050063
4.481124
6.915231
7.948300
8.609584
4.402880
5.064998
6.053836
11.830775
4.731076
4.305486
5.835806
3.857406
4.433229
5.801856
2.950961
6.455624
2.780044
7.714144
15.248681
7.317049
19.552485
5.197091
7.107643
7.111365
7.482880
12.673848
3.863397
6.861631
10.750510
5.265570
6.032691
11.090795
4.387835
5.848045
7.276718
5.706361
4.296399
5.839816
6.159816
6.672552
4.552982
6.894595
5.149145
4.099664
3.674994
5.376674
5.669120
3.533225
7.194619
6.842772
8.068871
10.430174
14.931208
8.567604
5.225774
8.733803
9.779718
7.752205
8.217799
9.510135
6.027630
13.218322
3.726465
4.064849
4.305122
3.331522
9.356175
8.865202
4.281032
9.617397
11.477109
3.415685
5.484768
14.915965
6.931210
14.623051
4.061087
5.891640
4.478188
8.336514
8.757943
6.249613
8.340222
11.400478
2.298922
3.883421
4.751916
5.685939
6.900673
11.691198
9.562525
10.345379
6.286636
4.586711
10.004743
5.966540
5.806058
4.242467
7.479851
16.600019
6.897446
13.786831
5.856207
2.645660
15.758551
9.929506
6.810701
10.605387
7.147089
6.910991
10.258323
4.278470
5.212534
4.674682
5.577573
5.993163
9.764513
11.663142
8.021215
3.295312
3.513329
3.653282
6.720520
7.614769
3.520821
5.817090
8.536354
3.549547
6.100571
10.317167
15.184726
7.514936
15.597702
5.505142
15.496798
8.242971
5.684086
5.894493
8.986594
6.143955
7.549926
10.976732
3.730947
5.572137
2.535121
4.344106
4.930178
3.341504
7.171148
4.392813
3.099795
2.893434
12.396181
7.531260
6.362872
20.834893
23.768818
16.360860
9.352778
10.043334
9.627026
7.133636
5.612503
12.535265
5.462063
4.984282
2.183138
4.968427
6.555926
5.917522
8.491360
5.494080
8.419750
10.004352
8.923165
12.534567
2.612080
3.966360
5.966329
2.894978
5.384512
8.106609
4.596366
5.699884
10.193549
5.168734
5.293658
9.591867
5.558979
6.246965
10.615174
5.486759
6.369803
13.091572
13.248755
7.473789
10.956167
5.001108
8.682455
5.753546
2.946701
3.240926
7.076563
4.186654
7.722906
4.633380
3.461211
7.124621
6.821904
6.130129
15.307646
5.641139
6.909388
3.639718
5.449812
6.680955
6.207373
9.394087
3.679341
7.605954
10.411634
7.184114
6.604765
9.136313
4.830586
5.539267
4.287725
8.088038
8.743559
4.766566
7.256255
5.206269
7.661604
6.910852
5.443404
6.472418
8.275086
4.299830
7.382200
11.103422
4.693708
3.273281
12.490884
5.669652
4.794538
4.652416
5.250379
10.762698
8.784406
4.161977
12.481098
2.745633
2.844138
6.000536
4.823542
2.793561
4.968910
6.360810
7.234077
10.198300
5.875680
4.751397
6.354834
4.534435
3.888634
3.346308
8.014021
6.718419
5.076717
5.508835
7.434554
8.347429
8.520079
4.522964
5.015312
5.329123
6.754408
7.474051
19.279157
8.941561
4.234724
7.328531
5.755279
11.104231
6.915991
8.026393
7.313864
14.928035
5.500988
7.395017
2.617434
4.157340
5.174752
6.642697
7.777185
7.769342
4.338432
4.420278
3.473589
6.505280
12.179664
7.798644
11.413878
5.351734
5.957329
5.258656
4.639306
6.277610
15.612988
12.203057
8.283747
2.440798
5.084954
5.691814
4.277833
4.688668
4.771655
6.068114
11.058314
7.774411
8.768905
16.328692
7.020630
7.732659
7.226869
9.641977
8.253375
7.849810
16.614390
4.298435
6.444192
7.180637
3.619605
7.151252
4.122797
9.389449
4.020493
4.895980
9.798604
7.044642
4.372631
4.731893
10.991781
5.169861
11.633934
5.626264
3.470980
3.095841
7.404648
3.297228
4.524726
2.547743
4.278789
14.417583
12.833375
8.227655
13.232807
15.019317
8.515906
7.790359
10.889251
8.640642
8.396628
12.507401
6.922762
3.987357
7.348629
10.745706
12.300130
9.496369
14.027482
8.738748
7.210186
6.810873
11.295972
34.252597
3.642578
9.254575
9.608336
7.275804
25.084676
6.920860
9.624573
15.969832
9.023823
9.465886
5.814007
6.405040
13.368947
6.679915
12.628284
8.535790
5.598734
8.478826
9.905145
21.243055
5.092198
8.560213
9.704161
6.739214
15.932905
10.933449
13.368614
10.418706
6.133345
9.087348
4.941464
8.884677
9.238250
8.231853
22.223098
6.477658
9.362756
8.447726
7.135681
7.755675
11.471331
10.944542
19.783345
15.576087
7.349309
18.963499
11.960360
6.367868
11.850972
11.050480
6.489000
5.791485
12.863239
8.828083
6.377289
8.426757
11.069819
9.029358
10.808889
11.073300
14.374871
6.440623
11.180517
15.282082
9.793360
9.429034
6.823713
13.760652
8.220627
9.182764
7.519109
15.422896
13.001021
12.761412
6.514182
4.329185
9.402683
15.921103
6.231235
9.388601
8.823676
8.654873
8.138830
14.594839
14.061331
12.216505
5.235054
8.227873
16.513405
8.711102
7.521580
5.181934
17.841235
15.239337
7.720526
15.006890
9.506714
10.050124
9.032722
14.172667
5.688986
7.755419
7.946700
5.162162
13.493162
7.865348
5.403644
9.060535
9.053209
10.157808
6.298572
13.038436
6.175842
9.977752
8.156405
16.896167
11.201211
10.115781
21.071556
25.047769
9.132652
9.189760
10.218158
12.859139
6.361354
12.385111
19.601060
6.071135
11.156486
8.640828
9.228775
12.130455
10.167208
12.099684
11.569195
12.978516
9.464842
12.801054
7.731574
11.799950
7.498534
9.959795
15.549177
11.933267
12.408210
10.417606
18.325331
7.955454
20.108970
10.682452
12.550241
18.610658
9.225944
14.619289
13.885633
7.840574
9.936145
12.946418
10.112217
8.157790
13.273069
8.674918
8.483949
10.318383
13.414278
11.787639
12.789894
10.036067
10.529398
12.819220
9.940171
4.174153
5.638088
5.508013
7.105096
8.464871
10.873002
7.563158
10.361149
7.865892
8.941544
8.039846
7.030506
8.583430
13.206757
20.683789
10.089512
10.179335
12.126434
6.743625
8.503053
10.915576
10.312358
9.904205
7.334171
7.061037
5.724070
8.103304
6.829014
17.204856
8.261931
8.478358
4.165788
4.335777
5.746847
8.455040
7.479712
6.071131
13.680319
13.027284
20.712030
6.527736
5.294749
10.317926
7.705512
10.724561
11.945912
9.285581
14.852924
9.013612
12.803963
16.022257
7.005250
9.395262
6.095985
8.080359
8.913799
6.499865
7.038547
5.780290
4.374778
6.913772
4.782832
8.427562
13.338308
10.344702
12.142632
9.527501
6.281946
11.579461
5.499880
11.514417
11.194532
10.575301
7.467156
8.071520
8.186259
8.999864
18.022295
7.886917
10.290491
15.774543
5.780316
9.391063
5.701760
9.146878
9.062102
11.836365
10.666999
6.958554
6.702035
8.677194
5.444051
6.792709
9.430286
13.061531
18.395585
6.234870
6.992890
11.472891
11.627442
5.538608
6.186270
12.260057
7.733981
4.601910
10.864999
10.194093
11.148210
8.416419
6.405757
12.942206
10.694243
7.827480
11.571515
9.384611
14.747024
8.632768
9.930226
11.302554
9.001566
7.985754
11.754835
13.726447
7.647932
7.532866
6.485759
11.996478
10.069237
5.309113
14.623866
10.039268
9.929396
7.955249
9.319676
11.468909
14.328948
5.519048
7.189856
7.657477
8.725413
9.448543
10.395899
17.031988
9.821663
8.569662
10.121975
5.750459
17.088978
15.801324
13.766446
9.180058
7.761202
11.270071
5.707519
14.675745
4.301067
10.273357
9.750218
8.988255
13.986624
4.543372
7.138419
7.222767
5.196464
6.864452
6.817152
11.082444
9.132387
6.795466
3.873394
22.777717
12.191633
6.528628
15.467053
10.641199
11.281936
12.919691
11.100342
9.252842
10.778716
6.495547
4.311829
19.108572
9.814075
10.833302
9.296610
18.134728
6.836836
6.487474
3.806277
7.285150
11.353891
23.240969
6.804525
9.937572
6.331045
7.301366
11.438139
9.205266
9.218708
13.291963
10.853570
12.702947
9.205737
12.488217
15.928251
13.150249
9.431325
5.207953
10.979264
9.252059
17.242243
9.474794
11.600104
9.094071
16.318855
7.046466
7.712479
12.296202
5.845317
9.698412
7.563964
6.981803
11.549969
9.660052
9.619725
8.254429
7.020061
4.426841
10.196239
8.377875
11.908556
8.944442
10.699448
7.089265
7.863034
11.676175
6.751177
9.244869
5.238178
16.102911
7.117621
9.663064
13.553900
7.010566
5.492982
4.000474
7.347007
7.042059
18.688684
12.008993
11.125369
5.328894
9.385182
18.587075
18.962360
6.298694
12.715646
11.916189
9.241469
7.300213
7.618050
9.791240
6.755278
23.227615
9.915613
11.341259
8.157101
10.511096
6.424017
15.563692
6.123330
6.871440
14.939212
10.495951
14.197478
9.289551
10.662149
21.494697
6.771364
5.886206
9.869894
6.267995
9.253145
8.519193
23.466344
11.030950
7.185408
13.029044
14.780028
9.380064
7.885399
8.836286
7.061189
4.495503
8.670772
7.504738
6.748717
9.074694
8.263651
6.612649
4.088078
8.066400
4.701781
18.566690
14.484070
10.522170
12.202908
9.813872
12.574423
10.283693
9.273095
19.063498
11.592343
6.378686
5.411198
17.141529
9.314951
10.065141
5.023588
4.382733
6.536121
13.157962
5.216043
4.565469
13.790412
8.799485
9.070397
7.554349
7.939250
8.888857
7.473286
9.717232
9.828331
4.931721
5.958972
7.486922
8.050116
11.504207
16.843315
16.876901
6.706696
11.437117
9.754274
6.129731
11.093890
8.260526
17.913161
7.389741
21.304122
10.282347
6.327759
9.748715
9.004837
7.941767
8.745844
9.906634
10.999067
7.773466
11.674258
7.769961
21.983547
6.890519
11.963746
7.467287
6.512124
15.937888
5.923551
11.280978
11.183480
8.990696
6.381916
6.305868
7.575044
18.044753
12.903321
7.163139
9.449361
5.502745
6.179604
13.066143
9.048027
5.244489
8.094784
8.100124
4.536797
8.592709
7.883409
10.921586
17.391757
6.425804
15.964882
10.983555
6.096550
12.055718
10.225176
10.076983
6.432617
9.345795
5.280402
4.938695
9.973925
7.692668
6.406686
11.551211
8.533014
12.056250
10.656646
5.317794
7.772208
5.488339
14.251660
9.491831
8.601851
15.251121
11.139892
6.909610
9.110311
5.483267
10.070721
9.520745
19.854147
9.878058
8.469603
8.374619
5.091743
10.354012
7.922184
11.556133
7.397215
7.993174
6.765589
8.809430
10.681396
16.499380
11.115946
6.250381
12.663454
8.836658
13.899642
3.716216
9.437885
5.584936
11.208367
9.585636
11.583820
13.686606
14.145205
8.727033
10.086577
14.865012
6.933491
8.302379
9.788627
12.873743
11.263644
7.727640
5.763363
8.371268
5.175404
9.441944
8.347816
7.887553
4.557536
13.623022
10.492592
10.665276
11.282254
6.987207
12.827570
12.184201
4.817343
6.048563
9.788520
14.926378
7.077548
11.651939
9.212114
12.031624
6.304393
7.243483
6.577630
7.265974
6.439471
12.712784
10.071270
14.266877
9.123539
15.751401
11.357669
6.397175
17.027186
8.610946
8.581382
11.052028
13.533529
13.785098
5.639782
5.821624
13.469662
5.864188
17.824942
8.701244
12.304007
14.462373
14.113366
6.566153
12.634902
17.434893
13.269285
7.005223
12.935685
16.186348
10.984177
5.066732
10.300427
11.395773
7.720089
5.418522
19.001804
13.438959
6.036429
6.550005
11.536769
7.021070
4.482621
9.689594
9.088271
10.127631
9.972802
14.523235
18.545703
8.326789
14.139819
5.831572
21.891141
7.641567
7.412148
9.009268
8.242127
9.238397
17.230484
6.978108
23.509115
6.632461
11.583558
7.716503
9.926464
5.674815
10.492591
6.877822
8.914672
9.376053
11.006305
15.624155
11.963404
11.024594
9.357203
6.583539
16.067040
8.241316
9.418719
8.103075
12.115863
5.986193
12.643930
6.539758
9.090979
6.771981
8.479173
10.431601
16.313812
9.075304
6.333133
21.686662
9.338533
7.719885
5.256497
9.359433
9.126037
6.535038
8.816315
7.950175
4.783702
9.857114
12.899579
8.498014
7.296593
9.438063
7.623883
6.169058
8.509168
7.939101
18.540800
21.048856
6.788884
6.939277
16.936414
10.197483
10.997693
8.514885
8.271237
13.219585
18.077856
6.089306
11.771957
14.409411
8.165063
10.866879
23.485649
7.250954
12.395116
5.715049
9.117811
13.332142
20.746969
8.690342
8.839400
15.054869
6.565044
10.452930
11.060896
14.533988
8.985082
8.422750
14.640293
6.947775
3.607191
7.495937
9.293711
9.298445
8.943796
9.540411
4.771308
11.750791
14.567038
14.952723
15.231313
4.671259
23.701183
19.368773
8.146980
4.829050
4.894173
14.237685
5.457731
6.210172
7.974081
9.692778
12.024266
12.607153
7.075992
9.565726
12.969089
9.072041
10.961200
16.668187
12.017447
7.729186
7.190535
10.593996
12.765035
8.018847
14.542969
6.577806
13.674154
9.382798
10.254268
8.087263
6.893961
5.332612
16.883919
8.920628
11.471666
6.097123
7.608546
4.794754
5.563144
5.893731
12.238635
12.548766
18.258916
8.425412
9.711573
8.468389
15.284543
12.732063
9.320526
12.653489
8.462667
8.860702
8.763743
7.029954
7.315216
10.744081
9.843038
17.052783
8.896094
13.199919
8.059193
7.995342
7.947924
8.277518
4.776965
9.590411
12.141108
10.075183
11.705990
11.990643
8.511165
9.960115
7.695925
9.327874
6.232647
9.862220
5.737177
8.496115
7.642429
6.035770
11.759012
5.787912
9.249129
7.044235
10.034777
13.061308
5.744282
10.113809
10.967068
5.161948
10.546997
5.352371
8.847400
7.689077
7.183024
6.523138
12.446820
6.632288
11.542375
13.693727
10.539509
8.190168
5.561066
14.594185
13.276020
12.325736
10.366222
13.295976
6.417772
9.512690
7.226404
11.066631
11.234835
9.508537
7.602576
15.143338
10.073670
14.632622
8.313193
11.225601
8.435034
6.323491
16.533660
9.832521
9.221029
8.475433
14.505317
7.751336
6.485973
12.550164
8.690900
9.932952
11.890479
14.729484
3.740904
15.221521
6.499970
8.904036
5.821371
17.103823
9.207287
8.954393
12.605994
8.907238
9.581154
8.493858
17.801414
9.071767
5.005730
10.892900
5.313965
11.648525
11.718137
7.757731
8.969819
8.644387
10.764392
12.333926
9.822561
7.255956
9.079817
8.189751
9.332006
11.852274
10.119624
8.089285
12.089905
7.436286
15.398963
15.395482
5.919901
12.286582
8.499374
5.558963
16.630431
9.500983
5.377488
12.993732
12.872209
13.109540
11.930893
12.938035
7.059504
13.483557
9.795636
6.411709
16.075152
7.180876
6.429037
8.775014
6.039962
9.573327
12.363253
21.462837
11.532670
7.098309
14.055019
15.934855
6.479740
7.626438
17.822182
10.162099
24.141581
6.312814
8.298454
8.047297
10.630896
13.856087
8.286006
10.507952
5.697827
12.086943
9.468527
16.745489
11.836491
11.793723
5.504144
6.714389
12.261323
5.702971
10.711375
10.900439
5.313340
5.543389
4.531766
6.839711
13.613334
12.027253
9.729088
8.138566
14.224358
16.605986
8.508384
9.169261
11.937546
9.680921
6.334265
16.637270
11.350142
5.250321
11.933173
10.587418
11.512258
5.339851
8.240092
8.430880
11.281070
7.292831
4.535633
8.433917
14.125704
13.598097
5.644076
9.304646
5.531993
9.455340
5.508393
6.576152
5.210996
8.033100
11.045551
7.351569
13.659647
4.967714
7.559103
16.553071
12.958662
9.808928
12.946843
10.510546
9.912883
4.746479
4.986592
13.144058
11.328716
8.288341
17.675566
5.898981
12.827880
9.333883
7.080274
8.593431
6.289469
7.416450
6.391882
10.471492
14.651845
6.391935
5.534036
7.236445
7.498419
17.520482
14.707585
9.934291
12.602278
6.808309
12.400878
14.146704
5.039189
6.660595
7.346958
7.906915
9.878230
5.486297
14.659246
11.971883
15.244546
5.275339
8.933041
6.431673
16.128911
9.616701
4.261877
7.829097
8.480105
11.065797
6.528385
4.473135
13.264014
7.452817
9.617835
13.313886
13.001613
13.732275
11.882417
12.484965
8.164377
6.446122
10.240381
9.648266
6.956746
9.756870
6.165002
7.878518
14.543857
12.069188
11.110835
7.981441
6.449427
14.883343
8.643529
20.439655
9.731209
8.593113
10.686870
10.168908
11.371692
7.150059
14.664792
11.229282
12.641996
7.609937
17.010654
9.745435
4.024205
8.055138
9.151529
15.077193
21.879906
12.806927
16.661085
6.834581
13.114799
7.312438
16.894659
11.731170
6.328336
11.652204
8.126036
6.692651
11.574189
10.025740
11.141741
22.122948
8.197086
6.546972
9.924860
7.791145
32.698011
10.695529
13.649330
8.418466
7.829194
11.620052
6.553473
6.680907
7.277740
9.838981
6.031144
7.567585
19.161508
17.697074
6.655597
7.586316
8.305980
6.460607
9.305684
11.339448
19.774967
9.831485
8.009010
10.062020
11.452680
10.194036
11.111497
8.888196
7.466764
11.066348
8.917110
9.929180
11.813510
6.951859
6.945119
7.176605
5.593625
8.078023
8.311276
17.273065
4.563832
5.647490
6.223273
7.922991
10.054356
7.856414
9.316506
10.325653
16.085172
7.375257
11.590545
5.850416
9.656555
9.599841
7.223164
7.508418
9.458741
3.030715
12.377730
15.820502
10.757760
21.547108
20.616847
9.269945
5.365494
14.950374
23.158414
11.892272
14.254297
11.561053
5.850124
9.717840
8.753113
8.845302
7.649068
24.211779
11.989240
10.759379
7.178006
8.052082
11.988524
9.976285
9.404204
12.427250
4.934219
6.281715
8.064213
13.197427
5.449812
5.717052
7.539694
5.823583
22.774207
10.717937
16.089289
10.310932
9.865846
11.855132
6.036504
9.799567
12.031151
8.424356
6.643583
19.996238
10.257368
12.733567
8.244613
4.279235
7.200246
11.152559
17.678406
20.974589
5.451337
10.375514
6.461828
18.398810
7.143829
5.776529
10.232174
7.654289
8.409891
8.548787
6.071970
6.613639
9.826321
13.019545
8.521492
13.477961
12.626586
26.261707
9.409937
10.213152
9.600845
12.541623
8.042601
8.331846
10.450100
17.918782
14.384168
8.515600
6.936461
19.324818
10.723464
15.078133
8.496908
7.518091
9.180449
14.999670
6.814059
9.966628
13.586100
6.589877
15.953007
14.759950
12.670837
7.896967
10.237655
5.900242
34.862507
10.309752
24.673357
5.892077
6.449647
7.652400
10.072166
10.102317
5.953741
8.209380
13.465468
11.529180
9.934237
5.643780
11.270133
18.286226
20.168992
17.409604
14.920328
5.559738
6.669432
8.825275
11.944112
21.112911
15.602018
6.846221
7.672310
12.851818
18.350398
8.375299
9.291757
11.097885
11.428538
7.079061
19.732031
8.600322
8.486153
16.152181
8.815525
10.195376
9.962959
5.900833
7.657673
8.974766
15.312448
8.635796
15.627403
6.913651
6.151712
11.787648
9.823540
6.796939
10.162292
8.433656
21.665919
7.538894
5.566386
19.054768
15.805401
3.925201
7.804927
6.564962
11.507149
8.092785
4.128753
9.220642
6.829857
5.817579
7.691947
10.396676
11.090968
21.066879
6.313238
8.920749
12.308547
14.152665
11.588575
7.991210
6.997222
7.053823
7.524602
12.316715
9.292401
5.991640
10.049773
17.566054
9.545161
11.729259
6.612670
17.214821
15.954637
6.878457
6.163267
8.225386
4.995154
18.755970
8.637589
11.066836
7.035272
6.076923
9.099582
8.061798
6.423422
6.872590
10.579242
11.415068
22.412141
14.994284
21.253125
6.592610
9.318500
8.189497
7.062383
6.377867
16.289317
5.633329
7.863118
14.538064
12.607967
18.122945
7.567963
17.401185
6.412447
10.071569
7.513356
7.865102
4.847885
6.666539
13.048929
6.671189
4.631931
7.927611
14.208524
9.589881
9.314799
9.768569
4.966952
16.313460
8.330075
8.626300
7.222534
9.999648
17.088494
13.359568
10.898246
10.413742
5.099992
7.021085
10.045087
14.546761
10.740641
7.113634
10.205652
8.635986
9.560279
8.770467
7.620193
7.664275
9.137415
9.597777
6.470828
14.772063
9.467374
10.362249
8.627930
11.038379
8.112608
13.562683
12.088977
5.123526
10.755721
5.036452
7.442115
7.958719
22.026392
9.714064
6.109410
7.173535
6.485879
13.500392
16.623405
8.380782
6.001283
10.957822
5.825344
7.393880
8.289476
16.325772
14.160058
5.863434
17.613028
12.817329
13.051669
7.190552
24.310500
5.757807
7.314972
12.741725
6.961486
6.058114
5.396871
12.963469
8.680543
9.299803
5.937418
9.512940
7.365533
14.320347
9.036634
