4.023215
3.203127
9.405583
20.352204
11.046195
9.020638
8.749265
15.849395
8.232101
10.469795
3.019050
7.595871
12.608634
13.727001
6.631307
5.040148
6.262821
7.083281
11.463130
4.174630
6.594742
4.886429
8.545773
11.717964
9.181005
20.800879
8.453563
7.980012
12.637922
14.960524
6.897691
6.865868
11.516770
8.419665
2.279165
10.711610
9.855545
10.455284
13.476380
7.376805
10.410779
8.599336
13.866464
14.760325
15.009883
15.681148
3.144620
4.515723
4.015713
6.974601
12.961007
3.673922
4.458772
7.053078
6.937378
5.008092
6.436178
8.886316
13.403994
16.814482
4.475106
11.658956
7.716528
3.781838
7.558448
23.421474
20.042591
20.438136
7.031483
6.774396
9.955296
7.061194
4.638184
7.450849
10.271362
14.766304
4.469173
9.326565
11.980563
5.777068
10.725040
32.947085
7.246979
4.465594
5.645386
29.385604
7.827095
8.913568
4.997605
13.059863
3.610129
3.639113
4.548679
3.817746
7.603883
7.903648
6.798208
5.756905
8.107760
8.913435
19.294427
19.811495
6.230058
12.803346
7.175314
9.591439
16.404183
15.949749
10.392059
9.260528
9.462809
13.380052
14.325621
17.791301
7.665894
6.823289
6.274178
6.584052
16.091506
20.406432
13.821008
8.094235
6.865280
7.012926
4.775587
10.990968
10.095794
15.892932
9.092007
11.918967
8.742487
7.812749
6.138266
15.748107
6.362063
4.429489
7.029723
7.353361
6.232842
10.424429
9.162170
3.636838
11.212311
15.792664
11.968686
6.288460
19.819949
12.224938
2.448180
4.462861
13.093079
7.644800
22.036884
7.300005
12.526106
10.181103
5.569133
21.328052
8.941846
5.821569
6.080773
11.461465
8.871646
6.025609
14.698039
12.643079
3.589395
3.180896
7.603298
8.327589
10.205790
8.026183
13.598450
10.307116
9.174210
9.991863
15.427235
19.376498
9.505582
9.335194
10.766275
8.258492
6.939220
7.089785
7.082452
19.249638
11.761202
5.452802
3.166852
3.237657
7.658397
5.468887
7.378689
7.137101
6.426460
13.847550
13.067333
7.422943
4.290355
4.341541
10.921378
3.747335
15.687914
11.502332
8.214172
5.573873
2.868459
21.659809
10.230355
5.607034
6.920461
12.454679
16.362747
8.449366
3.612179
5.813844
9.710027
14.526186
19.890094
5.134777
5.706590
5.988559
15.397688
7.160766
11.868482
15.110150
8.115297
3.001627
12.038429
3.252948
9.523004
7.119992
6.118919
4.957191
5.923142
6.650843
8.062488
18.082672
3.937424
4.420090
5.318214
4.455398
8.746525
5.077401
4.570731
5.946285
5.342292
7.975618
6.914634
8.569320
4.699556
17.155493
12.008576
7.311972
8.849977
16.041216
4.291577
10.069594
7.997039
4.454477
6.071896
4.836868
14.370624
19.814345
5.356422
4.996270
9.161055
7.762736
4.917842
12.308198
7.305697
5.961740
3.226372
15.466257
8.270272
6.401887
12.519993
7.013391
13.559042
15.223719
20.388046
9.343836
4.254506
5.855910
6.532321
4.890972
16.423208
17.333042
11.956636
17.583744
8.248475
8.627078
8.946987
5.996785
4.920496
12.292542
12.948936
3.276326
10.498036
4.194429
3.352228
3.912051
12.570398
17.588563
4.147893
6.071564
5.807793
16.732760
4.402422
8.392606
6.529192
11.325078
4.364911
7.032636
12.209070
18.691462
13.965210
14.286225
15.311036
6.429390
14.462471
5.488499
11.997336
6.341900
12.142801
4.151646
3.960742
12.075158
8.372180
8.117295
9.621796
11.104461
8.021116
12.065042
26.792089
3.572146
4.209407
3.429620
3.946003
5.412500
7.688706
13.074411
4.266859
4.032236
10.211066
14.367249
9.368095
6.920434
5.458391
6.618309
11.241738
17.091498
11.209098
13.077622
8.719398
6.086489
17.441597
6.650250
6.680639
5.724198
8.455747
8.074618
17.703995
6.979092
7.856129
10.531528
10.642699
12.066365
3.763973
14.495498
9.133327
29.144411
5.559126
4.968715
12.141922
6.063299
18.270033
5.679565
8.036392
11.477809
8.098590
8.208997
17.779464
8.254103
10.397408
13.199531
6.745666
7.569756
11.522979
15.960632
3.250295
4.522816
9.243177
13.627209
26.749569
12.689450
12.545337
5.185516
17.503685
10.644289
22.657444
11.353380
4.351202
4.379486
7.546394
8.882060
9.124824
13.938548
6.836552
4.646910
11.533962
7.846002
9.842492
8.672729
4.223937
10.437811
8.507671
12.186069
18.224245
6.876639
14.512409
4.214027
2.671123
5.384588
7.056381
4.516113
8.849816
12.086604
9.105800
10.419413
17.587286
7.614472
6.760750
17.222430
9.453189
6.256066
12.096285
4.907400
4.289555
3.537261
4.890601
15.706459
4.156121
6.737726
13.768459
8.212492
13.063450
5.495647
6.935287
10.064751
13.146106
15.539427
15.452518
7.685556
7.890571
13.080777
5.847660
10.124176
5.795069
2.986121
5.398312
6.344951
6.746870
24.786913
23.297419
5.489853
2.996195
8.202728
6.628761
3.168345
22.390569
6.734224
12.939014
9.250378
7.919247
18.429882
16.571109
5.344483
7.266202
14.522664
4.827104
4.932379
2.368909
5.010921
10.323702
15.983664
11.256487
6.235493
20.503414
18.313172
9.697913
8.032779
6.901380
6.569709
7.973294
4.160168
9.024756
5.933896
13.806354
9.104638
6.614601
7.101879
20.951354
13.324660
10.928547
7.983403
11.859800
13.053852
6.231196
11.528549
6.133303
8.859911
5.264968
5.676002
9.472485
4.154972
7.597975
8.751188
21.488670
5.408297
3.584507
5.254927
6.620065
8.967329
12.410830
4.250308
20.100033
12.150610
7.698208
8.436363
7.709939
6.014006
8.308804
8.406253
7.394806
25.858136
10.475271
7.937475
4.585769
5.417709
10.422500
14.402290
7.877932
8.908561
13.183491
3.808385
5.410937
9.167728
16.542121
12.774224
24.015271
9.899185
11.319539
24.748237
22.795043
14.985808
13.282429
8.760413
5.121971
6.045759
7.540008
24.481035
33.480662
14.022642
7.363032
11.503868
10.171702
12.166445
13.174671
7.285520
8.158439
7.477500
6.515342
5.184224
9.942198
14.660780
3.828250
10.813696
20.351074
10.049668
10.821488
13.953063
13.202386
12.232786
5.337377
7.800595
9.417065
7.605247
14.350422
7.431813
12.678575
17.492617
11.039507
6.924310
6.630218
7.890224
9.966656
10.976580
10.029470
12.223122
5.652489
5.998911
7.389678
14.342913
6.046852
7.650096
4.338368
7.428772
10.793885
9.414656
17.762622
6.742644
8.091914
8.705897
15.423935
3.556195
5.067167
26.847571
26.645145
7.992259
4.542840
12.960641
8.054754
11.205069
10.324566
4.679730
4.404734
3.587908
7.046697
12.916549
7.224672
5.569590
3.203022
5.651356
9.088938
5.758154
19.974383
4.298295
16.489086
3.944327
8.615396
10.027567
7.323838
10.248904
8.967950
12.048605
7.349095
11.282639
9.688878
5.055998
21.874883
9.064233
13.553722
22.659433
2.634020
6.989622
7.426711
6.000449
10.230863
12.346516
13.018952
8.796421
10.955422
11.935851
5.267065
15.308097
12.610379
4.735534
8.029911
13.848269
3.971116
7.752107
27.320750
10.604422
6.689076
10.621305
12.378915
17.400908
10.985793
10.704432
5.312438
6.386265
10.273214
10.220738
15.212995
8.104768
2.870311
5.175991
26.174604
7.812525
16.829603
5.754744
3.010796
14.003348
5.372750
5.380418
6.785800
6.802269
13.218493
8.958830
4.063709
5.770756
10.669929
8.923715
10.048503
18.358219
3.835579
3.546916
12.499258
6.083477
13.097889
11.917841
4.123192
3.883615
8.994025
6.545913
14.454812
19.248267
4.061289
3.905563
15.412619
5.986577
4.311704
11.520119
12.015086
7.484653
6.929332
8.504058
23.145004
13.869982
6.742056
12.080909
10.757443
7.928339
4.189884
7.309098
2.407393
6.247855
9.277989
5.508914
11.959255
13.677945
10.568982
5.931574
4.182162
15.809477
8.733751
5.160669
8.223189
9.928447
11.805302
5.564265
3.573378
8.533106
8.920107
7.336343
7.596202
5.899332
11.868831
8.548673
7.403431
8.343512
4.295006
7.642389
14.433043
13.729659
12.934964
13.301388
4.716540
8.445088
5.483837
7.437885
9.641948
2.342526
24.765210
4.827304
7.030106
3.624626
4.880057
10.334106
8.497825
9.744645
14.192444
7.496275
12.892131
9.105617
14.893429
8.870345
10.423332
7.173532
13.365786
13.646615
8.250967
10.864116
13.173089
9.802555
8.480892
7.233588
10.892929
7.854959
13.874500
13.180923
9.807336
6.162065
8.228354
13.268635
10.028028
10.738553
4.324517
5.477119
3.564267
3.638037
5.118392
13.040370
6.151430
7.146189
7.665716
19.031817
5.670587
10.994033
15.318474
36.410590
14.090601
7.130308
2.946968
6.773357
4.618565
4.956419
2.889789
9.699880
8.867863
10.903023
11.265272
5.078126
6.741136
7.555493
6.651558
11.257564
6.967287
8.824362
26.879840
12.974729
8.519234
18.945763
8.087316
8.550327
16.265928
35.507880
8.626069
24.198423
12.284692
7.348476
5.711629
9.008845
10.274162
5.886723
5.112594
4.230335
7.137134
4.452385
5.517083
3.529493
7.482379
13.841277
10.415077
6.569388
14.343597
6.111189
13.691851
7.537355
9.531352
15.247876
3.649274
6.220825
11.240491
12.377241
13.782005
10.146334
4.317718
3.760089
6.361168
13.233476
10.506291
10.600717
9.873376
14.693053
12.634463
16.608696
5.124672
10.667803
5.781025
6.935184
4.241892
6.812861
14.257551
9.945519
16.869060
4.937542
7.009850
15.944205
9.441385
7.658238
24.791349
14.783238
17.435456
10.371554
10.490696
5.870700
29.275559
8.679418
8.686337
9.594566
5.234403
3.637963
12.140267
7.582279
8.159840
11.830741
3.982851
5.260565
11.085124
12.152590
5.329726
18.217359
7.243020
7.587719
13.075753
6.452885
14.885897
6.224465
7.502071
5.822072
10.187324
7.446609
12.719080
15.949887
15.157158
9.829752
6.146178
8.817324
7.583974
10.093164
13.155646
12.366658
13.583982
15.181770
8.786814
12.717402
23.625715
4.832878
6.732339
10.220498
7.450342
8.459275
10.447713
13.999326
5.504768
7.461265
12.535161
9.047716
8.669086
10.933008
10.331048
6.167996
8.812239
8.241127
7.717418
6.594862
15.001053
5.975925
5.818370
5.695539
12.193769
41.764300
10.904652
8.219719
4.338774
5.655585
12.408464
17.419627
22.244858
6.066462
2.420661
3.452634
14.304917
5.785413
6.961350
10.475127
15.037301
14.308462
16.838104
5.518661
10.192798
9.338644
5.265356
11.239923
29.800192
12.311217
12.135757
22.247398
13.479868
6.476744
21.269571
23.544295
5.287144
9.836773
8.365081
11.501068
7.098174
7.497893
19.213910
14.785091
4.678205
5.386510
10.292327
6.218453
12.380648
8.787971
9.805784
25.943861
8.980102
6.808159
7.429459
20.852836
17.543783
7.257610
10.812669
8.231700
10.017040
4.602027
11.515521
14.433839
5.272636
9.175101
5.509271
7.207487
9.945236
5.774111
4.303740
5.188664
8.270336
12.417107
8.076015
2.621937
6.084597
7.127069
11.481912
3.791533
8.744098
7.791336
11.003408
6.541000
3.193425
4.240402
13.545771
8.347790
7.352766
4.345636
9.816669
8.064320
8.915396
3.192732
4.995113
6.352067
17.313022
5.342853
7.133384
5.971542
10.388299
5.427492
9.064230
10.051797
19.242737
12.691407
15.646738
11.354555
24.275023
9.252675
6.573140
12.423453
8.368603
7.785925
9.562037
4.950255
7.017774
4.692005
6.784520
18.722538
24.378468
6.272918
11.026988
4.208093
7.130525
3.419949
5.757733
2.690119
11.889068
7.251210
7.755369
2.784355
2.374949
21.691622
10.672677
7.937196
3.463946
9.431930
4.607799
7.820573
8.119614
2.731153
7.942360
11.034261
4.592622
4.125102
11.289966
9.478403
9.134604
8.000382
14.146343
14.304152
14.302466
3.280098
3.441916
16.612101
9.903576
15.638605
17.539300
12.019334
12.650785
10.771099
6.856885
4.359527
5.065749
6.822760
11.079842
8.629705
15.657915
18.832177
7.673340
11.498156
10.723959
6.089170
12.042063
8.349607
16.158759
8.039109
14.652559
8.948635
7.931390
8.073919
8.985283
14.199018
13.167464
13.622818
15.835369
6.019953
9.448622
7.823168
8.518441
11.767177
3.753732
6.416410
14.954008
11.539864
9.967111
11.506296
31.949195
17.467698
4.973580
6.870319
12.742637
3.245265
6.125787
6.022988
5.262426
5.077856
32.016989
15.204143
9.827668
6.145731
15.013111
6.759239
10.183207
4.031568
4.921173
4.500944
7.270654
8.988324
19.714485
12.677852
6.267628
3.741013
6.548000
3.259694
3.585091
4.948691
8.114027
6.502725
18.436981
4.247686
21.266655
7.584661
6.874406
10.311607
5.388846
5.760539
7.085522
15.035441
11.183855
9.809012
2.557332
11.110516
2.447944
2.791939
4.002715
4.746256
8.374280
16.899346
16.334149
9.497192
8.968116
6.646778
6.736142
4.827904
4.956547
7.549552
9.297494
4.507086
5.787820
5.267166
4.265749
4.899772
10.689418
7.278409
10.512770
10.505646
11.224913
14.594731
11.184943
6.872626
5.828056
10.587629
12.305826
19.032846
8.881203
6.605428
3.633755
15.010299
14.620723
9.580926
6.317913
13.619008
6.714060
9.804460
5.019892
8.209407
6.634858
6.688155
12.726756
15.780541
11.417517
9.441860
9.850016
10.927307
3.115523
11.066121
7.544571
17.383226
12.314501
8.805783
13.373267
9.156975
5.038907
6.700825
8.496122
14.062529
3.450521
11.840919
30.095927
8.349222
9.868365
8.535967
7.077052
6.294239
17.549218
5.558364
13.114517
18.032907
10.134583
12.420321
21.301359
5.283351
9.580075
10.991306
10.724408
9.804583
10.041554
11.003342
6.594079
3.577311
6.521108
8.582899
7.020174
20.985188
12.641611
15.630294
9.559682
8.274086
7.686162
8.820355
13.702930
7.649445
16.472231
13.290344
5.903455
10.528031
6.552219
9.539501
14.393024
9.196293
7.018951
8.731636
11.728392
10.999192
10.477086
7.176266
10.513854
8.689449
4.432565
4.547540
8.898726
6.440761
8.734135
13.838099
15.196426
8.407118
4.671348
9.461724
4.528850
4.412735
10.530028
3.068643
4.568091
5.574529
8.914039
4.295578
10.648250
24.439341
11.365318
7.676766
24.824823
4.250561
5.849381
14.079505
8.497535
4.353214
12.656253
5.994614
9.949446
4.759947
8.922380
7.142072
5.108546
4.455261
6.355558
10.126538
6.184445
5.809567
7.428394
4.908491
3.294971
7.399870
11.459975
10.268332
6.666061
6.663389
6.064703
3.576565
3.466898
7.615135
13.846203
8.544385
11.722125
9.981747
29.504630
15.236969
8.446546
4.946565
6.905964
5.111868
13.893237
7.066041
5.686157
11.923290
12.038379
10.663889
29.972916
12.333087
16.047252
19.404256
28.481775
19.043083
6.591779
10.725255
10.068448
11.588851
9.539162
6.303007
13.886989
12.014235
10.896468
5.897702
9.636515
20.757435
5.751934
12.271425
5.916573
10.471754
7.250803
11.946130
7.095748
7.341564
10.086777
3.000274
6.429429
6.480329
10.893548
12.018562
9.335763
18.649436
21.039509
8.849723
7.154756
4.312780
14.240243
10.380124
3.676749
3.001287
7.177879
16.284046
14.049293
25.292630
5.229226
13.180534
4.044796
7.177063
6.966626
5.841437
17.702549
11.362991
10.001021
7.923888
15.835609
4.880987
8.012206
11.671349
5.289335
6.413472
5.885715
11.111993
4.269789
3.748756
16.204416
3.026737
6.848824
8.167750
7.380483
5.004335
3.004860
4.657764
5.295433
4.356279
10.456547
10.229987
5.286380
7.438092
6.235799
8.558052
7.998411
7.934167
5.971778
20.518622
9.916054
15.729468
4.778695
3.269416
6.701791
5.470146
17.602653
13.745372
20.040787
11.109306
11.053470
7.053964
11.888862
13.594165
5.932151
6.376731
8.444091
7.451378
7.196496
8.183190
11.076575
8.317354
3.995885
6.386639
9.303826
8.086687
11.976916
18.208137
9.402811
10.633548
6.945113
4.966799
5.568093
8.369054
9.104349
7.317525
4.264596
7.018730
4.871987
9.231701
11.109284
6.068523
7.599234
7.465325
12.862788
12.084897
15.027729
10.863232
5.634118
3.120115
6.894814
4.683137
6.565498
11.835186
10.213524
3.181620
3.976692
8.517827
5.595800
14.978114
6.292903
3.073444
3.722783
15.132842
15.349813
11.188592
14.329832
3.440413
9.700580
4.913703
5.249642
11.394214
6.271928
26.145660
10.844400
6.880155
4.049145
5.382771
5.439586
4.139260
4.325980
2.442882
3.709572
22.230274
11.086922
8.639181
3.015123
3.927579
2.752602
4.835579
6.704762
8.877296
7.522776
5.109301
5.880368
17.840639
20.013020
15.003969
5.623444
14.105375
8.591396
16.849641
8.847084
6.484927
7.335279
5.892310
13.943114
9.251961
14.359223
16.609129
15.756427
9.775749
5.692752
6.128633
18.046651
5.476135
10.009873
27.546732
9.428129
13.988461
5.393158
16.263966
7.166535
6.312280
4.333664
4.057407
8.772962
3.945452
10.776374
9.631163
4.872307
16.077591
8.183550
4.565422
18.353204
29.305755
6.673969
5.196042
5.311027
17.490937
10.733347
11.850709
11.665934
14.796537
19.164939
8.876160
12.801554
5.727408
8.101658
3.574852
6.115490
10.399255
14.140402
6.379513
8.970392
14.398976
17.055802
5.523217
7.687197
8.686967
22.890251
16.348617
13.395360
10.301100
7.146270
8.815906
5.774800
5.758263
9.358354
10.194236
4.135341
9.022781
15.709062
10.566579
4.047126
14.331591
4.784053
9.003835
19.698039
6.290668
10.245181
11.679127
11.400610
6.113459
14.501602
3.618641
2.604157
12.368424
3.737615
2.327500
3.067078
3.462334
12.415913
18.835514
5.504997
5.292277
7.849110
7.441056
11.016300
12.649901
7.722314
9.236958
13.920404
4.616525
8.226061
13.795173
13.619847
3.666792
13.272059
5.883614
4.201518
12.442569
10.851746
6.508280
12.130169
10.427945
14.455579
20.055517
8.339819
5.961231
3.129921
5.939083
5.859058
8.392197
5.281177
10.445809
16.084012
5.014308
4.906926
9.808308
6.647988
5.831310
12.681188
24.524147
7.452331
8.920731
10.596421
11.321884
11.892711
4.297047
10.562190
36.490127
6.911923
5.215361
3.359110
7.054109
4.790181
8.173044
29.154856
7.113882
7.846864
13.673571
7.620961
9.023678
3.877059
13.591726
7.777706
6.869899
9.207903
14.264788
10.320590
13.250982
5.074781
5.728599
9.938744
8.079872
11.489958
7.547404
7.753228
15.594009
10.179058
8.977793
12.338847
7.478958
12.976452
5.565284
6.811404
6.544880
7.544430
6.577621
9.174935
7.738939
8.577483
10.303370
10.128598
6.428426
3.839786
7.881001
10.253313
12.586147
10.997673
12.026404
10.304133
6.680892
2.501696
4.813197
19.207722
8.921404
13.918031
9.826629
14.442889
16.204397
8.009374
9.712434
9.336650
8.721176
5.680338
10.188557
3.423348
4.957742
20.287511
4.927930
7.851474
4.807568
4.068694
8.747109
4.580258
6.727641
17.022006
10.609983
16.771034
6.155712
8.450603
11.966025
25.268133
8.797360
4.909021
17.580595
13.445195
8.091138
9.119691
4.703359
13.556014
6.315129
6.956930
11.856007
15.486954
5.993690
8.615832
7.804764
11.827250
10.985745
8.901383
4.665233
6.903667
11.522944
14.720905
10.597757
5.101041
13.978898
7.665323
7.310395
16.442046
6.234202
5.077123
2.996707
7.885453
4.701316
6.469607
7.889029
4.594489
8.593713
23.309876
7.249703
11.917777
10.847696
3.673739
4.438998
4.342399
6.756100
5.860535
10.201341
8.334776
10.140563
9.339918
9.317478
11.755314
9.790598
14.350597
19.765279
11.305637
7.407876
6.299549
5.530359
5.631788
6.850955
6.059373
6.181082
7.012206
16.130906
11.865451
6.310200
4.528435
15.978527
7.773734
6.167852
10.933565
13.891528
11.402120
6.849887
3.515848
5.622388
6.393825
13.540245
3.706201
7.054648
13.712649
8.661164
5.808703
5.562645
8.514956
12.804849
4.453063
4.447367
4.457142
4.854451
5.749742
7.440623
3.610030
4.840054
6.605522
9.056368
6.124665
15.058041
9.568227
7.740475
6.213796
6.494999
7.367159
9.180711
13.096095
13.526012
7.466248
4.629698
3.854839
15.344750
4.960459
2.759675
5.468920
9.939928
5.763747
5.696785
10.977800
3.420189
3.553448
10.088973
22.519028
10.418048
14.596902
6.921799
8.473321
6.511642
4.203426
4.407036
14.821737
8.515139
8.339073
5.233279
4.838843
12.734994
11.600752
11.531055
11.637509
9.954074
10.864494
11.601855
9.435734
5.119670
4.242371
22.868682
26.850004
8.567051
12.045972
9.833454
5.119791
4.102639
10.187848
8.930605
8.494425
29.092055
5.469121
9.951797
8.660577
10.741700
19.672232
6.269941
6.857699
14.510090
8.419088
10.130417
20.783826
10.815265
9.097872
5.546208
12.309079
7.713974
21.516023
12.281769
8.134586
12.083025
25.395375
17.088072
13.559814
11.648463
17.162386
8.705580
7.242818
10.877687
3.123428
7.044037
26.371822
26.930276
12.309953
6.155546
3.790124
4.615841
7.804273
4.177668
5.962294
8.662222
7.004091
5.915412
11.180304
3.915499
9.806385
14.823812
6.307355
7.541635
10.167585
4.505754
13.536131
21.125538
13.054688
11.859871
10.518951
4.204191
6.161735
5.240222
16.230798
12.269295
26.246241
7.757288
5.855618
19.434572
8.158216
11.303614
9.616333
14.454386
11.770093
11.498272
15.413951
15.969833
7.158904
9.652361
12.134500
12.219796
4.395761
5.918789
19.884897
7.346678
9.961628
9.866339
8.126172
4.453874
9.774814
26.677372
11.017688
6.537081
5.819435
2.960068
4.818355
14.665418
8.050832
7.907577
16.040463
16.133828
14.742686
4.880062
7.578675
7.643272
6.484014
3.665418
8.451734
10.554470
6.291453
7.602443
13.430623
9.832523
11.224551
9.643091
16.943406
9.608057
2.306311
3.779080
11.505752
5.906630
3.785397
3.408924
8.286101
7.930711
16.398806
11.655689
5.859365
11.971678
2.779873
5.983089
7.385163
9.546825
19.089685
12.498261
14.603293
4.615609
6.223077
19.922736
14.010656
6.455185
4.827297
22.040175
7.596773
12.047958
8.254904
15.622328
6.637024
5.908094
4.580003
7.365240
14.149838
20.070130
10.903704
9.905598
9.694765
3.203517
5.452767
18.594582
9.247394
16.683800
5.451570
5.129019
5.867079
8.626752
14.351985
8.970116
6.276839
8.793335
9.096738
6.147573
4.357334
13.414024
9.204242
14.094176
20.605982
6.889736
7.599755
7.747715
9.162753
9.358608
20.945053
8.204897
14.580929
7.806890
5.053518
8.307167
15.732535
7.699704
6.789883
15.596359
6.038442
9.051325
5.345835
6.721143
12.161394
9.174352
8.556275
8.552495
15.986381
8.276283
5.451878
12.448958
14.910517
14.963806
7.369263
13.746257
4.322492
5.679264
6.330762
4.639955
11.337109
8.390454
14.737433
12.977865
4.378038
12.816168
6.410469
15.791736
7.452593
22.915610
11.378353
4.155256
8.818614
6.328647
7.826308
9.519240
11.717332
5.508257
4.129979
3.473270
7.050906
6.523300
12.473266
5.878373
3.567430
6.700835
7.502485
12.299568
11.194922
12.126408
9.003902
17.287471
9.392933
7.567363
6.201118
17.488982
9.257808
10.289693
4.750146
2.918556
23.358075
5.965886
3.864994
9.713968
11.054444
4.682668
9.017164
7.006418
11.833229
4.991585
14.043823
7.092559
7.713816
4.902248
7.414135
6.412499
5.110377
4.304871
15.370485
7.672338
13.330038
7.666251
4.508274
11.975717
18.476938
7.385822
10.652175
6.979951
8.035466
18.476019
12.105494
7.927287
5.275236
5.815823
7.607087
7.876494
6.274479
8.425352
9.681947
6.287237
5.895615
18.863148
4.070451
10.311796
3.383259
6.509921
9.675952
10.497775
8.256107
10.239942
6.712430
6.428726
11.948674
13.537598
17.514613
12.577649
2.334458
5.174824
14.934782
4.971636
6.376680
12.410622
12.408963
10.988368
5.117472
3.531979
7.183258
14.832770
7.145419
13.349330
6.803210
4.535884
17.581777
17.385666
6.669704
9.968364
13.664333
16.083574
7.286552
16.999867
4.592977
10.341543
7.809121
4.164116
6.180644
12.487186
12.354672
10.685785
3.879838
11.074354
4.944329
8.155568
7.780906
8.644062
5.208657
17.664929
17.225806
8.111664
7.991634
9.022095
6.920726
6.176586
2.963915
21.307634
4.949588
5.629228
7.537449
7.576707
5.898905
3.735805
11.882300
17.757885
8.610515
23.660633
17.551160
9.542685
7.204731
8.023757
4.699625
3.982956
6.600262
7.395915
4.233595
11.011457
7.283726
9.866854
8.554705
11.040031
20.421558
5.603172
5.215669
5.180235
9.158189
10.770846
14.948305
8.986482
9.456253
11.094388
12.548638
6.191031
14.725748
14.579230
6.969710
7.709414
8.950031
17.977072
4.320854
6.587637
10.743770
23.390679
7.592195
12.526234
10.594264
4.604397
4.817171
7.024069
5.012199
3.760270
6.406976
3.326159
16.768931
12.728932
8.784658
6.270655
4.003824
16.461910
11.242304
18.962873
8.994458
4.412525
5.083974
3.525456
7.981743
1.839732
3.357330
6.951704
11.733276
3.491580
4.577941
7.607923
9.499333
6.834862
8.282336
7.023449
17.919043
8.409642
5.787655
9.858500
12.643916
7.089003
5.932121
11.671365
9.315766
6.612322
6.584697
8.841286
7.703522
5.195174
10.857572
12.686907
7.758933
14.561495
5.297574
9.193797
9.783175
15.272788
11.528096
11.218944
6.821827
9.998747
5.162945
5.167728
6.823917
6.517572
5.496145
4.706032
17.410127
8.049536
7.313450
9.392639
4.955382
3.918926
7.941803
14.673331
6.718051
6.006734
9.315752
17.738464
4.113541
3.271965
5.257746
4.618909
3.906263
5.600619
15.083351
34.470489
4.000491
9.956190
7.905627
5.839236
7.773771
5.181568
5.922620
4.715645
23.074104
7.037344
2.551780
7.492580
10.129703
5.108768
12.886831
16.450377
14.000999
8.862524
4.279375
12.133143
21.674944
7.476676
9.524509
4.474950
7.639833
11.378888
13.487379
25.147794
9.051807
10.358811
19.067941
7.662109
18.956916
15.429539
11.421734
10.360622
6.186833
14.495553
6.819256
7.337743
3.920685
10.709596
9.600570
10.200875
2.831376
3.596119
8.606351
6.418700
13.243027
11.294693
5.719819
4.620961
7.022129
7.359253
7.921020
7.182449
6.100213
6.725526
7.520337
7.601517
12.745004
7.327368
5.110231
7.788183
12.310365
5.796806
10.237472
16.781615
13.978715
8.697587
16.392945
5.914825
10.538499
4.786319
3.655145
5.379348
6.276879
10.274637
16.349418
8.939648
13.004296
11.612479
4.878574
12.569131
17.714341
15.318690
10.626157
11.705386
16.516516
6.823243
15.780843
7.059060
7.922610
9.774045
4.713584
5.816290
12.435833
14.732222
18.402486
9.126928
4.267689
4.185072
9.297341
8.541974
8.570322
4.338816
4.878832
11.388459
5.847916
9.279961
9.936372
14.783964
8.230892
16.384524
14.638324
5.991228
12.012211
9.754545
12.155621
4.659274
9.300307
9.067473
12.717016
11.794567
9.169018
8.680458
5.927836
8.464714
6.683809
12.286776
16.947270
9.183952
11.265728
4.684368
4.772352
4.625266
4.884185
5.377541
12.111199
10.291768
8.572960
7.244318
7.179480
18.771326
12.050001
7.962994
5.888898
6.801734
4.659340
15.764609
13.173344
7.013185
4.411800
4.706456
7.964531
6.742335
5.932669
4.950375
6.212831
16.264287
4.501011
3.799282
19.682076
8.506942
10.116795
6.273193
5.643011
2.938082
4.792064
2.348697
4.265835
3.613820
6.067865
9.990548
20.583696
9.999917
11.241762
13.846522
15.763892
7.120300
15.819945
7.982262
8.489218
12.183021
12.847138
4.747469
9.824567
19.685291
13.828353
4.503559
7.138523
5.310100
3.718240
4.543100
28.127058
5.994558
13.640724
6.379688
6.494873
8.228230
2.204367
7.681134
29.813972
4.484878
4.116685
7.152683
12.335857
13.726881
10.086198
3.943985
7.672706
10.509034
9.452451
27.721304
7.480905
8.380972
9.698674
11.677645
10.079311
18.805797
25.657285
9.267279
11.414584
5.339068
5.731859
6.336066
6.734704
6.879992
15.554107
5.851684
6.509484
4.071038
3.348296
5.958725
15.584595
4.721462
7.939530
10.903967
8.473050
3.732497
15.167447
8.301497
4.522668
11.354375
11.311168
7.504461
9.403078
12.786101
15.505527
6.832658
6.101844
12.794903
21.662779
15.726503
12.109355
6.079529
9.502553
9.072616
5.705653
3.786021
5.463732
10.974884
3.634299
4.651789
18.202087
11.321653
6.804622
13.737608
8.155901
6.353543
7.703076
5.056008
11.945939
6.320525
13.347503
15.032081
2.816448
3.086622
15.654776
18.734509
6.511826
8.962397
11.486275
4.916812
12.105617
5.205128
6.691619
6.841813
15.488365
6.122775
7.103485
8.846995
3.179099
4.334630
6.370160
29.823281
12.184691
5.011149
2.705437
7.490288
13.255230
5.464777
2.927767
11.065304
5.633062
3.651797
7.345362
20.214769
10.768370
3.392553
3.634991
10.826713
5.399204
8.115034
5.329099
3.849491
3.683363
21.386294
13.587269
5.014176
5.800514
7.960909
7.633784
7.122393
6.652493
4.994728
4.794422
8.147946
8.284849
15.055084
15.703863
4.851771
10.343570
5.179614
6.891691
6.721862
9.753753
2.939488
11.023287
6.595464
6.837841
7.291440
10.021851
9.431902
7.633300
3.198370
3.452837
5.321659
4.702023
6.999057
4.677884
15.607954
5.487493
8.026804
13.666045
7.156997
9.584490
9.407676
6.254928
6.932275
8.187213
10.951004
4.624102
6.387214
7.845156
5.466487
6.448731
14.865355
8.778316
6.198543
6.431772
6.102474
15.686813
7.897405
17.171240
5.668067
9.925427
13.166899
8.730680
9.845586
9.218329
7.294023
23.956637
5.397857
12.729509
4.429516
9.944496
8.118837
19.529478
3.130348
8.610861
13.747607
6.173865
6.948496
3.820588
9.062173
13.091537
11.130244
3.605969
7.216265
6.342231
4.403335
3.301291
9.260464
10.805062
9.643810
8.247076
4.471225
11.843537
9.630508
5.463769
19.935185
5.494144
12.943973
7.171998
14.282558
3.758076
3.120187
11.728700
9.280485
10.657775
4.940726
8.206775
10.549248
4.589925
5.007188
6.739538
3.663868
8.295091
10.263212
7.069624
13.947820
4.794778
24.144706
5.581636
5.576519
5.412131
11.155742
14.043902
4.828751
8.839188
7.144976
11.103026
3.769001
12.222193
15.675103
13.564406
12.691551
6.455699
7.233073
4.895180
7.016152
6.819384
8.006129
7.288358
7.994725
4.094626
7.683593
13.971549
9.424409
10.834043
3.423790
3.604857
7.968104
5.989505
5.339841
14.605758
7.816864
8.308748
6.732836
6.986761
3.331626
6.354307
14.489725
7.128154
4.157821
12.123093
10.031535
8.348736
15.760410
12.418523
7.395477
13.476896
4.143585
12.467324
7.421715
18.065819
13.433593
6.250134
4.733616
4.407767
10.664254
12.846120
16.191984
7.205224
9.134475
12.011003
4.170868
14.564003
8.662187
4.035248
13.064382
14.744621
17.422465
8.105820
14.028653
10.787775
14.640952
12.316454
4.077048
14.960842
3.820551
2.938086
4.403277
7.521630
4.891461
5.754514
15.316781
7.844123
6.023684
11.310680
20.506598
11.484253
6.885467
3.098365
15.519870
7.673367
7.447516
11.434569
6.712117
5.220849
5.327593
5.362930
8.247702
12.898596
6.818607
6.451013
9.595737
8.798797
9.620771
13.525064
7.210421
14.032967
6.013098
12.388846
6.643816
8.043071
10.711457
5.969366
10.254741
10.140780
6.006034
4.909516
6.742851
10.198178
15.465068
5.245204
6.049053
5.289645
6.508944
9.766723
9.985083
10.718798
8.171920
10.283751
12.312928
8.823273
7.883820
10.778157
7.496907
3.430509
9.692081
10.086954
9.402280
6.583906
4.745321
3.924117
12.520948
6.042443
4.392781
8.106842
7.914837
5.450173
9.251800
5.840241
9.270015
7.890608
6.675714
6.423042
4.914625
17.200652
5.257840
5.642813
6.654540
15.825331
4.161308
11.585757
11.766347
13.152804
14.968620
12.790453
16.792551
12.184251
31.339959
8.570246
10.494674
10.844845
19.724828
10.232816
7.784558
15.744301
6.987603
6.438342
4.941901
14.371514
10.521868
9.317643
11.590681
3.824609
11.953177
8.108948
7.173038
15.534258
7.509852
15.753942
5.926375
8.092093
12.236849
15.785146
8.927526
7.651736
11.446115
13.454063
4.680399
12.165956
18.318829
8.687360
4.319649
14.082614
6.237854
8.627573
4.392129
4.082484
16.700589
9.782346
13.943802
9.339911
3.600657
6.403459
5.601515
12.614017
5.157152
5.460527
3.742080
11.495908
13.096463
7.032491
18.161920
4.318040
8.426818
4.532803
9.187836
11.205765
14.077829
6.041360
4.841365
7.764741
15.627374
15.280813
14.192058
9.347015
3.051972
6.555726
10.170187
13.266425
8.117136
4.980175
5.848514
3.272638
5.475842
10.089085
17.512757
13.478604
6.161038
10.597327
5.772424
5.729490
7.335961
10.154775
6.076332
20.102353
22.985729
12.016522
5.556048
5.479742
5.978505
14.541786
12.228500
4.873496
9.228153
13.713749
24.625882
14.299300
7.205737
12.882138
9.327765
6.774639
9.807891
15.586137
8.057127
11.588207
9.091546
13.528935
6.850260
14.085176
14.110867
10.892510
3.776728
5.053526
6.323417
8.310954
9.659554
7.650714
18.073248
12.198193
12.602734
8.826831
6.300542
4.084213
6.480486
10.540379
4.417876
13.046110
7.935461
9.109736
27.520472
7.738645
7.250653
7.372145
18.256584
8.699917
16.923011
7.925768
5.074641
10.326819
8.762151
4.550226
10.836205
12.512453
26.176385
18.691496
3.967269
5.985934
7.930613
18.159501
5.235930
16.593415
5.747050
4.649164
9.859954
10.407122
8.028063
10.886174
10.518436
7.154008
14.736159
3.729028
4.657990
8.410061
16.541998
4.713729
5.710645
6.616920
5.838168
10.181814
11.894748
5.300810
7.646148
8.804250
8.886966
6.822143
7.803735
14.112968
12.413805
5.960254
32.893866
9.056967
4.882103
12.032940
9.337019
7.561648
7.321152
6.711896
16.454363
9.987370
22.990843
3.941899
5.895946
7.270129
7.873365
7.929309
8.085899
12.260030
7.251154
5.488683
6.769789
5.610924
11.214871
9.122466
3.860261
6.815753
7.131108
6.624590
7.494672
18.370901
9.282392
7.033994
14.998690
10.308957
18.455201
11.856062
9.133300
7.767387
11.078034
11.708998
7.214818
4.117593
6.249331
23.947962
11.292234
25.579873
17.922266
16.755805
13.148060
6.322369
11.109118
10.045704
5.581322
3.656264
8.803944
17.407068
4.248454
3.261349
13.262320
13.253894
5.703113
9.415304
6.552292
10.324446
12.864353
13.336300
5.517738
15.486094
8.663586
9.671344
11.436847
9.546441
3.742136
18.690859
6.179120
26.189207
5.998545
6.833074
11.847709
11.067671
10.561631
7.995113
16.832904
6.745724
5.116018
15.711338
5.166753
3.078106
11.275940
20.221741
25.668700
3.037395
9.372285
8.154005
7.196610
15.016468
30.367815
10.867563
6.614214
2.531195
3.331983
6.468100
4.944403
15.572390
10.089598
9.875933
13.000524
6.443406
2.160432
15.362143
8.881918
3.540571
8.261474
7.978192
5.128768
7.053491
15.058637
11.930864
9.030554
4.993229
13.841392
9.972367
5.857004
10.584271
6.059799
3.982676
14.767876
7.898297
14.569575
8.593066
14.867194
7.274654
5.481379
9.846594
11.985095
5.047629
11.209559
8.085867
11.043300
8.889972
5.667661
11.079355
8.609854
17.403350
6.507675
18.731309
11.942233
10.199849
10.680749
4.114172
20.554460
17.761436
13.292137
16.247833
12.463046
5.492900
12.494794
14.247469
7.027710
15.400437
5.188434
13.088085
7.646361
10.859804
8.086372
4.750613
9.173639
9.648188
7.916350
15.019878
19.047758
13.479362
7.822174
8.257289
3.899567
3.630660
11.117448
12.490222
9.291433
15.292555
8.833917
14.433734
4.897895
9.410124
5.383324
8.175463
5.275315
8.608406
12.392984
5.054494
4.440548
9.287698
3.707861
16.530232
14.782806
9.049747
8.251151
9.678524
7.296821
18.480940
16.453878
15.140026
7.336892
3.505454
19.489675
10.414564
8.419533
5.011090
3.779944
7.972758
20.784801
5.636046
7.728519
2.712103
2.737225
14.645259
5.947572
6.202128
6.609915
7.494048
12.002524
10.559689
5.449681
11.466509
3.787334
2.200825
6.864865
4.436363
5.096254
16.761253
12.613697
10.882668
23.855546
5.026613
4.206282
15.528856
6.205730
6.463199
9.908745
10.492674
8.655858
8.096642
13.112249
7.011439
4.926933
8.522303
7.732374
7.569192
16.764482
17.218484
10.323386
4.666611
2.875740
13.582085
10.372565
6.480648
3.788961
15.710932
5.561501
6.396178
3.736075
35.193262
6.108458
4.055611
9.468164
9.602017
4.916939
9.367155
8.000648
12.837374
5.842284
10.888233
8.805910
8.154696
8.497895
6.074773
4.457879
4.067400
8.858484
3.884510
9.450793
2.447986
6.943535
12.710488
8.257802
8.068755
10.078844
2.117208
5.801703
6.889638
11.576596
2.194955
5.792824
5.069146
5.016032
8.930295
3.368120
5.745739
2.620196
3.087169
13.377299
8.858065
7.417232
26.428647
11.958600
7.906689
4.478769
6.465517
4.052280
3.209335
5.769529
10.248003
11.339837
4.112260
4.404569
6.876875
5.642944
3.622650
4.536701
6.133234
11.339686
22.848965
8.115469
6.558631
10.248081
13.877698
10.616163
16.044687
10.227580
14.454812
7.279362
6.686537
13.681011
10.768351
16.154968
5.131853
4.635763
5.130588
8.316034
10.096637
8.857080
4.348122
5.548278
7.809136
5.320354
18.706197
4.838246
7.318260
9.981862
7.187475
5.063339
7.168321
7.495638
7.208242
13.335076
17.952898
30.625587
8.958831
7.938212
4.785087
8.868132
11.893317
7.192070
4.112717
12.594145
7.430155
8.794855
7.707769
7.107273
8.977817
7.811649
11.009695
18.049502
11.195533
3.879371
4.554986
9.143174
9.094291
9.833811
11.565981
17.770756
12.273797
13.691321
13.182396
9.937523
6.607406
13.942004
10.888276
5.887424
10.952879
13.844778
14.422422
14.285317
8.108941
8.592020
3.907156
6.138623
8.592525
8.046337
16.210406
4.665447
11.139915
4.460116
9.831416
5.726643
3.761335
16.189471
7.418802
4.097962
13.586847
10.377168
13.028128
9.936939
8.267622
12.189348
22.272624
13.355042
4.883165
26.718026
3.236466
4.550882
19.069489
11.286712
13.247290
9.532239
13.035940
7.769132
5.269823
30.841863
16.144881
4.862522
5.125597
20.482236
6.874842
12.258334
11.884723
14.785883
7.441798
11.197825
6.110272
5.604901
6.732110
6.716727
11.947842
17.375597
14.635505
9.260738
3.913748
3.777756
5.870829
14.229184
6.600355
15.451566
2.860294
10.052491
11.992386
4.716571
7.410076
5.013010
9.483300
4.604165
9.600406
16.206879
10.294097
6.371745
7.832566
5.516182
8.883235
8.008751
16.450320
5.371191
7.863229
5.686045
12.894805
7.568502
6.749578
6.708566
9.917419
12.308365
5.122511
19.708052
9.531252
14.894049
14.968150
5.236776
5.207375
4.951150
16.286133
21.472746
5.427645
4.112404
8.076302
10.088078
8.125837
14.927610
3.904061
4.815490
17.845071
5.129776
5.762548
12.438035
7.306069
11.943897
6.668441
6.374438
4.953295
10.058732
8.710477
4.165434
3.196026
9.658729
11.624694
15.104419
17.787621
17.751545
3.772094
8.029456
10.155824
8.560800
2.217264
13.101214
13.111780
12.949654
18.331278
4.524203
13.754763
8.425225
9.722793
6.893345
6.352347
6.191645
5.471859
12.081346
4.221611
15.651747
12.762288
20.009167
10.721125
7.482778
7.653982
9.440440
4.089770
8.724196
11.081472
7.911973
4.164915
4.140335
5.916921
3.749386
7.888914
4.814357
9.814169
6.888386
9.973805
12.375817
3.149271
7.190793
13.317438
6.087660
6.567071
7.765236
2.774446
3.363411
5.602207
4.181388
8.659044
5.888535
5.756168
3.451457
9.987552
3.402156
3.972967
13.057041
3.432031
11.153852
9.814257
10.734985
4.273678
4.856012
9.124810
18.380513
8.697041
4.638347
7.126611
5.062885
5.968317
6.030449
11.050190
9.080480
6.754313
12.663652
6.255593
4.942587
6.978473
6.233026
9.364606
5.723149
16.993153
8.575015
14.450132
10.306909
5.031123
6.434055
10.253192
11.544947
7.838063
4.701964
8.470046
7.014666
6.354294
7.481844
8.390070
8.839962
7.496602
11.544310
8.212966
4.574085
5.167838
10.085287
12.979592
10.783720
12.867630
6.605095
11.491812
7.695461
8.368974
5.276124
7.991663
4.356330
4.075991
3.274660
15.185320
12.423539
7.696203
10.083784
5.254455
11.500207
11.896451
6.990185
7.801882
9.397235
6.273317
10.676212
4.617843
10.793983
8.597988
37.648349
5.496012
3.422009
3.442771
6.792928
9.202181
10.102370
15.655041
11.139774
16.417718
8.256314
11.771714
10.933981
5.150751
8.951488
4.676330
1.899142
14.914880
5.215565
7.123989
8.025297
8.790584
6.849607
14.960652
5.598505
5.718595
4.726602
7.613212
12.611666
8.926041
17.298698
7.415117
6.215589
6.244424
11.698205
10.942140
11.096498
19.651806
2.036888
4.551946
7.190105
11.034694
15.808538
12.494940
19.179206
4.514061
7.889447
7.973559
5.018147
16.857565
8.836873
5.111049
15.573176
10.656604
13.261666
4.990350
5.324685
8.581820
9.005804
21.379553
11.617835
6.401275
14.729763
14.195051
3.913933
2.893251
10.086421
8.313551
17.782357
9.052927
11.320589
6.729340
5.271583
9.368023
4.350903
11.396561
6.351566
8.136397
11.998710
7.694769
14.386039
9.132199
13.084879
2.608237
9.810102
6.105075
9.032806
3.173819
6.053841
6.202761
4.727393
5.902833
13.142748
7.032001
6.205217
27.960213
13.337350
6.658282
5.578892
3.836734
7.713065
17.730689
21.358938
12.158276
16.810224
14.632074
13.526579
7.230699
12.299516
3.345424
3.757540
6.137176
17.575508
5.373541
8.012687
13.557130
6.412014
4.133174
5.786080
7.383086
7.839811
12.667476
8.708190
6.740296
6.595465
3.792351
5.281740
8.969463
6.956806
5.576168
5.760009
14.395888
9.733772
13.418915
16.255758
14.519020
7.892596
8.783764
19.244936
9.541057
9.615069
4.735693
11.638894
3.656833
12.057072
12.051358
8.157689
20.647471
3.397185
23.343664
11.423019
6.792469
2.889728
7.389027
8.032273
6.570352
6.174351
7.811014
13.257710
16.254661
20.467066
18.851250
19.144174
3.033737
11.221939
4.093362
6.302348
8.646316
6.092873
15.185769
7.320333
5.397783
10.452544
4.259034
10.912924
6.181410
2.854884
13.333725
11.010083
13.657149
8.049361
15.350694
15.712635
10.770075
9.255221
4.690665
2.998518
6.420025
14.346933
14.903873
11.203083
9.409704
26.780629
4.560991
10.491506
3.335328
3.844130
7.154767
9.162418
9.636366
6.858975
7.616731
18.903330
5.571971
12.830847
16.794088
9.067238
8.307294
12.290143
6.680985
8.728369
5.059198
10.874551
17.323889
7.509063
5.139113
3.848157
7.930863
6.707186
5.041609
9.261075
12.363928
17.882800
9.958056
10.894981
10.948253
5.224340
12.343294
8.607154
9.634847
7.115732
6.766648
3.075079
16.890991
10.924295
4.154933
22.169276
11.746768
26.157585
8.396597
29.988767
6.285203
4.624947
16.563269
5.152366
18.298713
11.058843
12.265726
11.648006
4.735662
3.281085
5.627122
12.174789
34.963456
12.501791
3.922286
9.304859
9.060535
4.461656
4.617091
13.303992
7.994607
8.580136
9.000040
5.577606
5.739693
7.757751
5.182267
4.155994
12.356581
6.230155
9.754773
4.653601
10.661998
4.951833
8.717861
7.756518
11.195775
8.694820
8.567523
12.932278
11.735381
8.004032
3.935792
9.346750
9.082818
9.670620
6.014991
6.205532
5.748199
7.031121
11.192876
3.575633
16.152056
15.850647
5.922615
7.150593
7.641789
15.232528
4.125550
2.413111
4.249050
7.592471
10.323600
5.108926
5.529752
7.679980
2.811326
3.973998
6.319646
19.734510
4.262980
4.778990
16.951976
14.108930
2.499586
12.132946
9.691662
6.604654
8.264724
6.433185
7.550461
8.139293
4.525887
7.106906
10.203914
5.901922
4.661791
7.835286
10.603517
2.998342
6.231735
10.552659
6.394626
6.485899
4.877613
4.279012
7.746232
11.131478
7.413276
6.150843
12.445368
17.042194
16.666496
6.221135
4.277413
8.911346
6.239533
22.626629
11.128786
6.617856
19.506834
10.800700
10.081562
3.205615
3.493172
19.996038
6.823911
2.923998
10.856645
17.275975
11.790714
13.440597
11.928945
6.927668
4.683918
4.511838
3.999886
5.279353
5.797871
8.169036
20.293211
7.018546
17.115697
12.878638
11.954148
5.643914
11.536010
7.221573
4.467807
9.941461
8.721797
16.376491
12.756377
18.813582
2.081460
2.668419
9.465227
5.761383
15.052032
13.204903
7.273148
7.645255
11.778157
3.947223
14.684452
15.824830
13.784645
10.045194
5.904913
5.867416
13.126066
7.510510
20.930378
10.533029
7.468607
7.067223
8.821360
6.544030
7.750816
7.547726
10.128024
5.129371
8.635920
2.590811
2.821777
11.421622
13.681208
9.809748
18.869495
5.113665
10.510084
6.601057
4.911195
6.640214
19.102111
11.289406
7.710328
9.040000
5.897574
7.538252
13.300895
11.839023
5.166150
8.091946
10.130475
8.265650
24.217477
7.080858
15.482327
19.364429
9.382452
5.561452
10.378586
3.758301
3.103268
10.304741
16.061108
4.641277
14.154460
13.689985
6.045870
6.036544
7.557309
19.712888
5.776896
5.229831
17.280009
11.042491
6.349213
12.801254
6.029868
7.328313
12.908704
12.766119
14.472516
10.433864
4.019412
16.506454
5.928285
3.861182
2.747835
14.587722
5.974139
3.871983
3.759587
22.352025
5.192082
4.619991
8.887678
5.584087
9.646407
6.098620
5.790836
4.319736
8.841448
4.085388
5.188892
10.791904
4.501507
12.687008
9.957041
4.806433
15.933361
17.769100
2.136367
3.811105
3.617065
4.424116
23.687257
6.445453
4.875180
8.362304
8.063440
5.192482
2.876857
7.491611
5.640619
5.276442
5.926827
6.688158
6.640333
9.563607
10.094257
9.887732
13.495726
11.099785
7.550794
10.654555
7.613974
7.738889
21.399129
5.934421
4.343354
5.783355
6.036891
22.588040
8.420987
6.780003
9.700190
8.013236
4.529687
3.231910
12.026085
10.987325
4.386513
4.595993
6.064899
18.132511
12.959591
6.066820
7.403841
9.175422
5.665811
11.827882
18.811727
5.665337
6.811269
13.077984
9.410075
4.564733
7.367574
6.856898
18.723125
10.275598
6.613183
2.915952
7.017275
3.564517
6.805295
1.978294
2.744271
19.933649
10.615722
8.371877
6.520113
6.447232
11.425947
7.782732
9.773974
6.425162
9.632059
3.640875
7.173415
8.401003
2.995876
3.022058
12.071883
2.828998
3.001146
5.844985
2.987818
3.173497
12.705651
15.460924
2.773435
5.958997
14.402004
16.070979
7.580131
2.423303
2.346025
7.866905
15.003441
5.487923
3.964053
9.807213
6.358369
4.132927
3.489613
4.806204
6.922148
13.823615
8.702034
7.219993
4.003151
11.752617
23.062060
2.403238
2.283769
5.351672
5.771144
21.101162
20.636636
18.615761
12.158004
17.722164
8.367741
7.532754
4.805683
7.091166
11.947932
24.714134
4.645390
7.161513
7.435070
11.021140
6.529570
4.241532
6.870388
7.463704
8.927374
10.810554
8.052243
6.665273
14.162660
8.707798
11.064713
9.360437
11.107994
3.833559
5.343193
7.852533
8.677453
17.103423
9.547946
2.302597
4.634330
6.165800
18.044608
9.562985
6.551302
7.626736
12.953038
10.440197
10.493421
8.277280
16.045530
7.037932
4.096888
5.587363
15.117449
10.362920
5.704595
4.016633
4.180309
8.268489
13.689701
8.566887
8.259562
6.932270
7.110814
7.005047
8.594048
2.832259
2.349209
9.816601
2.908805
9.804895
12.952601
8.820660
7.086373
7.926757
5.212430
4.095570
8.209133
9.540836
7.786274
9.129498
9.756371
8.423527
4.041277
8.747645
10.614766
7.232553
13.531285
5.636616
6.831546
5.425900
11.209126
20.228403
6.071893
3.628460
20.496497
4.712589
10.825136
18.593207
7.606785
6.012603
2.921481
4.607810
4.863481
11.229034
13.254364
13.352904
7.061845
5.313551
6.114325
9.170088
6.267785
6.725957
8.122919
20.173150
5.554478
3.767096
3.166561
4.912059
4.814095
22.460998
5.553149
5.727739
4.678717
4.968704
23.703534
11.313377
4.420180
7.774563
15.925035
5.067964
7.439023
12.284058
4.780331
5.138012
4.753464
13.604555
11.652325
16.566199
11.021773
6.642094
3.776993
7.012856
6.203660
11.862555
14.224541
4.767624
5.636911
3.908639
7.143255
4.485525
9.795724
7.632399
6.209834
6.356495
7.888068
5.659545
8.723514
25.359278
10.444500
11.258523
21.950468
3.936245
6.742457
10.930854
7.888096
7.844584
21.343703
7.787205
15.202321
11.898661
15.879495
13.264435
11.795332
12.793551
5.626181
12.585889
6.351626
30.728327
7.372338
3.254431
4.248413
5.618122
18.889830
14.091479
7.867256
8.552277
7.622163
3.857445
15.550951
7.663262
9.796000
9.947275
14.065471
10.950460
19.194557
10.098422
12.924669
2.529192
7.410782
10.050916
10.711939
9.779304
10.119093
8.266143
3.278480
3.472072
8.370770
8.407956
8.951829
9.628037
6.036481
11.073648
10.976187
8.504923
4.652650
10.909400
6.928985
8.762503
4.033706
3.926616
5.155931
7.881883
4.577660
5.606870
13.731333
10.748107
8.549074
8.197164
19.670112
6.352021
7.746688
17.787560
4.345153
5.122255
11.802009
17.724314
10.188715
10.209819
12.613165
4.085275
3.321228
12.980554
8.174867
12.283459
3.004546
4.173842
7.076784
11.938524
5.270033
3.309952
10.378929
19.374655
17.455024
10.353166
8.450551
8.668596
11.017452
15.280936
5.788337
7.521120
5.173422
5.912025
13.586874
8.402719
6.302060
7.227996
11.536084
8.664065
9.828842
9.714349
5.975385
9.065597
18.100838
10.006891
6.898281
14.379753
6.517080
4.511422
11.100193
6.889769
6.960856
6.599777
6.259218
5.254483
4.415241
15.779880
6.668782
9.949381
13.530536
6.943224
4.073659
5.848874
4.799487
8.485840
9.027481
8.105298
5.659028
13.718687
9.092419
4.490069
7.537895
5.243184
8.005100
5.390567
15.650014
25.910542
6.221920
7.378199
15.731991
4.692568
8.983469
17.785591
8.460061
6.012491
7.842335
14.083092
7.141199
12.344900
10.788290
10.121449
31.661996
6.131331
5.594462
10.429090
11.889654
8.633806
7.210910
11.599391
5.955038
6.199551
8.421924
4.841246
5.762873
11.790733
4.107033
6.175404
3.967375
5.425017
3.942943
6.359469
9.904137
10.305071
12.741625
7.101377
4.987657
11.158077
12.837475
5.316761
3.138125
7.890232
7.512633
7.679058
8.736576
19.111218
13.249074
5.957014
4.499831
6.300196
5.823687
22.803253
24.426591
4.497448
6.436720
6.954189
8.425727
5.458953
7.751118
7.951362
8.667685
7.243532
5.852777
6.777002
9.982628
6.319391
5.347116
7.176629
9.915478
6.754833
6.447906
17.449786
14.304421
5.711411
5.579039
12.277078
6.134302
6.976185
12.901623
12.383005
6.784841
10.326941
14.672935
5.147457
5.008242
12.363794
6.967249
4.703826
12.301854
6.954048
5.848513
13.996457
7.951485
9.347874
6.960235
5.911633
15.944968
8.406855
12.891757
7.625408
2.435344
12.045357
8.609839
7.420792
9.613321
9.723711
5.685655
16.622909
15.843424
3.962523
3.893117
4.153726
6.890096
11.239277
16.503012
15.475987
12.649138
4.582619
7.249762
4.554198
6.286892
9.570273
9.464357
10.704558
13.610840
5.042149
23.248475
16.298044
9.471982
23.641030
21.792883
10.830498
5.853099
3.974041
5.407761
16.184044
5.587861
8.055931
5.737818
7.668107
14.794404
3.787422
6.475028
9.619900
7.976215
5.125487
4.909302
8.426333
15.686444
8.361544
10.164922
15.620570
7.406372
8.944190
8.135072
9.311645
2.967058
7.001266
10.219400
3.400668
5.131780
4.840158
4.417225
3.083747
6.009181
3.683064
10.085106
5.449805
6.707932
12.017402
3.760887
7.703083
9.807709
8.948789
4.031953
4.465831
12.008541
11.836409
3.865881
4.343590
10.432425
9.372259
5.452389
7.001953
11.146142
9.718193
8.386690
7.631007
10.373710
3.752163
7.745144
12.335672
5.777056
4.434148
16.509550
6.011469
7.566328
16.681813
12.630328
4.541692
3.415351
4.267855
4.363547
7.541104
7.914732
7.421190
10.763418
5.835142
7.241084
6.544995
6.842706
5.254193
2.503830
12.802624
8.576633
11.402424
5.926112
5.690273
13.570173
15.467918
5.912859
7.672944
5.262776
5.479225
8.067164
7.677356
3.915584
5.854033
8.388711
11.237357
10.217106
6.264888
5.468312
8.469654
11.082563
7.310003
12.856111
4.251043
13.080071
10.396774
6.993381
8.074583
7.368653
9.353734
2.806345
4.202263
13.333257
12.699764
5.703295
7.061358
15.214347
4.008280
34.310787
8.352785
15.505749
10.298024
9.462482
6.259450
15.371554
24.418536
8.243539
8.039985
8.320960
3.732844
6.302343
14.169516
5.243238
20.506085
17.068226
11.887670
10.124333
11.712624
10.914478
7.214732
17.267706
4.911522
11.384868
19.698601
14.558154
8.332335
8.135128
10.192143
7.327535
4.326514
6.627932
7.532918
6.987505
14.755540
11.906620
13.513350
5.907706
10.852537
5.749125
12.722067
4.739899
3.575330
7.545315
19.987885
4.161963
5.940638
12.430635
12.770719
14.444948
7.596019
14.801943
13.885206
15.057455
10.441956
9.954342
5.517961
15.227371
9.085350
9.699385
8.140565
5.749653
4.727645
14.624313
3.729939
16.598541
20.071597
11.420605
22.584156
7.472893
10.282135
11.346600
24.592649
2.762753
3.269467
4.877868
6.273033
3.817475
16.253555
5.956043
10.708127
8.760571
4.793713
5.936007
16.913930
11.493375
13.157877
5.112003
4.748621
8.362223
14.185094
16.126281
10.282726
12.532067
9.295103
6.453209
7.424208
11.359570
9.883097
6.096847
5.653995
10.414731
6.399809
2.959113
6.548795
2.236095
5.739129
13.118544
3.311194
5.895109
9.077770
8.925678
8.610713
4.747618
8.699959
7.883347
4.604028
7.492281
11.414996
17.424321
19.549547
9.426127
6.655757
18.275748
10.180658
8.148814
7.342513
5.033787
5.323279
10.183825
10.085365
10.270008
8.808581
13.813522
8.666514
7.185746
16.615912
6.653936
5.378717
6.211911
8.385112
8.442749
16.510420
8.112799
4.509009
8.266323
5.827040
5.850319
7.158606
11.765005
13.430275
8.727389
4.577061
5.430224
10.049877
6.305131
5.029018
8.611113
9.401872
7.083553
23.531231
9.310909
2.444760
25.252364
3.673159
2.381800
13.710908
12.736810
4.078838
7.034669
5.562424
3.531727
7.975645
7.568197
7.042867
11.936702
15.156194
7.940281
8.804341
8.413533
16.034129
9.114906
8.431075
11.478622
13.218282
8.321156
13.597514
3.980756
6.103802
13.575347
9.478186
16.349406
3.848086
6.072126
9.044205
10.342513
17.892904
6.237109
6.959831
6.179077
7.229526
9.198779
6.514947
7.031613
2.458379
4.025695
12.991135
11.655905
2.464537
9.814701
7.400270
3.022816
9.903807
12.028827
9.860348
10.132740
15.709462
18.377964
12.266372
17.069783
22.366572
19.257282
4.019204
6.308483
12.881346
11.425630
4.982056
16.542495
6.243529
10.593041
7.534943
9.648490
8.740568
7.929239
18.025981
13.653061
6.137996
8.395511
13.786401
7.732368
10.267749
3.524738
14.179826
5.398701
3.103022
4.234179
9.166799
5.193222
14.762713
18.471342
8.738876
7.232769
6.096577
4.648420
4.118849
9.546211
8.542231
8.402534
8.304930
12.997177
3.613659
3.594713
10.718440
7.054286
15.617119
5.900218
6.853453
12.954353
10.856340
7.843687
6.257251
20.483561
7.213836
8.611237
8.839950
9.230664
6.914873
14.259151
7.943924
17.816502
7.822612
11.363232
13.008846
5.211413
2.801787
15.799105
9.958593
10.699597
8.837272
8.437940
7.654423
5.184358
6.193041
7.460503
5.525681
7.824637
9.164338
11.300807
21.530664
3.674521
13.252774
10.905691
2.496717
3.385702
10.139928
8.748895
4.925518
13.276027
6.848048
12.386855
7.021564
4.723877
7.927391
3.112293
8.864825
4.296274
3.610599
5.616339
11.193283
5.338734
4.413802
12.582084
5.562113
7.274039
5.350837
9.559744
7.884785
6.504145
7.295409
16.073784
6.073721
5.045131
6.607928
6.707198
34.031441
5.706170
7.287726
21.027288
6.299859
27.201056
3.154349
3.346336
10.473529
3.261670
6.045048
11.140941
12.230789
3.783725
10.537380
15.676474
2.987722
8.348336
17.618002
17.441989
6.798610
8.509441
6.752691
4.626065
18.966023
4.578445
5.844799
11.022054
5.495940
12.396717
8.672961
4.116072
3.888529
6.200748
8.365964
12.958430
14.511695
19.319763
3.362788
13.217567
9.113863
23.768465
5.820387
7.122572
16.666962
10.617416
17.521451
19.895428
13.725201
9.450846
22.636433
9.218752
8.699317
6.958293
4.417674
11.711974
3.971308
7.731718
15.023604
4.486069
31.334502
7.407429
4.669385
8.878170
6.812732
9.011885
4.629321
4.007198
6.462426
3.329581
14.354179
5.604109
11.357905
16.090929
7.626024
14.733242
9.738810
5.283931
3.426263
6.726376
7.440024
9.336087
5.836123
13.882677
3.012501
8.848510
5.113463
12.929046
12.586342
7.277543
4.961650
6.319629
7.583170
7.072901
6.915413
9.026633
20.062155
21.564431
12.928066
22.324295
6.757621
10.481411
5.520056
5.428237
7.222453
5.198019
2.587413
9.969625
8.347172
14.103241
5.491608
10.817765
10.086051
3.751642
4.685973
14.057704
7.281747
9.762512
9.754300
7.272529
5.180727
5.320361
9.936218
14.125341
6.454051
7.109300
3.954699
6.939074
8.826501
10.752089
7.336676
6.768132
8.463443
17.314045
4.416362
16.462496
10.536918
4.359105
6.288258
5.095064
4.224688
19.906381
4.307506
5.561116
7.154396
6.422162
3.138270
10.134813
13.605457
11.439774
12.636284
8.949066
10.508350
6.685103
5.163470
20.601062
8.049945
3.711165
7.622398
15.950391
3.374115
5.080865
11.579520
10.556209
6.937900
9.373552
14.169920
7.288153
12.454873
15.138384
9.637804
7.745897
5.969190
11.318665
7.872155
8.472669
10.945479
10.649160
7.869095
13.810232
11.062288
9.234089
9.918654
16.652099
3.377983
7.669887
11.665964
5.118754
21.622735
6.202807
16.030372
6.506635
6.565151
7.319092
2.776988
4.747786
2.643746
3.007620
3.854071
6.186559
5.952085
13.148614
5.070774
6.870217
5.754034
4.036430
11.965734
7.320521
8.409778
16.949326
6.800723
9.637710
5.592044
3.296451
6.215554
11.286664
7.991515
6.515874
10.542217
5.434642
9.851814
9.172033
12.836493
15.643888
11.206927
6.146061
4.728249
4.973928
4.308144
19.601661
5.948611
9.333842
3.626974
5.335755
11.784491
7.723860
13.092606
5.684092
7.410598
10.907327
6.668443
18.078025
3.072188
4.923814
15.695387
11.827779
13.047929
8.001280
6.307445
6.618234
8.406626
8.628101
11.954589
3.633864
9.709347
7.958951
11.053646
9.424260
11.462394
5.588671
5.901719
7.189332
8.836008
12.500832
11.068834
27.280464
8.776676
10.521758
6.351371
8.318097
4.223517
15.715045
9.414034
4.356659
17.002206
3.720660
2.499786
3.217565
15.231544
9.651918
5.211482
11.187686
7.044874
12.248908
6.564789
17.783400
4.058489
3.807748
21.422258
16.125752
31.177115
4.850286
7.272522
2.585043
4.740185
10.013742
8.681473
6.438269
17.342864
6.599465
5.574865
17.580056
9.039630
5.152946
7.325895
5.675602
10.383292
16.637212
10.067491
9.782389
7.938756
7.734459
6.055597
8.463944
7.278244
9.362794
6.327658
7.636287
7.551717
9.255429
8.248942
4.287423
7.169122
8.795561
9.627561
3.204575
18.364879
8.103326
11.453077
6.356537
3.627398
4.097237
10.154799
15.295946
10.918812
5.560192
7.406916
13.864666
14.328410
17.664462
5.286788
5.130993
13.157178
14.168986
6.942480
14.001206
12.370020
13.636089
5.031899
5.552668
7.995639
27.067456
12.391712
9.703433
21.541743
5.888451
6.699540
7.150559
14.170015
6.896001
6.883107
6.587510
12.327363
4.402571
15.325627
6.806266
6.178406
8.797265
9.355508
8.264674
17.359233
12.684027
10.450986
5.863321
5.982603
22.512058
6.041895
7.110578
7.151112
9.365537
11.699558
9.382065
8.131937
5.131152
11.795257
12.385355
8.401575
12.260631
12.165612
5.226406
8.925771
4.662512
8.849681
10.352265
19.986888
18.966861
10.238947
10.713110
7.974866
5.731641
6.369972
9.274281
8.720332
7.185759
15.546955
8.330688
9.416190
10.175858
14.564821
14.038768
8.160370
18.958260
8.467733
12.672687
15.173726
14.895825
8.306272
7.490118
4.922871
29.630668
8.053791
12.248574
10.137350
19.331759
8.891448
7.133617
7.795686
16.298883
7.990610
21.519522
10.937854
7.162904
6.114627
8.001247
3.570016
3.733099
4.562148
7.353383
12.374029
12.895470
13.207076
11.177821
7.209223
14.468919
4.000819
5.989257
4.561438
12.417344
9.252664
10.824378
17.941403
12.065203
5.832858
12.228495
4.420137
4.336978
7.114263
7.389138
4.976215
5.159521
4.367242
10.542674
10.188085
6.702612
6.725395
5.349199
4.660778
16.157322
16.434207
2.078784
2.633860
4.532940
8.853572
4.912974
8.077889
18.124604
8.983675
11.481782
3.297269
7.603074
11.672311
14.093609
5.886138
13.039988
6.791703
5.312256
8.224765
14.535496
10.401711
12.719885
4.923826
3.465663
10.231165
8.079941
8.955842
13.450751
7.732303
4.752969
3.944830
5.648785
7.712279
14.551876
13.236087
9.523993
5.773016
4.442287
5.262219
7.346813
9.801683
10.865115
18.628694
34.566783
13.896236
8.844161
20.197551
6.678244
7.531765
3.586981
2.847678
14.347078
4.751671
4.782970
24.084926
16.747572
9.589715
7.233048
10.855621
4.158145
4.837881
4.390783
19.089456
12.214324
7.225362
3.735152
6.724076
6.827324
4.783723
2.841847
8.450530
4.596544
8.896527
10.255602
6.211501
7.560820
13.853797
26.927885
4.902618
6.738689
6.983153
34.608000
4.723027
4.025636
12.932269
10.406269
5.598201
5.234573
9.783441
9.464628
10.571755
15.109563
11.749059
17.855384
8.555777
18.291213
11.323969
6.974386
7.277991
8.970943
14.072835
12.097676
4.376071
3.358696
8.616767
6.184426
5.949150
11.914285
12.000209
4.207549
14.235418
11.479618
6.437533
15.643457
3.885451
3.800048
3.972124
7.854040
7.780163
6.626872
9.497756
14.109219
10.519232
5.555860
2.687883
4.289544
14.734379
13.710337
11.495080
8.639695
22.948001
32.029483
11.901841
22.315492
29.268178
13.672285
3.451509
7.451213
5.774409
4.473278
3.790436
5.468563
9.032076
3.415454
3.207022
5.600462
5.545222
12.330492
5.238281
7.725883
7.730354
11.850543
8.290875
7.616664
6.086517
6.699624
11.412394
16.892757
7.469686
15.903561
9.151141
7.800019
6.577000
12.114263
13.453035
8.454620
6.898724
8.932347
9.472281
6.313156
7.065218
7.378485
7.081678
9.182784
3.333037
17.579434
5.702569
7.007906
8.281644
5.163552
11.561139
14.255575
6.194711
10.091850
6.233264
13.502319
5.269354
6.943449
12.443811
7.134169
7.557575
10.187588
6.051964
5.978628
13.257442
7.121953
9.866624
10.640930
8.317606
9.809656
5.538505
15.510366
16.595733
9.737244
13.273987
7.878228
14.103425
6.184859
24.314321
15.907083
7.064360
4.408148
4.368161
6.525184
4.645035
11.811399
8.071355
7.466728
3.051479
2.366543
8.866359
13.341246
6.967764
8.184935
19.427215
18.205852
13.435628
7.935934
8.140810
18.236362
4.852055
5.479685
8.411928
14.883930
10.152249
8.440794
16.236283
7.483076
5.729844
3.711571
11.835371
11.255847
7.983486
6.913717
7.113398
14.916919
14.799512
16.980742
9.936049
5.993146
11.465435
4.264951
4.736240
5.389147
6.632169
7.504681
12.660734
6.935018
9.248809
6.909632
4.040338
3.788508
3.181164
6.857613
6.374694
4.126740
12.317734
5.980631
20.165451
9.054707
9.507017
2.590335
4.014142
4.481989
8.721648
5.253259
8.728217
8.640615
10.389570
9.415077
6.572079
6.800653
9.273564
7.649651
11.063381
10.954200
8.591169
10.578346
6.583313
5.092142
7.395039
6.673841
5.799636
7.428298
5.512311
8.582116
5.100440
17.017774
10.820966
4.472205
13.289238
4.874178
5.468132
6.452916
3.400872
5.323228
16.083694
5.171501
5.468658
18.290092
6.272850
4.697944
13.695411
15.945093
11.708179
4.047222
8.409115
9.771898
6.107251
7.360377
7.363968
13.645393
5.867887
11.686150
9.037169
6.430294
7.218464
4.810963
17.657219
15.409086
3.377674
3.560340
7.950761
4.878939
18.184356
5.792128
8.109093
6.830013
11.230740
41.472192
4.813432
7.049624
10.665663
6.628943
25.116881
15.137644
26.137062
6.447034
4.415114
11.083332
15.259356
14.434407
15.514632
7.299273
7.735922
4.879468
5.693472
4.477981
11.681402
6.569197
8.670062
9.228319
7.675244
12.934888
4.841091
13.578602
6.524013
7.534800
17.541957
4.472255
5.630333
8.125555
12.786717
5.958017
3.191458
12.091959
3.391817
2.972298
6.495432
10.223143
13.972058
16.925131
7.038730
12.689537
3.464305
10.973254
10.820999
7.412401
4.523700
14.388105
6.520713
10.271906
3.264534
4.523461
5.198217
3.462446
3.060471
7.349666
5.854041
10.426476
3.430192
4.743762
5.127615
16.292579
13.471959
4.893816
17.634473
8.974705
16.207098
8.033003
21.455004
9.348319
12.290231
4.141838
3.974092
7.186863
9.026067
8.345437
5.696928
8.740120
3.496093
6.137929
6.430028
6.721481
14.096511
11.221187
7.387004
5.557424
6.369108
9.889121
8.443099
7.426133
3.233460
9.847272
8.833101
6.455091
4.081145
6.678440
14.811916
8.993446
10.647943
5.394020
3.402294
15.778268
7.283632
11.499413
5.467270
7.206024
5.960147
17.131396
9.481640
10.574256
4.354370
6.474222
5.762145
10.388817
5.843556
5.530202
7.643364
2.185739
14.851189
8.719936
14.759647
10.902343
5.039059
17.497698
6.277456
20.468888
7.528816
7.785270
34.658409
17.259605
7.319580
3.122879
10.663486
12.225013
10.869286
13.542919
6.968150
5.040850
11.653658
6.248299
19.658782
6.067044
8.797005
5.457877
9.089034
7.329588
18.074428
11.885577
12.008303
8.030907
5.931962
11.069990
11.277234
8.324633
6.614838
9.644548
14.095745
13.485456
10.911391
2.743620
10.309320
8.054604
10.781946
3.740067
3.382690
5.669127
2.020179
5.993239
12.400363
11.532040
4.569409
5.520376
4.023185
8.103769
22.819326
5.029147
15.944718
19.357607
9.086858
6.047012
5.756980
13.344392
11.073102
9.224717
5.140896
3.068163
8.581069
15.577693
23.872214
11.979191
12.284446
5.475864
27.797174
10.878076
7.226272
8.078697
5.513792
12.726230
9.556722
21.805712
6.607997
4.397840
7.847163
10.420988
4.529708
7.224746
12.717939
3.010196
14.161749
16.392328
14.741550
7.547408
4.392462
4.750984
4.347815
10.348651
4.741828
9.460090
10.913712
6.309806
4.483022
7.375329
4.442884
11.036562
21.095078
6.247549
3.437288
5.529895
11.639765
12.480256
7.142744
20.896543
6.935850
11.581075
6.790013
19.432097
13.475456
7.049833
8.972854
12.310171
7.236074
13.354311
5.383150
23.914426
8.031107
22.977971
7.878306
10.716835
12.089349
2.779966
5.460811
21.433781
18.960667
4.202150
11.475232
3.908001
6.724239
3.336599
2.415494
12.172509
7.778702
13.080482
9.871833
5.787760
7.302907
5.030062
11.395311
25.712172
8.437351
12.614618
16.030389
16.562206
4.603533
6.677398
3.724337
5.447085
4.404255
2.299752
11.329173
6.676627
12.521554
3.159739
4.499965
7.206733
14.110538
10.173464
9.653393
7.641846
7.695005
5.269845
4.679480
3.749744
17.205459
5.589888
5.792722
8.958012
7.144875
7.553533
11.719341
17.600093
8.576200
5.553649
5.306704
8.822303
19.868621
4.783286
5.896711
10.090324
15.429713
5.879358
3.909851
10.814912
15.052202
10.851473
6.432879
11.453133
4.697189
4.028642
4.528726
6.823810
18.148422
14.123776
6.586523
3.472580
3.463562
7.022262
6.215022
11.606478
4.713261
7.267002
22.454078
8.706512
6.165912
7.271691
13.119904
7.376890
17.051737
15.688529
10.314548
15.965847
8.018521
16.955799
7.015464
12.260754
7.645984
18.713009
13.170238
4.950361
5.283647
6.867160
9.962723
5.465532
7.450653
8.851653
2.620228
7.193132
3.882589
4.780891
19.339379
16.066093
7.358740
11.429074
5.698034
10.292184
7.460257
15.565549
14.324512
5.020139
8.352063
12.725774
11.077246
17.136069
10.478452
12.272929
8.181942
3.062726
3.486155
22.018250
15.215679
12.167463
4.338223
5.960020
4.178923
4.638405
21.029403
12.782905
4.010953
5.420868
8.196117
11.843343
11.663718
9.505839
7.297220
4.453088
30.731349
16.554903
7.672112
6.159648
3.949017
19.443206
12.465836
7.686980
5.671408
16.651978
16.602543
10.547464
12.585580
10.297494
6.570713
3.378274
11.689348
10.967374
23.027634
5.442850
7.411539
3.713226
9.688962
11.802685
13.506985
4.591324
2.438330
3.753128
11.460000
14.485670
8.770798
3.326528
13.609291
15.335386
11.143285
11.087616
8.824915
15.136944
14.965842
3.860487
9.693854
13.123595
6.006993
5.597319
4.462039
9.246991
8.432473
6.241116
6.269651
8.101226
12.142884
6.658779
11.468168
7.943527
3.868164
4.179175
17.772195
17.632607
11.245033
22.697622
6.362770
6.261514
3.363924
14.023431
11.995936
17.116330
4.436168
16.103072
16.353827
6.433561
8.675765
5.378444
9.721156
6.764871
6.124580
3.368836
3.775190
29.992514
11.880589
6.822349
8.654028
10.433509
3.501317
5.363956
12.913724
5.921495
14.361970
16.245088
7.697383
5.246499
7.439672
6.200984
11.835804
7.213888
8.360165
10.911555
17.246106
5.079589
3.734799
3.255977
5.647484
14.666071
8.293107
3.009698
4.190706
7.222864
8.851619
10.438514
8.522440
7.611657
14.806158
4.414544
2.626177
5.794556
4.289978
12.160118
9.432073
12.644866
6.050185
6.483840
3.795323
4.442776
5.576798
7.649366
8.244360
3.994792
10.486350
15.215220
3.650803
8.169228
8.031588
5.662842
24.098916
17.744525
14.029314
3.918251
5.533207
8.497870
20.452703
7.030609
7.741759
6.267505
4.300887
12.291144
7.981513
6.891433
4.803263
5.382785
7.066176
7.391358
10.974657
6.094012
12.146395
9.645074
10.989926
7.548684
6.139876
8.063967
4.646531
11.975279
7.571860
10.299265
11.860855
6.374665
3.402677
3.117213
18.869482
5.993197
4.456305
5.673635
9.952141
33.138645
4.260924
11.291885
8.806882
5.333825
7.447847
14.444224
5.517695
10.891728
4.275731
7.667978
4.993807
4.243855
8.650562
9.435590
13.466463
19.307798
12.288926
5.211822
5.807044
25.263527
7.814510
9.063048
5.724669
6.925517
3.546419
4.647381
9.921049
10.322761
22.698279
13.049095
7.805762
6.791907
20.207921
2.559442
5.195260
7.920004
5.702384
3.886597
12.109987
5.523928
2.935743
10.339530
3.708074
4.440118
7.070508
6.047854
6.981886
5.357836
3.276389
2.637535
7.351882
5.764124
11.986441
15.689294
5.044585
5.712382
11.333736
14.707072
8.220969
6.938630
3.123898
10.961259
5.270683
4.044855
6.396326
13.536333
8.407073
7.948694
7.019925
6.552318
10.079075
10.023743
9.062799
6.313972
5.612724
15.746832
9.454553
6.690574
3.442939
4.869301
18.982481
6.680862
8.319074
9.060359
15.148234
17.293675
6.990351
2.914774
8.334380
10.453053
9.172388
6.335552
10.781409
10.548985
11.478379
4.608658
9.222790
18.344711
6.266858
9.566578
5.480173
9.574247
22.923935
12.176612
19.005052
4.159741
4.980371
13.144953
9.107371
6.549418
4.054118
22.277481
9.804373
13.094067
7.052778
3.938233
10.825679
6.075836
6.550949
13.866336
10.677520
9.803110
6.976209
4.590026
5.891094
4.317626
4.104510
16.206437
18.694120
7.342092
5.279583
3.372124
12.414488
11.691973
4.110124
13.760902
11.652041
4.803318
4.101223
3.763019
9.084928
9.083631
24.377606
4.678858
25.811450
12.661408
4.357228
7.822778
14.317793
15.088191
10.689227
5.615054
9.307148
6.189488
5.897282
4.918073
4.583880
4.815670
6.604547
4.531365
3.154132
7.189285
6.542815
16.420695
17.589725
12.041888
14.838767
9.883857
14.082453
3.149661
4.281731
7.535582
8.063335
9.900943
10.944759
5.791921
5.890873
4.999505
5.077584
3.867406
4.208651
13.296047
8.941165
9.700480
5.457948
8.337805
10.419029
6.685031
5.565116
8.863498
7.438395
7.702926
19.989180
11.869936
6.888689
10.737673
31.950293
4.689373
5.572856
8.669973
3.290628
4.366154
4.149589
5.292482
11.194125
18.714854
12.812834
18.342429
13.437123
7.916093
4.951195
7.284963
6.275184
4.084430
6.395436
3.808280
6.518056
18.287012
15.876574
6.879418
7.821904
4.800163
10.719773
5.142744
16.393081
13.455914
12.411183
13.753319
14.902021
18.902473
11.304749
7.929849
8.738448
12.116702
8.174242
7.141581
8.143452
4.315133
6.000183
13.104665
6.974243
10.839664
7.550356
26.681154
5.502123
14.704421
10.143437
8.287274
3.955972
23.373836
11.395685
23.193593
8.274173
5.389648
11.201369
4.085922
6.292825
8.019702
14.519661
12.485126
16.043178
5.422772
8.754524
18.863344
3.256491
6.147597
24.557972
2.987796
9.071920
6.162115
7.720029
4.264095
9.421391
17.038737
3.001774
5.993842
4.363503
4.836858
6.605133
6.727584
16.078192
19.707133
14.499807
19.584481
8.902180
15.025901
31.787927
3.535183
11.807216
11.597871
14.129782
8.639360
6.937875
9.650432
11.389601
6.817543
24.940297
5.800779
10.998689
21.332969
12.219082
13.122885
12.962915
12.204430
2.586588
4.943143
4.897106
14.357880
4.713895
5.546007
6.213742
14.349942
6.584245
3.167451
10.048114
8.404921
4.697699
4.611953
15.670622
4.915153
4.940469
14.448833
21.749109
12.542369
13.788288
11.029206
11.796246
4.795826
6.973502
4.427070
4.513349
6.409568
10.767741
3.998882
3.840522
16.981824
15.109863
12.719641
7.966124
8.425641
6.549416
7.879470
4.597271
2.857143
3.972552
27.447254
27.663407
12.204625
8.541611
13.007204
13.746221
11.349129
10.453561
6.579676
5.493092
22.679760
7.808079
3.835694
5.432673
5.728849
6.585302
16.650751
11.495869
11.011418
11.626171
3.093638
30.099945
21.754322
8.494372
12.633908
7.019520
16.235883
11.100899
6.123443
4.654817
7.046209
6.455241
20.202063
6.722237
21.974916
8.799314
25.847456
6.111163
10.294384
6.066189
6.084902
6.332696
9.955557
5.679430
3.142860
15.560938
9.969053
11.323899
6.950316
11.381893
9.499953
11.742634
5.213858
3.583241
4.838988
18.021403
7.328379
8.194397
9.389587
16.410361
10.269669
6.404687
3.166782
3.159062
3.106784
9.409603
8.329341
10.878744
6.447271
5.470027
5.771378
5.000256
5.331637
13.130775
5.022129
5.824321
5.068234
8.706634
11.678630
5.938083
5.246254
14.519504
2.703712
5.706658
5.506556
15.806671
10.397903
9.288179
3.622007
4.723739
9.531746
3.970583
6.418187
9.848534
5.720049
10.038370
6.587566
18.609224
8.137434
11.140388
6.019831
4.518620
5.528371
13.681131
17.251926
5.536636
11.801050
8.004324
5.926512
3.398638
9.179438
6.298982
17.254500
9.884823
6.162496
6.211273
12.557860
6.035166
4.291051
14.855219
11.956366
8.098568
9.443869
10.206658
12.449243
5.695128
8.204071
15.986962
16.743700
9.791623
6.361923
21.553712
8.209147
10.353725
11.122205
10.804739
11.630999
28.475518
13.994355
19.733717
10.742788
23.100442
6.132431
9.872704
15.091837
8.259290
13.702016
7.082915
5.879352
9.895203
4.301871
6.351889
5.152722
4.929099
10.319243
3.763240
2.592369
19.575180
8.559025
6.626791
5.259547
3.326695
11.698327
9.943330
3.076438
13.886867
13.698958
6.278558
6.161499
8.999141
14.621357
10.839136
11.825646
11.337793
10.052097
5.330203
9.501332
14.656445
7.796006
5.960439
10.891957
4.922867
17.315908
5.635636
6.014191
10.350415
3.495279
8.150034
15.492375
6.140620
7.609757
19.769654
13.503948
3.531378
5.095491
5.495287
5.987369
16.295182
8.672014
4.823085
4.731921
8.219875
6.016207
8.555462
12.331912
13.286019
13.250451
15.194416
8.294987
3.374740
16.288599
8.329700
6.822109
12.825967
6.329281
8.831433
3.191225
3.857640
4.582418
11.977916
12.677543
14.153517
10.146763
13.025652
4.743232
11.779244
13.466045
4.488664
10.571187
3.974864
12.048609
4.220418
6.435169
2.804965
6.708568
8.367797
13.648932
5.478598
4.746175
20.748516
11.074167
6.865761
3.777856
9.888447
5.453795
7.520591
10.947673
8.609584
5.313401
5.274145
6.958301
14.508245
5.095464
4.308531
6.090911
4.531512
5.695774
6.952988
6.517169
6.556030
3.626884
8.723002
15.856333
12.921389
28.670247
8.292949
7.112844
10.737262
8.278934
18.898068
3.898700
7.368267
15.939840
5.772426
11.929536
11.106990
4.621923
5.982922
13.639201
9.711899
5.539930
6.407445
6.558551
7.003527
4.918442
6.898580
5.153888
4.099664
3.711209
9.885389
8.754543
3.565877
7.557694
11.997693
15.171366
12.145936
22.693716
10.270488
9.635733
14.517862
12.188523
11.997292
15.866811
9.583835
12.828288
15.849710
3.761458
5.222063
4.321408
3.331541
10.089589
9.180428
4.281844
18.596456
15.331087
3.415685
7.439853
22.832835
9.272171
24.868112
4.867598
5.891640
8.457227
12.326429
9.043064
8.808851
10.204523
12.405681
2.299123
3.970387
6.708523
6.502315
10.252603
12.569298
11.979719
13.980776
8.041613
14.998799
10.405953
6.687066
14.237718
4.902478
10.376100
19.592027
9.878245
16.722778
7.034923
2.646080
22.448203
14.413715
6.990558
14.441766
12.273123
9.126885
10.953377
4.793677
6.097383
4.817469
6.065159
7.258153
11.305146
11.671152
10.264155
3.316883
3.513329
7.004645
7.361400
7.840800
3.920955
8.422792
11.467047
9.329501
8.058518
10.317167
19.402669
10.269585
29.055550
8.060076
20.316758
12.524764
5.792357
5.894493
10.444195
9.116899
7.575055
11.551095
4.685488
7.278367
2.535121
6.769076
4.930178
3.399447
7.439193
4.700086
3.115712
3.067097
13.558853
7.532072
7.709478
29.649117
25.866215
18.507393
10.711094
14.909955
10.115805
8.514907
6.274474
16.180751
7.563818
5.136940
4.371773
9.121167
6.872459
8.745301
10.783838
6.289922
10.109805
16.822976
10.714704
12.597519
2.993634
4.342962
6.305915
2.894978
8.524934
10.785827
5.088496
7.747003
12.514892
5.439425
6.859188
11.844448
8.762489
10.278000
14.846409
6.538865
7.022849
16.792832
15.039287
8.097809
14.659258
5.591954
9.842464
10.909305
3.044210
5.045132
12.614805
4.339207
8.032021
5.042139
3.758259
8.450190
11.149520
8.242687
15.625832
6.045564
9.008383
7.709696
6.517067
9.115947
8.211609
15.468981
3.679341
7.692187
11.194427
9.098753
13.019995
11.821241
6.622233
5.583102
5.042182
8.370388
13.623547
5.983544
17.327794
10.149383
14.587765
8.450328
7.155694
7.009554
10.361310
9.145327
8.638064
13.280567
5.521135
3.273958
21.162990
7.136271
11.275085
4.654117
8.643885
17.794087
9.286948
5.400348
13.414240
2.819299
3.001222
9.612289
4.865112
2.843327
5.394194
8.438018
9.889116
11.051596
6.854580
4.751397
6.613534
8.728052
4.128360
3.697682
12.745807
10.288169
5.557974
6.146411
16.629471
9.360542
11.239504
4.764679
5.691260
5.798107
14.241983
11.265588
20.431109
23.549455
5.973876
7.947279
6.413298
11.137781
7.400338
19.872767
20.212949
19.526339
5.521029
7.430344
2.617434
4.158721
7.173475
9.248977
8.585103
7.950569
9.342932
4.420278
3.551786
7.685648
14.569383
9.093462
16.458155
10.021098
10.530181
6.008198
5.830344
10.482769
19.948770
12.816727
9.504933
2.475941
7.308408
5.691814
4.359501
4.879758
6.150363
6.676693
11.893393
8.076409
12.397022
20.572029
12.676764
7.746001
12.868207
21.965909
10.332961
8.253970
19.661548
7.865149
7.902386
7.184060
4.881944
8.021293
6.593670
13.372496
9.213856
5.928856
13.647884
7.345346
4.558993
6.698345
14.312394
7.173627
12.081537
5.907356
4.972706
3.128251
7.404648
3.297351
4.942182
3.179229
5.982311
18.206380
16.518969
14.538893
16.497834
19.418156
