13.585894
11.817527
6.823548
3.824991
3.400933
8.682445
17.560876
17.338026
6.268757
7.311184
4.967735
5.869102
15.223271
23.161709
20.568261
7.647943
8.242231
32.653721
16.907516
8.258249
9.563018
6.767641
21.592444
7.974622
17.242175
5.657742
16.732457
11.328033
20.505308
13.142677
6.519507
4.006659
8.594745
12.416922
27.236341
5.030813
8.528164
16.168838
7.291132
6.494839
7.714917
10.922717
10.847231
15.555261
5.372436
6.741505
10.920783
10.505969
10.842510
16.262443
9.290048
5.735257
4.432699
14.684109
12.984089
18.243188
23.313006
8.820218
20.402701
3.287312
5.078205
11.010744
6.270334
5.593587
7.506536
5.952289
8.640012
10.904263
11.038379
6.724120
8.584317
10.394587
4.955739
7.327202
16.456197
33.348857
6.883821
9.087436
12.829418
14.520253
16.413612
13.132036
9.558934
10.850324
12.511507
7.850932
6.270541
23.156514
5.530510
5.651694
7.870230
9.887700
5.886639
6.290651
9.543366
11.406992
9.353257
3.453153
11.135552
9.247534
10.154164
3.879369
4.254454
8.899526
14.830069
5.752288
5.069105
14.367975
14.269770
11.074013
5.349626
14.246190
5.326044
7.080764
6.676323
6.190459
42.796273
11.186395
12.374087
14.475348
29.881665
15.807723
4.427580
11.469583
15.913767
5.790188
2.685416
7.356169
10.015159
8.684435
6.368324
3.021553
14.458216
8.148118
8.775996
6.427050
6.599815
10.101540
6.828618
8.268914
5.653180
10.158010
5.894645
4.454984
5.100576
4.538876
19.440815
7.726500
5.735651
13.351801
9.032417
8.741015
17.042998
7.611265
9.853396
11.137430
39.157476
6.835540
15.793137
16.555987
10.032976
4.992711
6.863058
17.348708
8.375994
7.656663
5.816496
10.307941
11.219715
3.778785
35.939747
13.339441
15.591836
32.677078
6.541998
6.679342
18.854269
29.023191
9.078636
5.725860
7.284755
18.845846
12.459357
28.888421
3.493803
5.989709
9.514255
3.818976
7.969050
11.256650
8.286717
10.174900
5.417209
10.626364
8.527733
21.790331
11.404598
7.530559
17.573808
4.642336
11.157669
7.749447
7.858892
12.559450
10.285529
6.524341
8.408712
13.162761
8.124605
5.914416
12.452581
11.725784
10.766983
10.776186
4.610452
8.187303
6.248836
10.102104
7.137748
6.847200
3.509773
14.939324
7.037704
5.390339
4.500692
23.877872
14.571851
10.915779
10.423475
12.405886
7.623041
16.806299
6.718166
7.721795
13.424625
26.035397
6.802756
14.760514
16.276210
19.519268
6.865099
11.639862
5.777426
6.025969
11.895695
12.620376
9.347147
8.648262
18.882521
13.761855
6.085351
9.838081
3.438881
6.765052
10.961920
15.205112
9.172145
11.316971
11.722993
12.387306
3.689954
15.378761
8.411614
15.896283
9.969827
4.945517
21.283154
7.794101
7.620823
14.641246
8.069114
13.850551
15.129294
10.397557
20.831630
11.618774
10.538980
4.111232
13.315576
5.839330
7.144577
8.711053
19.981846
10.500979
5.640854
12.221800
7.179609
4.055603
6.410760
5.821653
11.204352
6.752413
4.845261
19.733586
11.864960
6.917314
11.500201
6.034635
7.790009
5.077692
6.828527
17.979062
7.215617
15.087527
5.073307
3.999033
9.146604
6.765085
7.510073
10.620386
12.145986
13.318134
13.278711
18.451680
16.504162
11.485195
5.777417
2.482601
17.060243
5.356692
7.380299
5.815140
9.426553
3.952308
3.864313
8.301030
11.029725
4.859445
12.943353
13.772582
13.698221
8.911714
8.932751
9.424057
7.436331
3.961268
5.793270
7.430491
13.567635
11.347109
8.024891
4.881911
8.878314
9.577523
4.497320
24.610173
9.122064
29.380621
9.994768
9.681237
13.139713
7.667647
8.712852
9.786369
20.365235
5.773797
5.988864
13.280857
8.495742
13.556027
2.717793
4.796690
5.006640
15.555696
5.250735
8.604032
6.023742
6.395906
22.843915
6.864868
15.007744
8.735955
5.788525
8.975505
5.573889
17.001916
12.666375
9.103103
9.420939
10.123484
20.616893
3.364739
9.656152
8.531826
17.954084
8.331677
10.286508
9.819174
9.896439
9.982880
8.862680
7.555576
27.333793
3.734222
11.547364
13.042345
5.011053
5.679428
4.889423
5.496646
8.723024
14.995485
5.994617
8.392184
15.353141
5.224087
9.467620
11.361987
9.444027
5.080039
7.847977
6.822016
3.864326
10.950953
12.922811
5.685040
11.231952
8.435953
5.557136
4.684082
13.122238
5.762030
11.080573
16.831781
13.697981
9.009926
5.978543
25.250601
10.101193
13.067159
8.286429
8.893888
3.819690
5.603530
7.286764
5.690227
6.611790
8.714768
7.840521
7.645045
3.727506
37.408318
14.622306
11.463195
7.095150
25.238803
12.615799
11.781157
18.329098
11.553447
36.263249
9.582016
15.215407
10.461139
19.603667
8.420101
10.287825
4.417096
35.773561
15.058711
8.905920
8.190671
23.994899
24.134394
7.901640
11.022297
14.293570
13.587272
8.660506
13.030220
12.255759
4.959260
10.371941
6.072513
22.609114
7.244478
12.239848
7.878992
13.585139
8.841404
14.025194
24.766378
13.135565
4.931409
7.222060
12.402211
15.352871
26.749265
3.664364
4.509793
10.025174
3.902637
4.865838
7.618014
19.668293
7.062743
12.900923
11.250390
5.346143
6.436363
21.945670
4.652392
3.056459
15.302367
7.424973
8.164197
11.044692
13.495029
3.158154
7.994247
5.440447
5.858095
5.817780
11.432932
7.571243
12.973133
10.574540
8.497556
4.306078
5.558532
14.314595
8.947398
10.255524
9.016816
3.748172
8.337781
9.127397
14.240285
12.158956
8.166403
16.488771
7.049789
7.574331
5.633994
9.496029
11.959022
35.341114
7.652650
19.196012
18.064754
5.179492
9.647846
5.335436
7.227969
10.808263
11.455094
12.460226
9.896415
5.573701
5.979339
9.324144
6.171342
5.407534
6.407801
7.036410
4.177851
4.897050
17.522008
13.834681
3.153963
5.541002
6.400588
12.708647
8.546252
3.404426
3.613554
18.446801
10.020820
7.935902
12.020092
17.671384
18.503795
7.677513
11.728800
3.973266
11.655816
2.905487
10.142079
9.865781
8.895019
19.739617
23.592222
2.740024
6.526668
10.870691
10.768103
14.031322
17.410163
11.491028
10.379546
31.721889
5.815539
12.158388
9.380249
10.280722
15.277240
15.831706
8.975441
4.018033
13.432667
5.218008
6.149584
4.471434
7.893846
12.686385
12.673326
3.972397
3.490696
8.862344
11.089888
6.658110
8.864860
6.601448
6.408957
10.253199
13.144080
18.692739
6.167147
17.325127
28.204194
11.973771
13.557872
20.805689
9.917094
16.634221
12.516765
33.458481
23.341535
17.411514
9.473455
17.372489
9.481440
11.364290
7.606784
6.059701
3.996537
12.049096
9.405104
10.905851
9.241328
11.844702
7.815799
4.770187
8.309020
13.974878
11.476694
8.447596
7.445914
7.289059
12.398084
4.237021
7.413380
9.794006
7.927704
5.289269
4.751928
14.022015
19.088283
12.207840
3.370969
4.390716
21.102514
4.366677
5.633811
5.282287
2.735836
4.808802
8.236621
4.440889
5.629232
5.996897
18.279049
11.347442
16.443031
16.807877
11.393420
10.137157
20.399686
10.495923
10.848026
12.009187
19.833429
16.303747
7.186786
9.139549
6.442549
13.871830
12.236614
4.022316
3.692383
12.410955
7.340979
11.495072
12.216274
19.696014
13.632210
14.505490
5.773779
11.647505
33.038465
5.721311
8.994618
6.255364
5.159450
11.706046
17.466730
14.418920
14.884115
8.811042
5.028488
6.222355
11.194913
10.701384
2.737734
7.713010
6.751034
33.781786
18.828964
14.809298
16.237092
4.457036
5.466816
16.756130
14.148155
23.667163
11.722431
12.840726
5.673615
12.664320
8.297564
16.949871
8.630179
22.185563
13.195885
9.459885
13.390215
5.593488
5.889660
12.441328
9.745706
13.832060
9.900605
8.796906
9.865160
12.529800
8.084622
7.657725
4.491296
21.623979
18.566736
5.612162
11.448286
9.250803
12.579922
8.904156
14.217402
9.889077
17.995213
18.618844
7.437464
5.136303
9.693036
6.512994
4.830984
8.354467
15.294168
4.294539
10.537926
5.727041
11.314459
6.753383
17.096822
9.329460
9.173433
11.845910
11.354967
19.937410
5.889506
8.699530
5.876132
16.807983
15.103704
9.943167
14.384266
5.966561
10.739190
7.454456
10.846436
8.362335
11.072407
10.268916
4.436235
9.424693
7.432243
8.238173
4.854488
7.274081
6.938708
6.797395
10.731097
11.684480
3.080910
8.377104
12.506780
12.844090
12.333502
10.969834
6.450942
15.174734
10.829563
11.346261
4.168086
14.899405
16.286795
13.364936
15.985968
4.882172
12.447166
9.155742
15.911002
9.237836
5.463560
18.890615
18.109987
8.653203
17.688885
6.705296
6.166633
6.466142
5.640413
7.473005
4.400124
11.744855
9.820666
5.863736
6.354134
17.225734
4.607823
8.476619
5.299407
9.619270
11.146300
10.495642
5.211070
7.442435
15.178602
6.633189
13.646516
7.826172
7.802825
5.801632
5.677052
5.479584
11.981180
8.023569
13.153053
30.359227
9.991007
23.272937
15.140809
4.833047
11.308915
8.588867
19.229503
11.406761
18.357072
18.490517
9.052914
9.008286
9.129425
12.506562
5.817869
7.999267
5.101522
5.542084
7.079805
9.503708
4.737652
6.212706
8.580921
5.778200
7.427288
12.674981
14.048128
10.851262
4.629232
5.454841
7.845154
11.297183
5.596075
9.931930
12.291242
19.845069
15.494860
14.426342
13.375511
4.791710
8.869824
19.773417
10.538833
7.516116
16.688256
14.088483
17.052840
12.171750
9.254013
8.380860
8.763252
27.536758
6.685608
4.684124
5.580120
15.466275
5.166071
4.663353
10.303101
8.320346
9.948018
10.837638
8.709797
11.018166
8.273521
5.775874
17.893222
15.892404
13.209123
12.077009
15.914070
13.187584
5.549897
8.263898
8.926541
8.385381
7.025935
4.304491
7.614581
6.799913
17.807006
24.002336
4.765604
18.847168
8.332612
7.425425
10.753041
14.673454
4.909668
4.402079
6.580720
8.367573
9.388305
4.642446
16.244719
11.259942
9.541338
5.407636
8.662641
32.174768
7.732266
6.925795
14.938967
16.593177
22.101298
17.038101
7.227910
6.543309
19.802682
4.219201
3.397300
13.332794
3.486977
4.329511
6.233564
4.897368
20.550518
5.706473
7.228332
9.772647
7.709088
6.942273
17.926507
9.086610
14.426993
7.264003
8.951466
3.516965
3.289666
8.871728
5.843448
22.579269
8.373919
10.311135
16.412453
12.045559
21.103001
17.081153
17.660699
11.439301
13.003791
9.959720
2.920711
6.232315
12.031319
6.093017
9.760954
6.372657
8.986902
9.415028
13.081861
6.530623
3.375972
7.712407
6.869068
7.620941
16.258147
9.010243
7.208346
6.192467
8.928343
7.320468
5.739190
13.624308
14.550816
4.464241
4.586634
4.490176
7.652971
9.654916
19.812270
6.693129
6.998149
7.366955
12.973418
7.078408
4.657384
4.165648
5.485802
7.140938
6.729332
7.654144
7.845451
16.003421
10.257592
16.893240
11.083367
10.222299
29.128203
7.505035
8.741017
14.300033
4.016460
6.376396
5.761464
4.893908
12.297814
10.729354
13.027486
8.501888
20.334461
14.817285
6.106457
6.853519
7.761339
7.196033
10.844659
16.918875
27.532127
9.313212
11.217252
9.604806
6.698953
5.129978
3.432214
11.683340
20.290602
25.423504
10.926116
17.325489
4.243140
9.912740
5.967787
7.709975
16.101951
6.247728
8.840374
7.353854
5.666139
6.246761
4.965579
4.659385
16.926623
8.960802
14.313017
9.980656
7.450465
2.964003
5.069953
7.483838
3.583185
6.615985
15.843741
11.467133
15.251892
7.386200
11.823500
4.885425
8.620828
19.516146
17.506564
5.191189
4.583387
6.129460
5.964868
25.829575
8.082513
13.399178
9.481739
20.865442
14.277617
6.058776
7.023510
7.627319
12.750227
10.554010
14.160596
13.773276
33.319173
11.159705
10.015519
9.110232
11.361174
16.028126
8.348047
9.042750
8.480873
10.983873
5.267907
16.357247
9.489841
14.212692
6.790599
4.729707
7.005654
5.418548
5.250273
13.173446
14.644090
22.916090
13.546498
6.629741
11.145985
28.028427
4.660863
6.965251
9.562655
23.983096
4.191700
6.965535
8.601132
8.081903
4.476177
12.117258
16.351675
25.725849
6.806391
6.135616
4.342685
11.766474
9.517268
9.860624
11.557996
7.879976
19.448869
8.863070
9.101990
8.969522
17.951547
9.362505
9.532857
18.501006
4.869524
6.186302
8.296054
4.151293
10.586953
20.199685
8.071533
9.931527
23.643162
9.797674
16.275304
15.988258
14.221324
17.590504
10.591033
12.903318
16.522583
7.684690
14.135600
16.517826
14.729834
7.767090
8.008542
13.438055
6.572168
3.856144
5.890638
9.043707
11.474986
5.149445
20.206232
9.258482
16.751808
9.064278
9.995340
11.576311
9.618560
5.423279
14.038426
13.136743
7.458860
18.909637
3.386112
3.981284
26.814259
12.697990
7.599953
19.068797
10.298700
10.058466
10.839137
6.629469
28.023202
15.084939
9.195817
11.534784
13.572487
6.004753
6.421645
4.409955
7.675568
10.712862
5.522774
8.168622
8.549267
5.109252
8.282312
26.190575
5.525064
3.605324
2.837215
6.267989
10.816316
22.688843
11.440845
14.183954
8.367839
6.604735
11.472757
9.079524
4.937165
3.047109
7.941330
6.498761
3.441907
10.730731
6.290327
10.762404
8.711272
8.490073
11.240942
21.421464
4.457077
7.435667
9.369236
14.459570
22.689960
7.641210
5.908972
7.894252
17.170576
6.312403
5.077347
6.746874
12.152926
26.967676
6.667076
4.118542
7.731648
20.780975
8.556371
8.130056
12.557523
9.578042
8.907139
7.955551
8.493003
21.909331
9.276609
5.931282
7.476730
14.844387
13.413783
19.637469
9.088035
9.107780
20.651813
10.897482
12.010481
14.404964
10.116975
7.162231
7.585423
6.093813
16.529713
13.086235
11.007173
6.487737
8.222566
7.496005
3.508591
2.934613
11.392193
7.847112
4.362454
5.304507
5.442832
11.263388
12.449911
19.696808
10.034675
6.802301
7.304929
6.960061
15.776399
10.953586
8.304300
5.024579
6.215017
6.477694
18.846777
9.465619
10.025691
7.220195
20.582518
6.872190
12.748731
10.067562
11.648187
8.361116
3.287523
14.346377
10.510183
15.153354
12.020378
7.321895
9.280258
6.514238
6.091627
6.797489
7.383098
9.585057
8.770934
14.414677
9.499056
17.096886
9.509614
12.186912
4.488703
6.207286
6.833154
22.025257
7.237857
20.824766
10.406987
11.368668
8.241465
11.737122
4.633281
4.107697
10.534351
17.486339
12.956182
6.149967
9.047758
10.314464
15.646153
12.427710
6.238378
10.480207
7.892534
8.252148
5.125990
11.708952
16.677904
12.444357
10.005524
15.803932
14.696534
16.146077
14.660238
9.273860
11.998130
13.465458
13.187439
11.021629
8.762361
7.490552
5.308740
7.366056
8.218521
7.529867
22.282187
7.634960
10.491518
4.664556
5.025556
7.475317
12.166726
11.067003
13.819260
6.428961
6.644834
4.526026
7.416426
9.121586
15.024484
21.102162
12.207082
13.415697
17.605623
19.014546
7.748512
9.326097
12.604841
5.348154
9.450854
10.810670
6.843423
6.916307
13.835594
4.367610
10.969939
11.543145
3.554054
11.163568
6.789683
4.445117
6.382404
3.336172
14.359757
10.500763
4.436769
7.851811
4.944498
17.663763
9.740632
19.437272
9.851207
9.426562
15.324480
11.895719
17.744626
10.380632
14.460189
7.998401
14.499545
12.359211
7.325167
5.428240
4.170735
6.020206
7.545453
15.607626
14.573000
14.794097
10.151450
7.508668
6.697402
10.438633
11.571528
15.610084
7.320008
8.401649
20.478155
12.668637
14.489538
19.347347
9.113678
16.912734
12.018170
13.717967
6.881321
12.564231
5.414002
11.188069
9.757882
14.396643
10.823894
26.795468
6.015806
8.338311
5.092117
9.004722
10.465494
7.513619
14.969527
8.681360
7.043673
22.022708
3.905601
7.215028
13.209045
10.429512
9.776932
14.176049
5.872415
7.960377
27.236521
3.850848
5.084890
6.103259
4.014883
14.364232
4.267762
9.108308
11.724757
8.909758
5.643203
6.462687
7.954341
13.807477
10.650048
7.826521
3.306362
10.018840
17.285238
6.774993
9.880242
8.939943
13.197441
10.391893
3.744461
4.702663
13.025663
31.069539
9.679382
8.746667
3.728434
5.625980
5.218784
13.696170
14.779412
9.591958
14.014012
13.884349
21.688765
3.717892
8.895997
7.602910
8.275887
6.901525
10.743531
17.158895
15.308894
8.836558
12.219102
9.687841
4.436191
9.428563
9.256238
13.384961
9.101584
5.221615
6.463040
8.196039
7.635144
13.703715
14.233748
5.047306
14.640402
5.435278
3.932960
7.676495
9.694194
5.686822
7.838750
14.175777
18.999956
12.612268
13.380530
11.599792
8.163991
9.564979
8.006937
13.295956
11.803079
4.363938
2.586171
21.675184
5.385294
4.660183
9.280703
7.009904
20.765148
11.589503
18.921340
27.818649
16.157876
17.808482
4.472692
8.522450
6.675925
20.287954
11.830111
12.663511
7.424488
9.499843
9.207322
4.093490
9.006183
15.797918
8.096359
8.994575
15.146720
13.031867
8.735315
11.530368
6.137438
8.364056
14.296882
8.221012
7.014340
9.930121
12.407600
9.102691
10.134821
12.247027
7.774506
15.023436
9.394085
7.250932
17.147745
10.152191
3.433030
12.604679
10.023387
19.606231
9.979270
4.023977
3.619502
8.113991
13.314853
5.482629
9.401442
11.247212
10.449704
4.915577
13.371084
17.515481
6.428313
13.781495
9.829913
17.032110
11.422202
3.967681
3.989130
12.735816
21.897116
7.795822
7.224062
12.415487
10.963209
8.714149
5.116444
9.273216
13.476493
10.132295
16.609557
21.063720
13.624628
8.782998
6.682413
9.691305
12.656675
3.511428
7.871214
23.805919
10.890488
5.512835
15.388938
18.413313
6.070363
10.784454
20.341559
23.328836
13.307225
16.224394
6.754439
8.430571
7.960439
5.460142
6.225983
12.024875
5.621934
6.034630
4.628636
10.202656
4.470912
3.981763
10.634863
12.872029
3.671380
3.021513
7.327490
4.890297
22.749804
12.032422
7.429025
5.297490
17.447041
11.782745
11.484376
5.011533
19.344794
4.260697
4.191350
20.556819
11.843565
7.252461
12.614428
7.750209
5.322862
16.435437
2.147031
7.173556
17.813867
10.973192
9.416784
14.600001
12.566786
18.196526
19.710911
12.485314
12.832886
4.744911
8.602192
9.833377
4.609456
9.866227
6.756642
12.908340
15.798421
28.636339
12.925435
10.916561
8.629461
11.312535
6.760094
11.447410
8.647406
17.176569
9.610290
6.174757
11.382707
5.515890
8.845067
10.571641
17.931493
5.525690
3.739536
11.716836
4.420424
16.132104
5.100540
6.626903
13.353664
6.902886
10.641727
13.357093
10.665133
4.993351
14.457808
8.988904
10.280367
8.477989
11.002359
11.691540
6.216316
4.139036
10.655734
11.829763
8.123638
10.566980
7.230502
10.981732
9.005608
7.676538
6.306281
11.078308
10.280537
11.510711
10.936865
7.950723
13.155030
19.319010
25.572166
13.268337
7.910393
9.946586
12.664357
8.979270
7.141828
6.718191
15.748368
8.022890
5.332865
14.025317
5.960297
8.221035
8.039341
10.691809
8.571778
9.607896
10.422678
14.128957
9.433398
5.713945
13.748429
3.724329
7.143514
6.267557
5.513751
12.625245
16.258215
14.579410
4.573338
3.290037
10.911200
4.123097
6.181935
9.553585
12.350644
8.475307
7.357393
13.354620
11.446865
7.519267
10.954336
11.797839
17.844721
16.437723
4.425473
3.391380
9.151739
5.908071
7.355985
14.970835
10.477471
25.466874
11.620813
4.556590
6.439078
6.321233
4.463626
8.451452
7.781413
7.834928
5.085210
12.199021
13.434575
19.345574
13.342361
6.535480
17.997358
12.309919
27.144459
12.169944
13.119745
5.187433
4.037563
4.334879
4.595856
11.066402
10.201306
4.633075
10.406023
10.243888
7.965851
7.285264
6.082707
12.816321
13.351940
13.782065
6.320905
5.163933
8.251348
8.529692
13.145301
8.409261
9.016934
9.871452
5.791407
5.290522
9.859996
10.924949
5.576128
11.183107
9.757760
15.529396
4.895608
13.366709
9.114599
4.919706
31.363427
6.177938
7.237018
6.861643
8.193113
21.160393
12.245489
15.423490
6.012731
12.080347
10.149421
17.247962
12.544138
10.780833
13.446585
8.148675
17.499400
4.320135
11.172966
13.025551
4.598703
14.624765
10.067251
8.781013
20.190982
7.588102
14.701829
5.499938
4.583603
7.195464
10.520623
10.520119
10.897204
10.771785
7.498489
7.860345
10.702362
5.951925
19.793600
8.210934
21.778428
6.063812
12.552354
7.645143
5.787883
7.777557
8.495043
9.248474
10.714324
7.418823
8.669805
16.095364
9.342325
8.774974
3.560315
6.329687
5.856159
12.045367
6.734618
11.032402
14.190823
8.826079
4.314261
9.279233
7.046521
5.199497
7.485239
10.237743
9.240323
6.142746
16.801494
4.653419
5.824230
6.250815
7.750862
10.256544
14.306121
6.801082
3.971277
12.527794
9.958546
16.568525
6.184723
6.491436
16.115040
11.328123
9.097835
8.764302
9.764894
16.113319
13.344263
9.235338
7.325640
8.613963
12.673400
10.969578
8.612848
4.524690
9.780217
6.510610
6.859865
9.190840
6.588839
16.350018
3.596503
8.006439
9.785265
4.305400
23.440376
9.137944
6.843668
6.454653
7.699332
6.004678
5.781190
7.477813
6.006067
4.429846
7.361846
9.705458
7.999638
5.621417
15.294061
4.407174
10.207938
3.657526
12.059487
30.574634
10.358704
25.352100
22.557437
14.302696
6.239988
10.663597
11.737384
27.965136
4.058613
8.356965
6.471660
13.334355
31.233435
6.549927
7.533074
6.400619
12.365894
9.052003
5.341143
11.340739
8.706658
7.743935
10.804354
5.765846
8.717140
7.386176
5.988651
18.853769
5.997441
14.317650
13.929891
5.066643
3.806214
17.240979
11.681872
6.222673
11.113359
6.984350
4.910887
2.933021
17.467123
8.683122
6.399414
13.180265
10.264079
6.007523
6.645177
15.088983
15.016201
6.409840
10.971374
12.162307
9.598263
2.652775
2.671648
18.632240
6.285505
4.843844
8.769642
14.418904
7.125943
6.660133
5.969750
9.384629
5.350772
17.221040
10.060371
11.735326
4.393092
5.037214
18.047144
5.886916
11.910138
3.603939
3.280587
9.408703
19.067252
12.550815
4.892134
4.158700
6.976608
3.109209
27.975855
8.280125
3.915968
3.991645
11.846701
8.247667
12.156986
4.236222
4.943680
13.934539
19.379532
13.121061
4.717429
10.425920
8.458687
15.013065
8.039921
9.262172
13.186248
14.030396
18.520952
4.897566
7.444427
8.645048
8.726872
4.744169
11.134305
5.109649
21.994629
9.625713
10.921230
10.193072
10.479694
6.692071
7.210707
17.117941
13.776107
8.573576
7.985002
13.804938
8.221236
4.173877
2.980383
8.018669
5.539701
16.355134
10.412514
8.294087
15.174196
15.744004
11.814439
7.555825
5.022167
9.397397
5.819624
24.307429
13.134888
5.072502
6.218915
6.178207
7.458889
8.868627
9.896958
8.316032
5.820508
5.901061
7.082679
7.600662
5.255031
7.890219
7.814730
22.375841
15.134082
2.754465
4.609109
14.590304
6.351619
10.876031
12.792954
15.846023
12.754970
13.041695
5.466896
3.376254
3.148231
5.247286
7.414160
11.038634
5.158478
13.545917
7.306270
3.924596
15.129072
13.848831
14.932302
11.818410
8.329757
4.487505
7.858965
7.894739
12.210541
11.777825
6.478911
4.486691
8.533878
22.489349
4.379905
23.482241
19.111558
4.816155
18.478605
7.136571
5.183762
16.324947
8.875648
3.866369
6.208015
8.718703
31.326142
15.904402
8.122814
8.654848
4.882259
6.668422
12.471926
15.407262
10.042353
10.274515
9.647205
13.454493
14.400880
17.193618
22.650148
11.817153
7.352309
14.645388
17.280411
17.950230
6.267600
13.566939
10.343839
17.856505
9.839510
6.437268
6.602962
9.485701
7.838091
6.291209
8.822786
9.597885
5.392897
5.004915
7.414285
4.157019
15.006233
5.149140
8.617552
15.315266
8.650503
9.648454
20.173632
20.107819
13.125181
8.342672
7.705250
4.613639
7.107417
3.859311
5.946449
7.718353
9.730865
6.901967
6.449604
5.488662
3.928345
23.305511
9.056827
10.767369
4.564624
8.578167
13.525656
2.777362
6.137589
10.647656
9.493094
10.819350
4.471500
11.200513
19.977377
6.466368
4.987518
10.443711
11.006358
10.898180
5.473807
9.648455
14.228798
4.467295
4.734068
26.373569
15.602192
5.822667
19.348423
18.284825
6.751164
14.072740
9.294097
9.653555
7.091741
9.318134
9.322860
5.285420
5.865764
19.213951
10.506933
7.293334
25.323649
6.753623
7.079092
5.915061
13.929892
17.090595
8.543107
20.731105
13.015586
5.053655
14.536163
11.398481
14.286992
7.361109
8.464835
5.216337
7.185622
5.870967
10.743005
4.839503
5.130135
5.935453
7.023734
17.480825
19.854397
4.559909
23.341611
6.849984
5.727988
6.251457
20.643689
10.758216
21.843527
9.457938
6.207388
8.427203
4.938706
5.560689
7.300933
9.898634
8.268022
9.413563
8.740746
8.016917
9.391921
12.652155
12.489347
10.374276
12.637467
9.286012
2.932651
10.369000
8.387419
9.823591
7.446167
15.516066
25.709976
4.766401
7.343565
9.351291
9.139957
9.254293
10.702771
7.761243
13.209882
12.366105
17.611684
18.190905
19.151317
18.664945
5.389580
7.014050
13.333277
6.613449
16.378298
3.987427
6.078700
10.521631
17.717253
8.477162
7.480799
12.866380
8.273538
6.858469
3.795564
12.485763
6.766375
6.073118
8.028999
14.306858
10.671745
11.467960
13.153340
12.209006
11.535312
8.894731
24.677046
19.007933
10.380379
4.531100
13.276083
11.680119
9.797009
8.527687
20.178505
30.320960
10.918689
4.598840
5.825677
15.039601
10.867752
13.340267
8.689830
7.570483
11.547481
5.665894
9.693665
3.453983
3.494628
8.664642
13.864046
6.451518
5.886423
8.354963
8.285388
7.080817
11.896061
7.277705
33.462799
13.028034
10.046468
5.920908
4.116342
6.908332
10.819639
5.787961
17.300083
7.371933
11.523429
6.725763
7.542436
6.734131
23.139610
16.424611
5.649994
5.246456
10.312772
10.672698
21.272429
4.996606
6.298301
4.941530
21.586094
13.849224
18.701781
17.694461
7.459880
4.256981
4.770341
3.260300
4.384668
11.815622
14.280331
6.173639
10.311569
6.251810
17.011066
8.202031
21.043536
9.561855
13.401601
11.775527
16.540074
9.725801
5.604310
6.995589
6.264140
4.632276
5.106033
9.379405
6.900574
5.426057
21.329662
11.535336
16.470994
15.475246
3.366613
4.361147
14.463697
10.949623
35.163482
17.984770
15.511906
12.021041
11.400893
6.460921
7.640743
9.202200
2.598755
20.396156
23.094273
9.246027
9.384555
5.649827
2.777724
5.327893
4.259901
2.862384
21.581245
11.917211
10.602592
15.262540
8.483717
7.734425
4.024383
7.134378
14.130075
16.133309
11.117262
8.337224
34.235736
14.871762
6.454277
11.119776
4.472265
6.981833
6.722946
11.441420
8.410470
5.234573
9.951546
5.476431
8.329393
7.026076
8.671786
8.949360
6.787752
16.107216
12.719568
8.355612
13.720086
6.978009
7.217618
10.038934
11.685869
24.533971
8.252258
8.855015
11.785530
7.102500
6.602134
13.109806
35.836837
8.867153
28.866126
9.503503
15.129238
7.960124
4.584733
10.437118
4.798628
11.565442
9.039800
6.275303
6.621525
10.749752
15.203272
10.180799
12.201621
9.718120
12.552115
6.047591
8.369556
16.604698
9.170775
11.049625
7.858341
7.364908
18.432507
2.688149
5.725877
11.758639
7.228891
7.286549
7.287694
6.647477
6.035398
10.348651
15.258303
12.338663
8.649425
28.640673
7.901541
11.058883
36.158899
13.935072
12.238632
8.704156
18.113083
10.083979
7.608017
9.168141
17.800531
10.750162
13.813149
8.034702
5.052412
15.894675
7.800004
6.549124
15.977622
11.742892
8.619151
15.022731
10.550652
10.640031
6.206096
7.377588
13.978537
16.786766
5.729369
5.137834
5.841227
9.333206
11.511581
25.827886
4.987619
3.984850
11.378020
14.014342
8.621102
5.530797
8.728822
4.931490
8.272504
10.856504
10.181414
20.966577
12.554237
15.425701
14.599188
10.119941
5.167230
9.985920
5.315933
4.598276
20.977864
13.165560
11.579879
1.949251
14.511011
13.614582
8.959664
9.303346
11.467366
12.526700
11.962050
10.007694
7.129522
4.907541
16.426575
10.199518
7.510684
3.539507
3.514399
8.700052
7.381116
17.384224
20.528986
9.967887
5.814645
8.244227
8.497850
15.048950
13.205482
13.393515
13.385276
6.599509
7.193789
6.840380
12.785093
14.655287
5.163557
12.049266
13.390655
42.634587
9.105734
9.695592
3.804982
4.407178
17.129870
17.584195
28.248120
7.936186
17.931375
11.641797
9.437174
5.400005
9.169515
14.753794
13.986861
16.607749
13.511696
7.488211
10.592062
11.567954
14.480634
8.034155
8.037209
6.459110
7.430401
22.796570
9.877873
3.671818
11.282044
3.691148
16.732229
13.926164
12.051931
18.602225
7.240935
9.017339
3.764080
30.903223
12.252031
9.631470
12.976936
10.220737
12.305326
8.481074
7.649994
4.308117
19.398292
5.301190
15.508492
9.523872
13.172335
10.038393
11.981014
4.227914
15.693691
5.983078
12.776900
4.936003
4.655191
4.585150
7.896523
6.284856
7.389334
9.271811
13.153549
7.345896
10.763541
12.328339
9.461311
7.096533
5.801686
6.304399
8.269896
9.696163
9.365814
10.995574
15.269676
6.776611
8.092748
6.186511
3.550229
10.743779
8.873950
11.393827
3.922470
3.482083
15.510983
5.332548
8.569326
17.048658
18.314145
4.857105
14.025457
7.334849
7.423038
8.686596
6.892642
11.691263
10.623727
10.882047
8.588186
3.762088
11.106693
17.711711
8.693310
22.946877
22.526997
15.151376
7.460687
11.219611
17.816954
7.607033
7.659293
10.164059
5.873407
13.956024
13.529083
6.955244
10.387303
13.627196
7.431966
10.384821
21.701362
4.256532
6.595958
9.825263
7.463556
6.636944
27.108322
23.323755
10.820853
19.988715
3.749041
5.615485
24.694427
14.273327
4.817046
8.674926
5.793521
14.530504
19.035268
22.059978
4.186038
4.950232
18.876991
10.360482
5.975775
6.920739
12.635855
31.756254
7.465573
14.039841
12.153218
8.296169
18.092273
7.600846
6.975107
10.018084
18.131311
12.417415
8.843390
6.454814
4.657988
7.672258
5.427910
6.926050
8.554236
8.628041
10.805554
3.677111
3.542046
8.581515
7.131504
7.577201
13.946507
9.591611
15.214708
7.976518
5.134493
15.304073
11.997534
6.464600
3.947218
6.072549
6.784090
12.893380
9.774072
8.027735
4.033626
13.759949
7.369445
6.591116
6.426618
8.016688
9.515382
11.771021
5.416559
6.948565
6.056929
3.552116
3.613389
8.740459
6.392519
14.799009
9.535015
23.465975
14.249248
17.539238
11.310674
6.448101
11.553591
18.345882
13.962735
11.663026
25.396835
10.693867
5.031941
13.850162
7.894860
10.929960
10.633227
7.733224
12.897599
13.094567
9.763863
6.434969
6.917370
3.729312
6.004771
18.296440
11.059265
11.671952
6.335636
7.119962
4.064515
3.528397
15.354979
6.649783
3.894214
16.815026
14.237051
8.386412
16.999025
12.283662
11.627063
5.869213
9.574996
10.660407
8.455783
11.976401
4.805033
4.153092
6.321465
5.818857
8.822417
11.536803
9.776595
10.602210
12.485061
13.803776
9.037696
11.194809
7.951059
13.661360
14.127329
14.571021
23.964716
8.021090
16.025891
14.941972
5.015754
12.246660
5.441040
11.180494
5.927886
4.357406
11.227812
15.230797
16.106023
6.304485
9.636440
23.820396
14.200421
9.800187
5.034065
4.254558
6.823305
10.263939
5.944080
12.323180
8.403124
5.999221
11.678019
4.497381
3.981296
11.565601
6.301015
8.557884
6.364691
8.388981
20.743844
7.900231
21.878120
15.350318
12.372837
13.240778
13.368088
24.765443
9.896127
11.830995
6.206396
5.068539
9.890064
9.061321
9.894873
8.990118
6.154050
4.424976
9.230171
7.796154
12.812656
8.085782
8.994428
15.957218
10.860857
15.894551
6.742191
5.398768
7.330199
8.237855
20.663916
13.828932
8.340628
5.421782
9.513467
8.412957
6.608921
5.316926
13.478569
4.847069
4.407786
4.609271
14.980176
9.159260
10.129085
9.599467
16.598637
16.799632
9.917782
16.286709
8.126249
6.111199
10.210886
6.125603
5.330379
5.898285
11.890482
12.225401
11.200629
41.120302
12.582825
11.928958
10.988508
5.322507
13.016355
6.169705
4.740630
14.179419
14.216760
15.702721
7.322303
12.883145
4.109217
5.786569
7.934908
9.250131
9.873888
15.356933
6.768700
6.178647
12.061259
11.490337
7.089497
11.081419
4.222544
9.153519
11.827628
6.454911
9.160302
11.440529
8.369573
6.683650
7.183516
14.472109
10.038728
11.130595
11.596687
13.033943
13.367854
7.029337
9.786848
6.056426
6.130963
13.392419
6.503167
4.922053
5.551583
13.478937
10.852925
7.334042
4.355524
10.077128
17.883502
10.096419
20.548968
4.659133
10.330900
4.828976
16.726205
5.394028
4.588941
10.041639
12.511642
11.786472
8.399241
9.272543
7.490370
20.753908
8.024221
6.775521
27.768560
7.200135
10.655488
9.455618
4.003836
10.632452
7.617262
12.064806
6.728543
12.286036
4.043907
9.705799
2.734412
4.970544
10.387834
7.231837
6.551900
18.956930
17.461205
11.424492
13.453146
22.770942
7.978617
5.153989
5.318178
4.537556
20.796183
8.250656
10.741751
11.375256
10.516337
9.836267
10.933963
4.923604
8.307686
7.943368
12.198765
12.714074
6.226948
14.444668
8.345874
12.365980
13.115630
9.996846
18.279167
8.865721
9.566280
6.515811
6.230725
13.020033
15.070743
11.983514
8.876487
12.869883
5.931295
4.832193
10.627358
14.407054
11.194783
3.865234
6.341272
9.691800
12.610052
18.139495
16.701305
8.418757
12.424699
18.775996
18.633403
4.910444
8.371042
13.777565
6.170926
7.135873
9.843635
5.300950
29.768449
2.592108
2.938311
8.988411
12.521671
15.103737
28.190316
14.349573
12.296354
18.811472
9.645965
10.916843
9.361233
15.682226
8.096257
7.807159
9.709679
9.817058
8.580890
11.888047
6.848995
6.025116
6.899796
6.344228
20.190182
31.850464
7.838261
5.700810
5.946082
9.115461
13.944858
14.109404
15.611105
9.385542
13.144612
10.235503
8.809197
3.350022
13.534141
3.928031
3.228477
6.352111
3.674464
12.628966
11.968458
5.336193
6.908064
4.771672
9.594737
12.609771
4.629299
13.998476
9.313771
7.048180
10.398394
5.330257
12.088829
4.141181
9.434464
6.548831
6.903347
13.555250
11.988293
8.897583
3.360799
5.645957
10.074069
21.050152
4.361740
14.433430
11.318657
5.094953
5.945924
4.448749
11.222346
10.378084
7.770414
13.170887
10.125482
10.912234
3.601557
10.110918
3.631766
8.378478
15.405977
19.305468
4.933051
5.692475
7.331513
12.293149
4.365032
3.937203
8.218379
7.127243
9.922287
10.259787
13.990796
11.008883
14.281627
5.500957
22.546966
7.979846
14.259864
7.275779
7.861522
6.550430
6.147624
7.171563
8.202309
10.806933
7.709976
20.302103
18.091023
12.058932
23.145034
14.402195
29.742422
7.162583
7.056817
5.615269
7.905080
11.971125
19.760120
7.291819
10.633179
7.812072
7.099765
4.292783
9.191841
15.729248
22.667513
7.094199
6.364622
21.548037
18.373885
18.902055
13.065945
10.746109
13.786481
3.568540
8.619915
8.414044
22.599934
13.375912
13.654381
16.665636
7.171885
13.615491
6.100566
8.883200
29.779515
5.024573
12.057035
14.678290
10.223476
14.898356
9.565279
22.442736
10.107464
7.654052
8.671336
9.728516
5.345254
5.636297
10.103202
14.255615
13.500676
18.065766
13.265599
12.843842
5.169580
7.922869
6.839597
11.056826
7.600184
7.238633
5.001994
11.367970
38.818514
6.736678
10.214924
16.667764
24.311486
11.459970
15.079322
18.649521
19.054288
4.402443
5.242827
8.199139
14.801816
4.988761
10.398411
3.813854
8.394090
4.496563
18.777816
17.770297
9.734329
5.312141
6.927893
6.436058
8.038789
7.998079
8.050350
11.831275
3.766478
3.444323
10.051262
5.678376
27.669349
13.901065
4.436469
10.743501
8.547880
6.282046
5.410619
13.686826
4.612728
18.961627
16.195920
3.444467
7.242702
23.093627
9.776999
15.255876
8.861226
12.723728
6.099554
6.154204
9.101507
11.057613
15.797835
7.198021
6.892249
7.709142
9.791393
10.784733
7.998484
16.395024
10.469811
9.188211
20.519526
6.852648
9.142492
11.972656
5.230577
5.757408
3.075537
10.205099
11.231675
8.266938
20.899867
8.378519
6.907289
12.537027
10.944201
8.791425
9.958687
11.746508
8.395249
14.455846
21.466900
18.464188
12.876800
10.647293
25.225782
11.783893
13.938129
8.527012
9.951921
12.056016
4.340541
6.373820
8.944360
19.480748
13.356245
4.650182
27.646166
8.372138
9.480591
9.241356
9.937300
4.587043
18.534361
13.994638
25.888054
7.299154
8.001888
7.972933
4.797813
12.908871
10.890953
5.304665
3.844951
9.463758
14.421697
12.458106
2.769128
5.212347
17.560520
6.935251
11.933627
6.963001
13.098042
6.991322
3.688279
5.866587
8.738939
2.111313
10.233398
15.150892
5.697900
11.110539
5.227764
9.708471
8.663633
7.233804
16.330014
11.266150
7.856623
10.851112
9.557414
19.536215
29.251863
7.224177
9.501215
13.599186
3.664142
7.346658
15.283176
20.910508
13.642089
27.109297
17.628558
17.455100
11.783160
16.369829
12.593535
6.031574
6.486200
4.263678
10.171013
13.182812
8.018932
16.062436
4.878523
9.806637
10.005405
10.896507
6.475145
5.240175
26.496746
13.230980
4.585664
9.319716
11.324587
15.107574
14.008778
7.919096
22.757231
12.668833
10.192785
5.954622
7.462685
5.876160
9.486049
8.842986
12.767530
16.480393
24.320533
7.535289
11.889101
7.162550
5.340195
10.129871
12.880694
11.204126
6.746169
7.056854
12.897425
18.135559
12.389149
10.134445
11.695707
11.849571
10.057233
4.144023
8.979517
8.536192
7.196071
3.636656
4.605038
10.742525
10.972023
13.803370
10.666762
25.740739
11.068226
7.151556
5.972501
4.957574
20.397007
24.253666
9.301721
5.622030
7.804106
18.875861
8.600896
4.949584
3.875002
11.860036
20.553071
20.248594
7.309492
7.076052
9.291690
5.698346
4.920008
2.556640
2.977830
12.481502
11.061870
10.995009
20.335762
11.331419
18.034915
15.385099
9.150986
19.776767
7.496314
5.619234
8.718320
8.056878
3.739192
3.176856
13.283214
5.364863
12.608469
5.446046
14.002119
6.566134
15.766406
9.314231
17.564790
17.098457
11.698739
6.256385
10.493933
20.695409
5.465221
3.248179
7.098713
14.649779
16.454762
9.390232
11.294614
6.193429
23.891072
6.585916
8.794051
6.377841
9.534489
8.688932
9.094761
14.450896
12.655344
7.577602
10.609074
6.603189
7.207608
5.618427
4.488872
6.845326
5.477016
13.131260
5.848339
6.985491
14.854317
11.497857
10.608647
26.483484
8.717183
11.421390
13.496351
14.374930
8.625625
12.475113
7.402928
11.156866
6.323572
11.962780
12.840570
9.056172
7.062553
13.109526
18.902266
8.145886
13.935987
26.526788
6.778214
6.274303
21.219889
10.308023
11.663230
15.059635
6.654891
9.355498
22.080914
5.717058
20.525963
11.053769
4.168472
5.647898
11.974672
6.700680
9.677355
14.331706
10.839952
4.869030
4.811149
9.998122
4.082254
7.703614
5.370258
39.491834
13.523254
12.726603
5.146926
11.566392
13.667413
7.233478
9.934563
21.183348
12.691025
21.113948
22.457576
9.091702
6.863524
13.822521
9.741210
9.222942
8.578867
12.197701
6.733999
4.591888
4.227085
8.704581
7.857277
4.588393
4.713165
24.000180
11.899720
13.339348
14.204968
5.675772
8.213550
12.253126
16.114851
7.517664
3.444148
7.860570
9.055131
6.346435
7.530778
8.815026
15.352440
8.278538
7.906971
5.215429
15.180249
19.170689
23.215242
16.421006
5.072242
16.293359
16.457769
6.163830
9.712960
13.059791
9.956968
10.698723
8.354276
5.434097
4.537670
6.761667
12.856261
28.543652
7.028096
14.323664
15.144846
11.297914
13.227716
13.821198
19.600818
5.085749
11.050008
9.246916
4.730765
8.150041
26.742830
3.874162
5.756913
25.137184
9.271386
11.464965
9.906105
10.218847
7.475899
11.953176
13.097667
12.758224
5.793418
5.710528
10.747140
8.299683
6.179842
16.535629
10.142155
6.154516
14.929280
11.366916
11.808504
46.562010
16.401097
12.646670
6.409573
4.931575
23.411594
11.823513
14.987638
6.253914
4.139955
6.771388
5.522458
2.055463
15.780298
18.205159
13.697337
13.768070
30.840928
4.394904
10.322575
9.484919
6.391398
14.416685
6.932627
23.935740
17.887267
10.378437
7.271257
11.095508
6.200798
10.595408
6.744219
9.212148
27.878685
13.863870
8.494248
7.465422
34.110213
5.427697
13.835662
4.244188
5.418505
10.519183
7.085829
6.475693
13.477383
7.433089
7.818198
14.950643
5.182285
6.421242
5.716614
11.188086
10.038242
5.584971
19.874619
18.085209
12.501452
24.948370
7.754330
5.372502
11.372950
10.038442
20.425319
14.465404
4.104922
8.920977
17.788768
13.893717
13.488745
10.426167
10.599229
7.186432
5.877996
4.392853
7.541209
10.495357
5.329465
16.051603
5.335211
5.256975
4.434648
4.813362
3.282339
4.308386
9.942961
7.445078
28.596894
12.142912
18.540775
16.457882
9.425429
16.926842
9.441671
9.871851
5.893641
20.331811
11.072592
6.538202
11.653819
25.046360
9.642124
11.785835
15.128062
13.555019
24.454324
11.908288
5.918848
4.712517
6.669903
15.347278
7.968345
7.528409
2.589547
12.317543
13.944463
14.054244
9.718115
10.513673
22.828493
7.843660
7.701171
10.889514
14.643736
8.636585
8.693099
9.566724
7.644993
7.522874
19.381277
12.296547
3.705840
15.777408
6.590632
5.841404
11.241408
6.209401
10.499742
9.979880
12.821456
5.958236
10.534073
11.656103
14.205131
10.991630
12.184518
12.489202
8.440435
16.156973
39.408365
11.004670
4.783155
8.715249
9.440895
11.539318
11.839880
8.976766
11.237276
6.998933
11.067561
7.998049
6.488672
7.123276
7.352650
6.496406
5.723622
20.672997
12.526452
7.059238
15.159205
7.051611
11.197601
7.856107
5.208264
14.569745
8.389728
5.267397
5.252090
3.668520
12.770561
10.662345
7.867441
14.077772
27.862128
9.563947
11.069797
7.920623
5.479755
16.481256
13.513981
17.381176
9.347112
6.260523
9.849199
4.345881
8.313293
28.134727
16.683632
14.802408
6.834141
12.058579
33.303009
5.512146
3.341490
12.116524
12.319965
7.581634
11.137712
7.792876
21.002302
5.159574
4.711828
8.992826
11.584789
7.618634
12.828369
5.685606
9.909119
10.521552
10.079699
3.039638
8.253411
5.165097
4.818490
8.736783
13.201313
6.997654
8.923082
10.836201
19.652463
13.724126
9.488361
4.956938
14.618364
7.182106
10.491989
7.138983
10.020486
14.072290
10.941044
9.430381
14.880777
15.514399
4.923674
8.569739
5.154358
6.614112
7.506256
10.109430
6.453690
13.780465
11.082246
7.155293
6.709252
8.602589
7.620133
3.127805
5.986264
6.675034
4.197144
6.639556
14.149398
14.963700
7.008183
10.473563
8.890105
8.852546
12.840594
13.241429
15.749187
6.360917
6.691327
6.957993
6.404900
24.487467
12.145469
12.456138
5.967829
9.695394
9.842150
15.901219
7.665135
4.891545
3.716921
9.105454
7.891791
13.339839
16.057431
18.984885
5.510389
15.757183
11.001175
16.617148
29.681069
9.221504
7.553251
5.248099
15.222158
6.332957
5.922695
14.454749
17.016038
5.719855
9.047470
6.613297
3.105584
6.059423
7.916918
6.437732
11.574329
13.930106
11.875569
13.390526
8.072955
6.490833
6.768895
12.224844
13.030057
10.687638
10.604180
6.883896
5.765466
7.875057
8.593580
21.882822
3.263986
6.627980
12.346508
8.946031
9.649029
10.716907
13.817134
10.003045
6.541271
7.914415
6.486568
6.812465
14.146573
4.674641
3.197061
3.803882
19.353459
14.166983
8.240414
9.238610
15.989683
10.286744
9.109663
10.479496
15.619433
8.483734
12.322400
15.017250
7.509950
4.194473
9.011547
14.953067
7.225128
12.231245
7.709535
13.017568
9.177033
13.782606
9.760278
15.537011
6.278693
18.762804
10.018080
9.516320
11.092484
16.223246
11.964242
3.957086
10.572647
13.508834
9.825143
6.489246
6.654977
4.198092
4.648435
5.378050
3.978700
6.758100
11.078581
10.476663
6.475110
11.855784
8.106268
9.555125
6.249734
8.291548
9.726841
10.025968
6.179730
7.815440
7.810793
28.717859
3.288104
7.015809
14.044718
7.117375
12.451144
5.238606
4.104255
8.081638
3.322942
10.176814
13.171074
6.736440
10.594997
12.855713
10.463016
6.301465
9.275681
6.011021
8.376433
7.236995
9.359764
8.934301
7.298834
15.945920
7.728561
17.474589
14.354374
15.857538
5.023187
22.639317
3.240242
5.119336
10.283970
11.018054
5.420470
8.631389
20.543334
6.808853
9.383321
6.433991
13.736679
8.957741
8.396051
21.258549
3.988200
11.218998
12.220945
12.631061
8.321183
7.558881
4.472989
4.369025
7.858429
5.310095
4.932359
19.333866
6.691801
14.184329
3.617844
16.713552
4.533069
6.861240
9.143400
5.514784
20.358690
14.113964
7.086280
22.712592
12.882887
28.734502
3.787668
24.281580
11.766276
3.766759
15.346280
8.798349
7.436616
4.722409
3.964903
17.217146
10.478494
5.391260
16.410586
26.902080
6.625671
12.544582
8.020034
9.432303
8.180383
9.584181
6.690834
11.840113
5.516043
4.276924
9.733971
6.129714
14.939942
11.588103
13.381528
5.698106
10.280032
6.241234
7.223289
26.284349
16.210585
7.195051
10.560437
3.633271
3.077720
8.679887
10.546094
10.461397
7.236022
7.871881
7.681500
7.009721
7.643449
8.883427
9.256796
6.924785
8.176402
5.021899
12.372665
15.051538
9.947634
6.048714
22.812851
13.767168
8.824437
14.477113
8.570285
42.139748
5.167326
41.668841
13.679172
13.451354
8.250958
6.822874
25.723174
10.527787
5.833050
4.752325
2.962424
23.724018
3.326649
3.658527
15.766305
7.773531
10.809473
5.723687
8.668194
6.664844
10.746082
19.021020
12.272014
5.096348
7.480221
13.731652
9.411639
8.541538
6.175326
24.994597
14.514758
6.881074
14.057394
8.069761
16.877949
18.502451
16.448734
12.831750
5.377458
5.840153
7.417182
8.803203
31.845100
9.275874
7.486653
13.768519
5.036982
16.671434
13.274387
12.569821
15.243401
15.375893
10.228907
11.235362
15.177950
8.368627
8.644604
6.687342
10.777670
13.886097
4.338392
6.083136
9.488773
10.102288
6.155915
19.327120
5.623045
26.428056
20.016256
26.906628
17.526551
27.048686
8.975888
21.730552
7.089225
6.635236
3.150572
7.115010
11.909562
6.555769
8.344758
8.855588
13.796979
5.473654
5.858585
13.670897
12.323715
7.532213
5.455907
10.570904
13.497370
5.810995
5.716193
7.337088
6.666230
7.988441
12.879131
15.657499
6.457195
5.607376
14.914147
14.806596
5.659451
15.408245
8.869357
4.559299
10.694150
13.961506
12.955952
11.233577
16.534649
13.687120
4.841244
17.930779
5.298587
11.285105
7.950619
33.268884
26.074949
12.899264
9.067359
10.550709
16.247646
9.166480
6.619510
11.502593
7.828328
8.063990
5.531145
18.182720
5.285669
4.392795
16.787337
8.677422
13.069610
10.055653
5.901604
3.467645
12.273543
5.123565
7.774296
10.646664
9.973699
6.571625
10.912557
10.376675
3.421123
9.936180
8.791448
10.385665
7.120705
12.034219
5.740691
9.396696
6.466772
4.096848
10.731666
10.295925
14.956455
5.427612
26.544698
4.118490
5.546784
6.277901
12.987207
11.548960
5.892191
2.410193
15.567148
7.372121
14.008138
14.324329
25.819232
7.712407
10.239284
7.384020
19.192955
9.948567
34.149427
10.918663
9.874340
8.110408
9.028880
15.627309
3.787311
8.945613
4.073252
12.905418
7.657355
13.864569
6.971302
8.503597
11.031672
10.042302
27.964654
9.532231
11.564655
7.642277
17.213734
9.804264
10.023147
13.950353
13.215609
14.591992
8.219323
11.192095
9.695363
4.719978
17.309961
15.145603
8.309320
9.808816
8.453395
12.427658
4.660655
9.327811
17.276231
5.664589
9.260008
13.570016
8.503399
7.794963
10.409719
8.028407
6.979461
8.359985
16.802184
5.346087
10.008236
13.081527
10.489847
3.975778
5.870161
11.120521
5.183802
11.809396
9.584389
12.954167
13.210251
8.909607
9.084014
18.175489
11.861055
4.962395
27.644463
13.203873
17.136627
7.435528
4.144665
6.711794
6.754051
11.402472
7.631531
9.384243
6.493455
20.221136
8.016739
8.187502
20.705116
6.630955
11.060038
9.348679
5.469830
4.421089
15.799205
10.339712
10.557804
4.162057
4.914962
9.257230
8.902964
5.026370
4.881751
9.133958
7.378441
18.110636
9.956158
7.000810
12.718849
10.401052
3.181233
5.335226
16.478175
9.973339
13.187673
15.562836
17.284193
8.865995
8.165074
9.121823
11.677491
15.959947
9.042509
7.102353
18.037323
5.522666
18.769391
14.748861
5.939859
8.869442
13.435321
6.122955
9.899629
7.339817
19.170788
6.624434
13.094721
8.722087
9.185288
19.775375
9.095342
9.979461
16.743140
3.204653
4.340308
3.447484
12.176577
13.633539
9.756256
7.597296
3.784326
10.039913
7.378038
28.965069
20.282166
8.145267
4.668103
8.063421
6.528941
12.221333
5.121467
12.539217
4.085633
7.293895
13.307294
6.675080
8.836450
11.317807
6.550667
5.290114
15.901534
5.582878
5.622286
6.889023
14.144088
8.893620
4.890114
7.812760
11.443724
12.151323
6.690878
12.182780
8.061752
11.526255
9.838474
6.588318
5.578170
19.887991
5.405894
6.411442
17.993094
9.869109
5.990383
9.320017
7.131659
8.617295
8.369593
8.504556
11.509488
30.938527
15.928715
8.696918
6.607508
7.656658
5.988082
6.205125
8.611444
4.448923
8.708199
4.915457
6.321851
8.922240
14.056786
20.316505
8.977375
9.294797
5.975955
11.161692
19.156964
3.685056
6.212652
27.796627
15.068822
8.409326
5.532756
18.949795
6.349357
6.238830
8.784211
8.850019
28.071116
17.899849
12.580351
6.781113
12.890276
8.683987
5.856351
11.372374
11.289849
4.305790
8.515966
5.597851
23.617744
8.479979
9.397608
8.530927
23.504932
12.170622
19.876928
8.275685
17.584865
11.904808
4.877644
10.077258
9.740527
13.718913
10.731887
10.020767
6.809320
7.556784
24.754478
5.491165
5.568766
8.536226
6.515595
5.570787
3.921933
4.880483
20.862246
16.672168
4.604865
3.799942
10.021019
13.330111
7.897883
20.037232
5.535337
6.678870
7.319190
16.256137
11.814378
9.001228
5.739308
3.763098
6.704405
15.242649
10.977904
9.048681
8.675715
7.745320
8.082448
5.337342
4.715699
31.496947
10.555302
11.008021
13.653664
10.321445
6.551343
11.794612
4.093490
4.929806
6.059134
9.612592
5.233436
12.642148
16.276763
3.241150
13.312891
10.803557
5.911153
22.553769
13.721169
18.438191
19.850464
8.807803
6.960601
11.450178
16.482363
15.952867
10.125373
6.533923
8.168949
5.658581
5.369031
7.251730
3.563455
8.949327
8.108429
9.374952
6.413582
24.384752
7.060733
11.344595
11.551027
20.120883
16.502073
5.100646
15.651046
16.966700
9.541227
9.151611
12.299274
5.353793
6.081196
14.890548
8.926602
11.829201
9.168169
8.617937
13.068581
12.663435
8.115721
15.923197
15.259030
4.729095
4.068190
11.470807
8.146222
6.966527
4.672882
6.725902
9.098673
11.238814
8.962252
10.325090
10.147992
11.264185
17.237174
4.853281
5.967244
13.471980
12.963649
7.765489
5.284132
8.393822
6.647442
6.881803
3.418123
3.797727
14.286324
5.448842
8.617137
19.883928
15.166234
16.104060
6.862457
10.705767
16.805932
9.800138
17.061615
13.298075
19.263020
11.318197
5.931013
13.110232
4.221955
4.296884
12.514257
8.125192
13.995595
8.744133
11.564496
16.994710
9.716174
12.110624
11.512148
3.153703
4.137503
5.346037
3.447144
15.336472
13.814672
9.494237
9.985292
17.097690
4.484364
10.802900
25.505234
9.624827
16.843203
11.151212
11.099263
24.428932
12.721611
7.033773
8.702592
3.324253
10.455907
6.382464
7.999399
3.903086
3.634362
28.338990
11.008373
7.966519
4.803188
18.500441
22.739582
6.102595
15.335880
5.263373
7.076045
7.525580
13.831336
5.903960
17.864226
5.560510
7.549757
6.708985
13.148955
4.819679
3.367660
8.904546
9.382821
5.836187
7.294869
23.357192
17.837791
7.067921
6.424357
14.471305
8.103349
7.457762
12.468927
7.993867
8.274555
15.148151
5.560911
8.291953
15.194280
5.559699
7.180586
5.790939
11.492808
4.008463
6.133831
14.997329
12.679998
15.232052
9.393328
13.465074
18.408834
10.185351
7.460146
4.010874
4.252758
3.493844
6.508719
8.130649
7.473876
8.525422
3.956388
10.414447
13.637400
8.012058
10.954436
9.926243
16.847094
13.046227
9.277199
6.081646
5.925432
3.112895
5.855414
5.582176
11.693564
12.619980
13.092130
10.705961
18.967233
13.860671
13.276944
8.114551
12.551285
20.976256
13.645724
6.977312
9.823474
9.783683
9.928644
11.087508
9.155307
11.380741
9.552025
11.722081
15.812354
5.880972
7.714563
9.802203
5.038018
4.378119
9.084141
24.477796
5.916584
10.394755
14.227874
9.494824
12.840779
12.404773
17.793689
6.957428
10.395973
19.458191
12.251410
22.744740
3.905072
8.497384
5.488537
18.404570
12.999483
13.244092
5.948037
5.297896
7.500724
7.092227
14.558192
4.883534
8.443589
16.448754
12.637852
11.822409
8.033611
7.056928
12.880626
2.755564
2.429082
7.075051
4.974266
3.998324
10.700736
3.279378
15.459363
5.919842
9.034931
6.015794
9.255775
14.488326
6.026856
9.455274
13.982424
7.136192
5.110686
25.975388
11.321203
13.359893
10.751893
7.412885
6.794102
11.521180
13.104943
13.137661
12.052033
17.888889
6.934874
3.632760
8.470310
5.737542
10.094189
16.580618
4.388517
21.479688
10.118356
17.378375
11.589747
13.906631
6.743274
11.578037
8.473453
8.047822
28.727959
12.709620
13.056773
6.922032
17.644601
13.960720
32.948837
9.708790
8.514573
11.345671
5.813756
19.511963
13.901479
7.544629
7.327483
7.182495
8.597321
7.985342
3.067224
3.360302
5.824918
11.341447
10.570542
10.344935
10.597933
9.402970
7.881413
8.350741
16.542583
8.182836
5.339064
29.110409
17.452151
7.115741
11.328532
5.957672
7.551867
6.569782
17.082878
14.626930
5.346281
22.401381
11.510718
5.916069
6.931334
9.751149
28.389486
9.109709
5.579472
8.902979
10.082982
7.985095
24.118491
11.372396
15.024520
8.042071
8.127669
11.654849
8.725851
4.674187
11.905622
13.506704
7.967499
6.827760
5.730242
10.616347
4.210132
10.647877
5.861348
2.929192
10.092370
7.354228
8.719709
20.462981
8.860621
19.967207
10.675783
11.050181
4.289456
5.586629
7.955623
11.867842
17.247724
12.586035
14.498507
6.067433
13.148242
10.700639
5.124049
10.210161
8.660370
15.220686
3.737259
9.579379
10.295932
12.688466
11.780654
7.780695
9.472918
16.014955
8.085712
4.820432
8.965288
3.228519
7.013077
6.151037
11.984333
28.528872
7.274693
5.707297
11.273656
6.078335
4.402095
7.961276
6.805290
6.498715
22.059026
5.342208
4.822309
4.454868
16.945355
9.198228
6.566153
14.215788
17.405458
11.989631
14.169744
7.813773
14.286476
9.212234
7.699414
7.847788
10.449119
14.737108
9.619508
4.073266
3.163079
3.487150
7.920466
6.286729
13.525873
5.283670
6.589717
12.299260
6.440453
7.362202
13.019250
13.854422
5.164891
7.513979
9.466001
9.204755
11.777787
9.947271
26.095309
3.662429
3.021160
33.513519
5.713230
12.269637
7.324927
11.066208
7.317432
15.703032
6.423121
5.147593
3.183596
3.773123
21.905517
14.624967
16.665221
3.517971
25.667360
36.627288
8.850172
15.238977
11.389085
10.918259
5.565472
11.858061
12.102173
8.710330
4.583955
8.662667
10.588455
8.474005
16.864070
21.565631
17.048701
6.196374
9.200108
21.935979
24.562612
15.937737
6.487518
11.771258
9.585723
15.763868
20.022722
10.359486
14.024980
5.745924
14.678447
7.987164
20.122616
20.120673
9.330609
2.735826
3.340216
11.661108
8.439727
3.793020
20.630375
30.006358
7.006067
6.019530
6.575365
9.622118
8.414675
14.586751
10.534309
9.751016
23.122459
6.366542
3.781175
5.948109
8.200354
9.496148
16.911837
4.293396
6.191602
5.667989
3.180851
5.411983
16.324626
24.135743
9.309650
8.492361
6.489373
9.748958
16.692678
33.029950
16.765577
5.951962
24.364029
37.586670
8.009666
8.784924
10.299769
10.016774
20.341417
6.669476
9.379853
8.515995
23.238291
6.638824
6.906543
8.504983
14.934115
3.916664
4.637084
10.008013
21.074571
10.058754
11.098020
9.281731
12.288656
9.790112
8.072307
8.838696
10.231237
5.414703
9.950217
8.068096
6.909243
10.335495
10.944827
7.365431
10.854234
10.512189
10.300075
11.342071
24.489080
8.739878
6.833121
4.298209
5.073020
8.409321
4.512139
18.140746
11.336175
5.776197
6.412807
5.047111
10.702989
7.764316
13.164113
7.096982
5.163088
9.479116
5.315354
12.317323
9.020570
10.592756
2.375924
4.131157
20.255975
7.372355
9.621826
5.955750
13.121372
7.573285
10.198264
10.754982
11.984780
15.794734
6.876065
8.051727
12.453724
11.259311
12.906923
7.166215
17.175926
4.949566
4.092657
5.193618
5.604869
7.713265
16.112583
6.677018
7.199627
13.699563
19.171264
17.022271
5.572677
5.112121
4.622582
18.074903
12.624910
12.999888
7.539599
6.779254
4.674909
7.147312
22.025333
12.716628
6.134282
5.174738
14.098556
13.379190
4.025824
16.611029
14.248588
13.795853
16.591437
3.891385
6.802113
6.598789
11.434431
6.386175
18.599400
6.686005
10.348008
16.475802
10.945132
10.487885
9.227417
12.075818
10.447290
8.508619
16.664731
19.862575
6.991442
23.744563
5.966326
4.151439
7.314041
12.326556
11.831383
8.771163
6.037290
42.048758
13.031617
16.034066
11.145125
12.095977
4.666680
6.721887
13.392401
7.295386
6.619330
15.687445
12.852390
6.600697
13.780813
8.506498
6.115414
8.127700
13.745806
14.860223
6.668825
22.220044
9.384308
22.485520
12.285648
3.649255
3.057410
13.980409
2.938063
4.044129
18.743684
9.068089
4.747686
6.500119
2.856154
1.954248
14.441934
13.167957
8.735441
6.551969
5.298262
6.158021
11.502158
8.251317
5.730920
7.510708
9.238962
9.582698
6.448710
6.905477
6.150616
7.583501
7.737845
13.061272
13.771424
7.502756
15.026141
9.813515
7.461655
7.134044
21.457566
5.041135
4.485564
21.619940
14.981562
12.740850
13.360943
12.746899
14.734157
6.055116
14.807460
8.033958
10.474777
7.996668
5.915199
8.591514
7.496717
7.715525
6.653263
7.204961
5.004946
11.511398
11.559440
7.489494
21.048653
9.524158
17.003294
8.363825
5.946660
10.149756
9.444031
13.607345
9.703318
9.241251
8.873683
17.917656
15.758940
3.706099
2.746155
24.378710
13.186621
7.954814
11.666105
15.494739
5.876596
7.650535
2.592490
7.502366
15.443831
20.404912
10.898496
3.688969
5.146441
4.283060
5.613107
4.861520
16.392024
17.724198
6.849197
17.445706
4.154309
3.971345
2.770815
8.745970
4.975746
7.869327
6.505110
12.025871
16.385411
6.653844
6.506752
4.794818
7.558808
6.751591
11.567583
14.180871
11.009031
33.626379
13.860225
4.872204
4.857061
20.586996
10.781577
13.095005
4.863800
5.048465
13.602747
6.236233
8.618490
10.098095
9.485511
10.656280
18.660436
6.066053
10.680050
15.377141
8.562990
7.754764
23.827356
5.499727
12.591934
14.304075
12.312778
6.550086
4.687850
12.674120
3.156821
3.612421
12.292321
3.868316
11.465132
7.513904
9.562459
5.657580
9.020028
8.623330
4.525620
6.936454
5.549350
19.020751
10.591146
7.411550
8.617147
5.535168
11.841584
4.084208
12.491428
9.628217
15.610668
7.737904
8.374445
7.462643
6.743430
7.824567
8.176248
4.719846
9.102578
6.023912
11.530594
10.186966
7.451391
2.901245
6.548970
7.725777
5.217161
4.308370
8.396133
5.816569
13.674328
7.862457
13.229850
5.086652
12.334803
10.203488
8.074309
12.635264
4.283817
9.942548
13.985250
12.020717
12.375241
9.252560
20.677928
16.607509
25.205314
7.385950
7.488399
19.522189
9.873221
6.015296
4.443317
9.901477
13.824750
17.511488
13.180276
12.054996
12.094594
8.383955
9.831402
7.478933
15.254408
11.132990
20.139887
6.576899
15.852219
8.452211
9.381056
7.379946
12.044506
20.092721
10.127727
5.747970
12.589920
9.386532
6.256131
10.332262
8.513443
5.871548
18.479717
16.735198
11.340026
4.029735
7.522386
10.677526
11.099183
10.127407
8.429851
8.542145
13.311966
20.925385
19.270808
17.576722
9.838168
6.801411
26.235127
18.104085
18.269935
8.736109
9.746907
16.125712
26.641319
10.980279
13.953884
20.792557
18.222940
20.048757
8.321300
9.425586
26.598049
13.655636
6.775518
15.804515
16.139717
13.262044
17.922752
8.033328
5.121641
7.751319
13.407917
10.471829
12.927860
23.856790
9.713361
11.391279
7.390558
11.591147
11.269278
14.704435
21.212056
16.198944
25.727370
18.198815
18.335735
20.314961
17.197135
14.806681
19.011859
12.943637
11.294194
6.535545
11.027967
6.223350
22.656561
10.792548
28.288852
9.265137
6.713584
7.706100
17.862451
7.442073
13.860909
9.356854
24.365410
10.889277
16.140060
13.143700
14.074618
15.134338
11.116126
6.124864
13.697940
17.359120
17.027933
24.334448
10.520906
10.381069
8.788194
13.391534
13.528578
26.093260
14.143681
10.890361
7.320290
11.726219
9.829864
11.768886
12.679975
12.271495
29.439842
7.957519
8.821942
9.638607
17.861591
10.759487
12.336945
14.586135
8.697356
30.023188
17.989194
23.202101
12.144344
15.894607
7.539269
7.214607
24.003704
17.501647
10.644808
10.150321
16.817047
17.296626
14.038184
10.051881
8.420373
16.580809
17.738268
18.447599
5.453384
16.692148
19.938918
10.577957
9.147671
22.812715
12.553615
25.457037
18.685991
17.513754
13.187142
20.675798
10.828079
14.855074
9.050179
14.458731
11.021127
12.318491
9.029199
10.031698
17.210872
7.174985
23.629509
18.541403
12.774810
11.691284
12.859006
20.801339
8.258170
12.790461
9.478252
25.202179
23.255461
23.682551
7.516755
12.541158
16.398518
21.863012
8.873745
14.803264
9.820377
7.812916
4.825049
51.270711
24.565912
20.047361
16.953946
16.080560
15.015607
16.412460
8.959789
12.252176
9.607100
15.236638
15.240672
14.349653
17.686775
16.757155
9.433559
21.934807
7.774409
11.902207
11.695739
11.617191
14.189979
6.766254
6.042182
21.683024
13.235632
9.610745
7.886777
20.554086
12.811729
18.026430
18.259447
8.160740
11.490437
5.510219
13.204441
14.153032
7.998353
10.802852
22.479282
12.758740
22.974228
8.525296
29.072968
30.551808
14.969312
4.691618
12.067460
31.709783
15.962368
10.117111
12.756132
6.817586
24.616464
9.118029
17.667552
12.544818
12.337163
14.667809
8.348828
14.419532
10.439304
8.676759
14.496218
13.826813
12.121364
5.301491
14.836207
15.926071
11.349043
21.526961
11.612299
6.659128
18.195135
15.298758
11.827698
10.292095
10.677732
17.157439
16.064315
6.805663
14.591635
13.386526
12.515458
6.368951
9.352418
7.996163
14.710828
14.465659
17.018756
9.021568
13.197880
12.600660
20.721619
16.104206
20.582188
9.864568
8.866846
16.747447
14.487163
19.326816
12.493494
12.884327
25.228270
11.318758
8.605508
12.159380
6.350792
9.418741
15.916299
7.940260
15.485599
11.976367
6.797130
16.652239
17.202565
30.139373
15.569881
9.512255
7.302797
20.317167
19.077934
10.893238
7.861808
9.264365
17.441922
7.786127
15.314085
12.808101
10.376663
10.493681
12.221068
20.642015
18.040191
13.349832
4.675561
12.910161
18.461968
15.005083
39.409545
8.262318
15.198067
20.999038
12.002751
10.046356
11.759314
18.896520
9.969093
13.354002
14.365808
12.615660
19.333540
4.493083
32.202999
24.267041
9.210957
12.073391
11.319392
11.035038
25.007273
9.118686
15.324618
20.405889
8.022330
30.187783
7.100327
29.095230
12.667462
19.705951
15.967214
16.611622
15.796484
10.228993
17.788715
18.118206
11.330459
6.996030
7.331092
16.434723
5.635455
26.779164
5.855707
30.296032
17.871802
13.132016
15.033126
9.551137
28.452624
26.400408
3.019168
13.893203
18.830071
9.187058
18.920697
14.676545
13.429700
24.092686
12.754192
6.486487
5.190546
13.218648
6.413699
12.208517
8.862006
20.858353
8.961424
9.059383
5.459136
17.928061
4.408166
10.272927
17.305000
13.968341
13.919902
18.420560
14.241016
8.950763
8.179585
15.180601
8.357318
12.978038
9.576956
6.674047
9.112965
12.459256
22.493948
17.293084
10.986608
11.988978
11.182294
12.867552
7.475494
12.947762
13.892169
11.121582
15.317249
4.845172
10.983559
28.882482
12.464396
12.345711
10.085497
11.688611
8.488099
24.769854
14.985220
9.407031
27.440734
8.634235
10.724800
9.839876
7.631847
10.846431
18.680413
7.345215
11.433097
16.851457
5.823951
10.966422
10.534199
11.595371
11.981880
8.816252
8.421509
11.429260
8.531133
7.733621
7.390752
15.535248
10.250543
12.584439
14.970286
7.736670
28.834274
12.310649
8.258874
10.133552
19.635342
11.672718
6.468333
15.135314
12.262999
7.028889
17.353670
16.220179
9.902523
6.641033
8.261630
12.879921
8.955186
9.910494
12.498368
7.941343
16.904268
8.531120
8.985504
10.550514
10.138244
15.413537
13.864472
17.452327
13.576949
15.440446
7.653544
15.094633
9.299705
7.779779
20.028404
12.086750
10.578993
26.390485
16.254976
8.067316
6.086404
10.474435
9.142797
5.907601
24.080513
15.709233
10.520861
8.922518
7.483726
9.499740
12.118248
21.072781
23.162292
5.814413
17.731081
18.487066
8.231946
8.253050
12.286608
15.492235
17.741982
8.176193
15.382943
9.299891
20.997143
8.231479
18.567852
10.277516
18.124783
12.384798
18.239231
17.647085
20.051187
15.572485
12.587852
11.196989
7.101073
4.371489
31.621629
8.610722
9.006833
17.929494
8.325248
5.587780
6.741115
17.681592
12.268316
22.894350
6.214821
20.478555
18.007128
12.203794
13.857372
13.290066
11.034530
13.961942
16.364593
9.299774
15.525143
10.343782
20.874692
18.316006
9.067157
14.866417
10.567219
20.925706
14.220797
8.493533
8.490694
13.088992
9.016110
27.557742
10.935186
13.404778
6.627402
23.201538
12.128432
11.578107
8.838728
17.772439
11.204155
19.537025
10.763845
10.534604
10.522208
5.442122
7.063935
9.641883
19.884856
4.384812
12.401637
15.735319
12.496153
15.223327
10.145813
18.753344
17.270612
10.375603
8.976346
18.792511
14.051509
7.954379
11.640991
5.963482
9.995522
15.510647
14.848588
16.941992
18.633412
31.604029
16.449842
12.445290
10.914945
15.332542
12.855485
7.341505
17.365377
7.839235
16.071248
23.237702
14.985208
19.871459
14.079655
18.859446
14.793572
15.344433
10.380650
18.496578
20.718424
8.406459
6.813623
11.626023
8.796467
14.131998
15.532836
8.975055
8.255469
8.074333
6.910807
15.158836
12.059887
8.731318
14.436694
11.701029
13.514481
14.708666
19.373061
6.634340
15.637068
6.105670
15.466927
9.018800
13.178682
5.966331
16.273055
14.377275
16.212139
18.142358
14.962003
13.682847
4.479997
15.034358
25.411438
9.833170
6.789797
15.640090
13.438613
13.090994
10.891842
10.848111
18.655471
15.424000
16.754708
13.236813
12.220670
20.932240
7.064532
6.320717
13.938259
16.951611
12.194212
8.804990
18.761759
13.719519
14.340291
11.310605
17.911179
19.526066
8.395054
17.998151
19.376074
13.633064
9.777117
13.142365
4.059477
10.756750
8.005006
6.310799
7.032213
11.776009
7.515320
10.431415
13.000696
5.640678
19.688607
16.431311
15.312677
11.904329
30.082044
14.831141
10.255204
13.595300
13.263555
6.981221
11.421898
15.082678
10.719871
15.588950
11.908160
7.964815
38.095845
10.369134
29.246218
13.848650
20.387154
6.218588
11.868524
14.169246
11.430831
5.662541
9.079864
7.553088
7.036865
12.926167
19.174269
6.582550
6.273827
8.552519
12.518510
13.776612
18.355286
7.979842
14.691842
5.253990
9.693296
17.209282
6.861841
11.998405
12.501971
12.242672
6.073934
37.615357
8.041351
19.467078
9.535206
15.559877
13.910031
17.481906
8.598104
9.190503
11.606865
21.352179
8.796112
14.597589
7.344698
12.632493
15.263304
30.557072
10.062530
14.665974
18.785581
13.079067
9.902043
9.649065
7.608998
13.930136
7.706728
17.498258
11.039331
9.813345
7.942604
8.754530
17.333179
33.684747
7.813641
11.852708
5.811663
14.260091
6.497671
9.220746
13.767147
17.056630
15.687513
6.801936
12.920010
5.207176
8.526718
10.963512
9.566062
9.747797
15.163858
20.825057
9.780698
6.916859
14.788601
15.355422
9.407322
7.763684
16.968127
13.926522
7.023266
23.015664
10.684645
14.282931
16.619989
19.582475
9.993246
28.360768
9.117244
9.824574
10.098050
9.134998
13.277301
6.030953
10.606356
19.147986
30.047414
9.832185
4.405299
6.238534
14.182255
22.041389
10.901667
8.450706
4.701712
14.942436
15.615461
7.519027
11.657953
10.587548
14.564814
16.391613
19.987805
10.520596
10.308666
9.606010
6.780401
7.684564
12.881425
15.079361
11.700106
7.447309
9.195706
24.484979
10.151602
22.597568
11.641332
11.385694
