4.375810
5.236524
8.881012
8.662391
23.252402
11.289818
12.360913
7.396729
4.431285
6.608112
14.352976
21.563448
20.730814
6.014706
6.796575
10.727331
7.943555
17.372115
7.591109
12.888049
8.629027
21.948198
15.235690
7.732697
16.046826
19.361791
10.375962
9.253287
6.063547
12.870958
9.669227
10.226766
14.954592
9.706721
14.097482
16.246595
9.624047
10.607414
22.533111
8.316597
20.871081
9.154397
7.762193
6.473178
7.269431
10.246206
16.834932
4.901586
4.684811
9.332754
5.322597
6.555490
10.837102
15.035740
13.029363
7.474569
14.655314
8.109701
5.976490
7.178972
11.014533
6.259293
19.860394
14.828412
14.489814
9.951188
12.440812
20.542328
7.735569
4.706029
6.040288
15.433408
10.244287
6.837036
26.317992
4.921422
6.255295
11.253345
10.660902
7.461573
9.288204
16.817751
9.645659
5.610747
12.599053
16.513233
8.425669
7.349010
4.585334
13.241004
8.336827
23.402498
17.897876
12.037361
17.626453
6.750716
10.820393
18.888834
8.680814
12.396907
15.280887
7.246637
7.427969
12.859253
21.936778
24.046641
9.526231
12.404373
10.149569
9.484106
3.431551
13.584565
5.900563
12.687656
20.808188
10.855112
5.250799
6.698282
16.800983
6.854774
7.669349
3.966767
19.062371
11.742124
10.447361
4.255502
13.115356
7.763977
11.654531
3.683632
6.687308
5.997508
10.170331
18.073139
10.752243
9.111857
14.149000
27.102557
21.259584
11.751811
11.769901
5.383921
10.465749
17.389221
10.634247
7.397471
24.157370
5.061953
6.929478
5.268013
15.988230
5.406463
7.825592
16.412798
10.465723
8.937210
15.000516
26.906664
10.772483
13.198270
8.355248
7.679685
19.417048
9.457129
8.551399
8.142302
6.875612
12.452785
15.918033
12.462566
8.495618
14.704322
8.511899
9.446392
6.335144
7.182909
10.455801
6.874308
8.272098
4.418966
4.348291
13.879788
29.236829
10.224731
9.139187
11.355161
18.352844
5.050777
4.573637
8.320040
9.787114
4.536030
8.384906
12.889032
6.112552
13.615356
13.292019
8.322393
11.141059
31.619999
4.962286
5.438271
6.859348
3.626915
11.676083
8.298195
17.052386
8.598041
6.246134
25.028005
8.047883
10.603697
20.375333
15.918117
6.840328
7.393260
12.299858
3.717671
10.852694
15.442683
10.066139
10.594702
16.599042
27.783937
6.519929
5.861808
13.251895
18.394461
7.873673
9.734481
7.397113
13.519997
10.208229
8.673849
3.604277
4.296362
6.726449
13.360152
22.427521
10.757565
13.995127
9.554751
9.099695
11.533256
9.314741
17.907876
12.171727
13.131398
9.091227
19.779798
19.205775
9.885135
11.824452
16.897077
39.059115
6.485389
12.258373
14.146947
19.053751
9.500048
7.588368
13.005935
13.388635
23.473482
20.153784
12.378706
7.191651
8.874853
5.024652
6.595016
9.114531
11.074144
11.003271
10.087759
13.521973
9.616936
11.923427
14.782775
18.284531
11.680273
6.546832
7.269830
15.604660
4.463149
17.764018
11.177966
8.219399
10.199184
3.396498
3.477148
10.322064
3.078215
4.659012
14.671067
6.488798
7.005470
5.023879
6.780853
12.782953
31.755334
10.371580
6.971240
15.489306
2.912696
5.773963
18.463851
4.390801
5.135392
4.214569
10.547275
12.113537
11.020300
6.016737
2.936487
10.656164
8.205171
23.659900
7.878061
5.450958
10.258345
16.183264
13.614428
9.050971
5.680464
13.805104
8.092772
10.839712
5.774714
7.351498
6.350861
8.798599
8.732293
7.016954
23.024613
11.291509
8.928904
8.750897
27.328865
9.738389
16.730247
11.394029
10.482863
8.843790
11.198337
7.218959
18.522147
9.020391
5.648208
7.914143
12.098022
8.385723
12.889912
10.301225
8.632103
7.034039
18.147482
9.515759
8.800354
11.116636
5.215862
8.618193
14.771073
5.684690
13.170763
4.429867
7.604885
5.577491
19.089709
19.970758
16.435283
12.292809
6.617565
5.676155
4.759514
20.623460
14.477783
27.350360
7.566486
10.469047
7.426775
9.042171
11.591391
15.697590
10.425250
12.984327
41.091855
25.793324
19.107547
14.915556
10.494190
23.127274
11.054156
9.554891
30.782701
8.051737
7.524268
4.316818
24.805800
8.329707
6.647741
16.441439
8.201504
6.322911
9.416807
8.433500
14.970442
6.447348
13.192315
8.364674
9.993756
32.295003
6.764575
5.779399
7.090744
12.838102
8.822256
13.404345
6.449643
16.855110
4.966616
6.025283
5.363946
36.219723
5.534195
26.355562
10.980974
13.285778
26.526659
8.512865
7.558724
10.102143
18.818073
4.943109
3.558458
25.542067
14.346156
15.741360
18.145432
9.041759
4.020778
11.121660
14.163843
5.427317
4.646326
9.207264
6.234408
22.367421
9.876709
16.612947
6.893830
9.864660
11.584476
15.007820
24.177667
22.684107
6.608015
5.773020
12.006182
3.515996
18.111346
17.321749
13.246760
4.432538
4.673541
11.203677
16.699819
14.155718
34.511673
24.591484
30.052384
11.636806
28.506625
14.762805
6.600851
5.884266
8.619090
18.360871
5.333506
9.090395
7.088240
11.107853
9.493114
29.578879
9.628057
4.799730
21.827568
8.732075
10.908771
11.490318
11.238269
8.223617
16.390710
9.932460
12.054404
6.897207
11.200184
4.203258
10.447316
11.467208
16.541335
7.470058
7.129152
8.144522
16.102432
16.899863
11.928443
9.397260
4.882936
11.831293
10.710229
17.799099
9.936977
3.151161
17.913439
13.968383
14.146565
10.919444
10.634856
5.641300
6.498112
5.832437
5.171134
14.529955
17.355523
10.674602
5.691766
4.292641
21.425173
11.470838
6.810071
19.111040
3.122656
7.383326
6.528757
8.328503
13.600806
8.717115
15.531262
9.264383
5.708421
17.691176
15.531961
11.659390
18.581877
6.433833
20.355266
20.173938
13.562380
10.444484
6.277305
14.623319
15.693381
9.704504
22.958847
15.793142
21.551043
31.582404
10.763722
7.705491
13.863560
11.234182
6.508304
8.330897
24.922274
11.746164
10.879720
9.235268
11.288044
18.074909
8.638265
12.993893
11.509417
9.780619
17.847112
7.188786
18.931819
41.126375
12.137355
8.633548
9.476559
13.697522
7.221124
6.289351
4.920515
6.769571
12.640732
22.109178
16.279446
10.069210
10.425222
21.782565
8.817211
13.452106
9.079076
4.467340
8.999199
10.081788
11.457636
14.908023
8.005468
7.008014
21.580967
3.744248
11.634152
17.070952
4.800209
6.499517
22.748073
16.040810
6.490406
11.986428
7.186937
8.825687
17.099823
14.151522
11.701538
8.358777
7.158788
6.945702
14.063660
13.953589
11.229003
15.878500
9.534508
13.518377
15.990459
7.603138
4.283694
8.313049
9.552896
35.191135
26.831115
9.285393
15.819678
8.684374
16.696859
8.431908
4.353469
6.930102
4.855658
13.584958
19.292879
12.152680
9.362654
11.457013
8.175041
14.035701
14.038896
31.088157
12.278475
13.200618
5.201004
6.254074
14.491631
19.923451
5.758974
6.824514
7.955695
6.060204
3.380983
5.435666
14.037262
12.109558
17.672988
29.989257
7.755363
11.284827
11.949030
9.487767
17.759446
24.702937
18.418819
10.505556
25.727982
7.645006
8.886800
9.917336
11.780758
14.996760
17.659206
26.159338
18.927342
9.560330
6.537322
4.830033
8.256670
8.805221
6.149480
27.903348
6.937981
8.663875
9.144124
9.026583
9.899074
11.716601
10.191202
8.563977
16.830692
6.082902
10.543396
16.005069
8.703887
19.473028
13.862042
12.147806
4.967761
5.055366
24.906287
18.852989
10.013989
15.339753
20.509209
6.582890
7.168294
12.040948
6.021614
6.952844
13.602489
6.694078
16.611493
8.359560
6.672526
6.347030
12.273014
12.450390
10.501314
15.552623
12.600626
16.887041
7.148708
11.787289
15.274707
25.652395
39.349716
10.995335
19.724340
7.582268
10.397288
27.265385
11.811278
16.032110
6.990827
14.890977
17.991155
7.405093
10.341531
18.301956
9.779116
10.018127
29.106165
10.082567
12.253899
18.853104
25.837252
12.619047
15.381014
12.720919
19.044580
10.184206
13.684853
8.441910
5.918643
9.688879
7.070269
22.335027
10.167023
7.075100
7.713439
6.400796
4.863316
7.550773
14.733179
14.433644
13.474128
7.446724
7.012180
12.884486
17.665924
21.049747
10.170813
10.196169
8.741083
9.575088
14.467260
4.789843
8.536620
11.941823
30.969883
9.078138
19.800327
16.418235
11.714188
11.327061
12.047530
10.034432
7.235145
9.552345
19.175685
20.345599
26.762687
5.659977
4.935450
6.464079
5.632155
8.269217
6.601575
22.539327
15.361477
8.126130
9.635212
10.722522
8.133285
8.170288
4.962270
8.310732
8.450817
12.140262
45.297771
7.819281
16.212726
8.330361
11.403021
12.602381
10.675992
7.027167
8.397979
14.388135
15.598285
5.417234
13.174415
23.271305
9.264179
27.732518
4.651479
15.944042
5.984856
10.022678
4.188680
3.995855
21.156953
15.097027
12.039044
11.358310
19.283359
10.177191
15.839037
13.437744
12.173364
8.098496
8.556343
18.725517
9.309864
17.295811
13.389426
12.235652
21.751305
16.231717
15.179824
9.788221
13.835586
6.755082
8.051093
8.273218
11.232719
35.208530
11.252053
21.780332
16.484513
9.581029
7.197763
9.094381
7.068496
7.280636
8.692770
7.199722
8.348032
5.785181
6.595287
10.320798
8.906745
10.973561
9.693961
14.926250
35.518907
10.020651
6.395194
15.327269
11.397242
28.419375
13.942089
16.688464
14.172402
6.442999
11.403278
12.807685
20.823075
9.565316
11.539461
15.608100
9.569387
5.874725
7.526381
5.681429
15.535095
5.800401
6.013580
9.369371
9.259483
10.933087
18.197835
9.688775
12.932952
4.934723
3.795887
14.601385
22.697678
5.180071
4.136715
12.689477
8.273437
23.524844
8.292107
23.069999
11.112296
18.085513
10.919407
5.695250
11.342334
19.349513
10.257004
17.857530
10.670937
14.938246
12.461692
7.384171
6.953403
9.945784
8.823572
6.112290
6.219616
6.298467
7.667840
4.446462
3.392003
13.698239
24.547622
3.443679
4.661251
18.742477
13.453424
12.481325
22.005517
6.258217
9.402964
9.997804
9.435417
6.295718
11.977219
8.935355
21.228159
12.590974
20.423319
8.140213
10.846041
10.437378
8.048408
12.132040
10.420274
10.850143
9.889139
20.992577
8.935004
21.623240
17.516266
12.795949
15.989225
6.511070
10.160558
21.883879
8.324965
19.012858
9.354400
9.697127
15.284736
18.856814
10.148863
8.090447
18.915221
17.261108
12.366493
4.364464
4.539238
3.475271
2.573840
4.274746
8.643745
10.502123
19.956977
3.087846
6.102453
10.718301
6.202237
7.253308
11.197769
10.230516
13.083335
6.093518
9.468657
12.114061
8.095095
6.785677
7.052765
5.822072
7.879285
13.785482
4.709759
10.374324
4.959528
3.319373
39.269896
15.047400
5.705413
16.623086
20.002393
6.918715
3.370710
12.287832
16.428908
4.000172
3.835471
21.594891
6.779514
4.187880
14.441822
9.587447
13.500866
4.513819
4.514801
5.724895
19.756373
10.782473
22.706872
15.179052
12.260174
6.997681
7.046644
10.343059
18.166271
9.678642
7.843159
14.146038
16.891978
10.438703
20.301042
7.352832
7.369869
8.223581
8.807069
16.120420
7.629299
11.600432
19.577796
6.716221
27.508029
6.489446
19.030105
9.809793
9.389648
12.670001
16.656059
14.524891
22.047989
11.988260
9.654044
20.091801
10.909748
15.107626
6.238360
7.135683
15.249173
10.331280
7.937658
19.678328
6.809522
5.569842
14.126891
5.452319
12.111983
21.445161
9.231942
12.393593
10.793669
27.139380
7.472891
4.847441
9.853554
10.671481
12.420833
5.869715
4.740712
8.518252
4.621924
6.346585
17.005620
8.587231
11.142997
10.227564
8.977213
11.829569
10.694520
7.847812
21.916694
12.968115
5.181102
5.936894
6.217724
4.162972
19.059233
9.688656
13.169939
12.387402
12.689175
30.992207
11.409847
11.015369
10.243742
4.174603
8.565827
18.042881
9.695838
26.072005
23.648699
10.857539
8.696960
9.386970
29.889370
25.331871
15.734150
18.901731
16.350004
12.915425
9.914363
5.623778
8.882540
9.134449
6.066250
18.004987
10.221181
9.845767
19.190885
8.730555
26.489919
11.257995
15.402840
11.354599
24.182256
4.567889
3.268355
4.237714
8.128090
10.916066
7.139463
9.116182
21.975138
13.410498
5.114931
28.811600
13.724956
8.258673
11.851084
11.004957
8.860061
4.290202
6.725127
19.198530
18.923921
15.518091
11.418892
5.884132
3.318195
2.994141
6.650277
9.382719
9.154503
8.790080
10.985413
9.459346
12.746888
6.313200
3.937774
5.194684
12.473891
6.062995
9.802037
6.068028
6.354530
23.850551
9.964741
22.669904
11.505743
4.073929
7.422937
5.747241
21.638010
5.538384
20.974545
6.153614
6.767320
15.745624
15.116780
18.285607
30.464442
11.450985
13.977862
6.565640
12.186265
7.003971
20.068594
6.416057
8.713554
12.133421
5.446555
28.910295
19.821373
12.660909
8.362040
17.158615
14.879648
5.041483
12.661830
17.155164
12.416675
6.787134
6.188174
9.766731
10.421092
16.401484
17.604365
6.938341
5.954885
10.494853
9.704329
23.273037
11.696056
22.830118
16.681125
7.895377
5.994172
11.095161
15.660977
5.265258
10.611915
9.629411
17.925698
13.026849
12.014970
3.717007
4.195505
21.771081
14.378889
14.195093
19.668120
13.667083
15.826261
8.921367
15.176821
20.529431
10.080995
11.230070
10.413614
13.616988
11.008258
20.765903
7.736143
7.896468
24.362777
12.165307
7.340861
11.473524
24.985749
5.742877
8.738468
20.517301
9.589160
9.520218
9.811336
4.431778
11.060484
3.696496
4.128917
11.655441
4.890412
9.626798
5.636202
12.782522
6.260189
14.510450
3.102010
3.202915
6.363351
5.311955
5.101484
7.663482
17.388063
8.365743
10.437657
14.628107
6.089729
11.641600
8.479667
14.899925
17.227187
3.226585
2.803607
21.203432
14.958902
9.671722
5.909962
15.862443
9.035894
9.780669
9.853750
10.267728
13.003526
4.794970
6.037480
11.887612
5.706916
5.865588
6.307557
7.419737
10.765441
13.869414
6.959673
12.655539
7.747507
7.289792
7.320353
8.473335
13.225088
8.827207
22.544050
12.305200
5.795271
3.430590
3.467884
20.348664
5.506116
11.428018
7.259495
13.283610
25.367831
6.976844
17.551670
24.426830
15.954195
7.752488
11.761046
14.989288
4.459197
24.372571
5.659130
4.733042
17.180391
7.656711
10.072670
9.330367
20.096308
10.550123
16.629793
3.402744
14.759396
8.591471
11.779763
5.965008
11.296397
10.886744
7.530121
9.353504
7.575440
16.058927
9.515592
7.879055
15.756409
2.568884
8.127380
5.640255
13.121660
10.092733
32.605193
10.596586
6.074074
10.497104
6.470101
17.212205
10.763147
13.996082
10.467751
8.551202
5.569454
13.218335
5.353236
12.119631
4.989063
21.055684
26.493743
12.362044
8.986562
5.799250
4.189298
17.651486
9.555727
6.468857
13.893799
13.248771
15.866492
5.517494
10.349543
10.797842
11.793538
7.073668
9.949827
10.288547
7.759727
13.556245
4.869102
16.157493
13.078101
19.619883
3.999474
27.000879
19.225811
12.894954
16.028997
13.781057
18.084795
5.024884
9.055398
6.805146
11.327051
33.109285
11.098949
9.950737
12.241376
12.556518
12.484462
8.622162
8.834870
15.386213
4.840139
8.293465
6.812195
13.618533
5.885891
12.124176
8.470622
13.132093
5.356694
19.041262
8.695257
5.989828
3.803520
21.404202
4.072838
4.466899
15.038883
9.397339
11.397693
6.268831
23.955045
10.422018
14.000176
29.761410
11.601506
5.083289
14.203400
23.953425
4.947217
8.507205
5.994533
12.269468
12.296397
7.922029
17.277978
21.451532
4.388139
2.852761
10.376457
20.618288
20.077633
10.271330
8.709475
7.003591
12.012338
42.737269
16.069340
6.206248
4.939781
24.172066
8.121896
4.524493
18.061464
11.901540
5.475023
12.106344
5.846386
5.434364
10.996478
5.506823
17.517655
15.019523
8.793008
14.795624
8.341980
4.758094
5.225774
19.852500
16.752709
19.454226
5.824034
4.751015
6.937886
10.509152
14.568360
11.889158
9.965238
12.936085
14.344771
12.837891
7.205797
8.797239
14.119085
8.000729
11.079018
5.329007
19.774770
15.331767
6.201804
4.866840
5.532132
16.580957
16.864358
11.494446
11.807817
7.803752
16.131386
7.248637
8.677290
8.231643
11.444444
9.060458
10.247001
13.000231
10.022526
5.475957
10.115529
10.740294
12.566079
15.923531
7.065425
29.948464
18.617486
8.887100
10.424489
10.514703
32.506304
10.380233
6.222057
10.564501
11.041545
7.411478
10.809197
13.127062
11.287726
5.947521
6.729583
5.562106
7.874499
10.697105
11.062045
7.238147
7.681638
19.077868
9.971623
10.938717
9.098700
13.635494
11.768882
7.547400
8.907480
10.668879
15.079864
28.500111
7.600394
8.930197
9.197066
9.528551
3.999394
9.347183
10.445847
16.523935
13.368632
23.627172
9.372593
8.761043
11.590957
5.981165
16.967627
10.607799
12.696555
12.461891
11.390544
6.468111
10.623632
12.207978
12.657026
9.791816
17.822638
5.362565
4.595170
7.425022
3.861050
8.598821
9.893288
4.352712
4.753886
12.401937
10.278211
6.689092
7.561755
10.871719
18.423540
9.346994
4.936812
11.096642
25.892764
13.713241
5.714321
8.607574
15.688366
20.698364
34.189515
25.294602
7.570465
8.076829
9.111677
27.554771
13.020279
15.415558
28.221004
9.197004
10.134584
7.650369
7.961404
15.369537
10.336796
13.196862
4.999532
23.212969
9.660143
17.404396
8.609668
6.035658
8.137289
19.553231
8.117836
15.033878
9.509248
13.430801
10.888183
9.406814
5.744623
4.540938
11.556780
23.590998
4.473297
10.044227
11.770028
8.985268
17.932273
7.505766
10.820355
9.751953
12.344816
7.801710
21.431998
7.798269
13.659427
14.256473
16.589287
5.392347
12.757586
5.846886
13.178803
28.562587
16.079174
8.910237
8.707566
14.569273
8.334086
9.798876
26.713366
8.977813
3.119380
6.049663
12.072301
6.217203
10.688165
12.295865
10.454098
11.552103
20.950171
23.494724
6.539559
5.556371
11.832149
16.775140
5.761905
21.264133
11.154452
13.276736
12.823582
15.169499
11.856653
5.318360
6.490340
15.146541
3.532461
4.953117
19.522903
25.626349
4.492493
11.610213
11.169519
13.967716
5.769223
11.107691
10.361674
5.298555
10.106096
7.183004
31.995539
3.761316
6.485433
13.308315
17.278806
12.664784
7.808325
14.870774
15.284383
8.181562
29.169664
7.897050
16.927828
6.858332
42.334268
30.830765
30.643629
24.287898
10.907014
8.506736
8.413359
10.461691
23.777395
23.511021
18.203613
12.807135
11.651974
33.563776
4.782276
7.027605
24.962754
12.822415
11.516829
8.197474
8.851699
31.554809
24.312085
9.587424
21.113903
17.711784
12.002776
6.453181
9.337599
20.002578
15.196350
7.769503
5.954493
22.686175
14.724805
6.859936
19.890888
10.773843
4.132131
10.736753
6.058201
5.656127
14.089880
8.920187
11.339223
7.293941
15.892928
23.613990
5.096647
11.765281
13.461932
8.672628
18.656817
20.333648
13.741473
5.622511
6.028477
8.820835
5.776757
13.002485
19.168110
9.825129
9.126290
10.661823
22.672768
8.624601
16.689655
13.422295
37.073806
19.200970
13.981410
24.148705
5.694324
6.681735
19.842193
25.276218
28.507788
14.556342
6.191541
10.419765
6.555297
6.020602
12.990151
23.378938
7.748540
13.715822
5.689598
4.787343
5.270869
9.390497
15.601040
16.045683
8.140315
12.333333
7.092796
9.367490
9.168675
24.459086
7.055825
15.011212
8.990645
7.693406
20.825549
13.566460
6.630718
5.380148
7.933166
7.667515
7.974251
13.740452
11.784145
7.371996
10.889681
6.407020
8.772436
11.652486
16.732298
4.529814
11.952151
12.628710
11.390110
8.672123
14.606434
8.639278
9.602315
13.820290
16.763188
11.167715
13.059162
6.991786
6.641235
7.626686
9.277035
5.235709
9.530724
28.030445
22.038901
5.427467
8.311849
16.815438
3.006795
13.156882
10.271612
19.028688
20.435933
12.261137
14.850791
10.052532
8.791516
7.977098
13.905717
13.528988
12.038533
20.185129
11.323514
12.980322
22.479491
12.218122
9.030170
4.742832
13.942447
11.260114
10.545751
12.297104
12.246010
6.599777
9.043701
7.637132
4.243835
11.065457
10.729935
7.930692
9.510063
14.782146
11.837530
19.967933
7.204918
24.844690
7.401087
5.230614
20.987692
15.641239
9.743402
39.792438
3.389468
5.470867
12.985804
4.691640
16.894155
15.831304
26.456641
6.965195
6.008864
14.373781
20.577836
10.034832
4.371547
9.531168
12.256361
11.573314
23.306143
11.491208
7.306666
13.956206
16.690026
5.857538
9.557751
9.561305
13.318074
10.608800
5.635894
6.831956
23.060990
17.234829
17.166299
7.890733
17.368638
26.922924
16.481454
5.928629
4.394210
6.451045
4.549872
15.950011
6.059789
8.927923
9.174744
9.953104
3.688695
11.767812
11.563572
6.245297
16.015403
12.106875
9.128068
17.235050
8.115462
4.847362
16.422263
15.493422
7.292660
10.292222
19.499293
10.700257
9.446557
11.555251
7.037517
7.622090
7.838285
20.570461
9.054368
12.957626
7.291554
7.410946
16.427866
6.607731
15.784119
8.056517
8.478184
8.827098
7.315635
16.568499
13.214284
9.399502
11.476726
12.377107
7.554874
7.073486
12.488668
12.282156
14.995203
17.598360
3.750750
5.545956
13.667087
10.488399
4.495302
5.212459
15.478754
18.751788
7.131617
7.784734
6.564826
9.610333
11.619946
11.975297
14.300420
19.760236
18.291206
8.236365
14.123681
14.558378
6.592393
9.535220
14.239017
6.428894
6.154676
5.504005
27.059830
16.016653
16.134731
4.425779
8.337472
17.508262
14.965467
7.084584
4.342130
3.906202
12.475580
20.493046
3.180716
5.062653
13.170906
7.202310
11.243110
10.681103
9.846991
7.538129
9.338296
12.211107
14.874865
12.056762
7.540032
11.818917
11.463343
15.404891
11.781366
7.618258
9.832505
15.056166
24.154930
27.851677
7.715653
18.750853
19.220500
19.763385
9.082857
5.098778
9.024776
4.434688
11.685057
12.142322
3.342191
4.027967
3.181278
3.563592
13.850118
19.605876
8.473557
7.828442
8.137469
21.779127
15.888407
6.506302
5.860934
11.541256
9.523307
8.883119
17.114344
10.941012
5.273862
10.251960
13.578926
27.029564
7.976746
10.042867
27.581896
14.036196
5.243450
9.643878
5.428982
3.345102
5.616246
3.859680
16.452398
15.305520
17.056939
17.916985
6.614349
10.902018
5.845892
5.955211
12.837938
8.192263
9.730273
4.140174
16.646440
7.041215
5.338778
7.840974
9.187376
13.890512
7.522656
17.785123
15.847566
5.128893
16.192155
25.330865
7.963212
4.904219
9.371447
7.674833
22.863298
8.124895
15.330903
15.653724
4.275899
12.842021
4.458998
6.637979
6.302514
9.392680
14.341767
10.946804
5.894006
7.794534
5.381153
16.111551
12.108552
8.484853
5.802874
11.555296
6.171900
8.286128
12.703736
11.423300
20.531188
13.930492
7.077105
12.813741
11.009172
15.750813
12.038811
2.940213
6.434571
18.860640
16.032567
8.555994
4.526147
8.099070
12.407079
4.039048
22.802382
8.069766
13.250819
20.532527
8.587242
7.986941
11.026475
16.300386
4.262707
8.083472
4.910392
15.803511
6.857898
7.701184
11.451456
5.981282
6.238435
15.872268
28.361545
15.027977
18.655821
4.907356
11.759695
10.954859
26.435607
12.925166
14.860886
28.058557
12.613545
9.374105
12.170115
6.456016
22.412075
9.415177
6.590988
29.546657
10.815697
23.273387
15.233479
9.261865
4.191473
9.220875
15.682355
12.586490
10.338624
3.914737
6.534890
7.527035
14.187339
5.605047
13.077529
7.393983
9.180618
18.940343
10.117575
23.839342
16.668189
6.106223
8.974233
8.185664
17.175448
5.094856
4.656722
5.997196
9.267822
8.884905
7.764505
8.645795
6.446071
10.352676
10.497045
30.231482
13.269831
13.321368
8.733015
10.237215
23.534124
21.272546
22.513724
14.767347
12.072636
10.313400
9.613130
10.250386
11.755562
8.093604
12.588029
8.762140
9.197913
15.690638
9.463212
8.488390
6.514171
19.337559
9.272880
8.240102
11.018947
15.550542
19.307424
10.142802
11.469911
22.447132
9.142922
6.264335
6.449070
9.142243
19.168665
7.143086
6.327451
8.583584
10.819108
12.365655
5.010224
4.199130
27.012283
9.322063
5.317260
14.049568
14.914573
11.493684
18.851392
24.696428
20.078000
14.001170
8.628809
6.040164
10.892235
14.567173
15.296158
6.876773
8.485619
11.623930
8.775775
4.669047
8.246980
15.915887
27.189814
12.483218
8.486308
11.201857
35.263515
7.305544
3.493014
17.534498
14.682770
6.522251
26.741224
3.057023
6.737817
12.015451
15.264798
22.308573
23.881177
5.008782
5.739713
3.523523
4.237356
19.371171
7.563804
6.288566
9.454622
8.459185
10.979156
17.112214
9.420909
12.105606
5.703927
17.890199
8.480620
7.343765
9.332243
7.501840
17.366607
12.310411
13.979404
9.713416
15.098374
22.723282
9.242915
16.184862
12.022667
7.919207
5.802290
30.765347
6.356271
15.128453
9.131333
11.062994
13.882338
6.717623
5.653391
12.449004
21.607064
7.298595
3.063642
13.534185
14.793246
4.486220
4.012782
13.570062
15.442302
20.369045
20.863924
12.066592
5.728494
8.271893
9.302552
10.229405
4.763071
25.089525
7.477338
8.151004
25.811164
15.188017
6.127583
13.830226
9.393984
16.437785
20.674720
12.742865
8.126319
11.534022
18.749997
8.373962
6.732342
18.886730
6.836867
6.473173
14.713656
5.212494
10.668483
6.621500
5.823200
5.743463
3.559952
19.764756
23.395451
7.749259
11.414999
5.285108
4.961000
12.475084
8.925733
6.543274
8.885503
7.303457
4.656878
11.156800
8.453024
15.709245
17.182477
11.176539
14.449155
15.856023
10.217858
21.614477
20.752358
17.210370
17.814834
5.464959
11.675516
14.701423
9.045223
6.262526
27.364274
7.569269
5.652960
10.728127
7.716950
3.635852
12.243851
14.007088
13.637457
19.972685
10.003886
9.995086
16.016870
14.615211
21.116605
8.873628
8.693639
6.421772
5.528192
6.597294
14.708896
5.456899
5.643639
9.468871
9.330485
13.899050
10.586128
3.966339
9.711094
23.699588
16.513223
15.386895
9.124988
7.051875
8.500826
8.695622
6.464267
3.221756
12.558103
11.345332
9.845550
5.454084
6.357166
13.332715
12.980519
23.061179
12.075334
16.790365
7.900912
10.256825
12.679987
13.113948
20.304113
8.449953
8.823542
12.384481
16.495711
12.354920
5.407328
5.153163
12.754241
16.797055
12.465978
13.699511
9.286163
9.596559
15.982051
5.829422
9.301827
18.315284
9.729690
12.835055
17.107973
6.344825
6.482656
5.969985
16.825452
22.609789
18.458846
10.508535
8.545369
4.907685
3.262662
21.036266
12.719258
20.345685
7.224472
13.660411
26.021804
17.000981
11.187690
13.555122
10.119947
13.706822
11.515264
13.946041
9.078566
4.765535
5.375688
7.277226
7.183148
5.575629
13.629473
6.018401
15.953543
21.774055
12.941095
5.392688
11.095722
15.870459
7.125458
7.107822
12.433580
3.811708
3.872158
10.746780
7.485554
17.452124
6.816321
9.217263
9.670190
15.338256
6.053299
11.296780
16.725900
9.251122
26.557410
11.445171
27.657414
7.617309
7.892991
13.036539
8.948354
7.260711
13.861792
12.327639
10.411790
21.927020
5.773667
7.416255
18.512324
5.517817
7.994283
14.653963
9.935166
19.962556
10.592162
19.071283
20.433173
9.704506
11.763851
9.414376
3.799757
16.017429
10.466049
5.001254
17.000212
14.730165
8.049950
6.221959
19.704250
7.149624
14.615712
13.371078
15.484879
30.518316
7.876148
10.811448
24.659710
6.870607
5.626687
6.103835
13.211782
26.028775
19.644895
19.028472
30.639932
8.890708
15.340532
12.632616
8.627488
13.899232
3.686067
4.280850
11.321618
18.778338
10.020324
29.311024
11.480859
12.253850
6.088550
5.961366
6.432069
18.813562
5.328893
8.571907
6.437734
7.066376
5.981430
3.802861
6.960286
5.510767
6.462362
8.966524
10.175085
6.538983
9.209505
9.818357
23.020541
5.980080
6.299160
11.448925
11.024251
7.171668
11.819466
20.994983
6.490941
6.013438
7.783495
7.670743
6.673111
9.515655
5.639627
4.556621
10.946527
3.928780
12.059750
14.282296
6.681859
12.479525
8.894827
8.785409
9.968149
5.609758
12.195289
17.692538
12.932338
13.785587
18.840760
7.201530
7.830994
18.282629
5.873559
3.338842
5.499896
7.245500
16.473408
8.550792
4.902479
9.388430
9.906059
11.814544
12.499957
5.755410
7.692724
16.139528
37.980668
15.422037
18.377355
4.306089
8.853211
7.193216
9.607569
8.537614
8.184304
10.107171
20.985022
6.650570
7.382123
21.391896
6.434206
9.544637
4.702913
9.854726
11.536161
6.935626
6.256968
7.685220
5.603128
13.463460
13.218877
15.866600
17.883674
13.254060
18.832473
16.469580
8.676885
4.111334
8.760900
6.565565
13.455662
7.598076
25.118875
8.788283
5.198853
6.930450
19.735147
11.095260
19.602178
8.330743
7.164530
12.023925
10.829077
17.421085
10.049079
7.921256
3.792269
5.552016
5.103170
15.745269
7.014857
7.205781
15.320521
14.467221
14.353254
10.274476
9.597379
14.339177
8.640127
9.724327
13.495507
9.687885
5.055670
8.672785
5.814400
3.270108
5.106865
13.527279
9.717447
17.442672
11.373936
14.694881
21.717933
8.473341
19.276801
12.905022
10.950822
12.338020
10.740607
7.466640
18.042857
13.332228
20.953106
6.864493
16.739160
6.498288
15.882404
12.083182
12.780681
6.766602
12.243947
6.828661
6.126761
7.732248
11.910667
8.352503
10.798527
21.507989
10.759645
4.289903
10.639813
18.801288
21.213794
16.081695
2.821236
5.834792
14.312488
14.488076
12.004251
5.844097
6.235483
11.117396
8.268045
8.575518
11.616634
14.951726
10.446982
14.542695
27.435848
16.361104
16.189940
14.990732
3.836906
11.753378
7.071007
18.675967
12.513663
13.418562
5.990486
5.130636
5.228961
17.193393
12.804168
8.866953
14.409091
8.654210
11.291804
18.893892
10.626909
17.965547
9.576499
5.643762
9.862193
10.453373
14.348769
5.732070
4.408982
22.893578
17.786546
4.362373
4.882357
16.589285
9.375123
16.121353
10.416746
11.702222
40.818277
16.125594
9.772709
11.297892
8.714175
11.769668
15.696849
4.514413
7.534060
7.159619
9.969858
10.624700
11.668949
6.250956
8.694147
16.152503
7.718628
27.187178
15.024532
10.520283
7.433865
6.964321
8.058497
10.236890
7.292983
9.536229
12.648372
19.703105
6.157935
9.334491
12.304893
8.904009
12.915089
10.673375
9.808900
25.327591
7.106930
12.268362
7.218879
8.449899
5.131263
16.354449
8.232764
9.114037
14.126068
21.537309
20.436943
9.911978
8.937776
11.777899
14.416467
12.765424
10.166039
11.354730
12.705868
9.111824
6.073735
7.220521
18.837836
16.618907
26.923874
7.311033
12.869190
13.432736
4.438638
9.195859
9.540026
13.616328
9.281888
5.319919
19.260312
10.985124
7.427641
8.721568
13.879932
6.358535
9.139279
20.972748
27.447363
22.379914
23.621569
11.942574
6.171900
4.402343
11.142564
13.128170
10.127308
13.622170
7.877544
23.832494
8.790001
6.721608
14.670944
6.686709
25.644786
5.916629
11.824818
25.801768
10.482389
3.754252
10.421247
8.512668
16.557480
15.929714
14.998327
6.210418
11.591430
4.999030
9.486109
3.944689
11.635721
11.367878
4.147782
7.539271
15.770175
5.157700
5.838982
16.551345
9.107945
9.047971
12.640195
12.292724
17.086287
7.186071
17.409273
5.096009
2.867608
12.703621
6.365217
5.245662
16.698896
9.038995
8.488240
11.068929
10.012376
8.638706
15.459439
10.308339
6.043538
12.631917
15.214566
27.425204
6.659228
17.451809
14.463405
9.961979
12.972427
16.368610
10.139903
9.035687
7.958562
15.041978
4.244280
11.728774
3.972908
5.272140
3.649159
4.512507
10.614457
10.168951
8.330545
10.576784
18.216711
24.056295
38.576918
12.482747
6.835109
18.877887
10.508083
6.003115
5.076728
5.533139
10.633156
16.989698
9.474550
8.390543
14.370668
7.760008
12.865991
6.751599
5.309859
5.907356
14.606005
3.466727
7.187605
20.062347
25.833319
9.474252
17.172157
9.309941
3.314847
8.056204
14.223037
4.346569
3.462080
16.247760
12.438271
12.602322
11.550863
27.350718
6.302859
18.533391
18.159840
9.518612
9.643012
19.191838
6.497467
5.361391
21.838488
8.033772
8.911105
12.522602
8.920223
6.481073
14.457943
8.623231
6.389942
12.529875
27.820678
10.911219
17.554258
5.509747
8.820682
4.408500
12.678630
7.700116
7.597700
5.465699
6.335675
9.286053
14.251759
26.304803
8.461455
11.920189
5.135372
5.071343
10.517195
19.875207
6.737680
8.267327
12.253531
13.134337
16.449133
8.361427
18.468043
12.153621
15.446684
13.048171
9.797572
8.217135
8.963303
6.179752
9.727026
28.146703
9.241296
12.797783
8.512332
12.160625
12.036066
8.307167
20.994488
11.000369
2.717005
2.501127
16.772872
5.005147
14.602123
17.938951
16.293399
4.989399
13.589297
4.791883
15.775362
14.983380
9.426302
17.381982
4.150221
11.077976
9.255024
15.695239
7.718626
8.318243
25.840674
6.821959
18.251126
6.334783
4.077180
10.395408
7.436717
12.389962
6.939436
6.775227
22.116148
23.049336
23.579107
8.962511
5.234281
8.913335
9.723390
6.788104
14.677197
8.549373
15.243906
14.355066
2.494120
7.134885
28.517068
10.312319
6.200126
9.318155
8.360525
13.207863
17.329644
16.750106
6.198213
9.345546
16.871858
13.092708
14.824245
12.159276
14.703957
8.520498
12.857667
6.516063
18.113465
8.163137
5.295059
5.361484
10.781075
10.215074
9.375089
5.285524
8.443518
20.858884
4.654389
19.356340
11.220811
10.460132
30.076959
6.474559
8.122984
7.075042
6.068516
10.077763
7.494252
10.011742
12.175145
16.816692
5.358141
8.905216
6.800646
7.663824
6.259292
20.547210
12.600091
9.283274
6.815060
9.035581
7.819228
13.816242
16.816666
8.646943
4.587856
8.868879
5.908143
9.715211
7.076855
5.080374
10.196992
16.361204
7.490045
10.235332
6.901280
4.117259
8.658718
21.543437
6.758518
10.842055
15.817889
11.468880
23.667116
15.480987
8.000965
4.771317
10.804630
14.614635
8.000932
15.560127
20.043735
6.765321
9.730481
8.183152
11.567725
15.167052
15.492518
8.150138
16.058698
7.581096
16.733670
17.409351
14.024770
8.372761
7.562353
13.338937
14.912142
8.292958
6.758747
6.372405
8.186719
19.322400
13.482889
19.359388
15.781681
6.370527
6.532277
13.615149
17.092389
11.458767
4.987171
7.139810
4.162964
11.571705
14.488905
19.689559
11.344735
22.183900
12.213904
7.821674
15.134991
18.588615
12.440679
8.110786
10.263923
5.150940
7.505747
14.767005
7.642181
7.157557
6.373890
9.289893
17.017223
30.787427
16.643368
14.194955
11.255036
11.440185
4.251848
4.985069
28.196053
9.707063
7.649126
14.491057
21.970040
12.344421
6.734200
12.299649
14.535317
9.938450
7.315157
12.358830
10.953526
7.824347
6.207512
7.762452
7.311448
9.555772
8.050397
13.875951
15.655408
8.737185
5.936413
5.648679
13.561165
10.687423
10.761063
13.396740
14.502497
6.640029
6.373603
3.491134
13.446308
15.294539
5.849131
12.657510
6.181619
5.763954
10.734336
7.593671
10.273474
6.918908
6.292756
14.059818
4.220521
6.302460
15.106629
7.664469
7.010101
6.092899
13.111983
21.775355
9.219497
11.062902
19.728841
10.121350
18.612010
31.093286
6.693126
15.803481
3.729959
4.630445
16.674897
18.434502
3.901751
2.395901
11.456645
14.598149
20.190292
7.442088
8.081874
14.942732
9.460549
24.481909
23.455815
7.301886
24.732210
15.989044
15.596786
7.157209
13.986753
15.478614
10.885494
19.112671
10.939751
13.512759
11.185013
8.660230
27.246906
5.940079
10.405004
6.090799
7.268310
14.327944
7.659665
15.558197
9.860065
9.138764
8.278611
12.817143
9.012698
13.752284
8.791002
21.623786
9.542734
9.997672
5.803726
6.453115
8.931446
15.555734
8.871122
6.392167
16.958538
15.746991
15.329006
18.661479
13.552420
15.162339
11.078923
14.877093
13.236547
12.194932
9.476322
7.421878
15.105919
26.838998
13.132650
7.522474
5.393816
7.094717
13.754328
4.630020
16.878845
10.075521
13.573223
7.735202
11.581066
13.647506
5.952105
8.741625
8.069200
7.341519
8.196367
23.477023
17.887634
10.325064
12.603068
6.824886
19.614390
7.029379
14.508488
7.186989
4.027582
3.534581
4.220170
13.302806
10.664163
10.963096
9.474831
22.395369
11.757077
17.458297
16.519819
16.213332
23.297110
20.474467
13.240190
14.432139
7.425391
4.254716
6.120485
5.467100
10.314802
4.421244
3.809220
5.877351
9.721201
11.215975
23.894811
11.076977
26.861812
17.343893
6.754896
18.193051
6.141205
7.161627
9.392391
4.356694
7.591546
10.134670
15.051301
7.305568
4.514664
5.596670
9.691201
25.330510
4.731061
7.625549
12.847943
11.066517
9.018317
15.276292
8.298545
8.248046
15.074690
16.747776
4.031972
3.883222
10.717363
8.730121
15.921554
21.131729
6.831107
20.596994
9.483291
19.879870
11.662683
9.089223
7.244824
10.796965
9.046826
12.080231
21.366242
3.937175
4.667771
8.358173
9.923551
5.849683
4.899162
10.198286
9.510657
13.824051
9.004539
8.945429
5.092760
3.689654
12.564589
21.227504
5.656347
16.648885
11.788228
8.026661
9.634366
3.972119
4.903139
6.743289
9.655019
7.387074
3.958504
4.619769
10.532069
4.062577
8.388807
7.341963
6.385526
8.519599
14.895602
14.817914
12.088727
5.762922
20.737918
4.904238
8.115289
5.393084
14.090008
10.216315
17.679430
30.185630
9.568419
8.774835
16.049986
10.789309
9.987041
20.285882
14.600353
13.656071
7.650271
5.547150
6.004115
7.636939
7.943217
7.143153
10.096634
16.657795
28.091072
14.189408
7.780859
3.363813
7.478697
11.561389
14.712603
14.695631
16.801710
7.429743
19.728508
16.413701
9.768975
32.824774
10.364791
8.302306
8.645703
8.878133
30.137592
5.882566
12.990746
14.885588
23.007417
10.275459
8.005395
5.469218
14.365575
3.724660
14.659535
6.779507
8.595438
9.961584
19.084356
12.863748
19.548535
9.670378
13.925886
13.922006
11.543551
12.486595
19.457853
3.858213
6.567720
9.207574
10.759117
4.152853
9.650695
8.655352
20.533204
10.566177
12.707920
13.560617
9.949909
6.171458
5.424022
5.842637
15.730260
12.038436
17.203866
8.264277
10.784413
13.734117
7.746421
15.806905
7.399877
9.620445
4.855641
5.504094
12.499277
8.642639
15.008052
5.880381
11.265064
17.346688
8.081024
13.253632
7.981897
13.422283
9.663332
4.627499
12.141591
4.871696
7.827381
10.850299
13.892242
20.980118
9.708754
19.158713
14.014054
8.964461
7.852790
14.826895
24.000456
19.067045
11.155497
17.916210
23.795844
9.295315
5.308854
12.497471
15.920318
10.024261
13.262546
7.738607
7.158942
18.175259
23.431074
16.554082
28.791827
11.720349
5.477332
13.392563
10.717648
11.935953
11.396314
14.300144
11.744367
9.613044
10.306667
6.148856
12.533589
16.242105
18.757760
12.064775
9.051374
14.966215
6.061425
8.234151
22.067693
5.453600
11.107904
18.522349
15.729204
4.284139
6.533527
6.007583
18.489937
17.595978
14.553361
8.408213
12.174450
17.650127
10.335036
7.250413
5.518941
7.564781
8.436321
4.581525
14.852307
4.846793
5.184400
22.019779
9.553844
6.833482
9.749962
6.902533
6.775615
9.991784
34.251158
9.443585
12.802007
11.744097
8.211578
7.223444
8.636316
16.224997
5.856964
4.748469
16.829715
9.593735
6.603839
2.591880
4.118504
14.878491
7.065021
6.374513
6.627496
10.517939
7.260866
6.730550
11.437199
9.692925
12.086593
17.773961
5.262743
16.029765
18.715162
13.095073
5.315960
13.891574
8.270997
6.474336
12.903570
7.666011
10.513017
10.437974
6.349301
16.002020
9.886444
9.351907
14.668755
22.658079
10.921462
12.785089
9.892962
8.308888
6.288432
8.847732
11.254556
13.337209
17.089806
15.190621
8.456741
11.205987
6.303154
9.820463
14.728476
19.601935
12.343141
4.798550
5.653967
21.449070
16.301496
7.686402
7.397099
7.602957
8.201375
8.963912
14.518135
11.881252
4.757263
10.462375
5.484909
5.397276
3.972910
3.887189
8.060802
12.929748
21.112994
13.099070
7.228461
6.668786
7.792416
3.848008
5.977834
9.122443
16.472061
16.589072
10.506417
8.366230
13.293147
5.727161
6.924365
4.260378
2.678358
9.754480
6.961760
11.343166
5.518214
12.780001
12.054779
15.250745
7.603794
11.087791
12.845702
19.285182
8.764361
5.828813
8.744485
19.311688
6.935649
3.900780
13.956024
5.095659
5.351103
11.839264
24.090081
5.424532
9.635060
8.519387
13.562934
16.056955
10.064188
12.190731
23.179499
24.341301
11.873359
6.102738
32.645358
16.317423
9.390442
8.113672
11.988725
10.004837
7.570956
6.353360
10.931466
5.597882
6.173978
11.264984
11.184066
10.129191
14.398990
11.706126
10.914073
19.894895
4.777024
7.743338
16.271664
11.220429
11.378440
5.141593
5.694565
12.619183
14.685543
7.431423
14.694427
12.778231
13.650427
28.098624
12.653272
12.325211
16.582087
16.123970
8.305626
18.791310
22.849145
11.849449
9.830560
22.752594
12.284769
16.641673
9.375728
10.956859
9.509307
6.386718
9.973204
14.832853
12.664792
6.636381
4.524552
14.120782
8.624686
6.256466
13.222104
18.232472
13.732571
20.978718
32.791049
6.748819
5.464913
10.689866
7.414825
9.186115
15.583645
13.171167
19.324490
5.910609
7.820972
8.447129
21.382250
16.348483
25.940156
12.358739
4.905181
9.954762
13.745472
13.107618
11.186730
3.845047
4.659540
7.309973
5.897390
6.738476
7.458968
9.042499
14.886053
9.719284
6.930739
6.316143
6.429935
7.477850
16.079200
10.156698
5.859214
6.210048
8.724424
4.231191
13.347856
9.340930
5.747967
22.058307
5.110901
7.864392
12.426539
9.264218
17.614648
10.648380
5.945631
9.136295
8.318967
5.225977
6.035226
3.818349
17.506673
22.852013
8.230514
11.394901
12.072109
6.970107
10.828394
10.061799
10.808831
8.838819
17.770361
12.607442
5.775597
10.053433
10.863707
14.321694
18.981752
6.122057
10.392055
28.739982
5.890625
15.646177
16.424505
13.499986
15.630941
7.327477
17.640142
12.964225
4.329445
3.284363
5.594221
6.198100
3.269138
7.805000
23.002040
5.895316
10.372721
10.331314
19.062118
8.784953
18.021559
17.804186
10.040110
13.151363
14.474344
10.310770
6.718761
8.515633
4.865592
23.590141
10.484282
11.897674
12.340489
9.740543
11.364454
14.302569
9.086642
8.479775
8.601237
6.110292
11.983268
13.590152
20.526664
15.598537
3.514005
10.196879
6.240434
9.825757
2.421786
11.937529
5.152815
11.138742
10.584908
5.344609
5.773860
20.918277
9.048567
17.038700
22.692806
11.594003
40.502052
18.466974
10.119583
12.775836
11.281717
9.914063
17.607383
14.684854
9.578777
40.367441
10.088437
8.794682
9.043857
13.028241
4.364031
7.434140
8.317164
13.394635
19.077004
17.990339
8.404465
9.003949
14.167680
24.156063
5.830304
11.691398
8.120787
24.660206
5.817175
12.891815
11.011249
10.457208
6.193232
4.753810
7.214309
16.808294
5.605307
11.878157
13.715900
16.422663
40.318864
4.984246
9.416063
32.841108
22.770646
4.095926
3.980139
11.795394
10.703672
5.889829
5.520825
7.947951
5.106727
6.479457
5.022855
13.622181
9.172710
10.728466
18.383576
14.732792
7.140720
11.640373
9.033315
6.308305
15.096212
14.515722
7.347516
5.154678
9.779089
9.782547
4.273066
7.316689
19.531090
3.420969
3.882581
10.521250
13.685912
4.773081
11.875871
11.779576
12.331311
12.803892
7.611660
16.029068
5.813047
7.637494
7.805578
13.611432
5.660329
14.429392
9.927419
6.813354
6.684872
13.170246
12.980588
16.036092
5.628400
2.871443
17.572047
26.196824
15.631146
19.191410
29.160052
6.499488
16.770704
6.599071
16.413069
4.605037
15.166160
5.081737
11.932729
8.338374
9.103003
14.776026
7.822567
9.006783
6.333978
8.078180
10.621796
12.349904
11.651027
25.360209
15.103715
15.784126
9.699962
18.335459
17.033536
17.803781
13.985456
8.384452
16.855824
10.580627
4.931079
9.142421
16.550115
16.648689
6.122674
9.066390
15.546343
16.666019
13.485627
10.339300
22.351601
8.829975
3.860519
11.793974
19.343444
5.217772
17.951067
14.211062
10.433699
17.287629
9.838293
12.774863
3.878752
8.438957
13.807826
15.425159
12.757430
12.094993
7.396812
16.814153
5.316137
6.019584
11.829185
20.550837
6.261197
16.026028
10.140251
7.107470
10.600441
11.834762
8.943444
16.786974
10.016217
4.763554
5.105382
13.480369
10.183249
13.143536
11.354142
21.461313
4.300656
4.177974
16.369968
6.583285
8.056650
10.527372
18.723710
11.082598
3.328862
7.532824
15.696689
7.257273
4.298341
46.376684
6.696904
14.852656
11.285829
10.011180
7.913141
6.196704
12.966913
23.651430
12.239406
12.174060
5.660559
21.816338
13.558019
13.102162
12.443453
8.932094
22.011354
15.023803
14.029591
13.990353
17.509338
20.920851
12.594152
4.834485
17.948935
13.999295
7.058514
26.469337
14.861808
15.841391
21.596210
8.733973
12.598695
8.135521
20.517290
9.508720
5.134574
9.090273
9.469940
11.611345
4.958675
4.610818
8.537424
10.011683
14.316464
14.719719
19.143286
4.181874
9.433751
37.804626
12.945769
18.864225
29.409388
4.969407
8.653501
5.496672
4.055849
8.022096
21.185742
11.666465
5.253038
9.826875
9.736196
31.753134
7.763641
6.132588
8.674378
20.352704
12.774708
38.102791
5.958971
6.875640
8.900104
9.717991
14.978809
9.543501
5.280177
5.952877
11.660006
11.589700
4.560202
14.122630
12.969574
4.958362
25.007738
3.507713
7.140386
9.403575
3.320956
9.932100
4.878174
7.565815
6.846635
5.365240
3.553134
7.922491
11.342795
13.897119
7.992158
3.733611
10.607714
7.201070
11.866139
6.501329
21.153709
12.463661
7.188534
26.554234
4.853799
8.046628
21.959027
6.832115
8.062744
22.312901
13.397232
10.684404
9.248069
8.018383
11.407287
7.272063
10.384580
16.331694
7.703731
6.779564
8.648802
15.102001
25.635492
9.909542
7.482738
16.585129
4.451116
13.182577
15.255702
8.736520
11.062063
3.486506
9.620756
10.772244
10.496062
3.461508
15.471157
15.199412
9.813695
7.419795
8.219501
10.662104
13.998966
7.590331
4.871658
12.601139
14.693268
8.308761
9.191180
16.784204
10.974258
12.014715
14.118815
21.830034
14.095012
12.756996
16.107019
9.089126
5.317886
15.783820
12.542145
11.522766
6.254669
14.431665
7.525213
5.255012
8.350740
9.931118
13.163214
6.755035
7.126228
11.411850
10.773898
12.163297
11.122842
8.422199
10.834872
8.814757
36.416949
7.377259
4.065691
11.470974
5.039807
7.148167
10.737433
11.434721
15.216783
22.064145
24.260910
14.623417
11.919429
8.331291
12.048084
14.462278
16.544878
15.322676
13.562172
25.995194
9.011718
16.563288
21.032841
11.372812
9.728074
14.718376
8.067657
9.146592
4.272835
5.776827
5.903824
11.073932
13.362488
9.381735
17.152230
10.842943
5.899827
10.461749
8.378366
10.829018
4.859348
32.365220
13.762737
9.852992
15.496578
5.475747
8.803238
18.830027
8.784596
17.974457
14.814583
9.716588
17.589211
19.917037
4.488952
19.504374
12.163693
5.102192
9.554422
7.854893
16.285181
16.374231
9.414248
26.366554
14.603413
17.442308
9.243101
37.999957
8.715008
7.214179
10.165555
7.557746
17.098594
17.721974
25.545374
9.764613
13.519193
4.008416
6.529513
11.301803
8.330579
4.421121
8.683712
5.432001
19.775422
6.211705
31.753067
9.091383
9.927698
21.436245
24.256959
9.170252
11.479225
13.455809
10.916393
3.337327
9.436422
7.603550
18.365148
14.035036
18.939361
18.516293
10.635991
27.398985
14.599978
6.012550
6.954845
5.816433
2.825655
3.549525
13.675612
14.900400
8.536006
3.633081
17.633819
26.561400
9.556876
13.428784
10.893758
5.640499
12.063370
19.866010
6.844045
11.371421
6.816672
7.458641
25.118471
15.428264
14.827776
11.656527
11.494786
17.388084
20.421419
10.499423
4.974339
8.003070
20.296354
9.151824
10.808385
30.022284
20.921398
18.103976
6.510132
21.826983
7.814937
8.512249
17.584592
6.700937
18.706687
6.768557
7.073962
13.159678
26.912198
15.387682
18.426622
6.972897
8.447241
9.385381
7.393030
16.942423
20.275173
9.917595
11.865158
6.258628
5.905706
16.906002
13.718972
14.400491
7.481375
5.797040
14.806496
8.706548
25.440918
16.862074
28.035365
21.481334
11.516055
8.174616
3.257675
3.265183
26.268734
10.437042
9.190092
8.091287
11.523841
15.364550
5.095861
7.246476
3.293826
13.150875
9.511806
6.570198
9.884098
6.142139
9.768480
6.031722
7.115649
8.600982
9.122349
12.376923
13.526177
10.359676
16.647649
21.265527
17.267703
8.141400
5.423285
5.123756
12.446565
9.473542
5.890318
5.193985
22.744878
12.852393
2.974778
3.533025
14.079447
10.687516
26.923294
19.753870
22.107705
14.473574
8.830363
15.311022
8.602254
8.434568
11.851121
20.187168
12.345430
24.747010
8.644098
9.010422
10.782155
14.666547
14.026922
10.522638
10.771663
13.869147
11.192850
33.705289
11.387719
4.765298
5.797924
15.329548
6.282821
16.879364
7.584733
27.309202
10.097551
5.215941
14.699965
11.285071
11.808420
7.813582
10.678097
8.549603
5.467391
17.414395
8.948920
18.737365
12.715817
6.664616
4.331213
8.221168
7.208370
10.318001
11.002708
9.102700
19.786424
12.177395
13.400924
4.243066
16.580047
6.721871
8.634213
12.482731
17.823868
15.823748
8.859646
13.698509
5.595147
14.889245
8.610948
9.255092
21.623385
9.431154
14.539685
4.948560
6.885911
13.916753
13.031979
6.780379
12.263873
14.518474
5.135817
9.851391
8.439113
4.676035
20.537307
7.055147
6.833800
15.797143
3.523255
8.067124
14.536348
12.542725
8.230695
3.518924
8.761195
11.511210
17.012058
4.842447
9.693255
6.399856
9.986291
23.053848
7.021105
17.382041
10.415430
4.228267
4.328146
6.832087
14.862548
22.799306
4.569924
10.244797
7.892519
20.965983
7.792506
12.590955
6.836791
7.116113
10.529182
12.980660
13.571527
11.031659
5.771116
14.829748
7.787951
15.394539
10.339527
14.324006
14.471852
10.496913
5.344969
24.238853
8.142816
19.520461
7.873026
6.556409
9.116147
5.754602
26.651408
14.561182
19.873137
16.226026
7.516404
15.723459
11.170026
16.030583
5.558548
9.204966
14.915740
17.300184
19.259734
14.713930
13.338834
5.615344
13.164970
8.935536
9.980293
15.493655
2.632300
4.634289
5.675287
4.575275
10.782444
11.130560
20.108539
10.151300
4.755039
2.957462
8.826481
19.572861
33.142292
8.592069
10.437868
8.430812
10.345324
10.058953
9.097217
8.040007
9.906115
12.441228
3.361424
5.941592
6.644838
4.796758
21.363731
20.396556
4.449215
25.204757
15.318896
6.506213
11.319523
13.276586
3.388908
4.188915
8.542477
20.885304
10.026716
12.305668
15.057257
20.120158
6.666099
17.113293
25.944396
35.235842
4.012430
8.288529
14.473923
5.238051
25.148956
13.173541
10.662882
23.168128
10.813317
17.739243
7.066296
6.282413
6.715117
14.046631
5.279959
8.222817
19.431744
14.252614
13.242610
17.751525
7.660127
18.911725
7.217528
8.893003
15.782858
4.657552
9.829379
10.846478
11.187555
10.545885
12.559138
8.040145
5.500040
7.462236
6.439591
9.502054
13.968427
27.445932
12.161784
20.511181
6.071020
7.751779
6.366436
6.279236
5.589905
16.292717
25.870286
11.663714
6.159064
24.621845
9.296877
9.946150
16.104487
24.514193
6.150061
11.753939
14.741346
12.833175
12.816793
5.982978
6.769322
8.076525
7.373449
26.030968
9.629040
6.175723
13.866160
8.304803
9.548730
11.615626
10.314748
11.349939
5.040546
17.697925
15.998563
7.451146
5.807112
4.367750
6.085467
11.686821
25.182781
17.706379
19.291696
14.547735
10.140577
18.790007
30.619058
20.751057
5.184112
6.690867
10.559639
12.881717
16.567411
7.723173
9.580216
9.237513
23.309860
16.621999
12.418108
9.553989
17.709532
11.096109
15.117121
8.612890
11.390388
7.938585
23.812454
14.379045
7.241104
9.836120
8.447217
19.163829
9.718458
3.727884
6.408269
19.600697
15.831705
8.445833
5.978593
19.710158
10.371920
9.411530
12.138798
8.710949
18.235118
15.250908
8.265818
15.316498
7.533614
7.153815
14.074817
6.576548
8.927002
30.034547
10.749481
7.996993
18.634920
10.582678
13.026462
6.497042
6.810515
4.814474
6.501858
13.657906
15.272689
18.813851
30.563939
16.479698
15.738087
9.418509
6.765758
15.627587
13.667596
8.640535
13.276924
51.360415
4.606047
13.903628
17.989763
11.336545
4.753815
9.893405
20.014653
13.970400
5.117652
7.114199
9.283357
12.229791
10.703216
5.657346
7.315237
9.066439
9.556452
8.270796
7.739165
23.311803
13.998173
27.042334
19.599833
9.758583
9.241725
8.465730
12.166365
6.799165
7.565624
17.517187
17.140632
9.916762
8.449234
6.737486
16.112708
19.559205
10.269807
11.389051
12.887227
6.745913
18.491017
2.655031
6.827593
23.604352
4.779752
5.114788
5.411418
3.645581
3.214583
3.869696
10.652097
10.618580
21.373470
7.470619
5.341985
10.353455
12.677232
14.164496
13.219337
11.097530
10.795432
7.533256
8.410470
11.143197
11.699357
5.820171
23.889873
11.994431
10.023022
4.583970
2.713437
23.335370
11.283025
9.782150
11.793381
13.964004
10.835273
15.302745
14.480326
10.288998
5.718453
9.168683
12.507658
7.063938
30.022379
9.166162
8.826859
14.931546
12.224031
14.692755
4.072741
5.357875
28.446656
13.233875
21.137367
17.291442
7.945348
3.754611
15.657773
14.138588
23.293491
10.534670
10.430370
9.271777
19.857141
6.299753
4.573133
21.996552
14.895478
6.180434
5.266252
10.677253
21.014123
4.883547
8.676046
24.301478
15.143480
13.043904
20.146045
4.222648
8.890369
7.085328
12.200316
10.109787
14.371460
12.831121
10.909027
8.004879
13.537267
11.908305
11.903136
17.960645
13.152226
13.690059
5.038267
11.939625
8.875705
9.652639
15.392050
23.762412
6.006633
6.471654
17.587176
6.419977
13.629538
8.205325
12.706654
4.089024
12.894283
14.832280
18.719890
24.021198
8.599195
11.934759
7.375743
20.493640
9.142815
8.012512
6.468082
17.517296
10.213494
13.429744
7.347531
10.832982
10.024227
8.896361
18.214960
16.285885
8.661491
12.433835
4.216278
14.427767
20.329374
8.560760
18.163776
9.180596
8.112679
18.551473
6.234091
14.200046
7.504459
16.255018
9.109029
7.371117
8.498798
12.712419
13.960708
19.816550
14.597752
17.670628
8.265566
7.613736
4.900210
6.087514
5.085012
8.737715
9.199881
17.905433
14.012321
8.944442
4.367293
7.840638
12.774871
18.268225
5.592117
5.807653
18.242589
14.741887
8.725732
7.415500
5.556343
6.386963
11.800638
17.011547
3.231636
10.227228
24.592528
12.285174
13.001457
9.157048
19.074940
8.519028
5.707242
7.968519
12.120971
14.093881
17.463305
7.269598
17.055589
7.888794
16.937727
7.540324
12.917866
14.617951
11.192489
7.354192
4.015002
8.391665
16.799957
10.672597
7.818342
15.598077
29.161861
9.029489
11.375629
12.367896
14.687133
8.779108
9.723803
19.266312
13.023412
5.013037
11.002983
6.187282
5.066422
5.864326
4.666839
10.958638
17.036334
7.352235
11.507407
5.713226
13.019210
6.044784
15.988087
13.731408
9.686926
15.172366
10.893290
11.723827
8.217638
13.302650
32.600544
17.251791
5.348478
30.722170
15.599187
16.584697
11.992109
16.134582
4.285507
7.165643
7.247092
13.789818
30.680501
9.318953
14.584598
7.532713
18.549613
15.005833
21.091803
6.097562
16.755459
18.913330
10.198139
17.800783
16.323573
12.347402
7.178376
22.699591
13.343706
11.413871
13.022865
13.082738
21.442013
25.437048
7.999466
8.815419
23.750450
11.277367
18.770673
17.210639
18.924405
13.277879
10.624534
12.288887
11.620061
8.457615
10.382348
13.972444
7.491818
19.909910
15.652064
10.056254
33.709447
15.714028
22.828135
15.788296
5.813432
25.096854
12.994730
12.814685
15.829836
18.553080
10.823200
14.008799
18.748581
16.578876
17.372253
13.232507
18.463730
11.230016
19.603377
7.979426
21.281747
18.341043
11.955254
7.867492
22.326685
18.772636
24.197302
28.833418
19.329557
18.047224
14.603811
28.189836
13.525914
7.486228
31.150353
11.611481
10.722850
12.377655
8.691954
8.043728
9.027986
18.523034
17.747300
16.334021
6.243551
40.258778
10.684062
9.422353
17.392474
13.489934
14.987304
10.602605
12.658722
14.843613
10.074133
11.756170
11.216382
18.599533
16.520639
13.877493
11.638965
15.687795
21.804303
12.052102
6.724050
20.719800
16.447649
21.729756
22.682126
6.403917
15.191588
15.107499
20.063230
21.298874
13.453780
23.164963
9.400249
7.028934
21.557263
15.300963
10.620575
12.062557
22.772360
7.073360
8.221467
13.303034
11.304002
17.899626
14.281076
21.019842
17.565048
6.887932
7.509581
9.431237
12.128115
11.533322
12.522539
13.792383
14.062913
14.550267
13.496035
9.644166
38.118313
6.853834
7.717314
22.076642
7.229227
10.943968
6.147036
7.386822
12.331254
12.596175
5.083718
12.582748
8.009916
8.393220
11.765809
13.620375
20.501325
12.893070
14.625204
8.942958
15.081560
24.166415
11.099699
7.612709
8.250439
26.452339
8.941234
12.621269
14.960552
9.879822
15.840698
15.441806
15.231702
29.146951
19.495067
5.983884
5.264134
9.281630
8.986848
7.919444
16.485278
9.977507
15.564592
17.222751
24.561032
13.154661
15.317361
15.586067
21.558533
13.647021
10.718653
19.041942
15.101338
9.166479
12.760012
11.596166
17.608592
24.323028
6.563802
15.433220
12.422130
20.520768
11.595469
14.237821
13.377651
14.625233
42.498479
15.930907
19.432483
15.281959
13.659398
26.274939
8.563573
8.666778
9.916634
17.780579
6.022428
17.744350
14.036695
20.853945
11.474409
25.903233
9.931897
10.555545
16.167987
19.605181
12.752697
13.359257
13.482646
25.853602
18.776480
9.186202
6.610963
19.333782
10.046773
9.987227
11.404444
12.174509
27.364002
7.863398
20.362816
22.610659
15.953616
12.575867
8.300759
6.837837
10.370863
9.311326
17.343410
14.506042
11.200383
15.683676
14.296065
20.443026
19.796219
14.478036
16.915603
8.018522
7.197671
31.599262
10.892175
12.427175
18.242155
9.136521
50.432519
16.325412
9.737847
13.607238
18.366198
11.784745
15.191130
12.302301
15.218079
17.695509
15.569177
21.935394
24.315770
11.693740
11.488841
13.703405
17.510126
17.076516
10.436222
18.805755
12.775051
9.754650
9.360994
16.285545
17.773255
10.986086
7.633054
15.175626
16.658795
14.088175
25.107934
5.255583
10.252326
13.334108
8.049468
21.504929
9.088165
15.459426
18.228106
22.565108
11.197841
33.741964
19.915810
11.534663
10.703775
19.472381
11.576836
16.899636
11.268439
6.304408
14.908227
22.396965
20.197863
23.891554
18.928231
13.007711
31.616916
48.280280
15.525539
28.601570
19.019956
8.656625
11.804700
11.903708
21.232094
11.282569
8.801565
14.172909
10.814676
9.733024
25.642433
23.846350
20.548326
12.532444
13.830188
21.307536
22.247469
10.236545
20.771418
15.503793
10.153857
6.802079
15.703669
15.802883
9.280677
13.059422
13.303418
16.212494
10.644713
11.634355
13.312374
12.747562
8.503963
16.089238
13.916577
22.115894
13.824728
17.204735
10.954351
23.164127
5.413066
20.426795
12.696316
7.417337
22.264644
6.836981
8.609415
25.328059
10.212351
18.852577
18.302323
21.052332
19.174523
16.235281
9.891330
21.050593
10.625754
22.324835
16.189479
5.663965
18.027208
22.576180
23.715186
15.677951
35.535436
13.372069
25.701720
10.268201
12.594697
14.367993
11.434634
20.232824
5.945517
13.323589
7.891101
6.413900
21.851574
13.635320
16.822274
16.882984
8.347859
15.154703
13.925122
14.065057
14.413183
19.183851
8.698773
10.889007
13.382711
4.342691
21.099438
8.087985
11.216824
8.913745
18.694968
19.841443
25.037539
14.330439
9.612019
6.356705
14.956302
18.128903
16.281993
5.454468
11.776294
29.227033
4.698351
16.468420
14.638504
17.954341
14.063967
14.888897
12.749243
13.011920
21.471423
19.423439
9.995883
9.449088
16.823424
11.170171
19.851535
12.451438
8.357734
12.311672
22.859417
10.038191
23.437428
10.881767
7.028677
20.693251
18.013003
10.791307
6.503286
9.218381
9.059423
20.395728
18.911295
13.496882
11.012813
14.416042
14.231622
6.443529
12.373682
24.659462
5.723337
15.485454
18.494227
16.505090
6.876910
9.461613
13.795236
29.207638
23.948103
11.008817
13.276474
31.702368
17.449332
8.731345
7.859366
17.567394
13.315872
14.186543
4.835598
38.169165
14.502435
22.330553
9.324015
35.431745
17.808199
13.811679
23.557547
7.680246
16.706391
9.182375
15.536329
22.975462
23.358902
18.281284
14.874174
16.917533
12.165101
13.073573
12.493362
12.971920
17.453024
16.156826
10.560268
20.640164
5.838880
16.885421
19.387610
7.299971
15.559254
9.672998
12.103974
20.463703
9.486018
9.274811
13.855486
14.275643
15.181693
31.615428
19.295539
16.493888
6.689325
14.456168
11.128003
15.011910
14.977697
17.357139
14.526637
7.676012
18.847783
9.712353
15.729168
14.287887
17.283899
11.998843
13.954608
15.348555
30.159786
16.732534
48.026816
10.266226
12.261233
15.001046
18.589881
13.384177
5.343552
17.014927
19.401492
14.720830
14.213506
4.803824
11.057772
18.308059
15.451522
26.479602
12.245605
8.938804
15.702525
29.009938
16.325361
13.474948
20.300825
24.175012
28.774342
