frame conversion
<<<<<<< Updated upstream
0 0.0
1 0.009294832073367208
2 0.014561903581608625
3 0.019519147354071138
4 0.024352460032222085
5 0.028318255050192094
6 0.03302763663403148
7 0.0376130871235593
8 0.042694261990333375
9 0.04616433263105713
10 0.0499442310075598
11 0.05415788821415293
12 0.05899120089230388
13 0.06320485809889702
14 0.06772834304126905
15 0.0718800347007064
16 0.07584582971867641
17 0.07993555583095799
18 0.08408724749039534
19 0.08817697360267691
20 0.09183294088486801
21 0.09567480480852646
22 0.10007435865658694
23 0.10434998141033586
24 0.10831577642830587
25 0.11197174371049697
26 0.11668112529433634
27 0.12126657578386417
28 0.12560416408476888
29 0.12926013136695996
30 0.13310199529061842
31 0.13706779030858843
32 0.14128144751518157
33 0.14394596604288015
34 0.1477878299665386
35 0.1514437972487297
36 0.1550997645309208
37 0.158445904077333
38 0.16303135456686083
39 0.16730697732060973
40 0.17201635890444913
41 0.17517660180939398
42 0.17852274135580617
43 0.18199281199652992
44 0.1854009170900979
45 0.18924278101375636
46 0.19401412814475152
47 0.19736026769116372
48 0.2007064072375759
49 0.20448630561407857
50 0.20876192836782748
51 0.2124178956500186
52 0.2160738629322097
53 0.22096914115751642
54 0.22357169413805925
55 0.2277853513446524
56 0.2319990085512455
57 0.2363365968521502
58 0.24061221960589912
59 0.24358656586937663
60 0.2473664642458793
61 0.25040277605651257
62 0.2533151567728343
63 0.2570330896021812
64 0.2609988846201512
65 0.26515057627958855
66 0.2680009914487545
67 0.2711612343536993
68 0.27450737390011154
=======
0 0.0000000000000000
1 0.0092948320733672
2 0.0145619035816086
3 0.0195191473540711
4 0.0243524600322221
5 0.0283182550501921
6 0.0330276366340315
7 0.0376130871235593
8 0.0426942619903334
9 0.0461643326310571
10 0.0499442310075598
11 0.0541578882141529
12 0.0589912008923039
13 0.0632048580988970
14 0.0677283430412691
15 0.0718800347007064
16 0.0758458297186764
17 0.0799355558309580
18 0.0840872474903953
19 0.0881769736026769
20 0.0918329408848680
21 0.0956748048085265
22 0.1000743586565869
23 0.1043499814103359
24 0.1083157764283059
25 0.1119717437104970
26 0.1166811252943363
27 0.1212665757838642
28 0.1256041640847689
29 0.1292601313669600
30 0.1331019952906184
31 0.1370677903085884
32 0.1412814475151816
33 0.1439459660428802
34 0.1477878299665386
35 0.1514437972487297
36 0.1550997645309208
37 0.1584459040773330
38 0.1630313545668608
39 0.1673069773206097
40 0.1720163589044491
41 0.1751766018093940
42 0.1785227413558062
43 0.1819928119965299
44 0.1854009170900979
45 0.1892427810137564
46 0.1940141281447515
47 0.1973602676911637
48 0.2007064072375759
49 0.2044863056140786
50 0.2087619283678275
51 0.2124178956500186
52 0.2160738629322097
53 0.2209691411575164
54 0.2235716941380592
55 0.2277853513446524
56 0.2319990085512455
57 0.2363365968521502
58 0.2406122196058991
59 0.2435865658693766
60 0.2473664642458793
61 0.2504027760565126
62 0.2533151567728343
63 0.2570330896021812
64 0.2609988846201512
65 0.2651505762795885
66 0.2680009914487545
67 0.2711612343536993
68 0.2745073739001115
>>>>>>> Stashed changes
69 0.2781633411823026
70 0.2815714462758706
71 0.2847316891808155
72 0.2885735531044739
<<<<<<< Updated upstream
73 0.29191969265088613
74 0.29470814227289627
75 0.29718676415912754
76 0.3008427314413186
77 0.30344528442186147
78 0.30666749287396206
79 0.3091461147601933
80 0.31236832321229396
81 0.3152807039286157
82 0.31800718800347005
83 0.320857603172636
84 0.324265708266204
85 0.326806295699591
=======
73 0.2919196926508861
74 0.2947081422728963
75 0.2971867641591275
76 0.3008427314413186
77 0.3034452844218615
78 0.3066674928739621
79 0.3091461147601933
80 0.3123683232122940
81 0.3152807039286157
82 0.3180071880034701
83 0.3208576031726360
84 0.3242657082662040
85 0.3268062956995910
>>>>>>> Stashed changes
86 0.3298426075102243
87 0.3324451604907671
88 0.3353575412070889
89 0.3388276118478126
<<<<<<< Updated upstream
90 0.34198785475275745
91 0.34440451109183295
92 0.3466972363365968
93 0.3492997893171397
94 0.35227413558061715
95 0.3545668608253811
96 0.35772710373032596
97 0.36045358780518033
98 0.3634898996158136
99 0.3668980047093816
100 0.3697484198785475
101 0.37303259387780396
102 0.37625480232990455
103 0.3788573553104474
104 0.3818936671210807
105 0.3844342545544677
106 0.38641715206345273
107 0.3892675672326187
108 0.39236584459040774
109 0.39459660428801585
110 0.396827363985624
111 0.39986367579625726
112 0.402218366588177
113 0.40463502292725245
114 0.40760936919072993
115 0.41033585326558436
=======
90 0.3419878547527574
91 0.3444045110918330
92 0.3466972363365968
93 0.3492997893171397
94 0.3522741355806172
95 0.3545668608253811
96 0.3577271037303260
97 0.3604535878051803
98 0.3634898996158136
99 0.3668980047093816
100 0.3697484198785475
101 0.3730325938778040
102 0.3762548023299045
103 0.3788573553104474
104 0.3818936671210807
105 0.3844342545544677
106 0.3864171520634527
107 0.3892675672326187
108 0.3923658445904077
109 0.3945966042880159
110 0.3968273639856240
111 0.3998636757962573
112 0.4022183665881770
113 0.4046350229272525
114 0.4076093691907299
115 0.4103358532655844
>>>>>>> Stashed changes
116 0.4133721650762176
117 0.4164704424340067
118 0.4187012021316148
119 0.4211798240178461
<<<<<<< Updated upstream
120 0.42322468707398686
=======
120 0.4232246870739869
>>>>>>> Stashed changes
121 0.4263229644317759
122 0.4287396207708514
123 0.4314661048457058
124 0.4336968645433139
125 0.4364853141653241
126 0.4394596604288016
127 0.4424340066922791
128 0.4450365596728219
<<<<<<< Updated upstream
129 0.44720535382327425
130 0.44956004461519394
131 0.4514809765770232
132 0.4541454951047218
133 0.45668608253810883
134 0.4590407733300285
135 0.4612715330276366
136 0.4635022927252448
137 0.46653860453587803
138 0.46895526087495354
139 0.4718056760441195
140 0.4737885735531045
141 0.47595736770355684
142 0.47831205849547653
143 0.4803569215516173
144 0.48240178460775807
145 0.485252199776924
146 0.487235097285909
147 0.48927996034204985
148 0.49188251332259264
149 0.49417523856735657
150 0.4964059982649647
151 0.49900855124550747
=======
129 0.4472053538232743
130 0.4495600446151939
131 0.4514809765770232
132 0.4541454951047218
133 0.4566860825381088
134 0.4590407733300285
135 0.4612715330276366
136 0.4635022927252448
137 0.4665386045358780
138 0.4689552608749535
139 0.4718056760441195
140 0.4737885735531045
141 0.4759573677035568
142 0.4783120584954765
143 0.4803569215516173
144 0.4824017846077581
145 0.4852521997769240
146 0.4872350972859090
147 0.4892799603420498
148 0.4918825133225926
149 0.4941752385673566
150 0.4964059982649647
151 0.4990085512455075
>>>>>>> Stashed changes
152 0.5008675176601809
153 0.5037179328293468
154 0.5061345891684224
155 0.5080555211302515
156 0.5102243152807039
157 0.5124550749783121
158 0.5149336968645433
159 0.5178460775808651
160 0.5200768372784732
161 0.5221836658817698
<<<<<<< Updated upstream
162 0.524104597843599
163 0.5260874953525839
164 0.5283802205973479
165 0.5309208080307349
166 0.533461395464122
=======
162 0.5241045978435990
163 0.5260874953525839
164 0.5283802205973479
165 0.5309208080307349
166 0.5334613954641220
>>>>>>> Stashed changes
167 0.5356301896145743
168 0.5377370182178709
169 0.5395959846325443
170 0.5415169165943735
171 0.5441194695749163
172 0.5463502292725245
173 0.5479613334985748
174 0.5504399553848061
<<<<<<< Updated upstream
175 0.552422852893791
=======
175 0.5524228528937910
>>>>>>> Stashed changes
176 0.5549014747800223
177 0.5569463378361631
178 0.5594249597223944
179 0.5618416160614699
180 0.5637625480232991
181 0.5655595488908167
182 0.5674804808526459
183 0.5698351716445657
184 0.5715702069649276
<<<<<<< Updated upstream
185 0.573677035568224
=======
185 0.5736770355682240
>>>>>>> Stashed changes
186 0.5759077952658322
187 0.5773330028504152
188 0.5790060726236212
189 0.5811129012269178
<<<<<<< Updated upstream
190 0.582785971000124
191 0.584211178584707
=======
190 0.5827859710001240
191 0.5842111785847069
>>>>>>> Stashed changes
192 0.5857603172636014
193 0.5875573181311191
194 0.5891064568100136
195 0.5907795265832197
196 0.5929483207336721
197 0.5948072871483455
198 0.5974718056760441
199 0.5991448754492502
200 0.6008799107696121
201 0.6021192217127277
202 0.6034824637501549
203 0.6046598091461147
204 0.6062709133721651
205 0.6086256041640847
206 0.6104226050316024
207 0.6117238815218738
208 0.6132730202007683
209 0.6145742966910398
210 0.6163093320114017
211 0.6182302639732309
212 0.6194695749163465
<<<<<<< Updated upstream
213 0.621576403519643
=======
213 0.6215764035196431
>>>>>>> Stashed changes
214 0.6231875077456934
215 0.6247366464245879
216 0.6264097161977941
217 0.6283306481596233
<<<<<<< Updated upstream
218 0.629817821291362
=======
218 0.6298178212913620
>>>>>>> Stashed changes
219 0.6314908910645681
220 0.6329780641963069
221 0.6351468583467592
222 0.6368199281199654
223 0.6388647911761061
224 0.6408476886850911
225 0.6423348618168299
226 0.6440698971371918
<<<<<<< Updated upstream
227 0.645990829099021
=======
227 0.6459908290990209
>>>>>>> Stashed changes
228 0.6469203123063577
229 0.6484694509852522
230 0.6507002106828603
231 0.6523732804560665
<<<<<<< Updated upstream
232 0.653612591399182
233 0.6549758334366093
234 0.6565249721155038
235 0.657888214152931
=======
232 0.6536125913991820
233 0.6549758334366093
234 0.6565249721155038
235 0.6578882141529310
>>>>>>> Stashed changes
236 0.6598091461147602
237 0.6609864915107201
238 0.6623497335481472
239 0.6638369066798859
240 0.6655099764530921
<<<<<<< Updated upstream
241 0.667245011773454
242 0.668360391622258
243 0.6691659437352832
244 0.6707770479613335
245 0.672636014376007
=======
241 0.6672450117734540
242 0.6683603916222580
243 0.6691659437352832
244 0.6707770479613335
245 0.6726360143760070
>>>>>>> Stashed changes
246 0.6744330152435246
247 0.6759201883752634
248 0.6771594993183789
249 0.6781509480728715
250 0.6793902590159872
251 0.6805056388647912
252 0.6822406741851531
253 0.6836039162225802
254 0.6850291238071632
255 0.6862684347502789
256 0.6871359524104598
257 0.6885611599950427
<<<<<<< Updated upstream
258 0.68992440203247
=======
258 0.6899244020324700
>>>>>>> Stashed changes
259 0.6912256785227413
260 0.6927128516544802
261 0.6939521625975957
262 0.6951914735407113
263 0.6968645433139175
264 0.6981038542570331
265 0.6997769240302392
266 0.7002726484074855
267 0.7015739248977568
268 0.7029991324823398
269 0.7039286156896766
270 0.7052918577271037
271 0.7064072375759078
272 0.7075226174247119
273 0.7086999628206717
274 0.7100012393109432
275 0.7114884124426819
276 0.7132234477630437
277 0.7145247242533151
278 0.7155781385549634
<<<<<<< Updated upstream
279 0.71768496715826
=======
279 0.7176849671582600
>>>>>>> Stashed changes
280 0.7190482091956872
281 0.7207212789688933
282 0.7217746932705416
283 0.7228281075721898
284 0.7240674185153055
<<<<<<< Updated upstream
285 0.7256165571942
286 0.7267939025901599
287 0.7276614202503409
288 0.729024662287768
289 0.730140042136572
290 0.7312554219853762
291 0.732680629569959
=======
285 0.7256165571942000
286 0.7267939025901599
287 0.7276614202503409
288 0.7290246622877680
289 0.7301400421365720
290 0.7312554219853762
291 0.7326806295699591
>>>>>>> Stashed changes
292 0.7337960094187632
293 0.7346015615317883
294 0.7356549758334366
295 0.7368323212293965
296 0.7386293220969141
297 0.7398066674928739
<<<<<<< Updated upstream
298 0.740922047341678
=======
298 0.7409220473416780
>>>>>>> Stashed changes
299 0.7419754616433263
300 0.7431528070392862
301 0.7442062213409344
302 0.7453835667368943
303 0.7464989465856984
304 0.7473664642458793
305 0.7483579130003718
306 0.7493493617548643
307 0.7507126037922914
308 0.7521378113768744
309 0.7529433634898997
310 0.7534390878671459
311 0.7544925021687942
312 0.7557937786590656
313 0.7570330896021812
314 0.7580865039038295
315 0.7585202627339199
316 0.7596976081298797
<<<<<<< Updated upstream
317 0.760503160242905
=======
317 0.7605031602429050
>>>>>>> Stashed changes
318 0.7616805056388648
319 0.7626099888462015
320 0.7636634031478498
321 0.7648407485438097
322 0.7657082662039906
323 0.7665757838641715
324 0.7675052670715082
325 0.7687445780146238
326 0.7697360267691163
327 0.7706655099764531
328 0.7717808898252572
<<<<<<< Updated upstream
329 0.772400545296815
330 0.7731441318626844
331 0.7738877184285538
332 0.7744454083529557
333 0.775250960465981
334 0.776366340314785
335 0.7769859957863428
336 0.77834923782377
337 0.779464617672574
=======
329 0.7724005452968150
330 0.7731441318626844
331 0.7738877184285538
332 0.7744454083529557
333 0.7752509604659810
334 0.7763663403147850
335 0.7769859957863428
336 0.7783492378237700
337 0.7794646176725740
>>>>>>> Stashed changes
338 0.7801462386912876
339 0.7811996529929359
340 0.7821291362002727
341 0.7829966538604536
342 0.7841120337092576
343 0.7850415169165944
344 0.7863427934068657
345 0.7870244144255794
346 0.7876440698971372
<<<<<<< Updated upstream
347 0.788573553104474
348 0.7896269674061221
349 0.7904944850663032
350 0.791114140537861
351 0.7921675548395092
352 0.793097038046846
=======
347 0.7885735531044740
348 0.7896269674061221
349 0.7904944850663032
350 0.7911141405378610
351 0.7921675548395092
352 0.7930970380468459
>>>>>>> Stashed changes
353 0.7941504523484942
354 0.7948940389143636
355 0.7957615565745445
356 0.7966910397818813
<<<<<<< Updated upstream
357 0.797620522989218
358 0.7982401784607758
359 0.7986119717437105
360 0.799603420498203
361 0.8000371793282934
362 0.801028628082786
=======
357 0.7976205229892180
358 0.7982401784607758
359 0.7986119717437105
360 0.7996034204982030
361 0.8000371793282934
362 0.8010286280827860
>>>>>>> Stashed changes
363 0.8015243524600322
364 0.8020820423844343
365 0.8028256289503036
366 0.8040029743462634
367 0.8049324575536002
368 0.8056140785723138
<<<<<<< Updated upstream
369 0.806419630685339
=======
369 0.8064196306853390
>>>>>>> Stashed changes
370 0.8072251827983641
371 0.8080307349113892
372 0.8088362870244145
373 0.8095179080431281
374 0.8105093567976205
375 0.8114388400049573
376 0.8124922543066055
377 0.8134217375139422
378 0.8146610484570579
379 0.8155285661172388
380 0.8160242904944851
381 0.8165200148717313
382 0.8169537737018218
383 0.8178832569091585
384 0.8184409468335605
385 0.8193704300408973
<<<<<<< Updated upstream
386 0.820299913248234
=======
386 0.8202999132482340
>>>>>>> Stashed changes
387 0.8209195687197918
388 0.8214772586441939
389 0.8225306729458421
390 0.8230263973230884
391 0.8240178460775809
392 0.8246994670962945
393 0.8255669847564754
394 0.8260627091337216
395 0.8271780889825258
396 0.8281075721898624
<<<<<<< Updated upstream
397 0.828789193208576
=======
397 0.8287891932085760
>>>>>>> Stashed changes
398 0.8297806419630686
399 0.8306481596232494
400 0.8313297806419631
401 0.8320114016606767
402 0.8326310571322345
403 0.8334366092452596
404 0.8340562647168175
405 0.8347378857355311
406 0.8350477134713099
407 0.8356673689428677
408 0.8362250588672698
409 0.8364729210558929
410 0.8375883009046969
411 0.8382079563762548
412 0.8384558185648779
413 0.8388895773949684
414 0.8393233362250588
415 0.8396331639608378
416 0.8400669227909282
417 0.8406246127153303
<<<<<<< Updated upstream
418 0.841554095922667
419 0.842421613582848
=======
418 0.8415540959226669
419 0.8424216135828480
>>>>>>> Stashed changes
420 0.8429173379600942
421 0.8434750278844962
422 0.8439087867145867
423 0.8445284421861445
424 0.8452720287520139
425 0.8460156153178833
426 0.8466972363365969
427 0.8475647539967778
428 0.8481844094683356
<<<<<<< Updated upstream
429 0.848927996034205
=======
429 0.8489279960342050
>>>>>>> Stashed changes
430 0.8495476515057628
431 0.8502292725244764
432 0.8504771347130995
433 0.8511587557318131
434 0.8518403767505267
435 0.8522741355806172
<<<<<<< Updated upstream
436 0.852893791052175
437 0.853451480976577
438 0.8538852398066675
439 0.854318998636758
=======
436 0.8528937910521750
437 0.8534514809765770
438 0.8538852398066675
439 0.8543189986367580
>>>>>>> Stashed changes
440 0.8545048952782253
441 0.8549386541083158
442 0.8554963440327178
443 0.8559920684099641
444 0.8566117238815218
445 0.8572933449002355
446 0.8580369314661048
447 0.8587185524848184
448 0.8591523113149089
449 0.8594621390506878
450 0.8601437600694014
451 0.8605155533523361
452 0.8607634155409593
453 0.8612591399182055
454 0.8615070021068286
455 0.8620646920312306
456 0.8626223819556327
457 0.8632420374271905
458 0.8637997273515925
459 0.8642954517288388
460 0.8646052794646176
<<<<<<< Updated upstream
461 0.865101003841864
=======
461 0.8651010038418639
>>>>>>> Stashed changes
462 0.8656586937662659
463 0.8663403147849795
464 0.8669599702565374
465 0.8675796257280952
466 0.8680753501053414
467 0.8684471433882761
468 0.8689428677655223
469 0.8693766265956129
470 0.8695625232370802
471 0.8696244887842359
472 0.8699962820671706
473 0.8706779030858842
474 0.8709877308216631
475 0.8717932829346883
476 0.8722270417647788
477 0.8728466972363366
478 0.8734043871607386
479 0.8738381459908291
<<<<<<< Updated upstream
480 0.874147973726608
481 0.87470566365101
=======
480 0.8741479737266080
481 0.8747056636510100
>>>>>>> Stashed changes
482 0.8751394224811005
483 0.8755112157640352
484 0.8759449745941257
485 0.8763787334242161
<<<<<<< Updated upstream
486 0.876998388895774
=======
486 0.8769983888957740
>>>>>>> Stashed changes
487 0.8774321477258644
488 0.8775560788201759
489 0.8778659065559549
490 0.8781757342917338
491 0.8787334242161359
492 0.8794150452348494
493 0.8799107696120957
494 0.8802825628950304
495 0.8805923906308093
496 0.8809022183665882
497 0.8813359771966787
498 0.8815838393853018
499 0.8819556326682365
500 0.8821415293097038
<<<<<<< Updated upstream
501 0.882389391498327
502 0.8827611847812616
503 0.8833808402528194
504 0.8838145990829099
505 0.884062461271533
=======
501 0.8823893914983270
502 0.8827611847812616
503 0.8833808402528194
504 0.8838145990829099
505 0.8840624612715330
>>>>>>> Stashed changes
506 0.8844962201016235
507 0.8847440822902466
508 0.8848680133845582
509 0.8854257033089602
510 0.8856735654975834
511 0.8859214276862065
<<<<<<< Updated upstream
512 0.886355186516297
=======
512 0.8863551865162970
>>>>>>> Stashed changes
513 0.8867269797992317
514 0.8872227041764779
515 0.8875944974594125
516 0.8880902218366589
517 0.8882141529309704
518 0.8885239806667493
<<<<<<< Updated upstream
519 0.888895773949684
=======
519 0.8888957739496840
>>>>>>> Stashed changes
520 0.8890197050439955
521 0.8893295327797744
522 0.8897632916098649
523 0.8901350848927996
<<<<<<< Updated upstream
524 0.89056884372289
525 0.8910026025529806
526 0.8912504647416036
527 0.8913743958359153
528 0.89174618911885
=======
524 0.8905688437228900
525 0.8910026025529806
526 0.8912504647416036
527 0.8913743958359153
528 0.8917461891188500
>>>>>>> Stashed changes
529 0.8918701202131615
530 0.8923038790432519
531 0.8926756723261866
532 0.8927996034204982
533 0.8931094311562771
534 0.8932953277977445
535 0.8935431899863676
536 0.8937290866278349
537 0.8941008799107696
538 0.8944107076465485
539 0.8949683975709506
540 0.8952162597595736
541 0.8955880530425083
542 0.8958978807782872
543 0.8962696740612219
544 0.8965175362498451
545 0.8966414673441566
546 0.8970752261742471
547 0.8975089850043376
548 0.8978188127401165
549 0.8979427438344281
550 0.8980047093815838
551 0.8983145371173628
<<<<<<< Updated upstream
552 0.89850043375883
=======
552 0.8985004337588300
>>>>>>> Stashed changes
553 0.8988722270417647
554 0.8991200892303879
555 0.8995538480604783
556 0.8998636757962573
557 0.9004213657206593
558 0.9007311934564383
559 0.9010410211922171
<<<<<<< Updated upstream
560 0.901350848927996
=======
560 0.9013508489279960
>>>>>>> Stashed changes
561 0.9016606766637749
562 0.9019085388523981
563 0.9022803321353328
564 0.9025281943239559
565 0.9029619531540464
566 0.9032098153426695
567 0.9035816086256042
568 0.9038294708142273
569 0.9040153674556947
570 0.9046350229272524
571 0.9052546783988102
572 0.9055025405874334
573 0.9056884372289007
574 0.9057504027760566
575 0.9062461271533028
576 0.9068038170777047
577 0.9070516792663279
578 0.9072995414549511
579 0.9075474036435742
580 0.9077952658321973
581 0.9084149213037551
582 0.9086627834923783
583 0.9090965423224687
584 0.9094683356054034
585 0.9095922666997149
586 0.9100260255298054
587 0.9103358532655843
588 0.9105217499070517
<<<<<<< Updated upstream
589 0.910707646548519
=======
589 0.9107076465485190
>>>>>>> Stashed changes
590 0.9109555087371422
591 0.9111414053786095
592 0.9114512331143884
593 0.9116990953030115
594 0.9120708885859462
595 0.9125666129631924
596 0.9128144751518156
597 0.9131862684347503
598 0.9133721650762177
599 0.9136200272648407
600 0.9138059239063081
601 0.9139918205477754
602 0.9141777171892428
603 0.9146114760193332
604 0.9149213037551122
605 0.9152930970380468
606 0.9154170281323584
607 0.9156648903209815
608 0.9158507869624489
<<<<<<< Updated upstream
609 0.916098649151072
=======
609 0.9160986491510720
>>>>>>> Stashed changes
610 0.9164084768868509
611 0.9165943735283183
612 0.9166563390754741
613 0.9170900979055645
614 0.9171520634527203
<<<<<<< Updated upstream
615 0.917214028999876
=======
615 0.9172140289998760
>>>>>>> Stashed changes
616 0.9174618911884992
617 0.9177717189242781
618 0.9179576155657454
619 0.9184533399429917
<<<<<<< Updated upstream
620 0.918639236584459
=======
620 0.9186392365844590
>>>>>>> Stashed changes
621 0.9188251332259264
622 0.9190110298673937
623 0.9192588920560169
624 0.9196306853389515
625 0.9198165819804189
<<<<<<< Updated upstream
626 0.920064444169042
627 0.9201883752633536
628 0.9204982029991324
629 0.920931961829223
630 0.9212417895650019
631 0.9215516173007807
632 0.9218614450365596
633 0.922047341678027
=======
626 0.9200644441690420
627 0.9201883752633536
628 0.9204982029991324
629 0.9209319618292230
630 0.9212417895650019
631 0.9215516173007807
632 0.9218614450365596
633 0.9220473416780270
>>>>>>> Stashed changes
634 0.9225430660552733
635 0.9227909282438964
636 0.9228528937910522
637 0.9231627215268311
638 0.9232866526211426
<<<<<<< Updated upstream
639 0.92347254926261
=======
639 0.9234725492626100
>>>>>>> Stashed changes
640 0.9236584459040773
641 0.9238443425455447
642 0.9238443425455447
643 0.9239682736398562
644 0.9247118602057256
645 0.9249597223943488
646 0.9252075845829719
647 0.9256413434130624
648 0.9257033089602181
649 0.9257652745073739
650 0.9259511711488413
651 0.9260751022431528
652 0.9262609988846201
653 0.9264468955260875
654 0.9264468955260875
655 0.9266947577147107
656 0.9270665509976453
657 0.9273144131862684
658 0.9273763787334243
659 0.9275003098277358
<<<<<<< Updated upstream
660 0.927748172016359
661 0.927996034204982
=======
660 0.9277481720163590
661 0.9279960342049820
>>>>>>> Stashed changes
662 0.9283678274879167
663 0.9285537241293841
664 0.9288015863180071
665 0.9290494485066303
666 0.9292973106952535
667 0.9296071384310324
668 0.9296071384310324
669 0.9297930350724997
670 0.9299789317139671
671 0.9301648283554343
672 0.9303507249969017
673 0.9307225182798364
674 0.9309084149213037
675 0.9310323460156154
676 0.9311562771099269
677 0.9312802082042384
678 0.9313421737513943
679 0.9316520014871731
<<<<<<< Updated upstream
680 0.931713967034329
=======
680 0.9317139670343290
>>>>>>> Stashed changes
681 0.9317759325814847
682 0.9320237947701078
683 0.9320857603172636
684 0.9322716569587309
685 0.9324575536001983
686 0.9325814846945099
687 0.9325814846945099
688 0.9327673813359771
<<<<<<< Updated upstream
689 0.932829346883133
=======
689 0.9328293468831330
>>>>>>> Stashed changes
690 0.9330772090717561
691 0.9330772090717561
692 0.9331391746189119
693 0.9332011401660677
694 0.9333250712603792
695 0.9336968645433139
696 0.9340066922790928
<<<<<<< Updated upstream
697 0.934254554467716
698 0.9343165200148718
699 0.9344404511091833
700 0.934502416656339
701 0.9346883132978064
702 0.934812244392118
=======
697 0.9342545544677160
698 0.9343165200148718
699 0.9344404511091833
700 0.9345024166563390
701 0.9346883132978064
702 0.9348122443921180
>>>>>>> Stashed changes
703 0.9349981410335854
704 0.9350601065807411
705 0.9351220721278969
706 0.9352460032222084
<<<<<<< Updated upstream
707 0.93536993431652
708 0.9354938654108316
709 0.9356177965051431
710 0.935679762052299
711 0.9358036931466105
712 0.935927624240922
=======
707 0.9353699343165200
708 0.9354938654108316
709 0.9356177965051431
710 0.9356797620522990
711 0.9358036931466105
712 0.9359276242409220
>>>>>>> Stashed changes
713 0.9361135208823894
714 0.9362374519767009
715 0.9364853141653241
716 0.9364853141653241
717 0.9366712108067914
718 0.9368571074482588
719 0.9369810385425703
720 0.9370430040897261
721 0.9375387284669724
722 0.9377865906555954
723 0.9377865906555954
724 0.9378485562027513
725 0.9379724872970628
726 0.9380964183913744
727 0.9381583839385301
728 0.9382823150328418
<<<<<<< Updated upstream
729 0.938468211674309
730 0.938468211674309
731 0.938468211674309
732 0.938778039410088
733 0.9389639360515554
734 0.93933572933449
735 0.9395216259759573
736 0.9395835915231131
737 0.9395835915231131
738 0.939645557070269
739 0.9397075226174247
740 0.939893419258892
=======
729 0.9384682116743090
730 0.9384682116743090
731 0.9384682116743090
732 0.9387780394100880
733 0.9389639360515554
734 0.9393357293344901
735 0.9395216259759573
736 0.9395835915231131
737 0.9395835915231131
738 0.9396455570702690
739 0.9397075226174247
740 0.9398934192588920
>>>>>>> Stashed changes
741 0.9399553848060478
742 0.9400793159003594
743 0.9401412814475152
744 0.9402652125418267
745 0.9403891436361383
746 0.9405130747304499
747 0.9405750402776056
748 0.9408229024662288
<<<<<<< Updated upstream
749 0.941070764654852
=======
749 0.9410707646548520
>>>>>>> Stashed changes
750 0.9414425579377866
751 0.9415664890320982
752 0.9418763167678771
753 0.9419382823150328
754 0.9419382823150328
755 0.9421241789565001
756 0.9421241789565001
<<<<<<< Updated upstream
757 0.942186144503656
758 0.9423100755979675
759 0.9424340066922791
760 0.9426199033337465
761 0.942743834428058
762 0.942743834428058
=======
757 0.9421861445036560
758 0.9423100755979675
759 0.9424340066922791
760 0.9426199033337465
761 0.9427438344280580
762 0.9427438344280580
>>>>>>> Stashed changes
763 0.9429916966166811
764 0.9431775932581484
765 0.9431775932581484
766 0.9433634898996158
767 0.9433634898996158
768 0.9434874209939274
769 0.9435493865410831
770 0.9435493865410831
<<<<<<< Updated upstream
771 0.943611352088239
772 0.9437352831825505
773 0.9439211798240178
774 0.944169042012641
775 0.944169042012641
=======
771 0.9436113520882390
772 0.9437352831825505
773 0.9439211798240178
774 0.9441690420126410
775 0.9441690420126410
>>>>>>> Stashed changes
776 0.9443549386541084
777 0.9443549386541084
778 0.9445408352955756
779 0.9446647663898873
<<<<<<< Updated upstream
780 0.944726731937043
781 0.9447886974841988
782 0.9447886974841988
783 0.945036559672822
784 0.9450985252199777
785 0.9451604907671335
786 0.9451604907671335
787 0.945284421861445
788 0.945284421861445
789 0.945284421861445
=======
780 0.9447267319370430
781 0.9447886974841988
782 0.9447886974841988
783 0.9450365596728220
784 0.9450985252199777
785 0.9451604907671335
786 0.9451604907671335
787 0.9452844218614450
788 0.9452844218614450
789 0.9452844218614450
>>>>>>> Stashed changes
790 0.9454703185029124
791 0.9455322840500682
792 0.9459040773330029
793 0.9459040773330029
794 0.9459040773330029
795 0.9460899739744701
<<<<<<< Updated upstream
796 0.946151939521626
=======
796 0.9461519395216260
>>>>>>> Stashed changes
797 0.9463998017102491
798 0.9465237328045607
799 0.9466476638988722
800 0.9467715949931838
801 0.9468335605403396
802 0.9468955260874954
803 0.9470194571818069
804 0.9470814227289627
805 0.9471433882761184
806 0.9472673193704301
807 0.9472673193704301
808 0.9473292849175858
809 0.9473912504647416
810 0.9473912504647416
811 0.9475151815590531
812 0.9476391126533648
<<<<<<< Updated upstream
813 0.947825009294832
814 0.9478869748419878
815 0.948134837030611
816 0.948134837030611
=======
813 0.9478250092948320
814 0.9478869748419878
815 0.9481348370306110
816 0.9481348370306110
>>>>>>> Stashed changes
817 0.9483207336720784
818 0.9483826992192341
819 0.9484446647663899
820 0.9485685958607014
821 0.9486305614078573
822 0.9487544925021688
823 0.9489403891436361
824 0.9491262857851035
825 0.9491262857851035
826 0.9491262857851035
827 0.9493121824265708
828 0.9493741479737267
829 0.9493741479737267
830 0.9495600446151939
831 0.9495600446151939
832 0.9496839757095055
833 0.9498698723509729
834 0.9499938034452844
<<<<<<< Updated upstream
835 0.950117734539596
=======
835 0.9501177345395960
>>>>>>> Stashed changes
836 0.9501797000867518
837 0.9503036311810633
838 0.9504275622753748
839 0.9506134589168422
840 0.9507373900111538
841 0.9507373900111538
842 0.9507993555583096
843 0.9509232866526212
844 0.9510472177469327
845 0.9510472177469327
846 0.9510472177469327
847 0.9512950799355558
<<<<<<< Updated upstream
848 0.951542942124179
849 0.951542942124179
=======
848 0.9515429421241790
849 0.9515429421241790
>>>>>>> Stashed changes
850 0.9516049076713348
851 0.9517288387656463
852 0.9519147354071137
853 0.9519767009542695
<<<<<<< Updated upstream
854 0.952100632048581
855 0.952100632048581
=======
854 0.9521006320485810
855 0.9521006320485810
>>>>>>> Stashed changes
856 0.9521625975957367
857 0.9524104597843599
858 0.9525343908786714
859 0.9525343908786714
860 0.9525343908786714
861 0.9525343908786714
862 0.9525963564258273
863 0.9526583219729831
864 0.9526583219729831
865 0.9526583219729831
866 0.9527202875201388
867 0.9529061841616061
868 0.9530301152559177
869 0.9530920808030735
870 0.9531540463502293
<<<<<<< Updated upstream
871 0.953216011897385
872 0.953216011897385
=======
871 0.9532160118973850
872 0.9532160118973850
>>>>>>> Stashed changes
873 0.9534019085388524
874 0.9536497707274755
875 0.9538356673689429
876 0.9538356673689429
877 0.9539595984632544
878 0.9542074606518776
879 0.9542074606518776
880 0.9542694261990333
881 0.9542694261990333
882 0.9543313917461891
883 0.9543933572933448
884 0.9545172883876565
885 0.9545172883876565
<<<<<<< Updated upstream
886 0.954641219481968
=======
886 0.9546412194819680
>>>>>>> Stashed changes
887 0.9547651505762796
888 0.9548890816705912
889 0.9550130127649027
890 0.9551989094063701
891 0.9553848060478374
892 0.9553848060478374
893 0.9555707026893048
894 0.9555707026893048
895 0.9556946337836163
896 0.9556946337836163
897 0.9558185648779278
898 0.9558805304250837
899 0.9559424959722395
<<<<<<< Updated upstream
900 0.956066427066551
=======
900 0.9560664270665510
>>>>>>> Stashed changes
901 0.9561903581608625
902 0.9562523237080184
903 0.9564382203494857
904 0.9566241169909531
905 0.9568719791795761
906 0.9569959102738878
907 0.9571198413681993
<<<<<<< Updated upstream
908 0.957181806915355
=======
908 0.9571818069153550
>>>>>>> Stashed changes
909 0.9572437724625108
910 0.9572437724625108
911 0.9572437724625108
912 0.9573677035568224
<<<<<<< Updated upstream
913 0.957491634651134
=======
913 0.9574916346511340
>>>>>>> Stashed changes
914 0.9576775312926014
915 0.9577394968397571
916 0.9579253934812244
917 0.9579253934812244
<<<<<<< Updated upstream
918 0.958049324575536
=======
918 0.9580493245755360
>>>>>>> Stashed changes
919 0.9581112901226918
920 0.9581112901226918
921 0.9581732556698476
922 0.9581732556698476
923 0.9584211178584707
924 0.9584211178584707
925 0.9584211178584707
926 0.9584830834056265
927 0.9584830834056265
928 0.9584830834056265
<<<<<<< Updated upstream
929 0.958607014499938
930 0.958607014499938
931 0.958607014499938
=======
929 0.9586070144999380
930 0.9586070144999380
931 0.9586070144999380
>>>>>>> Stashed changes
932 0.9587309455942497
933 0.9587309455942497
934 0.9587929111414054
935 0.9589788077828727
936 0.9590407733300285
937 0.9590407733300285
938 0.9591647044243401
939 0.9591647044243401
940 0.9592266699714959
941 0.9592266699714959
942 0.9594125666129631
943 0.9595364977072748
944 0.9595984632544305
945 0.9595984632544305
946 0.9597223943487421
947 0.9597223943487421
948 0.9597223943487421
949 0.9597223943487421
950 0.9598463254430537
951 0.9599082909902095
952 0.9599702565373652
<<<<<<< Updated upstream
953 0.960032222084521
954 0.960032222084521
=======
953 0.9600322220845210
954 0.9600322220845210
>>>>>>> Stashed changes
955 0.9602181187259884
956 0.9602800842731442
957 0.9602800842731442
958 0.9602800842731442
959 0.9603420498202999
960 0.9603420498202999
961 0.9604040153674557
962 0.9604659809146114
963 0.9605279464617673
964 0.9605899120089231
965 0.9608377741975461
966 0.9608377741975461
967 0.9608377741975461
968 0.9609617052918578
969 0.9610856363861693
<<<<<<< Updated upstream
970 0.961147601933325
971 0.961147601933325
=======
970 0.9611476019333250
971 0.9611476019333250
>>>>>>> Stashed changes
972 0.9612715330276367
973 0.9612715330276367
974 0.9612715330276367
975 0.9612715330276367
<<<<<<< Updated upstream
976 0.961457429669104
=======
976 0.9614574296691040
>>>>>>> Stashed changes
977 0.9615193952162597
978 0.9616433263105714
979 0.9616433263105714
980 0.9617052918577271
981 0.9618292229520387
982 0.9619531540463502
<<<<<<< Updated upstream
983 0.962015119593506
=======
983 0.9620151195935061
>>>>>>> Stashed changes
984 0.9620770851406618
985 0.9620770851406618
986 0.9622629817821291
987 0.9623249473292849
988 0.9623249473292849
989 0.9623249473292849
990 0.9623249473292849
991 0.9623869128764407
992 0.9623869128764407
993 0.9625108439707523
<<<<<<< Updated upstream
994 0.962572809517908
995 0.962572809517908
996 0.962572809517908
=======
994 0.9625728095179080
995 0.9625728095179080
996 0.9625728095179080
>>>>>>> Stashed changes
997 0.9626347750650638
998 0.9626347750650638
999 0.9628206717065312
1000 0.9628206717065312
1001 0.9628206717065312
1002 0.9628206717065312
1003 0.9629446028008427
1004 0.9630065683479985
1005 0.9630685338951543
1006 0.9631304994423101
1007 0.9631924649894659
1008 0.9631924649894659
1009 0.9631924649894659
1010 0.9632544305366216
1011 0.9632544305366216
1012 0.9632544305366216
1013 0.9633163960837774
1014 0.9633163960837774
1015 0.9633163960837774
1016 0.9633783616309332
1017 0.9633783616309332
1018 0.9635022927252448
1019 0.9635022927252448
1020 0.9636262238195563
1021 0.9637501549138678
1022 0.9637501549138678
1023 0.9637501549138678
1024 0.9638121204610237
1025 0.9638121204610237
1026 0.9638740860081795
1027 0.9639360515553352
1028 0.9639360515553352
1029 0.9639360515553352
1030 0.9640599826496468
1031 0.9641839137439584
1032 0.9642458792911142
1033 0.9643078448382699
1034 0.9643078448382699
1035 0.9643698103854257
1036 0.9643698103854257
1037 0.9644317759325814
1038 0.9644937414797373
1039 0.9645557070268931
1040 0.9646796381212046
1041 0.9647416036683604
1042 0.9648035692155161
1043 0.9648035692155161
1044 0.9648035692155161
<<<<<<< Updated upstream
1045 0.964865534762672
=======
1045 0.9648655347626720
>>>>>>> Stashed changes
1046 0.9649275003098278
1047 0.9649894658569835
1048 0.9649894658569835
1049 0.9649894658569835
1050 0.9650514314041393
<<<<<<< Updated upstream
1051 0.965113396951295
1052 0.9652373280456067
1053 0.9653612591399182
1054 0.9653612591399182
1055 0.965423224687074
1056 0.965423224687074
1057 0.965423224687074
=======
1051 0.9651133969512951
1052 0.9652373280456067
1053 0.9653612591399182
1054 0.9653612591399182
1055 0.9654232246870740
1056 0.9654232246870740
1057 0.9654232246870740
>>>>>>> Stashed changes
1058 0.9654851902342297
1059 0.9655471557813855
1060 0.9656091213285414
1061 0.9657950179700087
1062 0.9657950179700087
1063 0.9659189490643202
1064 0.9659809146114761
1065 0.9660428801586318
1066 0.9660428801586318
1067 0.9661048457057876
1068 0.9661048457057876
1069 0.9661048457057876
1070 0.9662287768000991
1071 0.9662907423472549
1072 0.9662907423472549
1073 0.9662907423472549
1074 0.9663527078944107
<<<<<<< Updated upstream
1075 0.966538604535878
1076 0.9667864667245012
1077 0.9667864667245012
1078 0.966848432271657
=======
1075 0.9665386045358780
1076 0.9667864667245012
1077 0.9667864667245012
1078 0.9668484322716570
>>>>>>> Stashed changes
1079 0.9669723633659685
1080 0.9669723633659685
1081 0.9670343289131244
1082 0.9670962944602801
1083 0.9672202255545916
1084 0.9672821911017474
1085 0.9672821911017474
1086 0.9672821911017474
1087 0.9672821911017474
1088 0.9673441566489032
<<<<<<< Updated upstream
1089 0.967406122196059
1090 0.967406122196059
1091 0.967406122196059
=======
1089 0.9674061221960590
1090 0.9674061221960590
1091 0.9674061221960590
>>>>>>> Stashed changes
1092 0.9675300532903706
1093 0.9676539843846821
1094 0.9677159499318378
1095 0.9677779154789937
1096 0.9677779154789937
1097 0.9677779154789937
1098 0.9678398810261495
1099 0.9680877432147725
1100 0.9680877432147725
1101 0.9681497087619284
1102 0.9682116743090842
1103 0.9682116743090842
1104 0.9682116743090842
1105 0.9682736398562399
1106 0.9682736398562399
1107 0.9683356054033957
1108 0.9683975709505515
1109 0.9684595364977073
1110 0.9684595364977073
1111 0.9685215020448631
1112 0.9685215020448631
1113 0.9686454331391746
1114 0.9686454331391746
1115 0.9687073986863304
1116 0.9687073986863304
<<<<<<< Updated upstream
1117 0.968831329780642
1118 0.968831329780642
1119 0.968831329780642
=======
1117 0.9688313297806420
1118 0.9688313297806420
1119 0.9688313297806420
>>>>>>> Stashed changes
1120 0.9688932953277978
1121 0.9688932953277978
1122 0.9688932953277978
1123 0.9688932953277978
1124 0.9688932953277978
1125 0.9690172264221093
1126 0.9690172264221093
1127 0.9690172264221093
1128 0.9690791919692651
1129 0.9690791919692651
1130 0.9692031230635767
1131 0.9692031230635767
1132 0.9693270541578882
1133 0.9693270541578882
<<<<<<< Updated upstream
1134 0.969389019705044
1135 0.969389019705044
=======
1134 0.9693890197050440
1135 0.9693890197050440
>>>>>>> Stashed changes
1136 0.9694509852521997
1137 0.9694509852521997
1138 0.9695129507993555
1139 0.9695129507993555
1140 0.9695129507993555
1141 0.9695129507993555
1142 0.9695129507993555
1143 0.9696368818936671
1144 0.9696988474408229
1145 0.9697608129879787
1146 0.9698227785351344
1147 0.9698227785351344
1148 0.9698847440822902
1149 0.9698847440822902
1150 0.9698847440822902
1151 0.9698847440822902
1152 0.9699467096294461
1153 0.9699467096294461
1154 0.9699467096294461
1155 0.9699467096294461
1156 0.9700086751766018
1157 0.9700706407237576
1158 0.9701945718180691
1159 0.9701945718180691
1160 0.9701945718180691
1161 0.9702565373652249
1162 0.9703185029123808
1163 0.9703804684595365
1164 0.9703804684595365
1165 0.9704424340066923
1166 0.9704424340066923
<<<<<<< Updated upstream
1167 0.970504399553848
1168 0.970504399553848
1169 0.970504399553848
1170 0.970504399553848
1171 0.970504399553848
1172 0.970504399553848
1173 0.970504399553848
=======
1167 0.9705043995538480
1168 0.9705043995538480
1169 0.9705043995538480
1170 0.9705043995538480
1171 0.9705043995538480
1172 0.9705043995538480
1173 0.9705043995538480
>>>>>>> Stashed changes
1174 0.9705663651010038
1175 0.9705663651010038
1176 0.9705663651010038
1177 0.9705663651010038
1178 0.9706283306481597
<<<<<<< Updated upstream
1179 0.970814227289627
=======
1179 0.9708142272896270
>>>>>>> Stashed changes
1180 0.9708761928367827
1181 0.9708761928367827
1182 0.9708761928367827
1183 0.9708761928367827
1184 0.9708761928367827
1185 0.9709381583839385
1186 0.9710001239310944
1187 0.9710620894782501
1188 0.9710620894782501
1189 0.9710620894782501
1190 0.9710620894782501
1191 0.9710620894782501
1192 0.9711240550254059
1193 0.9711240550254059
1194 0.9711860205725616
1195 0.9713099516668732
1196 0.9714338827611848
1197 0.9714958483083406
1198 0.9714958483083406
1199 0.9715578138554963
1200 0.9715578138554963
1201 0.9715578138554963
1202 0.9715578138554963
1203 0.9716197794026521
1204 0.9718056760441195
1205 0.9718056760441195
1206 0.9718676415912753
1207 0.9718676415912753
<<<<<<< Updated upstream
1208 0.971929607138431
1209 0.971929607138431
=======
1208 0.9719296071384310
1209 0.9719296071384310
>>>>>>> Stashed changes
1210 0.9719915726855868
1211 0.9719915726855868
1212 0.9719915726855868
1213 0.9719915726855868
1214 0.9720535382327425
1215 0.9720535382327425
1216 0.9720535382327425
1217 0.9721155037798984
1218 0.9721155037798984
1219 0.9721155037798984
1220 0.9721774693270542
1221 0.9721774693270542
1222 0.9721774693270542
1223 0.9721774693270542
1224 0.9721774693270542
1225 0.9722394348742099
1226 0.9722394348742099
1227 0.9723014004213657
1228 0.9723014004213657
1229 0.9723014004213657
1230 0.9723633659685215
1231 0.9723633659685215
1232 0.9723633659685215
1233 0.9724253315156773
1234 0.9724253315156773
1235 0.9724872970628331
1236 0.9724872970628331
1237 0.9724872970628331
1238 0.9724872970628331
1239 0.9724872970628331
1240 0.9725492626099889
1241 0.9725492626099889
1242 0.9726731937043004
1243 0.9726731937043004
1244 0.9726731937043004
1245 0.9727351592514561
1246 0.9727351592514561
1247 0.9727351592514561
1248 0.9727351592514561
1249 0.9727351592514561
1250 0.9727351592514561
<<<<<<< Updated upstream
1251 0.972797124798612
=======
1251 0.9727971247986120
>>>>>>> Stashed changes
1252 0.9728590903457678
1253 0.9728590903457678
1254 0.9728590903457678
1255 0.9729830214400793
1256 0.9729830214400793
1257 0.9729830214400793
1258 0.9730449869872351
1259 0.9730449869872351
1260 0.9731069525343908
1261 0.9731069525343908
1262 0.9731069525343908
1263 0.9731069525343908
1264 0.9731069525343908
1265 0.9731069525343908
1266 0.9731689180815467
1267 0.9731689180815467
1268 0.9731689180815467
1269 0.9731689180815467
1270 0.9731689180815467
1271 0.9732928491758582
1272 0.9732928491758582
<<<<<<< Updated upstream
1273 0.973354814723014
1274 0.973354814723014
=======
1273 0.9733548147230140
1274 0.9733548147230140
>>>>>>> Stashed changes
1275 0.9734167802701698
1276 0.9734167802701698
1277 0.9734167802701698
1278 0.9734787458173255
1279 0.9734787458173255
1280 0.9734787458173255
1281 0.9735407113644814
1282 0.9735407113644814
1283 0.9736026769116372
1284 0.9736026769116372
<<<<<<< Updated upstream
=======
1285 0.9736026769116372
1286 0.9736026769116372
1287 0.9736026769116372
1288 0.9736646424587929
1289 0.9737266080059487
1290 0.9737266080059487
1291 0.9737266080059487
1292 0.9737266080059487
1293 0.9737266080059487
1294 0.9738505391002602
1295 0.9738505391002602
1296 0.9738505391002602
1297 0.9738505391002602
1298 0.9739125046474161
1299 0.9739125046474161
1300 0.9739744701945718
1301 0.9739744701945718
1302 0.9739744701945718
1303 0.9740364357417276
1304 0.9740364357417276
1305 0.9740364357417276
1306 0.9740984012888834
1307 0.9740984012888834
1308 0.9740984012888834
1309 0.9740984012888834
1310 0.9740984012888834
1311 0.9740984012888834
1312 0.9742223323831949
1313 0.9742223323831949
1314 0.9742223323831949
1315 0.9742223323831949
1316 0.9742223323831949
1317 0.9742223323831949
1318 0.9742223323831949
1319 0.9742223323831949
1320 0.9742223323831949
1321 0.9742842979303508
1322 0.9743462634775065
1323 0.9744082290246623
1324 0.9744701945718180
1325 0.9744701945718180
1326 0.9744701945718180
1327 0.9744701945718180
1328 0.9745321601189738
1329 0.9745321601189738
1330 0.9745941256661297
1331 0.9745941256661297
1332 0.9745941256661297
1333 0.9746560912132854
1334 0.9746560912132854
1335 0.9746560912132854
1336 0.9746560912132854
1337 0.9746560912132854
1338 0.9746560912132854
1339 0.9746560912132854
1340 0.9746560912132854
1341 0.9746560912132854
1342 0.9747180567604412
1343 0.9747180567604412
1344 0.9747180567604412
1345 0.9747800223075970
1346 0.9748419878547527
1347 0.9748419878547527
1348 0.9748419878547527
1349 0.9748419878547527
1350 0.9748419878547527
1351 0.9748419878547527
1352 0.9749039534019085
1353 0.9749039534019085
1354 0.9749039534019085
1355 0.9749659189490644
1356 0.9749659189490644
1357 0.9750278844962201
1358 0.9750898500433759
1359 0.9750898500433759
1360 0.9750898500433759
1361 0.9750898500433759
1362 0.9751518155905317
1363 0.9752137811376874
1364 0.9752137811376874
1365 0.9752137811376874
1366 0.9752757466848432
1367 0.9752757466848432
1368 0.9752757466848432
1369 0.9752757466848432
1370 0.9752757466848432
1371 0.9753377122319991
1372 0.9753377122319991
1373 0.9753996777791548
1374 0.9754616433263106
1375 0.9755855744206221
1376 0.9755855744206221
1377 0.9755855744206221
1378 0.9755855744206221
1379 0.9755855744206221
1380 0.9755855744206221
1381 0.9755855744206221
1382 0.9756475399677779
1383 0.9756475399677779
1384 0.9756475399677779
1385 0.9756475399677779
1386 0.9757095055149337
1387 0.9757095055149337
1388 0.9757095055149337
1389 0.9757714710620895
1390 0.9757714710620895
1391 0.9757714710620895
1392 0.9758334366092453
1393 0.9758334366092453
1394 0.9758954021564010
1395 0.9758954021564010
1396 0.9758954021564010
1397 0.9759573677035568
1398 0.9760812987978684
1399 0.9760812987978684
1400 0.9761432643450242
1401 0.9761432643450242
1402 0.9761432643450242
1403 0.9761432643450242
1404 0.9762052298921799
1405 0.9762671954393357
1406 0.9762671954393357
1407 0.9763291609864915
1408 0.9763911265336473
1409 0.9764530920808031
1410 0.9764530920808031
1411 0.9764530920808031
1412 0.9764530920808031
1413 0.9764530920808031
1414 0.9764530920808031
1415 0.9765150576279589
1416 0.9765150576279589
1417 0.9765770231751146
1418 0.9766389887222704
1419 0.9766389887222704
1420 0.9766389887222704
1421 0.9766389887222704
1422 0.9766389887222704
1423 0.9766389887222704
1424 0.9766389887222704
1425 0.9766389887222704
1426 0.9766389887222704
1427 0.9766389887222704
1428 0.9766389887222704
1429 0.9767009542694262
1430 0.9767009542694262
1431 0.9767009542694262
1432 0.9767629198165820
1433 0.9767629198165820
1434 0.9767629198165820
1435 0.9767629198165820
1436 0.9767629198165820
1437 0.9767629198165820
1438 0.9768248853637378
1439 0.9768248853637378
1440 0.9768868509108936
1441 0.9768868509108936
1442 0.9769488164580493
1443 0.9771966786466725
1444 0.9772586441938282
1445 0.9772586441938282
1446 0.9773825752881398
1447 0.9773825752881398
1448 0.9774445408352955
1449 0.9774445408352955
1450 0.9774445408352955
1451 0.9775065063824514
1452 0.9775065063824514
1453 0.9775065063824514
1454 0.9775684719296072
1455 0.9775684719296072
1456 0.9775684719296072
1457 0.9776304374767629
1458 0.9776304374767629
1459 0.9776304374767629
1460 0.9776304374767629
1461 0.9776924030239187
1462 0.9776924030239187
1463 0.9777543685710745
1464 0.9777543685710745
1465 0.9777543685710745
1466 0.9777543685710745
1467 0.9777543685710745
1468 0.9777543685710745
1469 0.9777543685710745
1470 0.9778163341182302
1471 0.9778163341182302
1472 0.9778163341182302
1473 0.9778163341182302
1474 0.9778163341182302
1475 0.9778163341182302
1476 0.9778782996653861
1477 0.9778782996653861
1478 0.9779402652125418
1479 0.9779402652125418
1480 0.9779402652125418
1481 0.9780022307596976
1482 0.9780022307596976
1483 0.9780022307596976
1484 0.9780022307596976
1485 0.9780022307596976
1486 0.9780022307596976
1487 0.9780022307596976
1488 0.9780641963068534
1489 0.9780641963068534
1490 0.9780641963068534
1491 0.9780641963068534
1492 0.9780641963068534
1493 0.9780641963068534
1494 0.9780641963068534
1495 0.9780641963068534
1496 0.9780641963068534
1497 0.9780641963068534
1498 0.9780641963068534
1499 0.9781261618540091
1500 0.9781261618540091
1501 0.9781261618540091
1502 0.9781261618540091
1503 0.9781881274011649
1504 0.9781881274011649
1505 0.9782500929483208
1506 0.9782500929483208
1507 0.9782500929483208
1508 0.9782500929483208
1509 0.9783120584954765
1510 0.9783120584954765
1511 0.9783120584954765
1512 0.9783120584954765
1513 0.9783120584954765
1514 0.9783120584954765
1515 0.9783120584954765
1516 0.9783120584954765
1517 0.9783120584954765
1518 0.9783740240426323
1519 0.9784359895897881
1520 0.9784979551369438
1521 0.9784979551369438
1522 0.9784979551369438
1523 0.9784979551369438
1524 0.9784979551369438
1525 0.9784979551369438
1526 0.9784979551369438
1527 0.9784979551369438
1528 0.9784979551369438
1529 0.9784979551369438
1530 0.9785599206840997
1531 0.9785599206840997
1532 0.9785599206840997
1533 0.9785599206840997
1534 0.9785599206840997
1535 0.9786218862312555
1536 0.9786838517784112
1537 0.9786838517784112
1538 0.9786838517784112
1539 0.9787458173255670
1540 0.9788077828727227
1541 0.9788077828727227
1542 0.9788077828727227
1543 0.9788077828727227
1544 0.9788077828727227
1545 0.9788077828727227
1546 0.9788077828727227
1547 0.9788077828727227
1548 0.9788077828727227
1549 0.9788077828727227
1550 0.9788077828727227
1551 0.9788077828727227
1552 0.9788697484198785
1553 0.9788697484198785
1554 0.9788697484198785
1555 0.9788697484198785
1556 0.9788697484198785
1557 0.9788697484198785
1558 0.9788697484198785
1559 0.9789936795141901
1560 0.9789936795141901
1561 0.9789936795141901
1562 0.9789936795141901
1563 0.9789936795141901
1564 0.9789936795141901
1565 0.9789936795141901
1566 0.9789936795141901
1567 0.9789936795141901
1568 0.9789936795141901
1569 0.9789936795141901
1570 0.9790556450613459
1571 0.9790556450613459
1572 0.9790556450613459
1573 0.9790556450613459
1574 0.9790556450613459
1575 0.9790556450613459
1576 0.9790556450613459
1577 0.9790556450613459
1578 0.9790556450613459
1579 0.9790556450613459
1580 0.9790556450613459
1581 0.9791176106085017
1582 0.9791176106085017
1583 0.9791176106085017
1584 0.9791176106085017
1585 0.9791795761556574
1586 0.9792415417028132
1587 0.9792415417028132
1588 0.9792415417028132
1589 0.9792415417028132
1590 0.9792415417028132
1591 0.9792415417028132
1592 0.9792415417028132
1593 0.9792415417028132
1594 0.9793035072499691
1595 0.9793035072499691
1596 0.9793035072499691
1597 0.9793654727971248
1598 0.9793654727971248
1599 0.9793654727971248
1600 0.9794274383442806
1601 0.9794274383442806
1602 0.9794274383442806
1603 0.9794274383442806
1604 0.9794274383442806
1605 0.9794894038914363
1606 0.9794894038914363
1607 0.9794894038914363
1608 0.9794894038914363
1609 0.9794894038914363
1610 0.9795513694385921
1611 0.9795513694385921
1612 0.9795513694385921
1613 0.9795513694385921
1614 0.9795513694385921
1615 0.9795513694385921
1616 0.9795513694385921
1617 0.9796133349857479
1618 0.9796133349857479
1619 0.9796133349857479
1620 0.9796753005329037
1621 0.9796753005329037
1622 0.9796753005329037
1623 0.9796753005329037
1624 0.9796753005329037
1625 0.9797372660800595
1626 0.9797372660800595
1627 0.9797372660800595
1628 0.9797372660800595
1629 0.9797372660800595
1630 0.9797372660800595
1631 0.9797372660800595
1632 0.9797372660800595
1633 0.9797992316272153
1634 0.9797992316272153
1635 0.9797992316272153
1636 0.9798611971743710
1637 0.9798611971743710
1638 0.9798611971743710
1639 0.9799851282686826
1640 0.9799851282686826
1641 0.9799851282686826
1642 0.9799851282686826
1643 0.9799851282686826
1644 0.9799851282686826
1645 0.9799851282686826
1646 0.9799851282686826
1647 0.9799851282686826
1648 0.9799851282686826
1649 0.9799851282686826
1650 0.9799851282686826
1651 0.9799851282686826
1652 0.9799851282686826
1653 0.9799851282686826
1654 0.9799851282686826
1655 0.9799851282686826
1656 0.9800470938158384
1657 0.9800470938158384
1658 0.9800470938158384
1659 0.9801090593629942
1660 0.9802329904573057
1661 0.9802329904573057
1662 0.9802329904573057
1663 0.9802329904573057
1664 0.9802329904573057
1665 0.9802329904573057
1666 0.9802329904573057
1667 0.9802949560044615
1668 0.9802949560044615
1669 0.9802949560044615
1670 0.9802949560044615
1671 0.9802949560044615
1672 0.9803569215516174
1673 0.9803569215516174
1674 0.9803569215516174
1675 0.9803569215516174
1676 0.9804188870987731
1677 0.9804808526459289
1678 0.9804808526459289
1679 0.9804808526459289
1680 0.9805428181930846
1681 0.9806047837402404
1682 0.9807287148345520
1683 0.9808526459288636
1684 0.9808526459288636
1685 0.9808526459288636
1686 0.9808526459288636
1687 0.9808526459288636
1688 0.9809765770231751
1689 0.9809765770231751
1690 0.9809765770231751
1691 0.9810385425703309
1692 0.9810385425703309
1693 0.9811005081174867
1694 0.9811005081174867
1695 0.9811005081174867
1696 0.9811005081174867
1697 0.9811005081174867
1698 0.9811005081174867
1699 0.9811005081174867
1700 0.9811624736646425
1701 0.9811624736646425
1702 0.9811624736646425
1703 0.9811624736646425
1704 0.9811624736646425
1705 0.9811624736646425
1706 0.9812244392117982
1707 0.9812864047589540
1708 0.9812864047589540
1709 0.9812864047589540
1710 0.9812864047589540
1711 0.9812864047589540
1712 0.9812864047589540
1713 0.9812864047589540
1714 0.9813483703061098
1715 0.9813483703061098
1716 0.9813483703061098
1717 0.9813483703061098
1718 0.9814103358532655
1719 0.9814103358532655
1720 0.9814103358532655
1721 0.9814103358532655
1722 0.9814103358532655
1723 0.9814103358532655
1724 0.9814103358532655
1725 0.9814103358532655
1726 0.9814103358532655
1727 0.9814103358532655
1728 0.9814103358532655
1729 0.9814103358532655
1730 0.9814103358532655
1731 0.9814723014004214
1732 0.9815342669475772
1733 0.9815962324947329
1734 0.9815962324947329
1735 0.9815962324947329
1736 0.9815962324947329
1737 0.9815962324947329
1738 0.9815962324947329
1739 0.9816581980418887
1740 0.9816581980418887
1741 0.9816581980418887
1742 0.9816581980418887
1743 0.9816581980418887
>>>>>>> Stashed changes
