10.085330
7.905949
5.101175
11.766044
4.352615
5.783600
5.604555
12.387721
4.077408
4.543222
8.103478
7.209556
7.712498
5.119748
4.646774
3.247806
11.070508
8.799342
9.958175
4.675315
6.849876
3.578961
6.521843
16.844844
12.961493
12.448519
13.837842
11.622726
7.602938
10.039298
5.752437
7.859187
15.973387
15.769695
5.063976
11.871984
24.731379
9.882000
8.695829
10.171117
15.521945
8.832471
8.084430
6.180998
4.539043
7.956156
14.465934
9.190232
9.435353
5.572739
9.554165
9.192362
12.122591
11.727395
10.134013
3.837494
14.314274
4.324183
3.302928
8.979857
5.194701
3.990104
11.602548
8.058504
10.050402
5.634121
7.469596
7.027843
10.785269
18.930629
5.896719
4.173552
6.946138
8.531550
5.933259
8.840688
5.657510
7.113640
11.691597
4.587948
4.521298
4.369386
13.163208
3.971294
6.529190
6.349526
8.404336
3.783339
6.915979
6.685037
3.651188
13.420799
12.442110
13.795248
19.571327
3.351293
6.457885
11.376495
3.625245
5.826795
5.444425
5.673241
3.250952
6.058836
9.169484
11.680245
14.027237
12.383349
7.535829
11.172183
12.668109
14.734129
10.046212
6.540344
8.433536
8.294838
14.860197
14.689282
10.944046
4.052573
4.265409
3.698758
21.870014
7.668369
8.604069
2.843600
3.460791
15.376285
20.463487
9.133944
13.444313
11.361207
10.105131
5.098426
9.612302
16.369648
13.820913
4.480380
8.361238
12.040889
3.436064
8.450341
11.030656
14.206661
3.244108
11.933407
5.963405
14.595031
4.433154
12.338718
8.105337
13.788556
8.268399
11.330821
13.855697
13.620249
18.046334
21.279270
9.506429
10.072234
5.913728
4.595228
26.546974
16.323666
12.969326
11.227430
6.412393
4.021452
8.822532
3.647037
5.907937
15.305671
6.030579
7.311666
22.867969
11.193030
7.529523
6.589235
4.061210
8.307523
6.768710
8.578498
8.571586
10.062053
13.147999
14.498046
11.867368
6.859303
8.279068
5.680115
18.732872
7.615946
9.202796
6.029878
9.226015
8.577751
20.353920
2.629993
5.401064
7.359526
4.010186
16.891123
9.013677
15.495001
5.717359
7.775834
4.474893
15.053763
3.454221
4.504742
2.607076
8.352564
5.022972
5.256865
6.656539
5.747519
11.226497
9.142054
7.030000
12.363577
16.995378
14.091890
17.050772
4.359322
8.706350
6.756064
5.973772
9.313965
4.925631
9.731352
2.778375
12.098816
9.951517
13.012694
8.290687
14.020432
13.829599
13.560048
16.084066
11.264291
26.110703
9.907335
5.084635
6.932046
3.819921
9.716462
6.908381
6.098086
7.642913
4.794319
17.277381
10.827652
7.486463
3.736077
13.355631
3.701538
4.691754
7.762335
10.112536
12.844170
23.111495
5.193369
7.334631
9.945790
7.815018
11.718550
14.592604
6.474137
8.309597
6.279993
15.286974
8.877990
11.349272
4.518843
11.099742
4.322274
4.170510
11.628765
12.325435
13.791680
10.118412
9.606598
7.929000
10.220425
17.645367
6.163282
3.632942
16.175647
9.755968
9.134355
4.233103
3.675189
7.135889
2.496965
2.301209
7.983484
6.642176
4.740951
3.945101
6.113844
7.255354
31.460919
3.476623
8.176702
6.442159
4.353744
23.407676
8.622844
4.957867
7.615674
7.759685
3.460666
4.114680
23.470612
2.788718
5.574685
18.863049
12.825331
12.043309
6.401887
12.229877
6.845072
20.499924
15.456065
5.408464
6.110336
3.447582
6.248088
7.302359
9.719356
8.030096
16.261301
3.631524
6.342383
7.102264
8.080528
11.616379
6.327410
6.632414
27.374311
6.973428
6.043269
5.277840
11.548522
7.714612
4.247673
6.458652
7.048643
19.518004
13.563329
6.198337
10.305432
15.163388
12.972456
6.772528
12.268686
5.458354
3.753606
11.290118
8.020491
12.292105
14.792226
4.469421
2.641623
2.381924
8.543445
5.514334
6.916577
9.448462
10.185073
4.910691
16.065176
7.186496
8.228395
14.415650
15.491609
4.390313
8.181629
17.713010
9.618050
23.891940
8.554635
2.978303
19.031114
8.467844
5.062525
4.705821
3.742461
9.059453
4.046752
8.836106
16.627695
10.609904
6.300955
13.463097
5.256280
14.586884
14.272781
11.164551
8.663723
3.854334
9.491673
7.773491
3.302907
10.915214
5.550834
4.090718
7.142692
7.731020
6.324361
16.451003
6.596330
4.396606
10.285360
4.930960
9.076456
12.408007
8.534966
24.091804
8.408946
9.894446
25.315466
6.006407
18.783340
5.527417
15.620325
7.300008
7.199688
4.935140
11.518482
14.244753
5.899878
13.256556
11.138340
7.188104
8.322409
11.119747
10.269645
4.798001
5.717368
11.719356
21.651024
8.289515
20.788659
4.605457
5.615249
10.724561
3.225253
8.791168
6.955301
8.503487
7.795510
4.201703
18.435975
5.039334
7.543498
7.159176
7.455603
12.383149
8.473824
5.554784
10.492208
6.750959
8.215468
10.747999
7.968705
5.354311
6.392618
3.326285
5.580119
3.637990
7.430410
8.646811
6.383084
9.432789
19.815708
15.907183
14.442255
5.026455
6.292227
5.679849
3.338705
7.723716
9.030574
13.682064
18.850591
8.606207
15.972772
11.652674
6.016535
8.546097
9.183656
5.571077
9.516110
11.070055
16.834283
9.004358
11.481539
11.672482
6.064222
13.345105
24.334540
10.897079
16.318699
10.794904
8.431471
12.350863
4.381931
4.297846
11.401598
12.060263
5.341482
9.179440
3.425175
6.838417
10.106739
18.880086
14.325780
6.901324
7.191852
5.564065
7.768026
8.187294
5.177445
7.380062
20.299823
6.690952
8.994141
11.494584
6.556377
13.930410
4.565464
8.703541
7.983872
6.934234
4.202696
8.218915
5.066743
13.288453
6.612085
11.083495
17.595666
17.412564
4.555080
13.990607
13.350558
7.174316
11.738947
7.802117
6.985302
8.865248
10.297057
20.553596
9.353826
7.538622
6.311083
27.045433
8.652379
6.964702
4.319610
29.349099
13.973214
51.108111
8.491608
6.475128
4.780881
12.499320
7.126749
7.626707
10.842462
13.961434
14.567724
7.584114
7.689954
6.348939
17.246349
2.047286
4.073825
4.530569
7.193365
9.505760
7.549012
11.192910
6.355961
12.030760
3.878210
8.536037
15.917637
5.811979
7.180903
7.058850
3.323644
3.225926
7.235379
5.842310
7.612095
6.149379
7.141419
8.057907
14.993278
11.798113
12.399276
12.425108
6.696713
6.203803
13.404056
10.025271
8.783117
5.038278
2.560270
8.415331
3.658508
3.256940
3.023929
9.736193
9.221036
4.471059
15.126976
7.495367
5.909797
6.310155
12.060098
7.271289
5.245864
8.876755
12.661972
10.805832
10.556865
8.706191
7.759930
5.536700
6.970280
6.864296
15.558413
3.646904
2.292597
7.778933
10.934782
4.765864
8.623698
26.052300
2.643522
8.064091
4.676558
10.174670
4.744106
4.620321
4.007759
8.666110
26.192662
15.818462
6.563883
9.662993
4.340451
5.505870
20.987093
9.423851
5.289167
13.628968
12.002357
6.377220
4.625572
17.471420
3.995510
8.705218
8.724648
10.136594
7.383415
8.334711
11.758637
4.677409
7.883242
29.691910
6.919162
4.790500
10.307092
4.208253
20.220226
4.366387
4.955801
8.874049
6.549602
9.728951
7.040644
10.812363
7.998027
10.766635
6.336328
9.320738
14.780609
13.231025
8.233683
10.508875
5.031266
9.025790
14.184739
10.800730
11.762582
6.919596
4.373710
2.610088
15.259495
9.383205
11.885423
17.893034
5.767589
17.868296
10.512979
8.848847
6.010080
8.247872
4.164415
18.201298
8.071987
10.306844
3.597129
4.052568
8.372454
14.318517
6.908241
5.392283
20.083404
5.785339
5.604694
9.256696
8.074288
11.657893
13.244568
12.829401
10.593683
22.666816
8.512446
5.267230
5.428648
18.289712
7.348681
6.830019
7.629303
4.813736
4.228401
16.319393
15.413151
3.641490
20.802663
4.893392
15.817042
7.114954
9.870946
7.768154
10.462327
17.397326
6.243111
4.931424
8.498452
9.971937
10.341203
7.363630
11.158222
7.996027
9.809922
8.970095
3.800010
20.178297
10.476590
4.611514
7.046364
9.116278
5.078140
9.297336
16.489299
4.357196
7.496054
12.051012
10.978258
9.085616
11.992849
5.526566
4.911502
6.268486
5.231180
3.668004
6.223836
5.405025
11.351172
15.873298
3.492649
8.450127
8.446592
7.745676
4.747348
3.032528
7.776109
5.763840
8.326103
7.029843
3.821536
5.390643
5.511195
10.821319
11.785312
7.429325
8.456187
10.499194
7.552722
4.295326
8.444206
5.699645
4.312548
8.228708
16.363677
15.423805
8.527744
13.547575
6.823393
10.410209
9.911259
11.203602
11.439466
9.624562
17.200160
12.375945
3.854970
8.395372
12.473914
20.036718
12.410118
3.631768
5.408017
8.109999
7.751513
14.409225
7.768969
10.905528
7.211188
2.681431
6.419551
14.283702
7.639798
5.903487
9.178435
5.833109
20.414362
17.518706
3.932031
8.979810
15.429863
10.363142
14.276040
9.904445
4.708920
6.925041
7.927192
4.452717
9.495018
6.563854
7.225234
5.841042
9.256497
25.613875
1.994281
4.674011
6.050379
5.434769
9.341482
12.087537
3.961140
11.813690
25.405012
8.407141
18.681399
15.575315
4.936140
4.799033
4.140616
10.102960
6.275935
5.988559
3.960317
3.433583
6.290931
7.747010
5.380162
7.724762
15.960674
22.284734
17.573198
6.307348
7.016911
15.176796
14.190467
6.584400
6.908362
12.553418
15.184551
10.408179
11.283437
10.789942
8.073508
4.569323
2.074000
3.716627
8.314710
9.203953
20.471247
15.682926
13.292578
25.577802
9.756138
11.671931
5.343132
15.921721
6.774339
4.842427
10.344350
7.097241
9.497875
9.552210
3.463126
5.529110
2.938847
8.784282
8.113816
7.956158
11.574948
5.507987
7.694956
16.206532
7.831127
12.468065
15.920266
4.975473
12.536972
8.403673
6.030114
6.945040
16.139585
11.080004
14.861617
11.933654
11.158619
17.390864
6.691515
14.286357
15.903067
20.544592
9.893233
6.319767
9.376312
5.863671
6.519121
6.165737
6.307381
16.169736
12.474701
8.536228
3.674988
6.575000
5.887318
6.502014
10.027555
7.474235
7.692485
28.169863
10.765383
10.218932
10.935786
6.377657
10.317225
4.539884
8.052310
10.564656
9.798789
8.326177
5.152428
19.308267
13.848959
11.046976
21.908143
16.084326
4.412302
5.034683
10.150700
5.121137
6.541035
11.386402
11.364645
13.178081
10.146227
6.736062
10.671809
4.337479
5.144948
16.501231
7.494154
5.509696
9.930589
12.801691
8.233785
7.417208
11.674296
7.429037
8.416395
6.561048
27.462106
17.139525
5.593939
14.140618
6.618370
2.763580
10.585522
12.473479
16.549652
6.056671
7.807033
12.856878
13.655892
10.985991
10.448214
14.627759
10.482142
23.810517
9.961437
4.596934
7.375599
13.635649
6.845666
5.739616
9.419998
5.428146
7.185802
11.020176
11.963736
6.017107
6.064367
16.292172
4.182334
5.110906
17.455838
10.108492
6.440807
6.881260
9.333162
13.285505
9.732149
7.094952
11.905156
9.500590
11.235641
7.299681
6.959829
6.083344
13.241299
4.926992
14.226688
3.703283
5.287299
7.146546
4.367811
18.072284
10.599217
13.152925
12.332879
7.748000
4.607444
14.545308
13.483241
5.162903
10.269252
5.737512
12.375250
17.326757
26.746266
4.860831
7.692500
5.964225
11.924644
5.024100
5.472335
13.277233
9.723091
13.656836
13.684811
15.004786
11.132996
11.946881
5.747026
9.879844
12.429658
14.508031
13.136727
12.588966
7.125361
9.219577
7.145677
4.791082
7.302698
18.188006
3.677074
6.132988
4.989102
17.173966
4.810924
4.001167
9.947898
23.372148
4.562455
3.172784
2.739503
3.336223
7.059685
6.909655
15.367259
9.528267
9.926727
6.809837
6.609032
2.964346
2.290670
28.089838
3.984147
10.429262
10.274790
7.675517
11.386955
11.711442
15.548681
8.890982
13.623443
2.503281
12.540245
10.143753
10.023091
10.114054
10.578234
13.163116
4.341975
11.396399
7.959477
3.455179
4.153561
5.191215
4.386012
4.997837
13.520835
9.012332
9.630204
8.007301
5.617214
12.531997
10.616446
11.236275
20.288459
11.707168
12.281877
13.094377
20.098951
11.013394
15.986750
9.311620
3.931835
7.320222
6.341612
11.395644
7.040160
2.129913
4.360529
6.714121
7.822809
7.106697
14.001350
8.629312
11.801978
6.477899
16.415719
12.239998
12.129119
10.773822
5.375663
11.221712
5.257413
14.710216
8.118155
25.121393
6.884689
9.147994
5.035551
5.235596
4.922760
5.563164
13.641799
12.840435
10.215181
16.599130
13.563978
3.376806
3.246784
6.812417
11.207300
12.275434
2.688807
9.045540
11.660241
4.911512
6.313336
5.851179
3.185994
7.350624
15.421336
4.141222
17.392964
8.240558
14.415252
8.962081
15.354929
18.170568
5.069846
7.356917
4.848912
9.078830
3.713898
14.358018
8.814963
14.927281
12.696811
8.177804
9.000182
11.424398
11.309515
10.462816
17.222986
5.369885
7.160402
4.497068
6.267149
12.593528
7.990320
8.981132
10.183897
7.651397
9.475336
4.610605
8.169195
11.708831
12.167004
11.992144
21.679344
15.189126
9.832110
26.465162
6.647483
12.001688
20.736653
4.634734
5.471738
21.716619
3.804773
9.905296
12.602106
10.742522
4.534023
17.251415
6.196918
8.414309
14.499373
17.938093
11.843487
17.269024
6.585136
7.471558
8.704932
16.374235
14.411428
4.695924
8.496006
12.740989
5.983169
5.209816
8.473053
5.389415
3.960184
15.778627
14.500927
8.114348
8.391446
13.268368
6.678735
22.063471
10.429974
18.447222
5.832408
8.339164
16.270596
19.977541
5.581992
12.548829
11.069849
14.574809
4.974598
5.528096
10.174058
8.401032
12.355864
9.801911
8.184302
8.114490
9.679848
17.212712
4.111973
5.335031
11.185224
11.254087
6.848817
6.819645
12.947857
3.815249
17.484836
11.526234
25.319048
7.355353
6.948358
17.329842
6.453234
4.940583
10.489728
11.717709
16.631992
3.759554
6.393598
6.135721
4.376466
15.575980
12.061424
8.744043
4.178321
6.375642
11.518516
11.157358
11.172454
6.676840
14.386963
19.552236
4.257708
14.322039
17.400384
4.436070
3.464152
17.247866
3.924902
14.815650
10.708240
9.478144
7.267340
4.926858
4.653622
22.873001
9.893491
5.254867
9.729864
8.552102
14.075976
7.584060
5.582756
11.379410
10.585009
6.236836
7.826955
3.276910
6.635433
10.632508
9.199437
7.687914
7.571146
13.770600
10.161745
12.063847
6.103709
5.558547
4.937411
5.777757
4.691953
5.443440
8.734242
6.811297
12.981764
8.651311
9.680960
7.466840
7.974080
3.967750
11.306169
12.460707
11.172736
15.648385
18.571905
9.849861
13.111214
15.153807
8.236906
14.005968
3.996933
3.153445
20.667291
3.669174
2.705340
8.192915
13.503333
11.103624
27.119474
5.153573
3.791045
5.345535
9.075137
6.958049
23.397761
3.453213
3.467068
4.825637
13.624125
14.437451
7.682799
3.035763
5.900424
4.127778
4.863715
9.563051
10.620167
6.691422
8.663245
13.574177
22.180675
5.856600
10.688085
13.567622
11.381395
4.720559
9.812627
8.070604
5.446331
17.090717
13.124359
11.284021
14.085155
9.307047
11.342234
7.390729
14.731747
9.577087
3.240249
13.135560
11.644485
8.952065
6.047909
6.039270
7.766712
5.232495
7.362094
6.704964
4.560252
4.604003
2.921332
4.183667
11.039485
16.180388
7.929137
8.339345
25.376645
7.685036
13.749770
7.180942
5.161293
10.913120
10.652136
5.721741
5.573670
17.068423
8.282913
27.456884
15.964209
8.093834
5.486473
8.718244
6.359476
14.695323
4.893827
13.291971
5.115378
4.826494
8.964833
5.693076
6.767461
10.955204
12.603134
9.250536
18.025964
7.754706
12.024875
13.408032
13.351202
9.969307
12.151387
10.343196
12.264654
8.007003
7.331578
7.926560
10.456862
9.299340
14.579811
7.299478
6.989265
8.878896
14.050167
15.614975
17.411384
12.485873
5.871179
12.774829
8.147010
12.224367
15.150999
7.619250
3.486188
7.101671
11.090178
7.225540
6.368094
18.390914
9.989320
31.894776
7.490652
19.743588
6.883976
15.473112
10.856060
4.295570
13.253959
3.513116
2.791170
4.971677
8.771136
14.490319
3.494096
3.779319
6.201838
9.980541
23.599277
15.270327
13.589356
4.665729
5.411374
4.272187
6.094584
11.956403
18.869365
9.158463
6.953678
5.878826
11.425866
14.367784
12.515240
3.805749
6.983627
5.123237
9.855974
5.620762
12.039508
6.033386
3.940418
7.003164
6.327212
5.748907
11.713875
19.719863
11.314955
14.051083
5.148350
12.452279
9.838441
5.527835
10.869665
9.262195
8.453167
8.644147
10.347709
12.846386
16.115975
8.021803
4.968430
9.736479
7.225795
11.218377
7.078012
5.003925
7.587856
11.060592
23.645496
4.887867
12.995177
11.255870
8.088506
6.049724
7.834287
3.965021
9.141208
6.465281
6.727245
16.679748
30.334224
6.288576
6.729982
9.837589
2.955144
10.010222
13.124609
6.382364
3.688544
10.032106
11.826773
10.470253
7.523596
11.082165
3.479061
2.680706
4.661223
6.019923
7.364777
9.227496
7.416393
16.705878
10.135373
8.076493
8.516171
11.135391
11.697936
2.453054
3.577616
3.573743
4.264772
5.456443
9.171859
3.781701
5.249696
8.232741
14.749361
9.516617
16.636334
8.442357
4.596342
6.787738
6.233401
11.181066
3.284008
4.085194
23.902198
16.517166
12.251550
34.088124
8.851647
3.009088
4.349984
2.948131
3.890042
11.795615
11.943375
11.234046
7.588873
12.641364
15.199043
5.421228
12.062747
4.417172
5.803638
7.231733
13.608256
16.570919
24.725704
9.692047
8.696482
9.038630
12.725478
3.648762
8.025385
9.842240
15.668935
7.237945
15.480297
6.914721
6.141622
18.449448
9.835011
3.367022
18.609460
8.266566
5.929672
14.300244
4.835403
16.008719
13.214912
9.435956
21.323419
15.922169
17.362396
16.661478
3.476084
16.977704
7.020506
13.124174
2.593616
5.592935
2.949871
3.182616
10.481764
4.497674
7.626071
13.644396
13.737846
5.263378
6.309790
8.562469
7.142265
4.489066
19.829190
4.673610
8.974692
4.306389
12.579233
5.217864
11.079850
7.997404
9.475497
12.353991
16.032362
7.832016
9.339911
3.818919
10.844507
11.288590
9.019461
5.461584
3.447619
3.362822
13.858736
10.616220
5.568258
9.581023
6.174983
3.877807
17.094529
19.909884
10.716896
8.799635
2.714166
9.939114
7.190531
5.121223
6.695982
5.421107
10.980509
10.266855
5.340638
18.556767
15.160081
7.366123
5.363155
4.945896
8.865935
7.561123
3.089364
8.247707
10.002110
7.643101
6.146615
6.102996
6.938934
12.376233
9.992104
4.732395
6.318223
19.521703
11.368248
11.172081
14.944336
14.961591
7.628468
4.518195
3.678094
5.633086
5.125745
8.650028
5.854080
13.809804
12.489075
10.721472
11.521369
13.753948
3.058630
13.260768
12.400708
13.335850
7.263459
16.113826
8.104416
6.268377
3.782971
13.007905
10.545772
9.203433
8.552953
18.191825
6.090725
5.993054
20.875396
9.219294
11.097166
5.773586
10.013843
5.734059
7.103534
19.731270
9.650613
6.667626
6.764911
4.975522
13.952962
4.394935
5.598877
13.264763
13.592371
5.772877
4.035959
9.132209
8.175438
9.801206
6.882297
14.766086
15.464401
5.970610
4.060634
4.445907
7.365651
11.169439
7.913697
7.068832
7.900177
19.715539
7.161103
4.222703
7.421954
10.380381
10.199809
5.966815
11.068939
10.212772
17.445586
12.152862
15.777659
8.262410
8.420637
6.549226
10.165839
23.327332
6.072224
5.615004
16.530685
7.011974
10.219609
7.367429
12.624880
25.938083
22.656412
6.832707
10.562283
18.604531
13.795781
17.060693
15.457008
7.860898
8.301796
4.731826
12.007344
6.772881
4.696291
8.235888
14.243212
5.673284
7.044721
11.039283
10.836914
12.628685
5.144211
11.505366
9.181848
6.234784
8.335690
8.813753
5.908634
5.119442
9.588967
13.714030
10.790081
21.519123
9.064274
17.650435
17.476149
3.886444
8.167507
9.453373
2.642817
4.693242
29.716490
11.981252
11.943088
7.095025
11.817853
7.155384
4.462695
5.723105
6.469259
8.258977
9.190549
19.231960
14.029377
7.751813
3.578384
5.052706
6.560749
5.827193
9.163088
7.445050
10.024939
7.389692
3.510630
5.281781
11.285646
8.213987
15.199688
17.707126
10.497148
7.784028
12.436810
9.903433
16.088881
12.950217
13.133811
14.895594
12.122372
6.721286
13.560170
11.277781
9.864497
14.517531
6.818470
5.800978
8.041847
10.633423
8.180792
1.935855
4.952607
6.790206
5.741388
14.472495
6.380952
6.835123
7.079090
9.802337
13.097582
12.347390
15.499817
5.574236
5.047629
6.369005
7.306494
5.561213
20.157980
11.442274
4.804089
4.451379
12.388811
21.352025
15.129822
24.681659
15.292769
13.306855
6.019872
9.505602
11.707959
15.247123
3.656166
2.943692
11.011821
16.144115
5.736079
5.086756
3.291433
8.235888
10.122764
9.041547
12.018949
8.297079
15.854635
13.939023
15.750086
13.838653
4.997435
6.890625
16.123865
13.407529
2.169984
2.080424
7.309654
7.080075
3.587745
3.269890
17.924293
17.958511
11.174890
9.268429
5.909756
13.896333
14.112062
11.137904
24.733317
8.918185
14.973726
3.405521
16.362738
10.059973
19.579087
9.063359
4.122895
4.478072
16.549035
6.462173
7.241121
2.499468
7.099914
15.376188
5.278791
4.492858
14.536677
8.711417
3.933046
9.061685
3.177844
16.249648
11.852904
15.201270
10.175237
9.357935
7.108650
5.334463
4.380547
5.903421
9.763854
4.176283
3.272261
7.707902
11.385146
7.544764
15.384733
7.000792
10.646164
3.895640
3.612273
6.234150
6.987369
8.459194
19.364938
11.692995
17.145198
6.835654
5.102647
3.969327
6.685225
6.154454
4.505603
7.592672
15.235529
10.541494
2.684596
4.653237
4.226827
12.810814
10.635440
6.861329
16.165509
2.288116
3.862598
11.204757
17.710159
9.853153
6.983930
7.738786
2.309589
3.594110
3.200936
4.360039
11.018985
7.327522
6.951174
6.962220
13.661921
10.568061
8.716293
7.606359
8.888314
13.475863
5.030262
6.216760
8.950684
7.198875
8.748682
15.411049
7.571480
7.039889
8.095823
4.179347
5.351094
15.719330
4.058708
5.233336
16.882045
5.412005
5.167270
11.339622
6.046975
6.702275
6.307500
4.048795
4.174208
8.294114
2.723499
8.036174
4.717869
6.603492
6.535226
4.370366
8.213330
8.616698
3.125826
15.148933
15.437098
15.072669
5.908594
6.031640
6.261336
10.946479
4.311645
3.773986
6.244901
9.434767
9.869894
4.398552
4.837452
5.844063
7.328648
19.940409
6.666972
8.066270
8.511267
4.950967
5.974873
8.176951
4.810060
9.558523
6.259740
3.263606
10.205908
8.349803
9.579198
9.239080
6.269462
4.161782
12.281925
13.395300
15.231149
5.414794
16.596112
4.836769
3.243514
8.251818
10.535395
9.995684
13.343678
12.623642
9.266338
10.649876
24.409833
10.879480
9.189844
9.639052
8.708366
8.327794
4.191519
12.798607
6.816026
6.122324
4.371792
7.418842
8.814321
15.240013
13.042968
24.864622
14.438830
5.219363
7.499605
8.727325
6.780411
9.439189
6.834867
4.953932
4.187573
16.150711
6.410190
6.761131
17.362273
4.537994
16.003291
10.627863
9.277836
15.565853
7.373587
16.898781
18.197626
8.633358
16.013565
6.294044
27.024791
17.695707
5.196447
3.493135
10.727832
32.497727
10.237051
3.804993
4.512715
19.373049
7.912108
5.004885
4.719883
6.614722
8.809311
24.444547
4.916606
2.522063
8.581054
4.238662
7.277549
6.316778
18.064596
9.890724
6.489833
12.050772
14.421822
13.583791
8.422623
11.102492
6.689489
4.356563
3.795146
5.069060
24.843213
6.531329
8.274954
8.600669
4.285059
5.207767
8.289075
6.730912
6.309522
10.952286
9.142709
9.268759
5.659970
14.222509
11.764769
4.904769
6.906142
5.532770
4.725642
11.713595
7.833263
8.338297
13.287368
14.235184
5.243017
8.864431
8.127885
6.848222
6.398873
33.827142
6.126912
5.720332
6.047710
13.813553
12.417622
7.937804
8.589389
4.221539
7.497471
7.069388
7.542415
15.673809
15.204572
7.118803
11.455274
6.369879
12.848679
7.877837
8.768912
9.963852
10.618973
10.572349
6.816778
11.167178
16.529746
11.768434
11.000716
9.474784
7.824574
11.552791
13.204015
14.764817
3.468871
16.280820
6.823240
8.452385
13.948219
15.176042
14.224711
9.768857
6.397749
8.557924
20.751264
5.504703
9.543305
4.891665
4.036537
8.268616
8.969368
5.254751
8.434312
8.052648
4.822572
13.949183
7.640311
8.290975
7.351119
4.040684
6.763471
4.685443
8.295719
8.530594
10.111681
14.576244
15.275379
9.167422
4.269152
15.036367
16.119634
5.123481
5.307455
14.386468
6.339852
21.529475
8.955389
9.715151
9.952553
8.924036
8.107385
12.727113
8.758912
13.651096
10.913288
9.522729
8.902550
3.794840
2.976671
4.286872
7.292735
4.579928
6.603432
10.520944
9.352223
10.217081
11.571333
12.238962
7.924047
6.818807
4.985570
17.265842
11.491227
4.299814
8.996476
5.556162
4.395426
5.930943
10.860794
7.654960
11.408439
4.848785
2.437897
2.107828
7.007975
6.097582
5.852589
10.729801
5.825619
17.979692
7.038254
8.628393
35.304390
6.528119
6.153594
5.915995
10.343557
11.652653
8.333493
13.129366
8.155507
9.339294
8.283714
13.493751
5.382303
4.285252
7.972694
7.804951
3.900047
4.266201
5.989178
14.583666
6.702124
7.809307
9.488136
11.533292
13.225000
5.505378
8.410314
5.630545
2.164886
11.729763
8.196284
4.308351
3.251845
4.009256
13.303218
6.883626
14.459744
12.131990
4.681978
6.023914
5.100263
6.081021
6.294067
4.362360
8.277896
7.934935
6.421673
4.494082
12.083569
7.307045
11.758924
8.945198
13.051587
3.901224
8.499566
5.669853
7.320236
8.497510
5.810522
17.368707
10.392872
11.055647
4.389824
8.881694
5.327536
27.573703
3.373356
8.663896
12.791448
11.338220
5.772693
9.341380
7.541339
7.044780
10.991259
6.326969
6.583280
7.045159
13.494627
15.325275
19.936643
11.325320
9.826000
4.962865
8.850757
4.643958
10.288314
8.855037
11.072217
9.115610
4.472706
7.151703
12.531664
10.944877
3.536752
9.999514
8.630775
6.305117
15.471167
8.622608
8.049304
15.471322
7.679047
5.309182
15.949559
6.284911
18.908762
5.216658
5.134745
9.036477
5.898434
10.721166
6.435449
10.566474
5.068168
5.649483
8.812448
14.000615
7.628281
21.822121
6.443114
14.058119
3.200338
7.748947
5.086085
6.879902
13.767885
6.145074
7.008719
6.693743
10.079039
14.118433
12.591329
13.078620
12.759287
3.983956
13.115814
14.378996
6.007154
8.437730
6.910559
5.778909
16.608682
6.717319
2.975862
18.804134
26.459610
17.468730
8.684489
10.032542
5.338365
6.025870
5.779114
3.193767
8.587098
3.828183
10.110365
13.038585
15.622844
19.302125
14.122586
11.917238
8.867204
11.814100
7.214173
4.866779
5.847766
9.064315
13.382674
6.330922
8.794856
6.460926
7.236036
6.511666
3.587286
8.132757
6.563581
9.818527
5.635616
5.381904
5.996654
9.467006
12.399452
8.762749
4.236102
14.717890
4.663393
6.659670
8.436533
15.473716
14.889477
11.729210
13.429645
3.505663
17.309849
8.787488
12.810580
16.322551
11.073502
6.053381
8.421065
9.386329
11.224492
14.369300
12.859297
17.048530
5.349884
4.529673
9.228879
12.678614
9.256424
4.102738
16.902456
9.597028
20.569907
2.837990
9.610097
9.290024
6.077251
3.407396
3.434824
4.566677
13.643098
10.241561
9.091846
4.601725
11.381265
17.752201
13.404746
4.212355
13.451820
11.839279
7.976778
6.823155
10.286715
6.039466
11.058794
7.948683
7.665580
3.653359
15.193847
4.466829
7.514253
14.337677
17.590627
14.534154
4.966703
5.656282
11.243546
17.664156
9.703948
17.699677
9.732358
6.177592
8.654053
4.220344
11.576129
9.299950
5.350314
4.018987
7.841528
8.221712
11.229324
8.494478
9.114760
9.573531
6.951191
19.306399
13.206191
20.660138
26.346342
4.689951
12.748218
13.043766
9.281698
7.612625
9.609547
12.319026
13.966809
18.883665
13.722106
12.014595
19.243674
17.745429
9.974295
7.544877
3.359480
3.944421
5.021348
5.455876
10.295800
5.199496
4.914176
7.968430
15.746956
8.667407
9.129200
9.299075
6.354441
6.731294
9.891297
9.793830
21.488460
5.540041
7.647680
8.120521
3.346882
12.538459
10.948649
6.434139
8.203860
10.303093
11.523209
12.269374
8.718247
8.884246
5.631979
10.861261
7.675218
7.430866
12.568854
2.634609
3.999412
8.288976
8.428472
10.188614
10.947942
6.959183
3.635913
4.133241
14.682006
7.290414
13.323087
3.335581
9.207727
6.027674
10.351868
7.460130
4.355495
10.770691
20.448441
18.247428
9.655925
8.036279
13.743783
20.967996
8.418143
3.499954
4.675733
13.230644
13.592109
11.891340
8.238707
14.693758
9.946599
9.128538
14.614011
4.075022
5.417275
9.761288
23.151204
8.590306
3.370469
3.297652
12.182507
25.591377
7.549048
22.400234
12.636747
7.318109
14.925875
8.374682
9.658706
4.819083
12.459881
2.467927
2.370657
19.462528
5.488222
13.769204
11.756685
5.201243
4.587023
5.381391
14.669110
4.975419
8.188489
6.274239
9.477945
10.300066
5.258147
12.048693
8.558908
8.797384
13.436092
13.790808
6.550529
11.514892
14.007974
10.277652
5.720904
5.502167
23.165475
8.556169
11.419651
9.375898
13.214345
19.194201
12.001419
16.102570
21.790709
7.356654
5.810221
9.851862
8.466892
4.460799
12.450654
5.379848
12.911005
11.586671
5.813057
14.476167
11.588282
5.739492
16.404372
3.697737
9.464224
2.966563
5.462255
7.927174
2.946744
4.553256
9.211856
14.691226
11.278218
10.941782
8.808619
10.358149
28.240594
18.094142
11.296409
10.707492
10.431162
4.421278
7.427994
18.431069
6.616397
10.627717
6.918582
7.840161
6.781747
5.145833
6.029571
6.858216
12.693402
8.481394
5.592877
3.017804
9.203316
6.145370
6.903359
9.575586
15.805725
22.511917
13.536147
29.717670
13.514845
25.959540
7.312854
10.548563
14.848598
6.907805
5.343647
10.123824
6.527362
3.704907
5.686570
9.155726
13.166457
11.103834
9.219914
3.591983
7.635611
8.290238
12.702853
10.164498
3.773828
8.845764
10.056730
14.546586
11.271166
15.327766
12.641894
1.972747
5.503836
6.695375
9.977775
24.451273
8.961165
10.556171
6.353825
21.394475
5.066780
21.781090
8.692224
7.111686
9.124229
18.706580
11.016845
9.168663
6.842100
7.103068
12.932066
16.205685
6.819740
3.974445
9.022053
10.194040
9.071594
11.419904
8.253731
5.248834
6.135726
7.210976
3.832200
9.443547
6.810247
5.054782
6.846386
15.858019
11.519493
8.113583
5.467890
7.281791
11.037672
3.086301
4.687805
10.926597
14.622586
13.072195
23.862575
8.165627
13.951182
10.249181
12.123736
5.804599
6.484369
5.037330
5.086210
19.479765
17.587632
5.134567
7.239312
3.540180
4.706019
17.728130
8.991358
6.191045
12.025291
14.866089
13.790273
16.695912
14.995897
7.531566
17.437077
5.593058
9.022681
12.336144
13.053664
5.184611
8.894691
8.886514
5.439630
3.057341
15.430434
18.211301
12.914312
6.603671
5.278701
8.103799
6.142019
4.648147
12.150437
17.190909
3.916973
13.341642
7.030761
21.304662
8.400016
27.019762
4.853066
5.093248
9.308266
22.947569
4.881569
9.388679
6.643630
4.792625
9.541717
14.759321
12.464516
11.246489
13.244935
12.343404
12.700319
6.340481
5.581247
3.943049
4.645980
10.719981
3.365591
5.687270
8.576162
12.370791
10.217395
7.357308
15.148172
11.660966
10.469939
6.492142
3.471310
12.632015
18.958976
8.638675
18.305966
7.861299
6.749881
8.184226
16.717164
11.434977
7.977920
8.210969
4.636856
12.445920
16.656631
5.082671
3.815990
28.171179
9.362730
10.714662
4.986484
16.465270
10.444531
3.872758
5.571716
4.614006
5.009714
6.292569
13.520908
4.414178
9.423846
3.130800
6.687669
4.782305
16.254212
9.833539
10.664578
10.361302
13.843526
5.499249
11.299116
13.423606
6.070839
13.080872
10.790193
9.661837
13.989802
10.071802
13.890134
8.093099
8.015298
13.846334
8.225780
10.738817
4.423508
12.576997
16.010385
10.397651
5.838270
5.438583
11.354384
14.055520
8.370628
8.850213
3.442666
7.981188
6.893020
6.401302
5.927093
3.976005
8.869805
13.346810
10.120167
11.636752
9.025984
5.014533
19.231282
6.180524
4.455570
6.171450
4.088980
8.698602
11.554009
6.189790
12.576440
8.418175
11.258041
6.332640
2.831892
15.743178
7.424952
7.712576
16.795945
10.808518
18.351739
15.998453
6.318966
6.225951
4.183679
10.931258
21.869615
11.123880
20.024393
6.311567
10.355648
21.710576
4.989281
6.744359
9.293849
3.709920
6.300828
11.490658
4.595411
9.170828
7.795300
9.091914
6.708368
22.434345
17.758032
5.884615
4.786877
30.622976
8.585940
8.062601
10.424997
5.926330
4.270664
30.232110
10.306807
15.079228
17.313623
25.348745
7.000663
9.077749
15.195822
4.941198
27.449040
8.339104
5.354067
3.953673
4.309523
7.534040
19.347796
11.668032
9.550883
8.916446
16.728306
14.954640
5.119360
9.528526
6.433063
6.996986
4.606675
4.401122
15.281365
11.170601
3.628632
3.724666
21.010287
8.455727
7.147886
15.394226
12.923261
17.007048
6.001230
6.729336
4.047067
4.053788
9.675767
5.677776
7.085812
15.081088
9.940768
6.280434
13.215739
7.993964
8.111176
10.749648
6.974273
11.662054
13.698145
11.037837
7.192443
24.975355
9.330440
19.585203
13.094073
8.120888
3.459803
7.114315
15.183288
11.079528
3.389212
3.957882
2.746994
9.454799
32.893260
8.046049
6.335270
14.642472
15.758344
7.214499
7.678956
9.387901
5.671534
17.586571
15.593935
11.533139
6.698488
4.764845
10.251630
5.004333
10.435895
8.051758
15.268548
7.539731
13.494530
9.629142
7.369657
8.175436
12.293723
5.351972
13.910427
9.516860
7.006902
9.734524
14.362472
6.457439
12.191241
7.663765
12.958954
12.673026
4.130376
14.285074
13.111518
16.922653
4.035606
17.856874
6.325504
12.776394
9.379470
14.262896
5.956458
4.720572
13.709273
12.310871
8.538757
13.869692
19.553738
16.519339
9.438999
8.111149
2.992105
7.328701
8.878908
9.262663
9.067174
9.807317
15.036382
8.732135
8.383723
5.955834
10.737722
11.291943
7.079431
14.620311
6.696612
5.730444
18.101568
6.066247
6.484451
6.273594
5.154774
4.697882
5.839260
10.186519
16.279379
8.019615
8.916958
6.133587
7.650124
4.558217
12.062360
4.156563
9.463761
6.906829
8.410810
5.785721
5.340666
7.877736
13.636116
14.848721
10.089071
9.291213
9.353389
11.645122
18.624778
4.151832
5.531951
6.035087
3.207203
10.327464
11.058639
5.143822
14.008503
23.112980
8.749225
8.846716
6.205362
8.705956
6.318792
10.698877
5.758983
7.124622
8.343552
14.430203
6.402640
10.470901
9.989889
18.550863
2.737899
3.783082
8.407361
7.171007
7.059838
10.567430
6.702050
15.426548
6.894978
5.806151
17.920563
6.420528
3.385915
5.129882
3.065660
10.930717
12.051296
7.504492
12.060847
6.796590
15.205718
10.653070
7.378102
4.486578
13.304724
6.857511
5.960757
18.236639
11.395862
3.311006
4.517581
11.614142
15.995693
7.281248
7.792496
5.826532
7.475748
14.043409
7.872243
6.032625
4.801642
8.362416
14.554070
8.863441
15.668172
8.036838
10.421540
9.287121
5.386327
7.903773
8.084178
5.507480
4.186726
5.266372
12.356117
13.084820
7.808216
13.981776
7.120768
12.498047
6.392602
6.146813
4.617756
4.563613
3.726335
15.300693
11.503908
8.438564
7.178402
10.923541
11.036067
15.669719
11.354378
14.830692
3.830377
6.445324
11.038492
8.540786
9.762985
5.562733
4.878085
10.833953
10.318923
11.387708
8.801500
11.900987
6.378356
4.887333
12.799631
12.509242
9.502069
7.788524
18.560883
7.867098
8.621863
6.146720
5.825640
6.071480
7.038518
4.438400
6.574490
7.161740
7.129660
11.175301
3.379720
6.572225
5.658315
5.154077
6.881284
9.527657
6.431938
14.584079
10.484814
11.738633
10.294443
14.576923
4.454724
6.854664
4.327521
6.069918
3.515622
16.682019
8.015723
14.989494
7.633915
17.093570
18.886744
7.860816
10.700709
16.486462
19.873331
6.104182
15.349727
5.708423
10.403154
21.699615
15.340099
3.817296
3.593146
3.178027
6.637331
15.606330
5.648840
6.189727
9.588705
4.037446
8.841562
17.965172
4.224988
7.130395
12.878964
3.433569
5.145844
6.149837
6.788003
17.326672
6.517396
13.138381
9.245339
6.896878
24.939325
11.550656
11.988781
13.296260
4.838608
7.038585
20.826980
4.217100
4.592252
14.728175
10.173510
3.116580
8.207313
2.841540
4.284962
3.850983
12.475252
11.834675
18.166955
13.592057
7.459008
10.348809
3.051786
4.329095
16.559712
15.309546
9.517138
17.473614
15.767558
10.964122
13.862530
16.974082
12.285955
12.258482
8.723524
18.323800
11.565473
8.828219
3.421633
5.687510
5.247011
6.084135
17.068946
7.432564
4.756804
12.553164
5.823186
5.795509
6.276333
6.554851
11.861244
15.329438
9.969710
4.149063
19.006132
24.854536
8.104896
3.342598
4.310257
4.196099
4.904057
18.008035
3.024640
4.430817
7.056715
12.205548
7.463265
15.753255
5.570785
6.838270
3.074425
6.661553
5.232213
9.625590
10.469210
9.007990
7.987518
8.239924
8.617033
4.127874
5.373943
7.119392
18.147584
7.098834
13.350449
7.205592
4.664661
6.406574
16.103197
23.683110
23.129338
14.680097
6.599718
5.820724
5.540278
7.584184
10.493472
5.100228
3.306939
7.557478
9.048524
10.555064
10.011390
5.164770
8.179426
5.762751
8.303955
27.414836
9.538197
9.389558
4.548991
8.715226
7.595759
12.594035
7.632858
15.175028
4.092773
6.210333
3.373265
3.814609
8.552273
6.334346
5.343743
5.897258
12.489271
6.284997
4.244732
7.803330
11.299469
12.622374
8.156225
9.823201
10.779924
4.898995
10.181081
7.922053
24.832349
16.908582
5.832142
3.102376
8.865307
19.268696
6.628010
12.510396
11.649499
6.945158
6.892488
8.635415
4.405566
4.214116
20.129077
16.454979
6.049972
13.764005
7.563300
9.191399
7.192944
4.675311
1.915706
5.440835
17.021477
6.007379
16.899639
9.551703
17.559188
13.446241
7.982796
5.805863
14.410212
4.971001
6.313512
6.166981
5.812019
3.461745
6.934972
11.270038
4.735270
15.210284
4.351189
6.105978
6.644484
15.607848
7.542263
10.584137
16.106394
8.131209
11.321831
6.622505
5.420589
6.192890
3.078343
13.460013
8.185797
6.897756
6.532031
5.668543
6.296089
14.043736
11.200397
6.686910
11.080845
8.292723
18.448648
4.643953
12.584237
11.156659
8.575732
21.495714
9.308173
3.999282
7.548349
11.948086
13.107503
7.756816
5.934177
7.332020
9.596995
7.559865
4.755834
17.675931
7.970306
6.156805
4.379819
7.255324
32.818483
5.585983
9.898905
8.045805
3.993839
4.342444
5.765124
4.411835
7.334294
5.199391
10.457064
13.445429
7.522020
9.206532
8.164238
6.822301
12.981583
15.527145
12.762384
10.034456
17.154333
6.518161
5.557014
15.158252
10.557824
12.691496
4.289791
7.953375
5.943281
6.056855
5.893159
5.325161
18.833485
7.600021
6.848055
4.569936
6.723042
10.360804
6.840758
7.129979
10.761795
16.584038
7.610439
10.647098
13.334246
6.757766
2.885201
6.320161
5.737836
3.902539
8.365270
12.797953
6.144727
7.375784
11.233264
8.690048
18.140696
13.449388
13.373571
13.415572
17.757178
20.439621
7.843998
10.971380
20.834946
8.878391
18.299123
10.652719
13.025542
5.989800
6.030426
21.469693
9.358083
15.745459
12.831580
12.734558
14.552995
6.296290
6.365570
6.046243
5.702005
8.662935
10.282985
29.255419
9.147525
8.592793
10.712824
10.091830
8.174946
14.660946
6.737135
8.732089
6.516829
7.315836
8.296751
17.576330
10.230078
12.702096
10.749908
10.676485
12.175439
10.181576
28.212005
16.939111
13.208838
9.284658
9.055149
6.525582
11.717787
6.118307
9.330732
2.821259
5.215115
3.169848
8.252198
5.746738
10.958110
8.099044
7.346463
11.134628
9.566538
10.214037
5.923010
5.335868
4.399067
5.757728
5.616571
9.430266
14.762128
9.421087
3.892953
6.774853
6.837422
7.594360
4.685066
9.411861
11.978324
4.682746
5.170620
7.631825
11.137369
17.778462
17.104153
6.584457
6.515454
6.475995
8.115543
3.682367
8.467800
16.820182
4.011904
7.720660
20.081212
3.616152
7.098117
4.455410
2.697725
8.682063
23.336587
5.180352
5.651048
9.216951
9.176563
6.555376
7.096416
8.347226
13.717016
6.937628
4.896927
6.047415
8.920192
16.562829
13.670613
6.466949
16.508043
12.304440
4.688408
6.201271
14.546532
6.863208
8.818360
12.451691
17.611012
6.069577
15.520721
11.126326
7.803100
6.845963
14.875379
9.964079
3.352208
3.596296
14.310493
11.269453
7.865195
7.680879
9.368681
12.806843
5.040093
6.317935
6.807810
31.497557
6.561309
3.888187
14.386887
13.403636
5.267756
7.569384
4.111093
4.286152
11.632045
10.951300
4.969633
15.132606
5.361656
11.352385
16.056436
7.057587
5.437604
6.408424
17.718409
8.725624
12.904243
18.321914
16.540863
11.558542
6.113800
7.878734
8.994361
4.652068
6.872401
15.859522
9.524652
12.991934
3.920244
6.592902
19.324773
7.791263
12.118558
6.163553
6.905852
8.162030
8.618377
9.458176
11.039929
22.012844
12.699486
8.827031
4.943015
9.471017
16.401766
11.707612
3.319656
6.458922
9.700126
5.129286
11.832277
5.916649
9.510575
9.710790
6.024413
11.766245
15.139434
7.195855
8.266969
14.036805
11.936859
5.528859
11.930137
11.012258
10.690484
4.242856
4.098310
9.313027
13.429002
9.848037
12.089944
10.255479
11.086786
15.233023
10.204426
7.316256
19.655829
19.523713
4.049127
2.747083
18.135962
9.102193
7.716767
5.481439
9.425572
4.641730
3.451742
10.744176
10.414491
6.360409
7.584985
3.965642
3.032389
11.794120
4.599968
7.472830
9.795737
10.043412
7.361327
13.749183
5.751388
5.663962
8.785787
9.603775
4.501436
9.106137
4.785281
3.798131
4.515807
11.228061
3.455969
8.976932
8.526858
2.981380
9.186949
10.665114
12.680529
8.110291
13.310137
27.699638
16.654891
14.854910
11.394471
5.328629
5.450035
8.123993
3.598752
7.192100
38.384882
14.264888
8.538130
16.024445
6.305532
8.786113
16.762472
10.033671
15.497468
17.708281
6.371793
4.624811
7.733787
4.168103
7.278961
10.056148
8.110414
7.117173
10.846511
11.861346
9.151377
13.511345
7.313329
4.178648
12.700048
4.732182
15.965099
6.176636
6.737831
10.729349
14.886474
6.765759
7.615696
13.167624
16.515346
5.507885
8.917506
7.673232
7.081141
18.702013
11.104202
11.764056
7.836516
4.350837
8.608225
7.844296
4.455554
14.754186
7.824226
7.973330
6.276759
7.243534
27.201109
22.209915
3.409314
3.451952
3.958154
9.890474
8.201235
8.467373
3.485925
7.925091
13.101799
8.124062
13.188509
17.068252
9.371720
9.150173
23.440635
20.817703
3.679870
9.052926
19.249374
7.200696
18.880956
7.976750
6.016317
4.770851
14.949026
10.999871
9.657756
6.343589
7.983030
6.018666
9.066042
10.689335
5.054782
5.898377
15.884198
6.772118
9.400212
10.532344
8.809846
14.651290
6.390172
13.010987
5.990477
10.565205
15.946162
9.653834
5.206945
9.448717
8.388359
11.014030
4.935323
10.061425
8.812430
7.803773
13.420805
6.303917
5.741215
11.527509
5.713813
7.636615
6.531769
2.896673
15.386763
15.463109
13.090806
10.065094
7.214896
9.897613
8.898098
7.345381
7.895254
10.274107
17.303784
7.205788
2.777831
4.134446
4.233097
5.211070
8.159481
5.896526
10.623930
6.609593
6.153031
15.617236
9.152486
3.185954
6.122647
8.187046
5.204522
4.644006
8.059987
12.912193
4.907810
12.658969
8.426023
11.256761
8.705650
3.878207
3.992783
8.737290
8.811956
13.836383
6.443278
6.473620
10.183912
6.786918
16.351762
8.657962
10.207256
10.485500
10.502590
7.190354
5.623840
9.018533
15.104419
25.694267
9.961575
10.526713
2.999815
4.429397
8.296754
7.633969
4.700418
8.589112
8.477315
9.414042
4.687519
13.561281
10.038257
8.906291
14.036852
18.433966
18.520672
3.835497
5.742457
8.456456
10.291855
17.218358
7.768922
10.569704
9.867386
6.059397
6.435694
10.645500
13.024796
3.393282
17.103582
3.451741
3.843645
21.078251
14.588988
9.727915
6.677273
11.605203
11.003644
16.774385
9.120617
10.029606
7.591683
8.552516
6.669692
7.115157
16.451903
9.027293
3.479361
7.251055
8.232347
17.397417
13.329618
12.094536
10.329276
4.540817
8.205487
4.865043
8.392745
5.309379
10.032458
7.768427
12.811634
13.271221
7.771904
5.934961
6.159723
11.296001
19.808159
9.068364
13.509011
15.593942
9.970795
8.034457
5.712715
12.698058
14.380940
12.523109
4.144020
18.360393
11.642305
5.990653
4.460012
7.006559
5.345828
15.725071
8.724798
2.978750
4.828828
13.217936
7.277497
5.830814
4.100301
24.894769
19.264435
5.619060
8.061991
8.097136
8.697409
3.613545
6.284402
15.718500
9.277182
6.836927
5.054204
3.419184
17.398051
17.433032
14.949529
9.238892
10.455915
6.577565
8.750199
7.141305
11.660927
5.982804
8.143017
7.264473
8.272812
7.177938
20.650420
3.048102
5.628472
9.694256
5.822739
4.734666
11.365436
10.775407
18.608714
5.457818
4.209077
7.160627
5.881942
7.070454
14.545924
8.526326
10.786640
15.424139
19.742380
10.860023
13.709696
4.809033
5.642893
9.088130
14.309298
7.942893
9.120778
4.780174
22.761846
11.234612
4.500991
18.118931
9.148692
15.006290
2.975161
4.562975
16.167122
3.835578
7.851452
6.376464
6.345965
3.834278
16.771504
9.406926
7.503234
10.032503
4.907205
10.632140
15.080110
3.266143
2.784666
13.941607
6.359791
15.644740
4.799645
15.301126
25.087109
27.498131
14.799349
3.044551
5.418348
7.620246
3.498396
5.289147
10.355329
13.903083
6.424092
9.346837
10.833147
4.502918
7.388648
12.456864
5.406114
4.106958
16.048120
3.584600
5.609034
11.229460
10.789181
4.531425
3.285106
9.282578
4.697717
16.442586
5.837536
16.490972
11.849747
5.496617
7.949305
10.190999
8.538802
9.613179
8.096194
6.007971
9.289523
16.387337
16.213504
5.408823
9.825863
13.659439
15.626043
12.566993
7.572447
17.937111
7.895900
14.709337
2.675515
6.238426
19.778492
15.904520
5.299280
4.519453
3.548704
7.969984
5.995786
12.598000
8.408036
10.757261
17.835118
6.671730
5.030290
8.501263
9.740114
9.348115
5.815995
15.246052
3.781516
16.406617
9.976557
19.891569
9.544427
12.582042
11.376965
3.531330
12.982081
7.352383
12.298973
13.985056
9.127859
12.190527
14.291679
17.922942
13.366559
12.264676
6.848441
15.175425
14.222272
14.537667
10.205719
6.437520
9.707243
10.904519
6.289898
9.883535
7.511771
3.230150
6.776100
8.891415
9.191570
5.593447
12.540163
7.885500
25.074654
4.648603
7.785153
9.061421
14.901951
4.058926
7.051275
2.731450
3.476162
13.289525
14.677705
23.035860
8.494825
6.605263
11.720638
9.313518
10.964232
3.365199
4.966741
3.628654
6.139670
20.701792
11.147292
14.280898
8.393377
7.073823
8.204528
28.025337
2.212608
3.075551
13.661913
5.323177
3.614681
10.855545
6.698419
3.546272
4.168242
7.025101
11.837017
8.227235
6.681207
8.166458
6.588971
6.068672
3.428642
10.344406
11.109293
11.551352
11.990463
13.365056
9.343754
16.423841
28.333873
14.794275
8.717488
7.140208
8.859382
12.062937
13.577413
7.502447
10.837846
4.634024
8.965819
6.643896
5.334260
10.302792
14.405278
21.811845
6.172259
4.087446
8.635314
9.037549
11.124886
6.374982
4.354956
4.443818
9.265220
3.038950
20.906078
5.912966
4.461649
3.415901
10.373547
9.946478
6.542558
3.147233
14.855363
2.901767
7.325607
25.114575
9.023560
6.452658
15.063260
4.789494
19.798061
25.060213
8.446740
4.267888
7.597053
5.919212
20.249810
13.079223
3.333022
15.237955
4.353790
4.476948
6.714304
11.845147
8.610888
9.270330
8.305957
3.873317
14.106678
16.258940
10.769916
18.031316
13.267665
6.323135
17.397134
5.967372
11.430382
6.277654
5.226192
4.046115
14.034838
18.134626
15.940177
6.922535
8.048850
18.451796
8.924082
5.985428
12.172120
9.006958
13.712975
16.557136
15.027729
16.567552
17.486654
3.188704
3.189788
12.177606
6.720074
13.452981
20.300725
5.334108
4.349120
9.356893
3.002482
3.706056
13.542260
18.179764
16.531360
5.125394
5.017345
4.521155
13.265577
9.404322
14.431169
6.208036
7.192018
6.588402
2.941312
13.101287
5.168435
9.851719
12.740177
15.603176
5.602519
3.814422
15.266943
20.843024
6.625199
19.662859
9.446730
3.063965
4.042586
6.937499
14.356968
15.846797
15.442601
8.874401
7.011515
8.522861
4.916908
19.738333
7.359640
3.303559
5.970107
16.878895
9.458709
6.142955
9.123176
4.042257
10.234329
12.675578
10.423549
6.286351
8.623613
18.803590
8.953222
9.818576
15.396774
7.356754
18.563931
12.925503
7.109608
4.910953
13.716240
10.597218
9.351403
17.263901
14.117967
8.052735
7.128001
8.618143
9.103034
4.627767
11.119280
15.905890
9.556582
10.953222
7.389926
3.723455
2.865495
7.955350
10.225086
9.346164
7.128893
9.689662
7.619915
20.875899
6.886824
14.842372
4.435286
12.914417
13.548452
17.742617
4.910350
6.292036
15.326953
7.040262
11.592044
4.160785
3.438017
18.105682
8.931051
8.276060
10.823288
19.624586
23.157123
9.235172
3.254784
4.805891
14.827198
7.396222
5.016632
19.035646
3.800253
2.503864
9.080837
5.664988
8.585499
5.686759
6.927919
4.813527
12.090924
5.946397
9.625785
7.007931
3.256319
4.339074
12.288298
5.685779
9.541070
8.011215
6.311659
13.063598
21.537707
9.277287
20.182355
6.733046
5.120935
7.078682
4.470601
6.402783
10.145810
7.007639
6.969374
2.752983
9.674397
14.140530
10.431169
20.423745
27.739771
7.238581
9.528804
10.379312
7.189200
10.714680
11.304587
7.898149
3.817476
2.987491
6.031548
18.531763
13.892607
10.316495
15.277899
14.424365
5.429787
4.265267
11.169052
28.598161
7.032712
7.185286
5.504342
12.073651
8.956572
9.642466
5.493121
9.264016
11.644168
7.153909
7.460990
12.207473
10.239236
13.508004
17.578340
6.285808
11.884662
7.451863
15.946207
5.064643
10.745283
11.159923
11.351994
8.835238
7.579175
8.439793
8.037056
13.292946
4.249023
5.265854
10.925551
4.376132
7.854251
4.524888
19.419895
10.439143
12.782119
5.952591
4.835622
3.315444
4.435315
21.520515
11.986870
11.890273
4.493769
3.546271
5.668333
7.467207
11.607091
5.721623
10.226845
14.183676
13.614628
10.718968
5.244121
3.689908
5.238292
3.371189
10.247780
18.980682
20.891306
7.774916
4.976526
5.447996
5.298252
5.616790
12.181158
13.652099
5.783362
9.257595
7.212164
16.597634
11.443112
6.331176
8.008509
4.284747
3.716968
7.012414
7.165985
8.679109
11.196636
6.933779
4.936479
4.828660
5.368337
13.825384
13.258101
5.941595
15.715788
15.432156
4.216279
12.606387
15.153549
5.256319
7.185737
6.688426
4.035023
7.769399
8.634649
9.729597
5.116164
6.906725
7.363715
13.098027
26.953550
18.071989
13.179111
12.702092
4.668138
14.721484
6.792401
8.285416
12.948271
13.072320
12.075091
7.927499
13.694955
14.058570
8.858844
18.526452
6.359337
10.028124
23.837173
14.250385
9.244463
8.251706
5.742340
12.707800
8.554230
13.858387
4.098990
7.257599
3.371728
3.304561
6.962081
10.169257
13.515654
4.926269
6.179995
8.928101
7.892007
12.665971
12.381058
5.278173
6.302041
17.106984
15.177425
6.415629
7.632400
7.685432
4.279881
18.711963
4.907479
7.628459
7.165877
7.841563
19.020619
10.643148
8.725021
4.467467
5.910054
8.895916
5.716302
8.389598
12.208863
9.171666
13.940306
11.959653
16.273369
3.732954
7.200157
4.989115
8.793692
9.159946
5.116989
12.423349
19.529845
7.360508
4.766216
9.204291
11.912344
14.666941
5.201372
4.463719
15.949000
2.890380
4.316055
4.666526
5.000297
6.485454
6.051654
6.910571
15.241551
7.631056
4.024770
6.963939
10.086309
11.722691
4.908850
5.830178
17.494301
10.723208
16.030861
6.785931
11.181540
15.667199
20.171641
3.101068
11.706307
5.185508
3.908567
12.429940
6.936996
19.693182
9.935538
5.465396
21.244060
19.788366
12.666999
11.828384
6.346736
19.254074
4.826404
3.275389
6.129907
8.656193
8.346525
4.595179
6.653180
7.876181
4.471728
5.538315
4.010981
9.678085
12.128974
4.159729
7.328482
5.401658
5.756741
7.592034
15.001599
5.169831
6.350100
8.782283
7.590645
4.094827
12.762983
19.525219
4.580364
5.672167
17.503635
11.475496
10.373406
9.252117
7.072798
13.787660
10.014069
13.889857
11.202629
4.807837
6.509920
11.220496
4.148875
4.846458
2.428853
7.913128
2.678400
8.471633
5.280062
10.807374
27.084809
2.928271
13.780301
10.549416
8.580723
9.086312
3.415473
5.025156
15.807284
14.057300
4.242249
2.445718
6.687139
5.101122
3.621761
5.420676
7.470666
14.911973
4.218677
11.773868
5.222716
9.626910
9.885516
8.822529
7.108789
7.051758
6.616280
14.067244
8.198028
8.530671
13.872223
19.614530
15.636707
22.158257
10.688342
3.986410
10.445253
10.351377
10.156060
6.928003
6.646322
9.702018
9.461946
4.555166
5.725265
13.511452
7.065312
10.077779
11.320810
5.362587
10.325602
9.762250
13.710222
8.797495
5.830196
6.366584
13.114383
11.603331
4.879427
12.972701
8.038642
14.709158
10.368656
12.882628
12.917324
8.793975
10.899828
16.536267
10.453301
8.774553
10.910130
9.148556
24.190439
13.932313
4.829440
5.595399
3.274402
3.922415
10.416248
13.002445
8.461698
8.257996
7.997058
4.649118
4.175543
11.489365
15.741477
5.332612
3.468216
2.681010
5.696984
7.160965
11.451572
6.642633
9.673218
7.250549
6.655067
6.587787
15.604515
7.735602
16.716473
7.915188
7.862163
15.597872
3.391002
4.267725
12.310253
7.067101
14.961176
16.362056
8.208355
18.079006
11.285467
4.803235
5.274213
6.506186
20.216835
10.260091
4.420203
17.035357
9.064537
8.146758
5.645783
8.040658
8.021378
15.688707
10.444229
13.408917
8.839267
4.752294
7.288600
10.997889
11.152119
4.417696
8.813521
5.372030
6.101919
10.645137
13.279060
4.343490
15.004147
16.928810
12.017637
5.568762
6.005173
9.542668
5.378334
13.447942
26.044479
13.451952
9.086879
10.529314
11.124630
14.924964
19.594860
14.431331
8.950411
6.436707
9.509634
5.541836
8.473895
7.929363
11.078709
11.774298
18.162580
8.245476
5.327489
12.170926
5.685739
10.916405
7.253217
4.518286
6.865578
3.620103
5.918027
3.924618
15.119682
7.412804
4.162544
5.588552
20.208156
23.298631
10.555094
9.939810
6.601577
9.861998
5.922715
3.922127
4.423223
5.130828
8.739308
10.688456
15.690594
15.054978
22.149244
9.582535
4.818133
10.985099
10.876467
4.596941
8.105134
5.224249
7.068036
7.691831
27.711168
9.133462
11.474268
8.327283
4.985116
11.913664
8.299985
8.753383
10.000575
24.506270
12.605031
15.345134
6.131569
8.329856
9.754446
11.777394
4.820873
4.516405
17.819424
3.113119
6.006596
8.046581
6.006251
8.370862
10.790401
8.687714
10.293505
4.354090
3.493311
5.583266
8.288460
7.679746
7.627516
7.269900
10.280038
7.154670
4.571055
7.621146
10.632226
8.936165
2.928179
16.660795
6.332227
7.383834
20.627309
10.407242
4.635999
5.210322
3.632203
5.433815
4.748782
7.460938
7.740618
16.647690
7.259158
12.133854
8.620038
13.511389
8.434632
5.357466
11.887797
3.697485
9.233587
4.517292
6.661745
11.692298
11.447199
5.157916
5.035544
2.991113
13.799213
11.066390
9.198212
9.952866
9.191653
5.116514
4.897947
7.451647
7.317887
14.139076
5.748188
5.538691
17.652063
6.233676
5.745881
7.295689
7.834398
4.018510
16.340471
9.763377
3.247261
4.942592
11.252822
16.202339
18.235008
10.229155
2.758383
6.231394
15.072214
9.972167
8.506805
3.463487
3.111700
12.482818
6.373985
16.839536
4.625345
8.443666
5.693531
7.057789
7.014302
5.747531
11.816890
11.794157
13.111428
7.334946
6.021863
12.016824
5.791321
5.506889
4.152118
13.342989
6.077784
7.586625
9.359997
11.222961
9.825416
8.410605
2.778934
8.278360
8.989172
5.107497
5.151551
4.033699
11.978075
15.189635
7.739396
10.071631
8.154712
8.381206
6.065341
6.524042
9.210334
10.050099
17.834758
5.666920
4.388066
2.863465
7.357598
4.123238
18.287935
21.816747
4.361657
2.621761
25.287342
4.798103
10.282606
14.871222
4.161142
18.971095
4.796631
4.885817
6.425301
4.669473
4.981383
3.334828
4.002270
5.645805
6.146924
9.617179
5.227315
9.000721
8.219066
5.383928
7.092031
3.274716
4.965353
7.708322
16.197134
17.299311
11.796800
7.156433
6.347342
14.032305
8.236472
10.037376
24.061244
7.418223
3.651669
3.651824
5.271443
14.416133
7.710463
11.795349
5.786613
6.418659
11.727846
10.592759
19.480504
8.786084
7.087416
9.032286
17.624867
7.503276
11.518832
14.002158
5.477327
25.515900
9.663342
13.164583
15.702953
10.490590
5.227811
6.351472
4.927786
5.907518
8.397724
9.931418
8.517342
16.305827
6.797305
11.256020
5.096736
12.401472
8.426707
6.408960
8.148796
12.368627
10.130821
13.175661
11.581443
7.753869
9.142303
6.849225
2.651189
9.412073
22.554662
19.760207
13.020349
4.162637
3.691150
3.983965
9.705479
11.754759
8.731100
3.879088
8.555394
4.910022
10.281785
27.663808
6.327776
4.834769
6.107955
8.204339
14.161963
8.925138
8.826937
14.124766
6.356487
5.340897
2.107838
3.941003
14.515924
8.327397
19.595051
8.438914
10.141158
4.809226
4.091674
7.390432
5.570979
7.531273
9.139380
4.297036
2.761392
5.783467
5.556405
9.340106
3.157869
12.410428
8.275018
4.184384
4.861010
8.287508
10.527737
4.975545
9.308972
5.445624
4.174936
7.533777
10.825589
3.212300
8.697683
5.011510
4.632256
7.178431
8.877418
10.007629
10.053884
8.093816
20.277305
14.848230
5.426407
3.905078
18.089873
5.392817
3.893331
8.041687
12.815497
15.375944
10.541331
12.989402
12.447500
14.558494
13.360646
11.882474
8.371783
5.603324
4.488862
21.608753
2.314311
2.980206
11.595376
12.391404
15.550995
4.907275
3.150796
9.913506
10.569499
4.170566
16.161218
4.897650
12.844611
24.548025
9.338667
9.884609
9.889243
18.341892
7.425082
13.921486
5.215264
3.256821
4.529564
4.239465
8.919938
11.644660
8.482133
14.676392
2.922297
10.191101
5.323719
11.431027
4.292241
9.505290
6.392632
12.860872
12.285454
4.992193
8.567490
12.891337
7.628476
9.788655
7.409730
5.549207
2.714233
8.312401
16.014892
10.137828
3.748329
2.962458
3.525933
9.509354
6.798655
4.907067
4.252594
4.370124
5.225294
11.216875
5.460061
8.804191
5.350870
3.833348
6.735182
4.660599
6.345971
18.345514
17.798285
8.744066
5.280757
6.584157
5.176304
19.249512
14.513997
5.253210
7.359103
7.292568
15.058147
10.386218
5.663753
4.053211
6.742071
6.232632
7.529706
11.244289
5.048148
9.702642
7.491037
17.752075
7.577069
8.566928
6.128255
10.329888
8.719628
10.769276
9.089907
8.969836
16.708320
18.558738
8.979007
6.917905
5.565940
11.126764
14.847975
4.111047
6.576010
4.437291
4.308130
4.054900
16.104299
6.629353
8.897275
11.293435
14.974204
9.314588
6.372977
4.789135
6.833212
11.471852
5.763568
4.365383
14.008949
6.644511
6.085088
13.875840
13.087010
7.564681
13.724503
13.057989
14.696195
9.297815
13.270749
10.497550
15.029997
10.920846
18.086530
15.610636
13.340911
3.738381
7.017475
8.673551
7.091491
8.094716
9.546552
9.181199
3.897317
3.731785
6.787407
6.587471
5.340302
15.022834
6.844830
17.237224
6.475863
19.454561
4.806619
7.267827
4.454012
9.990876
6.020123
6.068527
7.418686
6.274503
6.411141
16.309956
34.903275
4.771045
3.989601
12.283892
9.322373
9.583357
7.968740
7.832808
14.821549
7.336823
6.945594
13.749793
11.471076
6.098978
8.749709
15.987640
7.323224
8.861993
3.822697
5.167417
22.891431
3.545131
5.174146
10.780965
18.091782
11.181368
4.439920
11.561648
10.515124
23.379090
11.465651
2.842133
8.395333
9.633392
21.419989
9.240054
9.481543
21.579559
3.719498
5.605648
19.089834
5.198593
8.565489
10.469217
5.536890
9.733275
19.950667
11.969395
7.256891
7.315992
20.804705
10.798960
8.800866
11.482836
5.753457
6.443301
6.078749
8.626126
11.102919
4.979258
5.033526
5.923562
10.677041
19.074800
6.969712
4.340052
7.498199
11.662966
15.651088
21.160352
11.438849
6.314061
6.247117
12.188260
6.939885
9.304485
13.598506
18.896663
15.676437
8.467274
11.727887
8.056370
5.046062
3.840647
31.940500
17.282079
6.546257
17.533887
14.638298
6.490757
9.266592
10.857526
5.627269
7.390016
10.959601
7.435526
9.597747
8.621541
11.643543
16.118140
16.054838
9.241389
2.597117
4.806032
9.935766
12.283233
4.459307
8.335211
12.030421
9.033507
13.107844
4.246481
3.844049
12.005114
7.191257
4.527054
6.573168
7.299744
7.603560
8.629835
8.822300
17.645210
11.298811
6.385534
10.976212
15.274893
15.349989
2.865070
9.131332
7.203328
5.787719
20.705430
9.620542
3.845137
11.565287
5.756188
4.846419
14.408475
9.403148
9.880346
4.630484
9.650821
9.182037
7.581134
4.916303
14.898370
7.854438
6.664508
11.452305
6.388340
9.621016
4.649221
4.803555
12.032117
10.451578
3.299681
5.524004
9.990673
29.002596
7.869940
5.668919
7.275883
15.460077
7.369889
3.266669
7.836442
5.137239
7.314254
4.088313
3.695050
10.151226
7.559870
14.348066
14.580181
18.158347
5.836347
8.151483
5.680834
7.281987
9.574781
9.002203
10.426937
6.598058
12.521985
9.880205
4.241497
5.454432
16.296273
6.561261
7.057282
4.761027
9.875604
13.090646
14.882202
3.755313
10.566854
19.104219
8.768585
14.428777
8.232540
16.523181
3.385556
5.149302
9.649491
5.261297
11.748168
3.061850
5.151254
9.056557
9.307613
10.625539
11.018166
11.757962
23.682022
7.954410
3.277819
6.000165
29.616682
8.604331
10.151030
8.199515
12.000269
8.691041
14.183566
8.950564
11.344900
6.354080
11.714146
4.523985
7.541038
8.776610
4.261346
8.746879
16.183414
13.989187
11.260219
11.141588
5.278307
6.358941
12.076816
12.014454
8.783749
7.662843
3.258497
5.312050
6.231988
10.050415
9.764050
17.011056
3.730156
4.532253
8.444879
11.317901
16.671987
10.757506
20.394204
8.081675
6.364786
18.814790
15.768439
7.866650
9.883362
8.346558
11.937697
11.105599
7.126485
5.689715
13.163091
6.607898
7.861517
4.121022
7.560091
4.586538
11.138241
4.734397
4.020574
6.809676
7.250352
7.096445
2.078416
2.754893
6.024949
8.172426
2.619555
4.322362
11.695773
7.081562
9.866247
9.954459
12.602080
6.782764
10.884102
5.615580
9.325304
15.636067
6.426557
4.219907
6.275913
16.729519
10.490049
12.448028
22.489549
8.175793
8.746788
4.867018
9.833027
4.676376
4.542994
15.903963
10.221608
12.199371
9.722135
5.000170
14.326762
14.169505
10.273964
8.004631
6.899251
8.315455
7.215728
10.643079
10.565826
13.348894
6.068712
4.853741
7.064813
8.133918
9.297030
10.596910
8.481090
20.527844
5.370412
8.163499
18.731532
10.043125
17.064908
13.896892
9.123548
5.340723
8.266667
7.492681
19.739584
3.230785
7.004066
9.327950
3.498168
4.751285
11.495550
9.760912
19.732557
13.158304
6.628654
5.008146
9.590066
14.319069
11.990514
4.778390
4.892482
7.135781
9.552459
8.026639
7.491693
7.369056
15.214082
14.347041
11.899192
6.182623
4.183486
12.927005
6.592658
11.824745
17.109836
5.157474
4.272246
7.514060
8.143307
7.674574
10.381365
11.517832
8.766851
11.521647
4.215652
9.184368
11.986929
3.709198
3.081316
13.852300
19.749076
3.803944
5.177776
13.963893
9.666150
5.800525
10.857889
12.331418
4.388954
9.629489
10.551088
4.081018
6.023351
3.787732
3.649083
12.721840
13.235597
10.247113
5.297919
9.851672
2.916393
23.862350
9.441653
6.295017
7.863957
6.432862
10.596057
13.244967
9.577013
16.471312
8.033963
14.840125
12.853397
6.493013
5.104198
8.121184
6.068386
12.901543
9.366021
8.804936
4.128448
12.327061
9.638586
20.209901
6.659473
6.050475
12.107666
12.319400
6.737443
6.962099
3.912846
6.454187
7.994063
6.152067
3.975354
3.191520
13.293686
5.017496
4.176744
6.916062
10.749663
33.041090
17.670483
13.635908
9.291898
5.269007
14.695522
7.260684
28.797602
9.846956
4.908524
5.474343
16.103178
7.094486
7.662485
3.821578
7.366952
7.562424
5.693364
6.240712
5.727107
13.152962
10.341795
4.869689
11.553153
7.702066
4.461476
7.827546
12.441632
8.037709
4.970064
9.728767
12.403028
9.505186
8.837284
17.446736
17.710695
9.794355
5.947773
8.369784
9.139031
12.408109
10.146212
3.990907
3.552457
9.544425
5.892412
10.509808
9.988029
7.671579
4.432549
12.721504
19.286014
10.387438
10.496256
13.280207
7.860554
3.145078
8.235754
5.168435
7.917102
5.476364
13.518174
6.450389
11.176749
8.140029
4.517085
9.596729
7.389106
5.626768
6.992450
4.641872
7.909830
4.413489
3.176991
7.117303
3.902815
6.225458
10.533832
9.202724
10.959959
9.039683
9.235390
17.111153
4.783017
5.012150
13.236246
5.290297
5.121922
6.679950
6.229078
3.772245
3.180160
8.100930
9.128641
8.430360
17.984930
7.383026
8.857577
3.661766
4.228785
12.378546
14.052740
12.546869
2.706458
6.673228
17.837093
9.671732
8.078965
19.654902
5.626299
15.590614
2.419066
2.673489
6.583915
18.775306
5.929639
9.924050
18.115396
11.585836
11.681192
9.070046
3.973697
6.656634
16.994369
6.433346
8.959795
7.784879
9.031969
9.954395
8.702119
14.164394
8.193272
5.978683
4.066659
8.792190
6.242828
5.692472
6.680789
8.130180
3.494792
3.622047
5.276850
8.789738
18.198653
16.554000
8.702197
10.201435
4.911251
5.978460
5.532853
9.965666
8.032199
7.560432
4.672358
7.719200
11.095034
5.805537
12.007292
22.238802
6.636923
14.610881
6.497933
14.185013
8.093200
8.621208
7.496151
6.927315
3.614702
6.743424
14.839835
8.757871
3.966733
10.025905
8.534654
13.172400
7.533226
8.989731
7.904925
7.091542
8.107055
9.005454
7.055253
20.844516
8.450060
9.455738
6.326247
5.865947
12.166855
7.546387
12.429949
5.469420
7.790705
16.900716
7.713307
12.801310
8.575338
3.103100
10.214573
4.669522
9.496530
7.043480
7.050591
15.481796
5.367928
13.502348
4.675860
7.558683
16.274485
10.722125
11.175203
14.877173
4.385559
11.531580
5.621419
7.271667
9.626892
23.534964
4.640439
9.039926
6.749324
6.658466
14.324465
5.638699
4.946176
9.239844
10.177694
8.169020
5.448122
8.463188
4.075915
9.338731
10.263825
14.001338
7.760090
4.481748
2.830935
2.484240
8.285134
11.901168
11.652413
19.520953
12.264518
17.565029
10.269766
8.986917
28.493325
18.242365
3.837921
5.262160
8.966101
6.051965
18.405688
9.872499
5.442293
16.026777
9.760385
13.836301
6.577847
8.789943
13.191884
7.020355
13.089539
17.007639
5.523166
9.279694
7.782639
5.520600
8.029246
11.049844
10.081436
5.849184
15.478892
4.701168
7.350755
13.926298
4.074661
13.923163
10.724073
9.743686
14.087407
15.899827
2.627574
7.135097
5.522690
9.857703
5.798296
11.875525
9.131758
15.956668
20.173961
3.518864
5.631613
3.698037
23.007935
9.598268
4.419766
4.204297
7.352374
6.400142
6.136757
11.904375
11.091936
9.131598
7.691354
7.784371
15.971151
21.629749
4.539413
14.824769
8.801531
4.274216
5.673623
10.894117
16.607908
4.542568
2.741167
12.642760
9.046245
8.727441
13.353829
16.898475
5.007030
9.978901
16.833329
7.863771
9.339368
16.773569
11.435419
7.506499
8.309645
15.274743
4.029478
4.377676
4.549161
6.472281
9.545146
23.262120
13.071919
11.607857
6.717563
4.876667
8.354029
7.034010
7.826614
8.241820
3.861866
3.658317
30.029426
3.362169
8.729414
6.525854
5.813413
15.253847
11.426991
18.838270
13.851369
15.542683
15.393351
21.091881
19.982777
13.469016
20.247634
3.118059
5.129852
14.621507
15.863200
8.787369
5.082415
6.090590
17.258117
6.228125
4.464010
8.728450
11.921938
9.171938
18.111395
4.060487
19.247414
5.521278
8.157218
7.047868
17.444546
13.759756
12.415472
6.579961
22.840058
15.821190
18.940695
6.542457
14.386111
8.621286
11.692281
2.102654
2.167237
10.144464
12.195143
8.346393
5.048436
4.031019
8.321882
13.266956
9.741203
11.380027
9.954758
10.898176
14.920048
2.520362
3.088902
12.423771
4.830975
3.675442
7.890797
12.056204
8.154328
9.409308
19.927706
5.532751
16.648394
4.458253
14.747408
6.996369
7.720604
18.712220
8.568784
5.371886
8.699139
7.367043
16.984753
6.641327
14.756075
12.389021
8.558854
14.024738
16.638879
17.571595
10.159336
11.653210
10.542155
15.270928
6.685816
6.488409
10.694006
5.144377
9.180896
9.296445
17.893199
8.928446
8.485419
15.904511
11.779524
15.014823
8.587279
10.365468
13.688490
5.885304
11.742624
10.762422
7.548025
3.831541
7.072335
7.000590
27.284622
4.303880
11.196315
8.214563
5.112240
8.956768
6.577506
12.114163
16.978261
3.602700
5.420716
6.055696
5.379254
9.537302
16.604001
5.165001
8.672179
9.140439
9.683166
8.577005
12.467976
20.001108
9.602950
7.657468
10.687414
5.697407
4.131345
13.038102
6.796441
7.680779
12.558774
3.933222
10.056368
14.819070
5.920105
28.196905
6.180391
4.929538
9.590712
8.244120
5.516098
14.293409
10.167622
5.872507
5.580283
5.561145
4.175825
4.427624
15.768572
6.166164
4.773657
10.015718
13.506927
5.279629
7.611261
6.114390
11.272912
6.247077
8.812504
10.658837
13.169552
9.594951
24.474275
7.051496
6.840595
10.960402
19.134090
10.010851
4.959683
8.142024
7.980848
8.035438
12.644990
16.255126
3.539595
3.946938
7.340217
13.000720
9.742380
12.477617
10.236266
8.675331
7.269999
4.192225
8.226715
2.282612
5.269974
3.326913
4.692377
4.966650
5.852168
5.185127
11.395507
2.592347
5.398240
17.110033
7.625708
5.396713
8.104155
6.331406
8.347057
15.359222
19.303265
2.082894
4.685031
6.237615
4.735391
7.043708
12.245760
7.271399
7.901622
8.223859
12.991259
4.596416
5.900758
19.955763
10.826440
8.579673
15.203597
17.477093
7.495957
14.069359
7.657781
12.232601
14.699822
8.371270
15.634814
8.333419
4.867450
5.027091
15.744971
14.245799
4.070330
4.422007
6.897942
21.081916
4.801405
8.796736
2.546313
6.615903
6.478196
13.244973
12.980878
7.346007
8.809611
11.633072
7.899543
2.392273
3.699033
7.582589
8.698995
12.992509
8.944506
7.554821
6.223251
8.772827
10.657257
14.163776
6.250469
2.221229
10.097289
4.362149
5.969697
4.190783
7.051296
3.771811
9.063226
2.397569
5.173042
10.886901
16.049703
12.592357
7.344665
16.303427
10.162972
9.694508
5.591498
4.621076
5.133406
7.283791
7.024463
11.856385
12.536246
17.508143
14.230534
4.541654
10.827504
2.648372
3.761959
9.137478
6.410609
4.202098
10.930826
5.074570
6.470884
9.616364
7.048391
17.957033
6.011300
7.830847
10.054560
8.355773
4.978653
23.367271
4.501292
7.464380
7.653043
26.379535
11.704266
10.547907
5.529501
10.775431
13.157333
11.895860
3.529635
11.043917
5.939258
18.141820
8.082672
6.631108
9.199129
9.289096
17.385207
4.955462
8.410870
9.176984
9.785727
5.782797
10.041745
6.484314
21.973841
15.200826
11.590132
13.447672
7.740560
4.775182
11.451796
15.341827
8.839667
7.493069
18.659005
10.453961
4.412276
15.668491
14.682895
5.560815
9.105092
5.631815
7.497627
4.835674
10.553217
5.037542
4.065307
8.041143
9.031827
6.531416
5.644882
12.200990
9.323921
9.610057
21.293759
18.147617
11.888366
3.545563
11.363131
16.075498
8.504102
8.255288
18.061332
15.852095
5.001942
7.832404
8.389078
4.539456
2.752834
7.655396
11.228901
4.871071
9.333896
6.765575
8.473543
11.123335
4.965099
7.990808
14.292015
13.029371
10.347495
12.416512
7.749239
14.318089
6.817605
4.323909
17.632933
11.888802
9.284147
6.518404
23.708155
7.688096
10.861581
3.672910
2.852878
3.412162
4.424669
14.296137
16.579298
7.395977
3.930144
4.906602
11.764561
7.510769
8.965286
8.027742
6.266220
11.713545
3.839288
4.784119
7.880585
8.734413
7.930816
7.897344
6.943557
4.246119
6.430357
11.411067
7.802817
14.678764
17.002648
7.806213
12.002454
6.711645
14.735697
4.743461
7.398162
7.562230
16.841609
17.871920
14.857697
4.138095
7.894901
12.655321
7.955822
8.482738
11.139936
6.903342
4.212874
7.591929
3.987840
27.482809
3.121674
2.539798
9.067794
6.317250
11.856421
4.184054
9.237735
14.096528
12.925486
7.595206
6.528410
9.691309
6.849005
6.001484
5.588676
18.479033
5.471283
4.896558
5.485117
7.166584
6.999221
4.023566
6.359605
15.156326
9.570231
13.324562
11.865372
10.557493
18.307120
6.674631
7.634143
5.200994
4.368990
3.644027
8.252584
4.072054
4.213972
18.866107
15.942070
8.973214
4.647107
9.572831
14.275381
11.007801
5.435655
11.007266
5.667817
5.579848
11.372836
9.942034
11.696919
10.052011
25.329032
5.958557
4.491788
9.091721
8.580042
31.096307
12.970692
7.702482
7.667357
4.595119
5.909798
4.398991
6.309635
8.278295
7.183755
11.037106
19.905043
6.691544
7.348811
6.780947
20.709501
14.226139
8.101673
10.069649
6.530611
8.688859
16.780823
17.565975
10.926619
7.923469
10.602673
15.165818
15.616299
12.236044
4.953059
8.587019
17.309573
7.109063
6.466922
9.329753
6.850483
8.640499
10.560787
10.697234
9.136264
5.633847
3.348880
6.149086
6.603076
15.757724
15.666679
8.364842
10.206621
5.545902
6.291526
19.033810
6.887921
5.984134
13.696166
10.176706
9.439654
11.697856
9.312651
6.249647
4.824798
4.364907
9.188876
8.413187
10.247639
15.024205
5.070031
5.539923
6.327185
2.681180
9.818209
6.133921
8.181438
8.001502
5.715359
15.023331
10.494381
3.318161
5.007201
7.508029
5.775576
10.379111
11.342919
14.629873
10.795243
9.580767
8.856155
9.110394
14.419207
7.082664
8.203557
3.853293
14.416848
9.720540
6.992931
5.607773
14.703506
17.486999
13.741702
4.946093
5.034597
11.090532
12.163084
7.483833
4.291174
11.429205
6.436329
8.013587
13.457207
2.904949
4.115242
7.366751
6.364194
4.232405
5.386201
5.295451
11.331148
6.715624
11.128740
8.582270
15.709933
13.318088
12.933224
6.010431
11.253757
9.751014
7.199498
6.533693
10.305016
11.606899
10.858839
6.175999
5.614416
13.377532
4.480083
7.967340
12.865611
4.986872
12.553223
4.707859
2.627203
4.598345
8.085023
5.653467
3.315487
4.758308
5.580355
6.838336
24.338207
8.572349
15.366172
6.063441
6.688683
8.734307
9.286491
3.184582
7.029088
13.713301
7.191620
8.377627
14.634637
14.743487
16.365955
2.288354
4.079314
4.330453
7.699498
10.600623
18.445670
7.967439
7.727608
4.874844
5.702903
6.916360
8.939429
3.054020
10.503781
4.623850
5.083546
6.821984
8.070567
6.531870
18.664219
5.704339
12.583743
3.593231
3.562263
10.925507
6.523294
7.487140
13.886291
8.161981
7.742561
14.728140
7.031919
8.560044
5.283750
2.408936
15.424732
17.103588
6.927303
5.565176
4.820996
4.112085
14.202582
11.998310
6.754514
3.580859
6.914015
5.661628
4.158295
10.394867
11.597679
3.317222
17.230686
5.504116
5.093272
9.966151
17.265884
14.142891
6.078277
7.533178
6.946396
6.649021
5.164699
10.064243
4.874885
11.605936
19.281239
11.585672
9.304885
14.646844
3.640350
11.004879
12.687480
25.287084
9.112762
7.330743
4.519919
8.299326
7.291865
7.044265
9.756143
17.122679
11.778263
15.096339
5.711826
7.527181
7.240098
3.724125
9.251253
4.436016
15.142211
15.631964
21.485843
8.832016
3.360389
3.606930
10.733793
8.288479
13.721995
6.120446
11.432317
18.806407
6.734983
7.664619
9.626604
17.187136
7.504964
22.770864
12.394732
12.714686
5.116774
3.095924
15.781338
5.984813
14.990624
8.978340
4.553535
6.144442
9.607799
9.787511
14.403471
7.330870
5.837058
3.573161
12.973307
10.888516
21.030127
11.289247
15.536400
12.421427
21.456469
9.986962
12.243070
14.307271
8.161482
11.495828
6.539178
6.796275
7.161480
12.935988
14.658566
8.123877
4.869799
5.410915
28.705988
8.980026
5.029145
4.252296
2.585830
6.807546
8.657788
6.490154
10.428123
4.233495
4.168417
8.475699
13.133402
3.726003
11.174143
6.664003
9.316368
8.944846
6.234924
9.626539
6.377641
7.028269
10.433372
6.317821
7.606188
5.413549
3.397319
2.230007
5.536602
10.795675
8.568402
9.303799
14.604687
5.378111
4.317760
7.526643
12.899077
7.295543
15.477983
30.417637
10.905652
5.685439
9.742708
11.553523
5.931213
5.880097
14.464059
11.228230
4.686848
5.911143
10.005321
10.728563
8.797884
6.612059
3.894610
3.111880
17.435489
8.306669
21.346156
12.449436
9.568651
15.437626
11.429130
5.460664
6.848710
13.539563
11.211266
6.611114
7.815248
10.048837
7.386259
12.485337
13.573304
11.733699
4.861979
8.778131
5.650781
7.094199
4.343975
9.526387
11.201466
10.134145
11.956323
12.297494
8.129573
8.279654
7.242339
2.874189
9.325201
5.980963
5.659776
10.666867
4.455993
8.585339
8.754136
3.885788
16.237479
5.202416
8.260343
8.044385
6.830754
7.119527
6.615391
7.136988
15.681982
11.064483
16.087889
8.614258
11.782876
4.354444
6.549412
17.770060
10.981002
4.799492
7.570690
6.044718
7.904218
7.324347
7.498185
7.446173
4.658606
3.743432
15.444911
4.144308
3.055047
8.222589
7.954048
10.768916
4.949851
5.234587
6.163604
9.032695
7.949547
5.323002
9.495655
7.578100
6.748771
9.556088
11.853776
25.225999
22.028963
12.985277
8.837045
15.590851
16.756039
2.936773
9.227915
7.988353
4.628494
5.458092
16.995674
7.321381
22.796075
12.810325
4.532745
7.041688
18.088412
16.368316
10.825004
9.282243
3.688612
6.025440
6.664117
4.702077
2.858666
12.985587
12.421919
6.562255
7.553148
14.700325
14.481341
10.729524
9.356209
7.512365
4.531191
3.312201
