19.177948
14.967074
6.312754
7.952654
12.718281
7.394082
17.680694
10.649307
13.570432
12.679301
6.868562
11.461659
8.027696
5.091058
7.736735
17.346035
10.051318
5.463048
4.496790
15.277943
17.745658
8.678458
9.392920
9.421752
12.120392
29.531578
18.224667
9.263171
10.499318
16.322586
11.102079
26.348796
10.619068
20.134343
17.125460
5.431849
10.236002
11.038148
28.259122
16.293839
16.842485
8.032850
9.759363
19.334829
9.054798
11.303535
6.369579
16.742679
8.781181
15.405630
10.680105
11.595559
7.966668
8.891103
15.165759
7.025545
18.938574
9.318439
5.184495
6.256604
8.286634
7.969042
9.524738
4.567614
3.908151
5.391006
24.742405
7.986371
11.902561
7.841539
6.965477
9.911552
9.715345
8.026439
16.485944
8.695250
15.928864
16.769516
15.998572
7.120669
11.710139
12.000565
15.025721
13.280773
16.909693
11.202420
17.310814
5.180904
10.273445
5.901936
13.810464
11.493498
6.545181
9.878104
6.376177
10.822553
4.875522
7.152315
12.012236
27.141236
25.128429
13.206300
4.769750
11.569333
13.916938
12.743518
5.335748
8.464239
6.007761
16.468761
12.202575
24.292095
14.363771
15.936344
8.452164
15.584296
10.009346
10.016016
5.212797
8.528815
25.969138
9.667385
14.875739
17.222557
18.631621
17.413811
15.297495
25.423381
12.045813
29.720368
11.259692
8.422997
14.037840
7.127984
5.449114
6.705004
6.623199
3.707102
9.179084
5.009686
6.841019
21.055169
13.641823
8.417446
13.238958
23.412385
3.396204
14.324624
4.597415
11.954406
17.470996
11.979301
10.174378
21.874990
5.334369
29.203230
6.623538
15.423036
12.214862
17.752099
22.042186
8.881471
8.307942
10.610209
11.360992
11.367128
7.320133
24.128127
5.835425
6.490977
11.986630
10.920347
13.829549
8.893933
9.238871
5.186732
16.447767
22.774805
11.627630
7.767726
9.734084
17.013311
18.749085
9.947313
5.501075
6.886331
8.277679
11.195997
3.974282
3.928018
13.662123
28.952423
7.560037
10.848848
15.114006
19.392599
9.036425
12.344331
4.877961
15.367757
12.384541
8.046119
17.082274
16.777447
6.581436
15.481062
9.519814
22.619165
14.523703
10.999006
5.805690
10.622233
9.211287
7.763366
11.704906
10.240024
14.341240
16.763658
21.519726
6.268227
11.395663
10.821816
11.768063
11.369948
8.617198
3.748841
11.228144
7.515882
10.508527
8.269992
5.578692
8.280080
18.299844
11.506076
4.608852
48.599600
9.284616
14.085453
5.676648
17.633340
10.195626
5.594103
4.203021
9.330181
24.500082
14.022807
11.655181
10.568056
12.385376
11.715701
10.859761
12.420272
22.451298
10.760701
10.802664
17.448152
10.364712
3.326330
5.345993
6.036568
5.998254
22.419230
8.761252
3.092788
31.601695
26.808926
17.117804
7.152924
9.724313
6.253400
9.508477
8.695255
19.400553
8.395073
13.138257
24.024068
5.526797
13.154570
28.138182
13.365204
24.641731
18.050212
11.086576
10.334792
13.682134
18.468338
4.640484
3.637366
13.091342
8.957193
14.628920
6.290070
8.023097
12.815585
16.170013
11.591825
8.623282
12.551214
5.139573
9.682018
8.035338
10.784261
13.746196
4.079008
3.805759
12.075831
6.605819
5.153463
5.709929
11.464122
8.692298
1.917809
14.779998
17.388811
9.529256
13.944050
14.014741
14.781089
7.100110
5.510425
10.641485
7.257504
5.084884
10.749616
14.381448
20.011605
7.408878
4.883600
19.255250
10.642186
9.615439
9.108145
8.938946
8.848471
6.693451
14.089942
8.509766
3.957837
7.435225
14.640413
5.512665
17.262218
14.388569
9.066853
19.558537
20.717646
9.834443
11.074578
33.703984
9.369994
17.921819
7.744584
15.437740
35.623390
8.887667
14.989917
9.670576
17.155790
34.671668
13.920001
24.753959
16.143237
22.124834
8.012660
12.067819
20.832604
9.969130
15.722013
37.912749
8.297537
11.825765
13.636728
24.717463
25.253415
26.528906
12.988042
11.120277
22.878665
10.510334
9.449476
32.113052
35.036322
17.520063
35.113471
22.841987
7.994455
7.871954
12.626677
7.212978
4.861104
4.896900
34.858990
19.041782
5.603029
18.107704
9.737442
9.500605
7.196708
6.437446
10.566927
11.212685
11.997005
11.896787
16.142907
18.077814
16.771346
7.346405
39.096285
13.015177
7.590545
6.429495
19.568627
10.634035
16.868401
11.237929
22.165964
14.630289
25.487374
7.841844
6.955623
12.581132
15.375428
20.251342
6.884314
19.471445
19.541693
6.650509
14.350780
12.665784
7.082687
4.748018
28.593806
7.877851
18.639105
12.934180
4.772798
6.052279
9.904444
12.190331
4.216513
7.349647
6.714862
9.606141
10.260361
4.575035
4.436714
11.279732
12.132752
4.699888
5.631414
10.398569
15.814577
8.358834
8.287317
8.768184
12.756462
38.068500
16.678054
13.977162
7.250230
9.248538
14.012281
16.438691
17.178372
14.340188
17.248316
23.806854
22.886661
21.626998
10.540211
12.876880
20.143016
31.476595
13.363308
11.087727
17.697079
10.791205
34.226728
8.599095
9.774917
18.049362
6.088823
5.357757
8.257612
5.821664
46.369345
24.554619
6.628157
9.527967
15.597954
5.946579
10.856295
4.637984
5.642071
10.366061
6.350151
6.040042
10.942976
11.876592
13.198469
3.289149
12.413369
8.352340
23.000835
7.702072
4.731624
10.059544
13.690789
12.245847
18.097900
12.247847
7.229576
16.671846
40.184058
10.991557
7.354068
9.063081
10.760052
19.869382
13.154404
25.132678
10.570887
18.826016
7.431600
7.006923
13.641026
8.778345
11.033017
12.807209
23.163919
11.298360
11.429455
5.745358
17.711300
8.531327
7.683736
8.537654
25.886084
11.089968
11.721066
13.125230
6.674503
10.571324
20.322421
18.367622
9.726130
20.147994
7.150828
7.902373
11.490591
6.028187
10.439479
17.765921
13.414952
5.693246
16.488385
20.654297
8.386231
10.680925
11.991289
3.305388
13.835154
12.364032
9.410645
13.712583
11.774239
7.290493
6.159133
18.303027
5.185562
26.916535
11.718863
15.977201
16.157646
16.791549
8.562331
15.734810
27.076060
27.976157
23.153290
11.804266
19.370883
47.734543
22.310938
4.025767
10.259562
6.732838
6.205207
9.080025
21.843170
10.446279
24.152424
10.359308
23.759063
21.179093
22.445537
30.093819
12.744014
21.868281
27.780030
6.239784
7.526340
11.354401
5.829772
3.751569
7.654304
6.841362
20.225768
24.239061
10.462000
12.677626
14.316767
7.321970
15.057070
5.303990
5.575832
9.250084
9.009126
11.251907
14.893120
8.504590
15.066879
4.875773
10.004799
7.931731
8.466460
11.196727
16.227735
12.874068
5.869903
11.999513
28.357148
31.875405
14.425424
14.037830
10.438996
21.048321
8.331838
11.362087
10.111367
13.136638
14.590224
6.171953
9.857903
34.889103
17.684326
5.233853
8.110868
15.392972
12.900721
4.231119
3.456218
10.792898
15.167790
6.786405
5.237712
12.324893
18.429882
12.487506
9.825239
38.155485
7.743072
41.387927
8.043943
13.862526
10.479049
11.674673
10.618303
13.745079
7.774655
12.337900
6.204282
4.680881
5.194438
6.033919
12.082121
16.233931
9.653377
11.491055
6.768551
7.810614
9.333765
16.489423
31.791931
12.536981
17.207872
11.646011
10.967854
5.310420
10.638333
34.560201
11.123178
26.405160
9.243434
14.616240
17.344205
7.603542
7.323321
5.233926
17.636404
14.381853
22.303721
14.155175
15.077855
9.113372
16.266931
3.546850
4.819842
10.649038
8.891650
9.082289
31.011223
23.139553
21.944087
12.249966
10.337515
7.116562
7.360216
12.455000
23.833451
11.287472
14.409411
5.792878
5.249063
8.749468
4.474072
15.310169
10.965696
20.546879
10.229929
12.908093
11.213167
16.647128
14.602509
8.911460
5.485350
8.628605
8.761540
6.886038
8.853183
21.083018
8.799549
11.264579
12.015098
18.424243
12.153701
50.964904
20.770368
7.934155
18.323043
8.462698
10.382186
26.563354
6.460863
6.630864
5.809577
8.621182
11.182949
27.791415
10.123261
9.072373
10.145358
11.974719
13.542867
3.499623
8.556506
4.160080
14.225204
28.887789
6.216085
6.741328
4.904796
19.962080
16.368794
13.226508
12.445794
13.983774
13.810876
10.193588
15.801538
9.301596
4.102802
5.324178
9.661618
8.440335
8.193320
9.143574
9.699515
9.658922
8.278455
10.955834
12.371044
13.609738
11.397177
11.770645
12.204757
10.244061
6.147055
21.701337
16.509362
5.755432
33.097677
9.508277
7.937439
13.243351
12.660811
22.859869
10.347212
19.397498
8.706093
8.181672
18.139027
20.035574
24.787252
9.460554
11.325563
10.538647
16.773365
11.340249
8.323162
18.160442
8.908205
4.509090
15.786489
21.333979
12.606959
16.726365
10.545961
26.906621
15.452475
6.840903
15.234335
10.221412
6.494783
13.456597
43.989486
22.607511
21.469379
10.112702
26.002142
6.679585
13.913829
12.381246
3.896932
5.662715
11.278742
18.812624
9.045189
10.648944
19.700387
13.317905
9.244868
10.001411
9.228998
6.887683
20.102088
14.047068
8.461102
8.141360
12.557446
37.277874
13.279142
6.347291
12.980336
15.073756
10.825726
13.898707
10.660320
13.810464
7.453849
10.772370
13.355376
10.468177
10.117908
7.730075
5.359236
19.906403
7.774569
10.694710
19.511099
11.957648
20.778517
10.002176
14.733051
6.928406
8.725129
9.671090
18.426822
8.759822
20.128285
8.811371
10.285459
8.363992
20.857749
12.165101
6.975119
11.043747
8.725361
20.805531
20.610586
19.767090
25.244658
9.147069
9.416350
31.617477
9.962140
18.927356
5.625806
9.962450
4.493087
6.421136
16.699903
10.484448
10.599567
6.905205
5.760975
25.042029
12.554336
13.217061
16.501414
6.361845
5.820484
13.119064
13.095985
13.590948
12.885808
6.020214
4.390447
14.236184
9.835859
14.632653
18.151866
10.298414
15.649135
5.009683
4.690412
7.457382
17.564376
17.323880
14.485731
15.163587
17.179969
16.582280
8.765543
4.883330
5.305202
15.310675
17.763938
11.471604
21.809337
10.714601
8.374125
10.236681
12.293150
10.708531
3.440012
22.425591
5.606923
8.609398
7.753076
18.681394
12.747441
21.313348
5.965815
11.375766
4.358627
6.842062
16.617697
12.104094
10.123269
8.335167
9.560148
7.201910
7.733162
10.917512
7.478464
10.625256
7.274839
10.412838
9.326031
16.543824
17.101041
4.190694
4.314366
12.931694
14.287010
8.296286
8.068333
22.120160
21.080173
10.944993
11.689539
17.095285
11.027729
8.545901
12.729927
13.610261
13.922580
24.603275
10.078902
27.315530
14.131145
15.449251
7.601503
10.317858
8.158922
11.658479
21.532871
12.417220
17.609008
14.639295
26.694525
3.461007
4.347764
9.419586
5.118202
14.777819
15.222893
11.893728
8.575291
13.517734
10.617994
17.523947
9.626777
21.946219
14.961002
19.129305
10.044172
24.870221
8.687444
22.593902
12.467047
13.907441
10.309453
24.517802
14.476621
12.813848
18.176933
5.078764
13.082392
7.555541
13.114000
39.768469
16.442352
18.713407
7.797571
20.241795
17.975913
28.267528
10.735756
9.304304
11.861486
4.707089
22.704442
5.471727
5.952637
7.830731
13.304052
6.889786
16.756714
51.584986
12.350622
7.953163
6.840231
9.824121
18.230076
16.628252
5.073050
4.941057
16.722380
16.911661
11.381358
7.578296
28.651071
9.670839
32.499658
12.071981
5.774867
10.694788
17.397102
15.953187
16.239925
19.372759
13.407646
9.734582
16.734049
15.448009
8.082910
5.826661
9.284361
13.260487
3.840748
30.221011
16.006212
14.502937
19.535686
12.689559
5.012733
4.780048
8.782614
15.116043
8.944127
28.109531
23.669865
20.246222
6.550652
7.386451
8.445252
3.328085
16.054325
15.717018
9.960021
25.123362
10.306390
12.950896
8.735868
8.236867
24.053542
17.293756
7.580638
17.758014
5.416732
12.498410
10.763425
14.464168
21.993778
2.997244
6.389723
25.306669
28.763761
11.967169
28.162437
17.629593
17.210986
14.209019
20.356324
13.851196
16.178343
13.139852
15.473847
13.253218
16.254748
12.880187
6.954056
7.764629
6.119677
9.025139
8.174055
10.556597
24.257197
11.625240
8.588032
9.056543
13.268963
3.755978
6.779610
12.010746
7.055691
16.243577
3.778470
11.168719
7.897890
11.742926
8.003440
19.228780
14.214014
10.839113
5.325983
15.680371
5.124114
9.415571
3.574869
10.315413
23.629907
8.769889
4.823047
3.430320
8.089777
18.595332
10.880970
17.139651
24.444790
35.547309
10.632493
19.886244
12.283825
8.106132
21.889275
57.047698
12.892596
17.544489
13.852899
11.119977
16.811731
12.612830
22.564784
9.884142
14.742371
9.088764
5.237184
11.095836
9.590836
23.127254
6.665072
10.682878
18.343685
9.922734
11.805941
6.389964
8.511804
8.408049
7.706509
8.128960
12.752439
12.566761
9.902588
8.914698
15.017057
6.981337
6.499792
12.292154
6.826171
10.229299
6.217545
10.985304
12.161615
6.030960
14.727862
8.357496
5.206608
8.002513
15.924323
18.032011
17.594614
5.950094
3.664684
15.705396
9.822212
10.280790
7.862195
5.488097
13.671718
8.686833
22.801700
4.458019
9.279934
13.854935
16.278577
9.970255
6.649665
12.111785
13.931077
20.743454
19.025059
6.374643
6.894406
4.342976
11.950562
9.110245
12.074908
17.112971
18.352308
6.399242
11.030416
7.190129
14.194548
12.041900
17.748480
12.730524
9.969925
17.905603
31.431079
12.461684
6.977652
10.168014
13.873615
18.232204
9.481194
13.413427
20.707360
22.973604
35.080836
15.766976
7.895893
18.357142
12.110954
17.770358
4.296975
6.405598
26.456214
8.476954
10.027997
8.915676
7.201343
10.245955
12.452694
6.322407
9.907151
11.625876
15.790004
5.026747
6.166607
17.464011
6.631337
20.572024
8.537252
10.367174
11.086449
12.635756
10.856041
15.313556
11.710990
22.920509
11.169588
23.697171
17.215511
19.048803
7.880945
9.092729
5.438968
33.643718
19.338883
27.704656
21.142449
19.314081
11.521275
12.091562
15.911670
8.010731
10.674867
8.309471
5.142917
11.538058
9.800229
35.101655
12.507003
12.337617
10.227212
16.873666
8.035778
8.989356
11.884407
25.677901
23.605310
12.150259
13.758224
6.111449
13.184680
10.414153
7.147232
7.432437
10.958029
30.413089
9.031010
7.481883
4.991728
5.011200
28.004613
17.858997
12.715725
14.106192
22.985333
16.960219
21.437870
8.900787
7.038585
3.865507
26.350195
9.623693
6.047597
10.356053
3.444382
15.542450
23.706020
17.557833
14.200521
5.739956
15.770548
21.634610
12.742186
23.325715
14.388012
10.008906
8.676833
4.864070
4.581172
6.636380
12.279467
6.238374
5.855178
6.351665
4.265329
5.336540
12.032237
10.420057
12.365729
17.267411
25.096503
7.593528
12.314399
18.022420
13.331816
29.497412
14.550691
22.525531
16.126609
10.273211
6.550342
9.361489
5.522671
24.273177
6.037548
11.176435
13.106365
15.529837
11.678195
18.577405
13.350432
17.032173
15.624459
9.231930
18.018002
36.889934
13.293621
22.487955
5.808624
6.081383
11.329154
7.007327
42.008810
13.927535
14.997784
13.691492
16.872486
9.226442
14.014901
14.078867
8.719439
11.265296
16.459805
9.622868
7.500849
14.497396
10.617998
14.029092
13.699970
10.579055
5.176760
20.749449
12.659969
6.710313
4.521027
10.121020
18.090734
10.715364
16.965934
8.870175
12.144037
20.527337
14.760190
12.883219
5.680101
13.382265
10.648866
26.975203
15.607030
10.323306
22.130164
9.940901
28.073791
16.874221
10.207259
5.705008
5.528681
4.227484
10.665638
9.773669
22.175170
11.338864
6.563871
4.613617
10.479669
5.982841
12.276753
11.389026
12.218460
10.477419
6.369967
5.298633
5.645377
14.704153
3.805938
4.508153
6.244072
6.668182
22.498090
14.902040
20.461303
6.329223
7.029228
6.759370
14.274397
8.374155
22.580344
6.692288
11.993575
9.092026
8.261598
5.698148
5.367290
10.190045
7.630508
16.622698
7.243656
14.850352
14.767990
12.574671
13.724150
11.428184
19.781403
13.397423
27.379597
28.421837
10.928257
11.139041
8.933761
2.976965
20.232235
20.504841
23.607319
12.136579
15.747388
14.714752
8.134134
8.158159
8.695857
11.229517
20.126349
29.590453
12.804333
9.792392
27.087812
5.383026
11.156207
19.868224
23.797948
25.660113
22.293058
4.517346
6.775761
20.419985
6.888762
3.349448
10.702253
39.718107
10.751029
12.999168
10.309569
10.039546
23.616215
8.284719
4.121383
5.989467
19.061274
10.227018
12.793111
23.493228
21.685322
11.909924
9.523592
28.094628
14.869005
7.419865
4.979307
16.307103
10.559890
6.435279
11.272828
8.038685
15.989889
18.312247
22.828650
6.571944
5.693857
6.197270
8.686780
7.708484
8.262560
8.868888
15.067195
7.615690
14.481357
12.581564
13.620492
6.536126
24.904566
7.584127
16.888690
11.716713
8.756276
31.777078
12.464327
4.526124
25.915737
14.438392
9.647678
12.035424
18.832344
12.670633
21.592674
11.879302
13.826381
26.797295
21.914324
30.794729
9.277962
23.443126
4.622947
12.057484
10.603511
4.223707
4.156962
13.529270
6.592784
17.506658
4.500385
8.226178
14.452602
8.996374
10.602067
13.987335
7.314931
7.247608
10.824543
14.191376
11.039620
7.293822
16.487391
6.134366
4.212524
4.604424
10.727623
6.181237
9.396674
23.001347
10.475816
22.056326
10.424135
15.323667
11.984258
7.058537
8.534929
41.440636
8.618480
21.313482
22.180875
13.558750
18.540843
8.473746
12.155440
8.219240
21.660714
15.657617
10.820974
19.726265
8.351192
5.214903
4.061139
8.754104
5.336897
12.332120
5.481159
7.291821
5.556605
16.199536
6.850281
14.765902
11.882634
8.132524
9.422745
11.242440
9.679248
5.854254
29.533244
10.453838
10.575660
22.664610
15.173805
31.908616
9.319618
9.047387
9.446656
13.314786
11.809527
23.255783
23.865605
9.350920
26.638511
9.673054
5.348223
20.744352
12.650196
8.624358
15.317018
23.205133
12.180910
3.471614
9.154944
33.877167
25.553834
8.532175
18.466713
25.674144
14.783145
12.068194
12.458104
7.931103
7.545190
9.827891
24.911974
27.651562
3.008844
9.062671
43.290340
5.203693
10.044638
5.644449
15.827394
12.813759
5.972753
8.566771
3.553219
8.855032
9.641237
5.631186
21.661038
21.845620
8.993564
12.422616
7.583012
9.054224
8.626008
15.759896
14.080397
2.759504
3.493020
14.244586
8.833398
15.757190
7.173582
9.211277
13.288696
8.177434
14.218930
8.982014
7.440310
15.783329
21.897189
16.662063
20.136522
4.561985
10.264337
4.465033
10.872335
17.779976
10.291053
13.506375
9.497758
10.091096
11.625840
19.896376
14.929849
12.887460
15.753659
9.407032
12.334747
7.090987
9.678368
16.094204
9.593807
21.340066
6.043327
10.079185
11.973452
11.318349
20.427638
13.049750
8.046258
6.501366
7.213494
6.494374
10.484051
33.286795
11.068861
3.401259
8.701297
18.988307
13.484530
36.856306
15.745317
9.370085
12.055127
10.671130
24.646620
7.730175
15.820079
9.492423
6.337271
8.416363
12.811225
12.348472
18.968210
12.584745
9.906816
14.458538
16.405479
8.398055
32.919516
9.583766
6.678130
13.314918
11.788373
9.390308
16.372302
11.834697
25.448077
39.427733
23.015973
17.696289
9.216289
8.973517
6.616573
6.768986
4.430882
6.818766
10.381080
4.675440
7.293015
20.359751
9.650691
17.127383
3.435894
17.911560
8.705552
5.689143
5.100199
13.070822
8.197001
9.794112
9.163992
14.816823
14.484321
12.382122
11.941209
15.225971
26.166705
7.659243
6.072577
9.739786
7.436413
18.992004
12.477363
5.756102
13.992400
16.118582
12.537233
19.244739
23.890996
13.759659
7.940913
9.336639
8.125895
9.406162
28.515036
7.779018
17.202070
14.594339
15.745215
7.071204
5.655661
13.924953
17.015191
17.089732
5.848198
4.940114
18.769156
6.831262
7.276147
9.890362
16.672264
18.427468
16.112218
10.842446
3.536491
11.944147
5.941560
27.184140
7.071751
7.646435
15.011399
14.006750
5.232156
8.978591
12.779629
8.925300
7.111156
7.194724
11.565797
25.864103
10.416947
6.859810
4.034035
4.717824
7.101099
7.455204
5.097521
15.873481
28.709237
19.657559
7.559728
4.125099
13.065778
11.338624
5.649288
12.445218
25.113351
5.006123
3.776606
17.544120
26.304642
8.682614
14.071606
13.057207
4.892285
20.702523
21.890617
12.165126
23.397943
13.755540
13.151050
13.244771
9.608269
3.856422
24.670858
20.811567
10.743367
5.642637
14.865387
12.990442
10.559318
10.028456
20.248502
15.911639
8.053270
10.271242
21.097020
17.003486
32.003849
8.288354
10.399857
22.531347
6.359863
9.248218
14.335102
10.261960
32.172479
15.457393
9.037430
6.399847
8.284428
7.261146
4.429928
9.567476
11.456134
4.398948
13.948217
7.158702
21.016935
10.206071
10.972274
20.885667
9.544776
9.383848
6.957623
27.765098
6.849339
13.215822
15.464400
23.828349
25.838865
17.796653
9.855146
6.231616
16.925579
11.512015
7.378748
7.140967
24.019756
9.837005
3.282616
4.398487
12.501800
5.172090
4.565876
12.688461
10.766118
22.624596
8.315709
12.945606
7.932347
13.093716
5.909110
11.249344
3.221845
19.477454
19.924647
3.640372
10.503944
6.261310
12.668304
13.763902
8.366136
8.275061
9.117541
35.117033
9.121941
7.631152
4.754383
12.621865
19.414181
21.132525
15.366762
10.135881
12.392138
32.576946
10.622983
7.605252
13.112636
17.990846
6.587965
9.375673
11.272319
7.747509
6.620551
30.886261
7.286445
12.909996
21.636003
12.767588
14.097227
7.846598
30.482686
11.932518
6.290371
16.255846
34.837219
7.683283
6.002573
12.878014
3.762212
12.166058
16.316989
11.102164
13.357656
16.257760
10.668857
10.034722
12.639987
7.374607
22.669233
27.546747
6.467039
13.284397
12.048579
11.809239
13.385788
42.726609
11.000459
10.979535
12.918699
20.953739
13.369541
7.895046
7.617434
13.441492
4.764128
6.841543
6.664488
16.575940
13.465418
13.597356
3.880512
9.190471
17.388744
9.125517
10.421620
14.511938
6.938304
12.950888
8.276259
4.228165
20.171758
8.748671
10.812182
29.002314
38.800646
7.791747
5.212275
19.909284
11.459843
8.634501
8.202356
20.706876
8.294286
9.234960
10.059847
10.975704
7.187247
14.333437
13.883817
7.274081
7.808207
10.921743
18.369495
8.842525
11.580572
7.712201
40.268470
6.252506
6.004771
17.572116
14.388159
10.805165
32.219545
15.727967
6.553017
10.163696
7.833752
6.252357
15.577777
15.382462
26.740747
9.344525
3.453923
4.732997
8.086357
7.046932
21.501941
5.740056
7.183840
17.203822
21.819628
7.214329
10.394282
11.933497
6.426206
7.210003
13.158918
12.599105
23.281647
8.147825
13.506675
17.051757
11.210375
12.082361
8.787504
16.701905
9.588318
8.505032
4.062965
4.367798
14.839956
14.457979
8.467792
11.253046
5.638230
16.524360
12.454623
13.839363
29.712495
9.012549
5.754750
10.668726
5.203268
5.753066
3.568071
7.166871
6.022386
8.461261
9.128646
6.026503
15.736130
7.247044
3.418122
19.581628
14.737092
12.915144
8.411397
9.463912
10.052271
7.769987
9.080421
22.997952
12.751176
17.162703
15.712219
11.047566
10.974100
11.460356
12.972616
7.315484
19.072749
23.826030
23.226021
5.993877
7.196495
21.967107
17.516962
19.119046
7.476057
9.909371
9.265097
14.392431
9.422964
15.363919
6.948734
3.830166
17.328338
28.978190
7.548679
12.023053
8.692030
39.547589
7.756194
9.402159
17.325241
9.083899
10.122265
8.215516
7.559524
7.705506
18.922934
18.494497
15.074189
7.284334
17.635699
18.493046
13.972836
11.099353
8.793862
30.315756
13.785534
10.336315
13.562392
7.752756
3.636860
9.142679
7.343112
11.272382
35.776705
10.921077
17.703274
12.908642
14.468594
4.252606
15.882205
5.373379
8.613166
8.570130
15.643149
14.808183
12.977329
4.241794
3.782603
23.400985
13.058576
12.098361
11.497318
6.399697
11.996971
5.789948
20.486318
9.176508
6.943420
6.381674
13.564755
8.727600
18.819288
19.932018
13.550222
6.302254
6.583948
5.087423
7.127921
13.660404
12.803534
3.959736
4.786064
17.503573
5.684389
7.299401
6.059010
21.087921
10.948984
8.481283
7.331177
5.865888
22.398160
12.701245
7.713385
8.043307
12.274168
11.137794
9.985867
25.276657
40.570109
9.023376
5.930868
12.231495
13.519132
18.864866
13.073015
10.184434
9.672643
12.696075
4.061371
9.728641
7.506000
5.111069
25.322901
13.431267
8.522970
7.575511
14.565050
4.701758
6.022738
7.207056
9.709371
14.723564
23.262510
8.124920
26.286765
9.810889
10.078787
6.338807
7.143899
31.122552
10.148571
7.762287
9.110487
28.761348
13.665691
13.680208
13.864511
14.929786
7.903224
10.349943
9.697897
7.639189
7.049121
20.411053
12.452494
7.097832
3.718802
6.222651
7.596004
16.544082
5.993873
9.142946
23.058877
32.896899
6.479139
12.838224
10.720846
10.829465
18.293482
5.941903
9.302067
16.263659
18.365352
10.454371
13.850033
9.703906
11.183586
3.487591
10.766528
5.307776
14.288277
10.285668
11.142826
5.060348
7.149586
7.028238
9.577858
10.556222
7.343716
12.367550
9.308531
5.167625
5.753124
12.521434
6.304054
7.846971
17.919441
16.621959
3.029170
4.791474
8.214906
10.591692
11.478456
5.826033
19.579046
7.850149
13.960771
10.176507
5.790947
8.373288
8.695201
8.587011
7.134515
10.146840
21.668543
17.809944
14.391258
4.440934
5.795885
8.612333
5.724673
4.776515
21.511434
7.074190
19.351336
27.189213
11.746697
16.902420
13.094076
10.518691
5.385462
12.095905
15.912808
5.111645
4.091855
7.248296
11.223356
19.844996
15.487143
6.657551
5.268680
7.400967
7.756478
9.132257
13.371138
26.976948
4.783364
8.171474
18.504209
14.018153
15.278652
26.949110
6.037478
4.266305
6.524734
15.402433
7.410265
5.869140
8.437947
13.072920
5.717162
8.994811
9.608588
8.709761
20.062406
16.528232
14.234011
6.181898
20.375806
7.752653
11.453141
8.269288
18.746733
6.824838
4.892817
17.558198
8.507205
8.009820
5.898294
9.202201
13.468419
14.836455
13.849850
11.442296
14.446875
17.124569
7.421447
11.190935
22.161589
10.016268
11.140340
10.077273
14.550759
15.643469
17.740524
3.671714
6.856451
14.349357
7.429079
5.314101
9.717835
5.516186
13.998306
6.289455
7.574524
8.811489
19.123111
4.980162
8.427924
14.111175
8.739709
6.673826
11.644121
7.115580
6.475793
4.706780
27.365964
14.940304
17.258180
11.213194
11.054456
23.780165
7.657339
15.755232
11.401471
12.101050
10.141800
7.693295
11.522750
6.659670
11.560068
8.170290
24.621587
22.287929
9.261669
7.523466
5.103651
4.321886
8.969597
21.809698
12.473929
9.848370
8.536694
11.170924
13.587865
16.567951
10.969311
12.813809
2.747458
3.530228
16.807173
10.501591
7.309903
5.909679
11.985589
7.226833
8.218694
15.064638
21.538828
7.713715
38.620135
11.740202
20.000326
8.673900
12.105915
10.472416
9.644983
18.978671
11.377323
9.751368
4.667399
9.401084
5.942512
11.572176
23.899726
12.764019
15.177606
4.647731
6.257263
12.793596
20.552851
10.308781
14.349316
11.312501
6.016323
14.525445
5.447860
12.178416
10.877914
20.485424
5.616878
10.861030
23.627718
29.099527
26.771230
18.181145
7.616959
16.203775
11.684712
14.566613
13.643962
11.999057
19.526511
14.260183
7.384167
25.183236
17.622718
9.053270
10.991785
10.769452
12.301554
13.882997
15.403115
12.058628
13.925032
10.619284
15.003638
19.494255
8.835413
7.307201
19.473853
9.677452
25.099614
9.996680
15.146814
7.310281
7.617989
17.749836
24.981080
20.162847
7.892697
15.032412
8.340822
14.986690
25.384282
26.464806
9.022517
11.911251
18.656228
14.811945
25.056744
17.836112
11.781996
6.634636
4.375223
13.372853
9.617176
6.966433
11.507088
14.552045
18.356567
11.219646
11.046134
3.431765
13.599622
15.320184
18.398112
14.942341
6.631827
4.991949
7.231678
14.538402
14.022445
20.837800
12.304727
14.435958
10.103899
8.701991
16.134910
23.651634
8.677018
10.225672
21.982345
12.485600
7.887428
27.930574
16.499795
14.129047
10.240902
17.096073
26.877599
17.987982
16.809555
9.234126
8.189733
13.377361
6.654650
26.675785
3.358106
10.026515
6.019640
10.860060
13.682098
31.764590
7.172742
17.809278
12.909226
6.159721
15.304496
8.366801
12.093853
9.863709
5.560770
6.072691
7.663758
6.340526
6.209166
8.433266
9.638620
16.024987
10.319738
11.051985
10.590418
26.274449
15.463198
20.632798
17.166001
19.393999
17.637417
32.030599
5.661164
5.252264
24.753097
9.782852
10.726498
3.097450
5.359346
12.931073
17.395458
12.911410
18.105957
9.884106
5.952455
11.341109
10.861228
8.698746
7.702109
10.924926
24.338534
10.184728
12.231817
8.307313
5.764073
15.357927
35.565269
14.940407
11.716356
11.276038
16.093424
11.320770
5.195198
4.233578
14.301035
12.305980
9.616301
6.632837
10.048732
14.934879
5.558687
8.166219
13.719367
17.965357
11.292594
15.695025
17.675632
15.297774
14.142435
5.205312
6.066577
25.513421
16.453365
18.969596
6.826313
8.770267
18.340701
12.209358
10.297891
7.735884
6.055866
20.585438
6.437765
12.272883
27.236312
9.602311
10.453370
7.925274
15.742986
8.420619
7.601571
10.459530
19.782991
19.389059
13.312378
25.628025
8.976564
19.196064
11.389198
19.438329
7.895728
11.322360
4.073732
3.029360
9.341361
15.062526
9.299307
3.868302
7.127013
4.217318
7.998127
20.268918
8.907114
5.092186
18.433801
5.981794
8.738381
19.373553
22.425254
17.379116
12.843833
4.415745
6.919468
11.405710
9.004818
7.421800
21.781469
24.915930
6.365427
8.529093
8.686546
6.751596
14.362831
11.364907
6.702343
7.859112
3.490484
30.934370
15.369258
12.766718
6.938367
6.887440
8.789317
8.363237
6.892935
8.028265
6.888976
7.704383
12.295714
6.280469
21.544674
6.940809
8.029388
11.176303
19.669669
20.916982
6.872335
15.119717
10.406324
14.699494
23.152857
22.959195
17.068491
30.769917
12.946230
9.020061
10.229452
9.271938
12.848088
12.659113
11.214156
12.618783
14.870749
11.373499
7.077793
6.585812
9.277206
5.552300
16.184870
17.366175
9.585497
9.476840
4.322118
8.158408
14.535762
4.903499
16.607993
13.155592
5.568804
4.073376
3.729561
20.237371
7.938923
24.283193
18.531396
8.944991
7.326187
13.889971
15.548600
11.472980
12.239279
3.219236
2.625422
21.421484
13.536101
39.500590
9.717113
16.095199
13.482535
7.586183
12.939430
12.535192
9.154477
8.128780
21.891389
11.628861
8.940107
8.289814
11.181329
7.736994
8.757929
22.572060
14.719942
7.751185
12.405222
16.111266
12.999331
12.184217
12.172157
20.309016
11.044348
22.231753
9.095594
8.007485
27.774073
17.157724
6.880260
23.185104
5.162869
9.642423
10.582252
9.173391
12.691380
30.374370
16.173554
8.532978
3.973780
16.474431
13.825864
19.388828
8.655870
6.839784
10.497747
10.986385
7.696886
9.491017
11.165323
11.474878
5.102804
14.838041
37.686044
10.052627
17.307592
8.140371
16.425163
13.493946
6.835496
4.492425
11.621771
25.049420
10.925910
13.492133
14.966340
18.949026
8.781329
7.394063
11.395986
9.386791
14.587729
11.482439
10.021732
9.715322
10.302041
11.204077
7.115633
15.006820
33.143123
16.050203
12.532115
24.774620
5.495464
8.669286
8.852479
16.671856
14.421113
15.337834
17.178146
9.347002
18.839146
8.698483
5.188255
9.975439
15.579402
7.257912
6.892690
21.483189
18.825067
20.961808
7.261366
10.617199
8.441182
13.583714
7.420022
23.817251
9.891054
17.277060
3.260762
7.656888
21.225233
12.558460
6.730999
7.783002
17.761142
12.225795
13.625528
5.481408
12.597016
16.228794
7.083301
25.514034
4.590029
3.840499
13.986743
6.922378
14.313895
11.449068
9.218184
13.061500
5.951403
7.565683
8.488582
9.803739
23.264121
7.553144
11.925623
31.786676
9.384203
12.859471
16.170721
6.461369
17.827391
20.238425
14.550033
13.253476
13.696592
16.830884
8.081232
17.365427
22.333871
27.425232
4.253504
19.475253
16.966607
15.849981
18.683073
10.900911
28.100605
9.432096
17.980514
10.908561
5.524015
6.773426
6.427895
4.652310
8.199350
9.210557
8.620113
19.805694
26.790170
15.181913
31.050071
8.928990
7.163442
5.183527
5.269780
10.300675
24.187370
7.235068
10.520179
7.288986
10.169160
20.005847
14.012343
9.087190
25.745502
12.165384
11.246848
21.216247
5.670809
7.229723
5.913948
5.442912
10.103033
12.774520
9.205581
13.732029
7.594572
4.355508
7.176053
20.845076
5.671596
12.722678
6.775820
11.520990
33.939201
7.763321
5.181944
16.499970
8.535762
9.979923
11.502917
8.835990
18.313926
5.795347
16.288410
15.454836
10.564092
11.746216
9.736496
25.246252
11.669821
15.439533
12.541963
10.223003
3.472698
18.953668
5.658350
9.734242
5.915345
3.332224
5.821045
9.569214
7.412699
22.898239
13.675617
11.139524
5.894835
14.230537
7.907561
5.566890
16.512643
14.395792
22.428529
46.361767
8.052635
9.351909
14.026735
11.528116
15.839157
10.585315
17.443438
29.927848
22.670604
7.708242
15.836929
9.370030
7.673933
3.297168
8.076676
7.194684
18.392465
24.642274
17.303173
14.382123
20.403471
9.936612
3.982960
6.670228
19.078875
11.291048
22.421440
12.555400
24.512379
9.669405
7.986640
17.782358
20.794137
9.141679
9.331110
7.329849
6.822720
13.107404
14.922548
21.215744
10.559456
6.566546
12.106384
7.996816
11.834096
7.074991
8.641084
9.566054
10.224069
8.350034
15.876667
8.696013
15.647855
18.661653
8.680203
11.012405
12.111685
12.521893
11.039168
16.819158
14.826366
13.243517
7.108237
9.541459
23.229391
11.134711
8.314071
6.822765
12.202972
5.240323
8.180180
11.773161
7.721009
7.004227
15.265452
9.322637
7.402094
7.587247
10.296687
12.025644
9.013420
5.561863
10.877437
4.917035
9.886566
11.238615
7.614207
8.535415
8.373336
8.156884
36.556423
10.218067
11.740490
8.026742
6.924139
21.432200
10.695812
17.727065
7.661395
12.710005
8.446635
14.299801
6.898243
10.424166
7.565033
8.424691
21.194142
13.054312
8.634241
11.094871
34.741177
20.967022
23.920584
5.331531
9.848999
11.846067
8.075339
9.100603
39.277173
17.722548
24.896269
6.045224
15.194080
8.025073
12.151350
13.686453
7.214984
6.398483
7.325709
9.717881
7.797944
9.977829
12.500777
10.233584
7.159766
6.154349
5.766751
2.829790
7.306733
5.619551
14.446712
8.881952
11.667302
4.195982
7.512224
5.784007
9.080214
9.468195
5.499485
6.306251
16.505231
7.880719
7.025578
7.185268
4.904106
8.502377
38.583964
6.219212
15.705411
11.620857
7.028254
5.465027
12.704658
10.750619
5.156430
21.449541
4.502386
11.035334
9.729500
17.335883
11.872574
23.257777
9.204616
8.910489
8.136321
6.032010
12.686250
15.684924
21.612934
20.594776
10.927957
11.120394
19.434491
19.421669
8.179582
11.162889
8.771504
6.130097
7.235211
8.323246
7.738355
12.436708
5.153093
5.688150
7.119788
5.984736
19.131434
5.131156
16.878943
15.266919
14.749511
6.179468
3.995397
12.409285
13.059917
14.761095
7.869104
15.270962
5.558301
6.299905
4.868684
4.323709
29.371146
20.832590
11.534303
18.681002
6.709540
5.772075
7.519995
4.031375
17.032637
9.070182
11.530466
9.043535
15.760973
12.705619
7.706328
12.198206
14.777919
11.246458
9.585175
7.658399
9.754232
7.625874
29.620983
9.997569
16.815160
5.907030
9.464985
7.384841
14.633452
9.698692
6.234370
11.935322
17.175282
23.078652
8.132626
14.767844
16.024086
24.635396
13.626623
10.743860
5.945471
3.380106
17.475601
16.369303
17.317097
20.162322
6.345257
11.873186
14.896205
8.895847
14.093537
13.862545
13.125237
13.579373
29.153640
18.374170
15.107518
16.667841
7.072522
5.734076
5.118355
13.266370
4.321363
7.036851
26.280676
4.573954
8.664266
8.407162
11.109662
21.764125
7.183504
33.157752
22.043920
4.771161
5.065453
18.590416
8.540333
7.262524
15.016814
13.102260
9.174095
11.285376
11.377489
7.948032
11.567732
11.282259
10.662393
21.980160
14.569487
5.052219
16.044268
7.712880
20.155677
33.538624
34.505968
10.511982
16.974651
17.270380
11.175939
38.085698
5.222534
7.963625
11.535291
11.365265
17.389142
9.307282
17.549131
18.617376
10.995784
20.606845
11.541082
8.750418
10.930013
15.780806
8.962649
8.456048
13.188902
15.501870
9.266250
7.617745
28.437109
8.741770
21.703621
17.981606
11.436457
10.395404
5.901580
11.866350
16.281624
11.101351
21.402415
22.810796
9.313122
8.875249
14.067505
16.577489
6.965419
13.946355
13.166787
18.360620
24.158319
19.084503
12.352949
8.931925
17.864181
22.770170
7.911492
4.938897
15.021894
7.475550
11.295790
10.172477
4.360898
8.477440
13.087890
8.965526
11.215968
6.077468
13.325403
14.330009
9.242499
4.322592
19.480057
19.893041
7.822719
6.971112
11.638254
5.522890
4.644359
11.294492
19.523691
10.362940
9.809831
11.051592
20.863298
18.244951
18.600550
21.791315
18.354490
29.971257
8.937582
10.020615
22.117817
16.902297
6.557327
10.100773
14.121717
32.528293
7.950527
7.420640
11.821223
14.676049
13.491303
18.285240
10.516384
8.903826
12.854303
13.094918
12.524753
6.668089
4.178786
28.579045
19.297412
13.112604
10.550609
13.905089
28.892372
8.766762
19.018131
18.742598
15.281295
20.379599
14.376074
11.749748
9.260023
5.553291
15.151347
10.252627
5.127673
4.852870
14.564608
9.144579
19.906425
4.150467
20.737700
6.166356
16.335292
9.889317
10.108556
10.996330
11.653194
16.016570
32.223339
16.682830
11.911344
16.599966
5.399037
20.667971
9.460690
22.042540
5.598145
19.584609
20.519906
13.208322
10.565289
16.628360
12.586973
20.236914
11.653679
7.419232
34.698549
17.051604
8.237076
10.206590
8.054154
17.268081
13.838179
7.103826
17.749827
10.015094
14.955126
14.523935
9.792673
7.956860
19.236999
9.812965
15.829079
13.649695
6.996966
23.059518
9.975105
4.568614
12.512756
8.459939
11.557740
11.236470
10.287579
36.968770
7.536033
9.977059
12.583531
14.374440
55.203186
9.845541
8.012192
5.216131
14.078721
10.944026
14.348538
9.987259
15.323436
13.392500
6.190304
6.085221
7.615377
13.032024
5.956071
7.526907
13.380530
35.624974
11.594224
14.199413
8.087014
24.396783
5.138958
7.398521
11.422312
8.474633
22.004440
8.487029
15.997028
7.276133
6.434067
5.096019
10.759749
15.354719
20.465178
5.007604
7.504803
8.130979
12.328726
6.973130
14.731971
7.519063
6.634562
7.821582
34.037963
9.493169
20.833693
11.023139
9.094974
12.603659
4.416048
16.116582
6.745999
9.975287
15.985433
26.833649
11.726621
7.547948
13.673368
15.026295
10.066272
7.221668
30.745626
29.025378
4.368916
5.864701
8.721347
18.848974
41.975578
29.984779
28.091750
10.121453
6.810923
6.358657
12.086202
18.338252
5.563576
4.349177
17.235859
9.503819
17.786514
5.245714
3.889403
11.218942
17.554834
15.602057
11.492187
5.390130
6.111581
7.487554
12.663705
9.518691
12.333131
11.359812
19.270127
11.523867
6.141836
16.490766
7.704183
11.756194
19.592373
20.213973
6.550203
5.464027
7.999670
4.142405
6.678922
5.783490
6.274659
22.415491
12.505267
37.002880
5.619305
10.395230
13.250841
10.893640
22.191104
5.789241
10.452884
10.282565
21.040871
8.689649
13.167444
8.218987
3.974278
9.044579
9.685416
4.114384
7.083008
10.714994
12.074277
9.751020
7.478885
12.525836
7.908740
8.645729
5.349100
4.106882
6.871372
16.763096
16.979773
14.179286
18.581388
11.273991
6.382255
7.302964
11.619744
9.027217
17.019687
11.248137
28.655588
15.707270
11.408549
8.363370
17.811946
8.948451
16.872784
8.372573
32.253794
9.900199
7.234880
15.856451
14.553392
17.620560
6.527960
20.741053
13.717608
8.094857
33.816867
7.520919
6.396485
13.746109
21.864927
9.609543
4.682471
19.324940
9.682859
37.359783
6.031381
5.047561
23.989236
21.423936
18.509418
8.588686
12.182796
13.332211
16.543295
10.572934
6.223477
15.374046
6.619719
10.874497
19.189504
8.731957
10.477274
26.368911
9.438892
10.644639
16.287841
14.163543
10.234058
15.448398
17.804483
12.581306
7.553477
15.673159
5.221092
6.129639
35.127479
15.599274
16.840541
5.077025
9.547062
26.839607
22.459926
25.572049
9.426591
9.439980
18.155757
4.991514
7.212082
11.215136
8.083996
16.026714
13.931307
16.041569
9.249206
27.051431
21.237474
5.359501
13.591399
4.117464
5.971455
9.616008
14.782745
10.860887
22.205532
7.201940
10.510562
11.306009
10.760528
5.257794
5.516153
13.813265
8.273053
10.237365
8.663379
17.398996
5.822807
12.563076
8.275201
15.205380
18.967965
30.011534
18.673881
8.131881
11.657682
9.653890
10.409319
8.076445
7.796791
24.736542
22.569562
22.180719
4.843171
11.468818
12.442804
18.235031
4.117209
13.297685
16.235341
17.521386
6.184906
3.412302
9.201399
14.215505
9.259800
17.163616
6.909854
7.114595
8.469234
18.311277
10.334408
8.542532
17.344698
14.363258
19.715578
15.354052
19.073948
9.819641
18.492953
12.468877
14.762934
5.867012
12.480190
6.086445
10.596360
7.341474
5.322916
8.721761
3.218534
7.265372
11.971623
9.959307
7.299098
11.918275
11.260816
8.239088
21.173744
7.997246
13.857328
7.682525
10.298958
14.425615
14.583448
12.990029
9.247248
30.329461
17.078260
6.117655
12.738934
12.706657
19.552622
29.290120
19.416958
9.111849
10.771626
9.613364
5.747562
8.760569
12.961073
21.449691
6.424001
10.592511
7.917392
8.587206
17.808727
10.245586
10.998784
7.008522
10.569667
12.727052
21.286130
15.817750
9.539715
9.159555
8.202297
22.015022
12.252693
19.810246
9.427474
7.307217
9.492443
24.457356
14.945353
8.702629
7.772816
14.323902
11.708465
6.805898
8.484603
6.900543
8.425534
6.238257
8.702621
11.455698
13.745698
16.269214
8.986292
13.535815
15.016714
12.630658
16.938211
6.584350
13.271548
10.869002
8.674538
5.325760
4.695323
9.666385
10.595145
11.904063
5.905527
12.877852
13.772470
4.266519
8.514273
10.347257
9.333190
10.454705
6.157508
18.354536
12.346769
19.262073
6.177691
6.595874
12.557517
6.926836
18.216864
18.834060
13.556590
6.715189
4.636791
9.745501
7.233226
11.526098
8.201429
9.560951
13.546361
10.878987
12.915041
3.324476
2.910231
11.819196
5.874856
8.248460
6.861832
17.941231
18.563703
14.046472
9.038607
15.537228
16.934377
4.835687
6.486225
8.063515
6.786455
5.646431
7.270154
26.844423
7.236636
7.082966
10.382360
7.134910
7.414351
12.323710
8.840997
9.669764
23.711696
6.468295
14.746096
14.609221
11.369119
8.967778
12.028441
11.107716
12.830878
10.818992
28.204415
10.679887
16.455657
12.910578
7.412275
15.580309
16.417439
5.974368
11.453548
15.314753
7.731853
8.569869
7.214173
13.027715
8.803606
15.142408
20.575678
13.164356
7.365864
10.634274
14.378254
22.318994
7.133211
16.953692
4.595949
7.269472
18.268680
13.175078
9.242504
7.245486
8.377956
9.204044
14.214949
3.275822
8.035550
11.919876
8.978734
12.961855
9.407810
12.730035
29.760312
24.721505
9.538384
11.305408
5.577188
9.126140
16.938273
24.648469
11.186649
6.065432
4.497842
13.929693
10.295418
10.687240
16.835375
16.177324
14.016037
8.376428
4.598780
10.756030
19.892494
13.182366
18.234409
10.060259
25.134787
7.574587
12.190659
29.568058
7.331525
7.408341
12.874458
26.482623
12.060237
22.120308
21.970060
6.266340
5.842083
12.449845
16.029029
21.436647
13.652176
26.757341
22.894135
26.318655
8.637889
7.634174
7.054154
15.224711
29.848314
17.919937
25.468755
11.066899
13.552401
18.302702
9.034376
9.906514
17.274178
10.948578
7.290568
9.402953
3.959910
10.937418
13.147338
6.472214
11.129384
9.962824
21.624981
7.270313
7.828522
7.125256
6.452888
13.080316
9.453344
6.608411
9.943074
17.704441
25.191188
8.130662
15.760049
12.396640
9.401634
15.741736
27.486205
15.423373
11.675662
4.994877
8.495480
8.046747
8.625934
12.299691
18.223391
9.556578
8.002266
10.061438
33.650425
4.418219
4.763027
19.796554
5.205727
11.280624
10.740253
14.079405
10.104756
11.790955
14.460909
11.606599
15.685877
7.637103
40.494149
19.115742
4.230959
10.775305
11.070265
7.206167
11.390948
11.067108
11.236750
11.636223
8.915865
8.074489
15.957135
3.861718
6.584752
6.128904
12.783139
19.078635
12.925001
12.907748
26.614675
10.576356
14.702855
5.549085
4.528014
9.206803
5.458250
14.625273
19.567104
6.581885
7.242362
5.950329
7.416423
7.967431
9.571214
16.695238
5.677244
12.727239
18.269948
9.887646
9.216238
13.358730
6.862442
13.031312
7.878801
9.743908
11.053219
19.354926
10.727302
7.630630
14.636438
8.871539
7.832321
11.859311
7.357707
23.149257
18.236422
8.250143
6.861360
6.619773
13.076200
10.976361
3.906223
1.877033
10.893889
12.084768
13.214583
14.685777
8.089865
14.526324
10.178320
21.081613
11.932603
11.071158
4.628063
9.852004
11.566153
13.985891
8.462173
8.755585
7.787280
14.327909
16.263050
6.359588
4.749862
10.687974
9.962470
5.154245
11.086643
8.715497
5.789475
8.168401
11.627185
7.173631
5.645755
4.754620
3.989489
9.749183
11.157363
24.858048
15.131052
29.661247
9.874504
10.117393
6.246790
9.628657
12.694232
19.452743
27.328615
17.785706
14.762474
8.803587
6.093832
27.221124
10.757162
7.600959
15.496679
10.178181
4.789946
6.783578
11.496486
19.268153
6.788855
10.279208
11.470334
20.410582
5.793971
9.623430
13.461809
6.018734
16.956141
18.522339
6.989197
9.993780
11.422657
22.099985
10.900947
11.132438
26.132029
8.819475
4.763976
28.557543
10.873014
7.253778
13.542013
17.940709
5.937321
8.256390
11.593294
12.314323
23.190687
12.875602
21.138766
6.867727
7.630352
15.806084
28.895027
15.122877
12.024821
10.069448
7.512794
11.649351
12.759857
27.159881
8.394595
12.335993
5.040693
3.313136
5.119369
20.887566
7.719420
21.558370
9.216138
7.241513
2.760617
10.549265
5.295223
11.100847
6.854844
20.665972
11.274762
12.883541
12.771136
9.575036
17.062786
6.602716
10.472590
12.769701
7.540504
14.418028
12.700215
13.361510
6.138038
11.835237
7.863049
22.098167
4.352669
21.179896
13.526399
15.154942
5.691086
12.587166
36.444919
34.053851
16.963821
20.305044
13.219471
8.707404
11.774065
13.915985
12.667872
9.993508
3.977290
9.117874
20.433345
6.154990
6.332738
7.174247
5.329623
6.417561
12.150743
21.092562
12.501515
6.491675
10.974657
12.050035
7.890925
15.590997
10.877146
14.342077
9.024904
15.724201
9.169367
11.148185
9.369355
14.394246
10.040408
7.911688
6.735267
17.187136
4.539755
8.462943
9.182869
6.238518
8.116149
10.049540
4.279953
9.065080
22.382860
7.352403
13.183093
8.010989
12.979166
5.278264
8.489588
6.686597
7.099239
10.341921
24.770298
11.307312
12.657265
7.733272
33.665199
25.658586
21.647004
12.363970
5.223310
8.647334
15.532786
7.151687
13.005178
8.589947
6.243095
13.295196
7.475135
27.673891
17.338917
16.714704
8.314586
4.523646
23.780652
9.127148
10.243779
13.357799
21.470010
13.948311
14.017844
12.777621
9.848530
15.785773
9.818332
17.082948
15.037035
13.310208
13.967046
17.357414
7.047604
4.687833
26.896706
7.321141
8.769897
5.703405
13.202703
4.621006
3.905192
19.439475
14.604105
7.458345
12.587539
17.983539
14.121352
12.995089
10.019440
19.443740
6.623967
8.710952
20.361538
11.191293
16.997338
13.851484
10.234566
16.566762
5.735109
12.855670
12.606994
9.509048
41.712892
12.753873
5.208243
16.179263
6.592823
9.589180
12.250280
17.973057
40.637789
12.639617
24.447330
5.772181
19.234650
9.529457
5.832854
7.975393
8.214786
26.081312
13.207120
7.764226
28.897928
8.936901
18.283367
7.539173
10.422754
19.658152
7.041990
6.612978
17.710993
19.136247
14.288954
10.576285
5.179117
14.815835
15.341577
9.365122
23.655153
9.737675
21.539344
4.530419
11.247484
6.974914
21.480463
9.187815
9.977966
16.888579
13.395844
10.189617
16.054933
3.935911
17.521899
10.036802
12.055475
16.106590
13.712717
8.240437
10.948413
15.060972
22.940352
7.482137
7.874117
8.279138
10.967583
11.048776
19.855167
15.742730
7.571489
13.244352
12.100401
12.289595
33.433427
11.329009
26.892230
16.749806
11.627200
10.908953
23.606336
6.260535
6.436823
3.738865
18.882399
20.953049
8.991196
7.680096
13.090145
36.886763
5.694298
9.203290
7.357556
17.337298
16.550471
10.022132
3.640504
9.558920
12.292358
7.028340
6.808307
5.412037
6.579097
5.545845
6.375089
8.190798
13.964369
14.463068
13.078091
6.419571
17.334712
9.717208
11.828491
14.118661
4.049199
9.621976
8.127967
9.736604
11.716450
16.632436
18.255427
10.595576
10.202867
19.377174
12.822838
37.408578
13.155987
7.219048
15.014938
8.761342
12.544111
20.324898
8.290063
9.555298
13.873092
19.585319
28.363591
9.336914
9.514064
10.222180
7.480385
20.734422
16.358707
19.703051
4.660015
7.587101
10.426845
4.791600
5.307993
13.357047
21.737081
10.909032
11.939261
8.484492
5.480559
6.555327
5.960576
17.482982
11.984498
4.898635
30.028118
6.561384
20.124820
25.428497
12.098088
9.185238
6.981437
15.895092
6.373705
17.697982
9.678734
18.311983
15.396327
10.656881
13.698801
5.340334
6.777578
13.867461
7.357834
16.726890
15.150583
4.845871
8.106195
21.162570
8.981716
6.414267
16.308972
21.724486
10.901450
13.807104
15.697985
14.626317
20.146911
18.189738
10.939937
16.703759
23.236285
6.172202
4.375678
13.510288
17.239473
12.437923
4.590693
6.639675
17.685148
7.540620
6.769381
5.950780
6.037253
11.931231
7.802009
7.603985
19.714948
8.178105
8.968513
4.990330
4.245782
18.623176
32.033837
6.030119
5.505895
13.458771
17.633810
32.919728
33.334695
10.521748
4.251172
18.219028
11.995185
28.908838
33.045084
10.837970
16.405806
14.072428
8.919055
9.203276
9.574300
11.997761
8.204068
17.571782
21.317163
22.921612
7.041688
6.949498
10.741088
9.125133
3.780582
6.680098
12.177267
19.352612
32.977814
9.784361
7.543313
13.888052
21.083014
13.408469
31.251353
4.389569
5.569639
10.221488
10.836962
35.024779
6.140268
5.653222
7.602453
12.708282
11.281037
12.379222
20.483487
5.987205
6.990075
16.378421
9.294482
10.622991
11.839695
4.441649
5.450783
7.285494
9.775227
6.767686
9.851724
10.114251
18.837391
5.511172
10.789347
6.817445
16.201596
9.524425
13.519308
8.548721
14.755442
15.400766
12.366601
9.154909
4.081981
6.390946
7.330776
14.041117
10.189653
10.785129
16.029491
5.710728
15.287650
11.299725
5.549019
6.770817
7.551388
4.331531
18.069872
13.014017
7.642214
16.387147
16.707350
9.932726
15.318692
4.056683
4.876148
13.789663
25.284447
9.325203
11.038165
12.524837
9.603318
10.047134
15.912325
14.358934
16.194610
13.985645
18.724405
20.154761
7.209159
5.206292
15.036840
21.744785
5.433932
9.157591
11.998200
5.617669
17.198215
7.205277
33.524109
15.941487
24.495664
7.623878
23.061816
14.198287
10.838356
9.158198
15.591505
9.423570
14.021552
8.749436
8.546851
13.366051
22.849901
22.921259
14.103555
8.903690
5.526812
4.760600
9.289353
6.346990
13.125617
15.084263
11.612165
20.360208
3.094986
7.323249
7.300925
8.283808
12.581231
8.951670
6.401918
12.243440
13.394655
14.918919
12.023035
16.483978
13.070680
6.406098
17.153885
16.634148
18.082165
15.330210
19.638512
9.502504
13.724293
29.707875
7.348194
15.201914
13.838307
7.141802
4.295463
4.745049
17.082848
5.752600
6.703556
8.503736
10.815404
8.700441
8.648807
9.921204
8.014144
10.849660
22.777479
11.855024
6.857917
6.350115
10.915377
12.729001
19.908128
13.822634
12.821198
8.963549
4.038051
5.930229
11.582464
17.899979
9.694739
16.334931
7.986269
3.889438
10.737386
16.697086
8.756470
18.397835
7.903512
20.743334
9.686926
6.669034
12.175123
12.096198
9.624226
4.963140
10.260543
9.092723
12.496562
9.953460
8.338077
14.966168
8.110156
6.140820
11.805367
21.353180
4.362054
5.214582
6.440343
15.378180
16.203239
11.182280
7.374608
10.756263
14.362977
11.323021
25.723739
14.865392
5.989401
17.263204
19.404964
7.353919
8.207091
8.072946
4.805920
3.381264
15.090839
8.227230
9.500932
10.098127
11.612845
7.424807
10.033839
10.867763
18.375776
8.339611
3.330959
5.609426
19.092267
9.044751
8.504193
11.058404
7.815744
7.590327
6.064020
8.044430
10.685952
9.139005
20.751352
10.413371
10.376587
12.966353
15.737196
12.702361
7.358766
36.385123
34.317784
5.890171
11.379267
20.844883
10.220671
7.593210
9.045038
4.499261
8.115051
8.250194
9.686794
9.299135
16.454612
9.684885
17.853613
23.218508
11.511523
16.101572
17.384429
19.254125
8.523606
10.720948
17.097883
20.591033
8.989596
6.374042
7.310134
7.590083
17.364731
18.483896
13.633217
10.333287
8.355864
6.986623
11.633523
23.248813
16.322061
22.364193
23.442050
9.652742
22.532250
12.551170
17.444961
13.818930
9.465362
10.949126
12.464227
14.141613
17.061067
12.724917
16.643834
13.996686
11.618549
18.674386
7.672488
15.126589
6.984542
18.957839
16.998731
10.027271
27.766712
7.027101
26.242077
11.595166
14.863919
11.972362
8.864851
14.350027
10.535419
28.099727
25.539763
16.924033
7.174210
22.820987
24.375309
9.611578
7.456835
19.379036
12.628335
20.733882
26.161675
14.778592
8.606327
21.434998
12.955033
14.103865
15.970714
12.467267
15.586067
24.970709
11.843820
12.671999
34.322504
18.025342
13.042352
25.397316
14.624191
49.497592
16.131736
26.220937
10.920251
30.149355
10.678027
22.607379
16.205534
30.481176
15.029016
9.733465
13.169004
11.270972
15.799381
15.028881
16.742331
14.460828
10.928713
26.161819
6.674919
16.059940
19.896312
22.121500
8.783760
16.455801
12.784168
6.727093
20.564644
16.845781
11.053683
14.148421
21.437993
12.408945
9.875120
13.293709
18.725712
31.784685
18.357777
11.532454
5.282834
36.667271
13.571950
12.240540
9.791852
25.942715
34.405983
14.113867
10.979726
7.878089
20.672838
20.554336
13.030173
11.490786
19.565643
15.696962
11.108869
12.735623
23.243197
23.874920
22.241181
8.841900
18.465304
15.420911
18.618487
9.351491
13.428844
23.226074
22.320682
9.337622
9.647112
34.981283
14.239133
5.850481
10.371481
13.307013
12.977149
13.848776
19.952152
10.940091
23.565861
8.545632
14.273850
15.109144
28.636243
17.284354
16.470951
21.278752
12.610321
10.666231
20.446785
6.250967
12.674699
16.808951
37.123574
11.283858
28.780086
31.085329
15.722349
15.985951
15.361422
23.092195
15.111095
19.518276
30.823795
21.050335
21.039733
13.081910
11.675838
28.520289
14.977906
16.272631
9.173126
10.374638
30.044605
11.565083
8.175842
11.355409
21.042813
17.497944
7.996547
11.355686
16.500514
7.141430
15.485662
19.587786
13.922862
23.515464
21.380960
10.292537
15.591046
23.679415
16.489063
41.126128
8.645158
20.613418
10.012374
9.029401
8.366256
16.290671
18.899878
20.309137
6.410037
18.128933
12.992696
11.928467
6.380877
16.169878
21.668887
21.878169
10.256345
7.485402
11.852630
39.289412
18.555625
6.298826
10.766515
6.076199
22.505478
14.856204
16.233901
11.708807
13.499453
11.340534
18.263508
5.627245
8.343117
15.965439
12.875173
15.530702
18.619884
32.851401
17.662788
20.974848
24.393072
25.227834
11.957681
16.906956
20.537142
9.511703
6.309936
14.830458
25.146297
17.688230
28.549671
18.620203
20.469878
16.805168
16.125139
10.743008
25.701123
27.544050
18.579442
11.915938
10.849634
19.259680
16.069343
9.805782
7.981547
16.539812
18.631255
12.291965
12.336159
16.201969
25.801654
22.045073
15.300381
19.237956
34.918500
11.101116
8.740598
9.579592
26.324329
10.337851
20.922621
9.698646
7.706106
8.385285
23.298904
25.084551
5.241553
15.377567
9.753536
27.641802
22.153920
14.805205
15.207742
20.930721
9.715094
45.526052
15.405436
18.272427
24.282874
23.392402
19.952465
6.511395
27.743080
14.148507
11.686103
24.587576
9.109546
6.269501
12.513103
13.814725
6.623585
12.469970
24.352665
10.742328
32.810259
16.286713
12.609899
20.010226
20.322495
15.636034
16.990274
10.874554
21.792546
16.514359
18.234824
11.309258
12.301499
27.395219
27.794622
13.995840
20.034157
13.907823
14.876131
11.238860
16.164389
33.575868
8.704124
18.745345
13.533158
14.678392
12.554707
13.561424
31.612579
18.513470
18.011608
14.036827
9.980009
10.184543
20.532549
11.933856
22.930806
20.660020
24.042673
15.353190
16.315923
22.696652
12.009012
15.336555
16.064119
20.502674
18.082473
11.757284
27.562175
5.784713
36.539534
20.622484
17.829829
12.205798
9.520804
9.995690
13.186409
5.382185
15.339041
19.219597
22.071816
7.814795
20.725934
8.117126
21.376603
26.402932
9.296234
20.882096
14.067674
20.961380
17.161236
9.914489
13.417532
16.624067
12.353358
21.002481
14.801462
12.448575
24.533340
10.583606
20.214128
25.104745
5.725089
6.272559
7.211585
20.424377
