# frame percolation_dimension largest_cluster num_molecules
0 0 0 0
1 0 0 0
2 0 0 0
3 0 0 0
4 0 0 0
5 0 0 0
6 0 0 0
7 0 0 0
8 0 0 0
9 0 0 0
10 0 0 0
11 0 0 0
12 0 0 0
13 0 0 0
14 0 0 0
15 0 0 0
16 0 0 0
17 0 0 0
18 0 0 0
19 0 0 0
20 0 0 0
21 0 0 0
22 0 0 0
23 0 0 0
24 0 0 0
25 0 0 0
26 0 0 0
27 0 0 0
28 0 0 0
29 0 0 0
30 0 0 0
31 0 0 0
32 0 0 0
33 0 0 0
34 0 0 0
35 0 0 0
36 0 0 0
37 0 0 0
38 0 0 0
39 0 0 0
40 0 0 0
41 0 0 0
42 0 0 0
43 0 0 0
44 0 0 0
45 0 0 0
46 0 0 0
47 0 0 0
48 0 0 0
49 0 0 0
50 0 0 0
51 0 0 0
52 0 0 0
53 0 0 0
54 0 0 0
55 0 0 0
56 0 0 0
57 0 0 0
58 0 0 0
59 0 0 0
60 0 0 0
61 0 0 0
62 1 9304 9131
63 1 9502 9022
64 1 9951 8914
65 1 10386 8821
66 1 10547 8723
67 1 11213 8639
68 1 19270 8562
69 3 20260 8485
70 3 20574 8390
71 3 20903 8321
72 3 21674 8232
73 3 21993 8147
74 3 22344 8075
75 3 22740 7971
76 3 23384 7890
77 3 24676 7810
78 3 24931 7732
79 3 25129 7659
80 3 25421 7574
81 3 25817 7484
82 3 26085 7400
83 3 26337 7323
84 3 26685 7246
85 3 27573 7175
86 3 27816 7104
87 3 28019 7033
88 3 28532 6985
89 3 29495 6931
90 3 29836 6859
91 3 30214 6790
92 3 30522 6733
93 3 30662 6680
94 3 30844 6638
95 3 31228 6579
96 3 31356 6538
97 3 31713 6465
98 3 32548 6406
99 3 32860 6356
100 3 33094 6305
101 3 33242 6252
102 3 33561 6197
103 3 33675 6156
104 3 33834 6116
105 3 34097 6065
106 3 34321 6010
107 3 34901 5968
108 3 35237 5921
109 3 35445 5892
110 3 35490 5866
111 3 35667 5824
112 3 36047 5786
113 3 36392 5741
114 3 36513 5711
115 3 36658 5676
116 3 36817 5634
117 3 36914 5601
118 3 37118 5567
119 3 37235 5532
120 3 37400 5500
121 3 37504 5468
122 3 37701 5427
123 3 37868 5393
124 3 38015 5364
125 3 38256 5329
126 3 38575 5300
127 3 38624 5275
128 3 38743 5250
129 3 39031 5208
130 3 39177 5179
131 3 39263 5154
132 3 39419 5127
133 3 39528 5099
134 3 39622 5077
135 3 39893 5055
136 3 40044 5030
137 3 40282 5004
138 3 40556 4975
139 3 40672 4952
140 3 40774 4924
141 3 40870 4900
142 3 40991 4874
143 3 41095 4848
144 3 41157 4830
145 3 41352 4804
146 3 41421 4780
147 3 41509 4746
148 3 41647 4717
149 3 41697 4698
150 3 41784 4675
151 3 41829 4657
152 3 41993 4634
153 3 42134 4610
154 3 42197 4591
155 3 42339 4574
156 3 42445 4547
157 3 42691 4519
158 3 42760 4502
159 3 42908 4475
160 3 42991 4451
161 3 43169 4432
162 3 43224 4411
163 3 43260 4393
164 3 43374 4365
165 3 43524 4336
166 3 43609 4312
167 3 43646 4286
168 3 43713 4264
169 3 43866 4243
170 3 43919 4220
171 3 44018 4208
172 3 44225 4189
173 3 44286 4179
174 3 44352 4160
175 3 44394 4138
176 3 44419 4126
177 3 44482 4112
178 3 44594 4092
179 3 44613 4084
180 3 44631 4077
181 3 44667 4066
182 3 44731 4047
183 3 44770 4034
184 3 44818 4021
185 3 44890 4002
186 3 44974 3991
187 3 45109 3972
188 3 45127 3963
189 3 45155 3952
190 3 45177 3942
191 3 45215 3931
192 3 45242 3923
193 3 45301 3910
194 3 45371 3903
195 3 45422 3887
196 3 45507 3876
197 3 45541 3867
198 3 45601 3856
199 3 45642 3844
200 3 45662 3838
201 3 45693 3829
202 3 45722 3817
203 3 45814 3800
204 3 45915 3784
205 3 45947 3773
206 3 45966 3767
207 3 45981 3759
208 3 46013 3753
209 3 46039 3741
210 3 46061 3731
211 3 46120 3722
212 3 46154 3715
213 3 46178 3708
214 3 46207 3696
215 3 46390 3687
216 3 46483 3666
217 3 46520 3658
218 3 46591 3645
219 3 46599 3641
220 3 46650 3637
221 3 46690 3625
222 3 46740 3612
223 3 46761 3605
224 3 46894 3596
225 3 46923 3588
226 3 46939 3583
227 3 46981 3569
228 3 46991 3560
229 3 47025 3548
230 3 47038 3540
231 3 47058 3528
232 3 47243 3517
233 3 47395 3504
234 3 47401 3499
235 3 47417 3494
236 3 47448 3485
237 3 47480 3477
238 3 47488 3472
239 3 47523 3463
240 3 47547 3457
241 3 47578 3448
242 3 47608 3442
243 3 47636 3428
244 3 47673 3420
245 3 47696 3409
246 3 47707 3403
247 3 47734 3397
248 3 47758 3389
249 3 47825 3377
250 3 47910 3373
251 3 47931 3363
252 3 47962 3355
253 3 48000 3344
254 3 48010 3338
255 3 48040 3326
256 3 48076 3316
257 3 48102 3312
258 3 48117 3307
259 3 48140 3302
260 3 48153 3297
261 3 48195 3287
262 3 48205 3281
263 3 48209 3277
264 3 48348 3269
265 3 48413 3262
266 3 48507 3257
267 3 48522 3254
268 3 48536 3249
269 3 48546 3245
270 3 48561 3242
271 3 48567 3240
272 3 48573 3237
273 3 48584 3231
274 3 48634 3225
275 3 48642 3222
276 3 48684 3215
277 3 48696 3211
278 3 48774 3207
279 3 48799 3202
280 3 48803 3200
281 3 48864 3197
282 3 48868 3194
283 3 48868 3193
284 3 48903 3189
285 3 48910 3186
286 3 48938 3182
287 3 48942 3180
288 3 48944 3178
289 3 48952 3175
290 3 48956 3173
291 3 48971 3169
292 3 48983 3164
293 3 49006 3160
294 3 49031 3156
295 3 49042 3153
296 3 49060 3148
297 3 49092 3143
298 3 49096 3141
299 3 49123 3136
300 3 49127 3133
301 3 49200 3125
302 3 49232 3113
303 3 49249 3105
304 3 49295 3096
305 3 49352 3092
306 3 49357 3090
307 3 49381 3084
308 3 49436 3080
309 3 49472 3072
310 3 49500 3063
311 3 49512 3059
312 3 49580 3054
313 3 49602 3048
314 3 49630 3040
315 3 49643 3034
316 3 49670 3025
317 3 49679 3022
318 3 49687 3017
319 3 49707 3011
320 3 49709 3010
321 3 49728 3005
322 3 49732 3003
323 3 49761 2998
324 3 49822 2990
325 3 49842 2987
326 3 49852 2983
327 3 49874 2978
328 3 49907 2972
329 3 49923 2969
330 3 49931 2966
331 3 49935 2964
332 3 49946 2961
333 3 49957 2959
334 3 50049 2953
335 3 50049 2953
336 3 50143 2950
337 3 50163 2946
338 3 50169 2945
339 3 50169 2943
340 3 50189 2939
341 3 50201 2934
342 3 50215 2931
343 3 50219 2928
344 3 50228 2926
345 3 50232 2924
346 3 50264 2921
347 3 50272 2919
348 3 50274 2917
349 3 50290 2912
350 3 50305 2906
351 3 50368 2901
352 3 50394 2898
353 3 50425 2895
354 3 50435 2890
355 3 50493 2881
356 3 50503 2876
357 3 50507 2875
358 3 50517 2872
359 3 50523 2868
360 3 50529 2867
361 3 50545 2861
362 3 50586 2856
363 3 50590 2852
364 3 50590 2852
365 3 50592 2851
366 3 50602 2847
367 3 50618 2843
368 3 50624 2840
369 3 50632 2837
370 3 50639 2834
371 3 50681 2831
372 3 50687 2827
373 3 50720 2821
374 3 50726 2819
375 3 50738 2817
376 3 50791 2813
377 3 50813 2810
378 3 50832 2806
379 3 50832 2805
380 3 50836 2803
381 3 50836 2803
382 3 50877 2796
383 3 50883 2794
384 3 50895 2791
385 3 50907 2786
386 3 50907 2786
387 3 50907 2785
388 3 50933 2783
389 3 50935 2781
390 3 50993 2777
391 3 50995 2776
392 3 51003 2773
393 3 51007 2771
394 3 51009 2769
395 3 51027 2765
396 3 51036 2764
397 3 51042 2759
398 3 51048 2757
399 3 51050 2756
