frame conversion largest_molecule average_molecule
0 0.0000000000000000 22.0000000000000000 3.3327892044836216
1 0.0113722929589727 30.0000000000000000 3.3711266442842205
2 0.0220372184133203 34.0000000000000000 3.4078896121960720
3 0.0342257046468604 38.0000000000000000 3.4508986421770240
4 0.0447818043312656 52.0000000000000000 3.4890344631159214
5 0.0558820328653825 52.0000000000000000 3.5300559045588149
6 0.0665469583197301 69.0000000000000000 3.5703876420868550
7 0.0769398193492219 79.0000000000000000 3.6105871256779061
8 0.0871694417238002 79.0000000000000000 3.6510491177873150
9 0.0966916965937534 87.0000000000000000 3.6895367748930785
10 0.1072477962781587 87.0000000000000000 3.7331626744682147
11 0.1173141799978235 89.0000000000000000 3.7757366539267663
12 0.1264555446729786 97.0000000000000000 3.8152485361903574
13 0.1363042768527587 107.0000000000000000 3.8587538587538588
14 0.1461530090325389 117.0000000000000000 3.9032628090746879
15 0.1563826314071172 125.0000000000000000 3.9505933952528380
16 0.1662857764718685 129.0000000000000000 3.9975199060174913
17 0.1759168571117641 211.0000000000000000 4.0442390227797951
18 0.1860376537164000 211.0000000000000000 4.0945250350959288
19 0.1963216889759495 221.0000000000000000 4.1469194312796205
20 0.2066057242354990 221.0000000000000000 4.2006721075372058
21 0.2168353466100773 239.0000000000000000 4.2555408879316339
22 0.2271193818696267 245.0000000000000000 4.3121655871585469
23 0.2357710305800413 249.0000000000000000 4.3609825560697759
24 0.2445859179453695 258.0000000000000000 4.4118706331484550
25 0.2529110893459571 277.0000000000000000 4.4610342316096139
26 0.2617803895962564 287.0000000000000000 4.5146310901452056
27 0.2708673413864403 289.0000000000000000 4.5708955223880601
28 0.2797910545217107 299.0000000000000000 4.6275309761257182
29 0.2872456197627598 618.0000000000000000 4.6759294602641424
30 0.2954075525084340 628.0000000000000000 4.7300949880299639
31 0.3035694852541082 632.0000000000000000 4.7855301195405895
32 0.3106431603003591 632.0000000000000000 4.8346357249980265
33 0.3179888997714659 640.0000000000000000 4.8867081538216048
34 0.3252258134726303 644.0000000000000000 4.9391178130795907
35 0.3325171400587659 648.0000000000000000 4.9930708404662916
36 0.3398084666449015 681.0000000000000000 5.0482156103189650
37 0.3478615736206334 681.0000000000000000 5.1105548602419688
38 0.3548808357819132 681.0000000000000000 5.1661605937921724
39 0.3616824464033083 687.0000000000000000 5.2212087631062998
40 0.3696811404940690 687.0000000000000000 5.2874654696132595
41 0.3773533572750027 704.0000000000000000 5.3526173206327012
42 0.3838829034715421 708.0000000000000000 5.4093438134769940
43 0.3906301012079660 710.0000000000000000 5.4692383248504335
44 0.3984655566438133 910.0000000000000000 5.5404794210764363
45 0.4055936445750354 1026.0000000000000000 5.6069205419260344
46 0.4119599521166612 1030.0000000000000000 5.6676228370500601
47 0.4185439111981717 1030.0000000000000000 5.7317986150102938
48 0.4244205027750571 1601.0000000000000000 5.7903195311022877
49 0.4299162041571444 1619.0000000000000000 5.8461391619738476
50 0.4352486668843182 1660.0000000000000000 5.9013392427016091
51 0.4422135161606268 1805.0000000000000000 5.9750268266510584
52 0.4484709979323104 1912.0000000000000000 6.0428176795580111
53 0.4544564152791381 1929.0000000000000000 6.1091162976261719
54 0.4603874197409947 1942.0000000000000000 6.1762629827568825
55 0.4666449015126782 2434.0000000000000000 6.2487247500510099
56 0.4721406028947655 4087.0000000000000000 6.3137820843212040
57 0.4773098269670258 4200.0000000000000000 6.3762231938371849
58 0.4835128958537382 4230.0000000000000000 6.4528023598820061
59 0.4881924039612580 5494.0000000000000000 6.5118009780990853
60 0.4933072151485472 7296.0000000000000000 6.5775343642611688
61 0.4983676134508652 9159.0000000000000000 6.6438876233864841
62 0.5033735988682120 9304.0000000000000000 6.7108578941601840
63 0.5093046033300686 9502.0000000000000000 6.7919716123308937
64 0.5151811949069540 9951.0000000000000000 6.8742985409652073
65 0.5202415932092720 10386.0000000000000000 6.9468073040716796
66 0.5255740559364458 10547.0000000000000000 7.0248881752494556
67 0.5301447382740233 11213.0000000000000000 7.0932252460914880
68 0.5343345304168027 19270.0000000000000000 7.1570460387941104
69 0.5385243225595822 20260.0000000000000000 7.2220257045159766
70 0.5436935466318424 20574.0000000000000000 7.3038397328881466
71 0.5474480356948526 20903.0000000000000000 7.3644342912107730
72 0.5522907824572859 21674.0000000000000000 7.4440933398152653
73 0.5569158776798346 21993.0000000000000000 7.5217978631953821
74 0.5608336053977582 22344.0000000000000000 7.5888985255854289
75 0.5664925454347589 22740.0000000000000000 7.6879628467428143
76 0.5708999891174230 23384.0000000000000000 7.7669287344661422
77 0.5752530199151159 24676.0000000000000000 7.8465283115552138
78 0.5794972249428665 24931.0000000000000000 7.9257246376811592
79 0.5834693655457612 25129.0000000000000000 8.0013063357282821
80 0.5880944607683100 25421.0000000000000000 8.0911492734478205
81 0.5929916204157144 25817.0000000000000000 8.1885026737967923
82 0.5975623027532920 26085.0000000000000000 8.2815035154137373
83 0.6017520948960714 26337.0000000000000000 8.3686295942068583
84 0.6059418870388508 26685.0000000000000000 8.4576083954708636
85 0.6098052018718032 27573.0000000000000000 8.5413470924557249
86 0.6136685167047556 27816.0000000000000000 8.6267605633802820
87 0.6175318315377081 28019.0000000000000000 8.7138995589699810
88 0.6201436500163239 28532.0000000000000000 8.7738146397364272
89 0.6230819458047666 29495.0000000000000000 8.8422116356286988
90 0.6269996735226901 29836.0000000000000000 8.9350838803792847
91 0.6307541625857003 30214.0000000000000000 9.0259357500736819
92 0.6338556970290565 30522.0000000000000000 9.1023926289196009
93 0.6367395799325281 30662.0000000000000000 9.1746554823247450
94 0.6390249211013168 30844.0000000000000000 9.2327404280976779
95 0.6422352813146153 31228.0000000000000000 9.3155893536121681
96 0.6444662095984329 31356.0000000000000000 9.3740434649525550
97 0.6484383502013277 31713.0000000000000000 9.4799566630552548
98 0.6516487104146261 32548.0000000000000000 9.5673227116526078
99 0.6543693546631842 32860.0000000000000000 9.6426322418136028
100 0.6571444117967135 33094.0000000000000000 9.7206792572607519
101 0.6600282947001850 33242.0000000000000000 9.8031370038412291
102 0.6630210033735988 33561.0000000000000000 9.8901986113353786
103 0.6652519316574165 33675.0000000000000000 9.9561118335500645
104 0.6674284470562629 33834.0000000000000000 10.0212696335078526
105 0.6702035041897921 34097.0000000000000000 10.1055931364461316
106 0.6731962128632060 34321.0000000000000000 10.1981351981351978
107 0.6754815540319947 34901.0000000000000000 10.2699530516431921
108 0.6780389596256393 35237.0000000000000000 10.3515294912962652
109 0.6796169332898030 35445.0000000000000000 10.4025135869565215
110 0.6810316682990533 35490.0000000000000000 10.4486523370863189
111 0.6833170094678420 35667.0000000000000000 10.5240549828178693
112 0.6853846990967462 36047.0000000000000000 10.5932203389830502
113 0.6878332789204483 36392.0000000000000000 10.6763116611469417
114 0.6894656654695832 36513.0000000000000000 10.7324338531627834
115 0.6913701164435738 36658.0000000000000000 10.7986600846262348
116 0.6936554576123626 36817.0000000000000000 10.8792184724689172
117 0.6954510828164109 36914.0000000000000000 10.9433625156333747
118 0.6973011209054304 37118.0000000000000000 11.0102462699982020
119 0.6992055718794210 37235.0000000000000000 11.0799565846599126
120 0.7009467841984982 37400.0000000000000000 11.1444687045123718
121 0.7026879965175754 37504.0000000000000000 11.2097364568081996
122 0.7049189248013930 37701.0000000000000000 11.2944864466162649
123 0.7067689628904125 37868.0000000000000000 11.3657450361848209
124 0.7083469365545761 38015.0000000000000000 11.4272388059701484
125 0.7102513875285668 38256.0000000000000000 11.5023474178403760
126 0.7118293611927304 38575.0000000000000000 11.5653323262839880
127 0.7131896833170095 38624.0000000000000000 11.6201859229747679
128 0.7145500054412885 38743.0000000000000000 11.6755623332062530
129 0.7168353466100773 39031.0000000000000000 11.7697924673328203
130 0.7184133202742410 39177.0000000000000000 11.8357487922705307
131 0.7197736423985199 39263.0000000000000000 11.8932038834951452
132 0.7212427902927413 39419.0000000000000000 11.9558852235018538
133 0.7227663510719339 39528.0000000000000000 12.0215897939156040
134 0.7239634345412994 39622.0000000000000000 12.0737236349300225
135 0.7251605180106649 39893.0000000000000000 12.1263116214610971
136 0.7265208401349440 40044.0000000000000000 12.1866295264623954
137 0.7279355751441942 40282.0000000000000000 12.2500000000000000
138 0.7295135488083578 40556.0000000000000000 12.3214644940655802
139 0.7307650451626945 40672.0000000000000000 12.3787388843977357
140 0.7322886059418870 40774.0000000000000000 12.4491869918699187
141 0.7335945151811949 40870.0000000000000000 12.5102124183006538
142 0.7350092501904451 40991.0000000000000000 12.5770020533880906
143 0.7364239851996953 41095.0000000000000000 12.6445086705202314
144 0.7374034171291762 41157.0000000000000000 12.6916701201823461
145 0.7388181521384264 41352.0000000000000000 12.7604166666666661
146 0.7401240613777342 41421.0000000000000000 12.8245393634840870
147 0.7419740994667537 41509.0000000000000000 12.9164909320961616
148 0.7435520731309174 41647.0000000000000000 12.9959685974962866
149 0.7445859179453694 41697.0000000000000000 13.0485726459309763
150 0.7458374142997062 41784.0000000000000000 13.1128238064654248
151 0.7468168462291871 41829.0000000000000000 13.1635503975929513
152 0.7480683425835237 41993.0000000000000000 13.2289416846652266
153 0.7493742518228317 42134.0000000000000000 13.2978723404255312
154 0.7504080966372837 42197.0000000000000000 13.3529540004360143
155 0.7513331156817934 42339.0000000000000000 13.4026258205689270
156 0.7528022635760148 42445.0000000000000000 13.4822804314329741
157 0.7543258243552073 42691.0000000000000000 13.5658914728682163
158 0.7552508433997170 42760.0000000000000000 13.6171631836371727
159 0.7567199912939384 42908.0000000000000000 13.6993961082531879
160 0.7580259005332463 42991.0000000000000000 13.7733303350573415
161 0.7590597453476984 43169.0000000000000000 13.8324299909665758
162 0.7602024159320927 43224.0000000000000000 13.8983435443612429
163 0.7611818478615736 43260.0000000000000000 13.9553429027113243
164 0.7627054086407661 43374.0000000000000000 14.0449438202247183
165 0.7642833823049298 43524.0000000000000000 14.1389658356417360
166 0.7655892915442377 43609.0000000000000000 14.2177344475394616
167 0.7670040265534879 43646.0000000000000000 14.3040635217188221
168 0.7682011100228534 43713.0000000000000000 14.3779342723004699
169 0.7693437806072478 43866.0000000000000000 14.4491625383345124
170 0.7705952769615845 43919.0000000000000000 14.5279886148007584
171 0.7712482315812385 44018.0000000000000000 14.5694576593720271
172 0.7722820763956905 44225.0000000000000000 14.6356033452807655
173 0.7728262052454021 44286.0000000000000000 14.6706586826347305
174 0.7738600500598541 44352.0000000000000000 14.7377285851780560
175 0.7750571335292197 44394.0000000000000000 14.8161586840832129
176 0.7757100881488737 44419.0000000000000000 14.8592916060164963
177 0.7764718685384699 44482.0000000000000000 14.9099318403115877
178 0.7775601262378932 44594.0000000000000000 14.9828767123287676
179 0.7779954293176624 44613.0000000000000000 15.0122549019607838
180 0.7783763195124606 44631.0000000000000000 15.0380554873557575
181 0.7789748612471433 44667.0000000000000000 15.0787789266371242
182 0.7800087060615953 44731.0000000000000000 15.1496413554291376
183 0.7807160735662205 44770.0000000000000000 15.1985111662531018
184 0.7814234410708456 44818.0000000000000000 15.2476972865322384
185 0.7824572858852976 44890.0000000000000000 15.3201600800400204
186 0.7830558276199804 44974.0000000000000000 15.3624278906445948
187 0.7840896724344325 45109.0000000000000000 15.4359879032258061
188 0.7845793883991730 45127.0000000000000000 15.4710785551907044
189 0.7851779301338557 45155.0000000000000000 15.5141843971631204
190 0.7857220589835673 45177.0000000000000000 15.5535804977145755
191 0.7863206007182501 45215.0000000000000000 15.5971479500891270
192 0.7867559037980194 45242.0000000000000000 15.6289869864761410
193 0.7874632713026445 45301.0000000000000000 15.6810035842293907
194 0.7878441614974426 45371.0000000000000000 15.7091561938958701
195 0.7887147676569811 45422.0000000000000000 15.7738861704867368
196 0.7893133093916640 45507.0000000000000000 15.8186983471074374
197 0.7898030253564043 45541.0000000000000000 15.8555526792648198
198 0.7904015670910872 45601.0000000000000000 15.9008307372793354
199 0.7910545217107411 45642.0000000000000000 15.9505208333333339
200 0.7913809990205680 45662.0000000000000000 15.9754825247782986
201 0.7918707149853085 45693.0000000000000000 16.0130718954248366
202 0.7925236696049625 45722.0000000000000000 16.0634670862837652
203 0.7934486886494722 45814.0000000000000000 16.1354056902002121
204 0.7943192948090108 45915.0000000000000000 16.2037037037037024
205 0.7949178365436935 45947.0000000000000000 16.2509949588750331
206 0.7952443138535206 45966.0000000000000000 16.2769067233590228
207 0.7956796169332898 45981.0000000000000000 16.3115845539280961
208 0.7960060942431167 46013.0000000000000000 16.3376900506801803
209 0.7966590488627707 46039.0000000000000000 16.3901525287663894
210 0.7972031777124823 46061.0000000000000000 16.4341293265360875
211 0.7976928936772227 46120.0000000000000000 16.4739107046799340
212 0.7980737838720209 46154.0000000000000000 16.5049851791969822
213 0.7984546740668190 46178.0000000000000000 16.5361771058315341
214 0.7991076286864730 46207.0000000000000000 16.5899241603466940
215 0.7995973446512135 46390.0000000000000000 16.6304642954113504
216 0.8007400152356078 46483.0000000000000000 16.7258328782086281
217 0.8011753183153770 46520.0000000000000000 16.7624521072796924
218 0.8018826858200022 46591.0000000000000000 16.8223015655039809
219 0.8021003373598868 46599.0000000000000000 16.8408028594995862
220 0.8023179888997715 46650.0000000000000000 16.8593448940269752
221 0.8029709435194254 46690.0000000000000000 16.9152167909417273
222 0.8036783110240505 46740.0000000000000000 16.9761640798226168
223 0.8040592012188487 46761.0000000000000000 17.0091641210774789
224 0.8045489171835891 46894.0000000000000000 17.0517817371937639
225 0.8049842202633584 46923.0000000000000000 17.0898437500000000
226 0.8052562846882142 46939.0000000000000000 17.1137189158982963
227 0.8060180650778104 46981.0000000000000000 17.1809256661991583
228 0.8065077810425508 46991.0000000000000000 17.2244094488188964
229 0.8071607356622048 47025.0000000000000000 17.2827313769751676
230 0.8075960387419741 47038.0000000000000000 17.3218325791855214
231 0.8082489933616280 47058.0000000000000000 17.3808172531214531
232 0.8088475350963108 47243.0000000000000000 17.4352405351551383
233 0.8095549026009359 47395.0000000000000000 17.5000000000000000
234 0.8098269670257917 47401.0000000000000000 17.5250357653791120
235 0.8100990314506475 47417.0000000000000000 17.5501432664756436
236 0.8105887474153880 47448.0000000000000000 17.5955185291582872
237 0.8110240504951572 47480.0000000000000000 17.6360495249064222
238 0.8112961149200131 47488.0000000000000000 17.6614763552479808
239 0.8117858308847535 47523.0000000000000000 17.7074298930326677
240 0.8121123081945805 47547.0000000000000000 17.7381986678250811
241 0.8126020241593209 47578.0000000000000000 17.7845528455284558
242 0.8129285014691479 47608.0000000000000000 17.8155904595695169
243 0.8136902818587441 47636.0000000000000000 17.8884345794392523
244 0.8141255849385134 47673.0000000000000000 17.9303278688524586
245 0.8147241266731962 47696.0000000000000000 17.9882525697503688
246 0.8150506039830232 47707.0000000000000000 18.0200058840835524
247 0.8153770812928501 47734.0000000000000000 18.0518715001473637
248 0.8158123843726194 47758.0000000000000000 18.0945347119645490
249 0.8164653389922734 47825.0000000000000000 18.1589089831010959
250 0.8166829905321580 47910.0000000000000000 18.1804689818937355
251 0.8172271193818696 47931.0000000000000000 18.2345936290562669
252 0.8176624224616389 47962.0000000000000000 18.2781259325574439
253 0.8182609641963217 48000.0000000000000000 18.3383233532934149
254 0.8185874415061487 48010.0000000000000000 18.3713257348530306
255 0.8192403961258026 48040.0000000000000000 18.4376881396748935
256 0.8197845249755142 48076.0000000000000000 18.4933574879227045
257 0.8200021765153989 48102.0000000000000000 18.5157194679564689
258 0.8202742409402547 48117.0000000000000000 18.5437481077808037
259 0.8205463053651104 48140.0000000000000000 18.5718617343844770
260 0.8208183697899663 48153.0000000000000000 18.6000607348921960
261 0.8213624986396779 48195.0000000000000000 18.6567164179104488
262 0.8216889759495049 48205.0000000000000000 18.6908758010375351
263 0.8219066274893895 48209.0000000000000000 18.7137183012526727
264 0.8223419305691588 48348.0000000000000000 18.7595712098009173
265 0.8227228207639569 48413.0000000000000000 18.7998772252915884
266 0.8229948851888127 48507.0000000000000000 18.8287734399016280
267 0.8231581238437262 48522.0000000000000000 18.8461538461538467
268 0.8234301882685821 48536.0000000000000000 18.8751926040061626
269 0.8236478398084667 48546.0000000000000000 18.8984881209503257
270 0.8238110784633801 48561.0000000000000000 18.9159975293390978
271 0.8239199042333224 48567.0000000000000000 18.9276885043263299
272 0.8240831428882359 48573.0000000000000000 18.9452520878441071
273 0.8244096201980629 48584.0000000000000000 18.9804772234273322
274 0.8247360975078899 48634.0000000000000000 19.0158335920521573
275 0.8248993361628033 48642.0000000000000000 19.0335612181479163
276 0.8252802263576015 48684.0000000000000000 19.0750545001557157
277 0.8254978778974861 48696.0000000000000000 19.0988462737761147
278 0.8257155294373708 48774.0000000000000000 19.1226974711208229
279 0.8259875938622265 48799.0000000000000000 19.1525953721075659
280 0.8260964196321688 48803.0000000000000000 19.1645807259073848
281 0.8262596582870824 48864.0000000000000000 19.1825869088631364
282 0.8264228969419959 48868.0000000000000000 19.2006269592476499
283 0.8264773098269670 48868.0000000000000000 19.2066478519912209
284 0.8266949613668517 48903.0000000000000000 19.2307692307692299
285 0.8268582000217651 48910.0000000000000000 19.2489000628535507
286 0.8270758515616498 48938.0000000000000000 19.2731277533039638
287 0.8271846773315921 48942.0000000000000000 19.2852644836272056
288 0.8272935031015345 48944.0000000000000000 19.2974165091367347
289 0.8274567417564479 48952.0000000000000000 19.3156732891832235
290 0.8275655675263902 48956.0000000000000000 19.3278636793941310
291 0.8277832190662749 48971.0000000000000000 19.3522906793048968
292 0.8280552834911307 48983.0000000000000000 19.3829113924050631
293 0.8282729350310153 49006.0000000000000000 19.4074778200253490
294 0.8284905865709000 49031.0000000000000000 19.4321065989847703
295 0.8286538252258134 49042.0000000000000000 19.4506192442045105
296 0.8289258896506693 49060.0000000000000000 19.4815521628498729
297 0.8291979540755251 49092.0000000000000000 19.5125836253583955
298 0.8293067798454674 49096.0000000000000000 19.5250239081925407
299 0.8295788442703232 49123.0000000000000000 19.5561941251596423
300 0.8297420829252367 49127.0000000000000000 19.5749440715883658
301 0.8301773860050060 49200.0000000000000000 19.6251201537968605
302 0.8308303406246599 49232.0000000000000000 19.7008684464458028
303 0.8312656437044292 49249.0000000000000000 19.7516930022573369
304 0.8317553596691697 49295.0000000000000000 19.8091849935316944
305 0.8319730112090543 49352.0000000000000000 19.8348445595854912
306 0.8320818369789966 49357.0000000000000000 19.8476992871030475
307 0.8324083142888236 49381.0000000000000000 19.8863636363636367
308 0.8326259658287083 49436.0000000000000000 19.9122236671001289
309 0.8330612689084775 49472.0000000000000000 19.9641460234680572
310 0.8335509848732180 49500.0000000000000000 20.0228832951945073
311 0.8337686364131026 49512.0000000000000000 20.0490998363338804
312 0.8340407008379584 49580.0000000000000000 20.0819672131147549
313 0.8343671781477854 49602.0000000000000000 20.1215505913271997
314 0.8348024812275547 49630.0000000000000000 20.1745718050065861
315 0.8351289585373817 49643.0000000000000000 20.2145214521452132
316 0.8356186745021221 49670.0000000000000000 20.2747434624296581
317 0.8357819131570355 49679.0000000000000000 20.2948972829688543
318 0.8360539775818914 49687.0000000000000000 20.3285761699303009
319 0.8363804548917183 49707.0000000000000000 20.3691386764216844
320 0.8364348677766895 49709.0000000000000000 20.3759148369926812
321 0.8367069322015454 49728.0000000000000000 20.4098633788737089
322 0.8368157579714877 49732.0000000000000000 20.4234744914971671
323 0.8370878223963435 49761.0000000000000000 20.4575818303273209
324 0.8375231254761127 49822.0000000000000000 20.5123911587407903
325 0.8376863641310263 49842.0000000000000000 20.5330204492122022
326 0.8379040156709109 49852.0000000000000000 20.5605908022826469
327 0.8381760800957667 49874.0000000000000000 20.5951580363147286
328 0.8385025574055937 49907.0000000000000000 20.6367924528301891
329 0.8386657960605072 49923.0000000000000000 20.6576728499156843
330 0.8388290347154206 49931.0000000000000000 20.6785955435516549
331 0.8389378604853629 49935.0000000000000000 20.6925675675675684
332 0.8391010991402764 49946.0000000000000000 20.7135610415962113
333 0.8392099249102187 49957.0000000000000000 20.7275803722504222
334 0.8395364022200457 50049.0000000000000000 20.7697524584604949
335 0.8395364022200457 50049.0000000000000000 20.7697524584604949
336 0.8396996408749592 50143.0000000000000000 20.7909029192124919
337 0.8399172924148438 50163.0000000000000000 20.8191706322229777
338 0.8399717052998150 50169.0000000000000000 20.8262495749744971
339 0.8400805310697573 50169.0000000000000000 20.8404219122150387
340 0.8402981826096420 50189.0000000000000000 20.8688245315161822
341 0.8405702470344978 50201.0000000000000000 20.9044368600682589
342 0.8407334856894112 50215.0000000000000000 20.9258626580116172
343 0.8408967243443247 50219.0000000000000000 20.9473324213406293
344 0.8410055501142670 50228.0000000000000000 20.9616700889801493
345 0.8411143758842093 50232.0000000000000000 20.9760273972602747
346 0.8412776145391229 50264.0000000000000000 20.9976002742543706
347 0.8413864403090652 50272.0000000000000000 21.0120068610634654
348 0.8414952660790075 50274.0000000000000000 21.0264332303467221
349 0.8417673305038633 50290.0000000000000000 21.0625859697386524
350 0.8420938078136903 50305.0000000000000000 21.1061337008959349
351 0.8423658722385461 50368.0000000000000000 21.1425612702796002
352 0.8425291108934596 50394.0000000000000000 21.1644782308223895
353 0.8426923495483730 50425.0000000000000000 21.1864406779661003
354 0.8429644139732289 50435.0000000000000000 21.2231462231462231
355 0.8434541299379693 50493.0000000000000000 21.2895377128953776
356 0.8437261943628251 50503.0000000000000000 21.3266016713091915
357 0.8437806072477962 50507.0000000000000000 21.3340299547196111
358 0.8439438459027098 50517.0000000000000000 21.3563458856345889
359 0.8441614974425944 50523.0000000000000000 21.3861731843575420
360 0.8442159103275656 50529.0000000000000000 21.3936430317848405
361 0.8445423876373925 50545.0000000000000000 21.4385719285964313
362 0.8448144520622484 50586.0000000000000000 21.4761570827489479
363 0.8450321036021330 50590.0000000000000000 21.5063202247191008
364 0.8450321036021330 50590.0000000000000000 21.5063202247191008
365 0.8450865164871042 50592.0000000000000000 21.5138742536002816
366 0.8453041680269888 50602.0000000000000000 21.5441435103763617
367 0.8455218195668734 50618.0000000000000000 21.5744980626981331
368 0.8456850582217870 50624.0000000000000000 21.5973201692524697
369 0.8458482968767004 50632.0000000000000000 21.6201906106600781
370 0.8460115355316139 50639.0000000000000000 21.6431095406360434
371 0.8461747741865274 50681.0000000000000000 21.6660771135479315
372 0.8463924257264120 50687.0000000000000000 21.6967764789231303
373 0.8467189030362390 50720.0000000000000000 21.7429889953851614
374 0.8468277288061813 50726.0000000000000000 21.7584369449378343
375 0.8469365545761236 50738.0000000000000000 21.7739068610024873
376 0.8471542061160082 50791.0000000000000000 21.8049127803488787
377 0.8473174447709217 50813.0000000000000000 21.8282252316464707
378 0.8475350963108064 50832.0000000000000000 21.8593861527480371
379 0.8475895091957776 50832.0000000000000000 21.8671902891824352
380 0.8476983349657199 50836.0000000000000000 21.8828152911754188
381 0.8476983349657199 50836.0000000000000000 21.8828152911754188
382 0.8480792251605180 50877.0000000000000000 21.9376790830945545
383 0.8481880509304603 50883.0000000000000000 21.9534050179211455
384 0.8483512895853739 50895.0000000000000000 21.9770362396842494
385 0.8486233540102296 50907.0000000000000000 22.0165348670021572
386 0.8486233540102296 50907.0000000000000000 22.0165348670021572
387 0.8486777668952008 50907.0000000000000000 22.0244516361021212
388 0.8487865926651431 50933.0000000000000000 22.0403022670025202
389 0.8488954184350854 50935.0000000000000000 22.0561757292041776
390 0.8491130699749700 50993.0000000000000000 22.0879913451135970
391 0.8491674828599413 50995.0000000000000000 22.0959595959595951
392 0.8493307215148547 51003.0000000000000000 22.1198988804622623
393 0.8494395472847971 51007.0000000000000000 22.1358872425009032
394 0.8495483730547394 51009.0000000000000000 22.1518987341772160
395 0.8497660245946240 51027.0000000000000000 22.1839913074972834
396 0.8498204374795951 51036.0000000000000000 22.1920289855072461
397 0.8500925019044510 51042.0000000000000000 22.2323049001814894
398 0.8502013276743933 51048.0000000000000000 22.2484562295677435
399 0.8502557405593645 51050.0000000000000000 22.2565406976744171
400 0.8503645663293068 51064.0000000000000000 22.2727272727272734
401 0.8503645663293068 51064.0000000000000000 22.2727272727272734
402 0.8504189792142779 51066.0000000000000000 22.2808293925063658
403 0.8504733920992491 51070.0000000000000000 22.2889374090247436
404 0.8505278049842203 51070.0000000000000000 22.2970513287222438
405 0.8505822178691914 51070.0000000000000000 22.3051711580480685
406 0.8507998694090760 51079.0000000000000000 22.3377097009482135
407 0.8510719338339319 51087.0000000000000000 22.3785166240409197
408 0.8511263467189031 51095.0000000000000000 22.3866959064327489
409 0.8511807596038742 51097.0000000000000000 22.3948811700182802
410 0.8513439982587877 51101.0000000000000000 22.4194729136163993
411 0.8513439982587877 51101.0000000000000000 22.4194729136163993
412 0.8513439982587877 51101.0000000000000000 22.4194729136163993
413 0.8513984111437588 51101.0000000000000000 22.4276821677041376
414 0.8513984111437588 51101.0000000000000000 22.4276821677041376
415 0.8514528240287300 51107.0000000000000000 22.4358974358974343
416 0.8514528240287300 51107.0000000000000000 22.4358974358974343
417 0.8514528240287300 51107.0000000000000000 22.4358974358974343
418 0.8515072369137011 51109.0000000000000000 22.4441187248076233
419 0.8516160626836435 51119.0000000000000000 22.4605793912724607
420 0.8517248884535858 51130.0000000000000000 22.4770642201834860
421 0.8518337142235282 51138.0000000000000000 22.4935732647814923
422 0.8521057786483839 51150.0000000000000000 22.5349521707137619
423 0.8523778430732397 51162.0000000000000000 22.5764835974935494
424 0.8524866688431820 51172.0000000000000000 22.5931390630763573
425 0.8524866688431820 51172.0000000000000000 22.5931390630763573
426 0.8525410817281532 51172.0000000000000000 22.6014760147601486
427 0.8525410817281532 51172.0000000000000000 22.6014760147601486
428 0.8525410817281532 51172.0000000000000000 22.6014760147601486
429 0.8526499074980955 51172.0000000000000000 22.6181683899556880
430 0.8528131461530091 51182.0000000000000000 22.6432532347504605
431 0.8528675590379802 51186.0000000000000000 22.6516272189349124
432 0.8530307976928937 51194.0000000000000000 22.6767863754165120
433 0.8531396234628360 51200.0000000000000000 22.6935902185994820
434 0.8532484492327783 51206.0000000000000000 22.7104189840563606
435 0.8533028621177495 51210.0000000000000000 22.7188427299703264
436 0.8533572750027206 51212.0000000000000000 22.7272727272727266
437 0.8534661007726629 51218.0000000000000000 22.7441515038989976
438 0.8535749265426053 51224.0000000000000000 22.7610553697510234
439 0.8535749265426053 51224.0000000000000000 22.7610553697510234
440 0.8536293394275765 51233.0000000000000000 22.7695167286245344
441 0.8538469909674611 51243.0000000000000000 22.8034251675353694
442 0.8540646425073457 51265.0000000000000000 22.8374347501864285
443 0.8541190553923169 51267.0000000000000000 22.8459530026109654
444 0.8541734682772880 51269.0000000000000000 22.8544776119402968
445 0.8542278811622592 51271.0000000000000000 22.8630085852930200
446 0.8542822940472304 51276.0000000000000000 22.8715459297983585
447 0.8544455327021439 51298.0000000000000000 22.8971962616822431
448 0.8546087713570574 51302.0000000000000000 22.9229041916167660
449 0.8546087713570574 51302.0000000000000000 22.9229041916167660
450 0.8546631842420285 51302.0000000000000000 22.9314863347061042
451 0.8547720100119708 51308.0000000000000000 22.9486699138254018
452 0.8549896615518555 51316.0000000000000000 22.9831144465290791
453 0.8550440744368266 51318.0000000000000000 22.9917417417417411
454 0.8552073130917401 51326.0000000000000000 23.0176625328823761
455 0.8552617259767112 51330.0000000000000000 23.0263157894736850
456 0.8554249646316248 51334.0000000000000000 23.0523146405720745
457 0.8554793775165960 51334.0000000000000000 23.0609939759036138
458 0.8556426161715094 51344.0000000000000000 23.0870712401055407
459 0.8557514419414517 51348.0000000000000000 23.1044888721237278
460 0.8557514419414517 51348.0000000000000000 23.1044888721237278
461 0.8559146805963652 51364.0000000000000000 23.1306646525679760
462 0.8559690934813364 51370.0000000000000000 23.1394030978466176
463 0.8560779192512787 51372.0000000000000000 23.1568998109640845
464 0.8561323321362498 51372.0000000000000000 23.1656580937972763
465 0.8562955707911634 51378.0000000000000000 23.1919727375993929
466 0.8563499836761345 51380.0000000000000000 23.2007575757575744
467 0.8563499836761345 51380.0000000000000000 23.2007575757575744
468 0.8563499836761345 51380.0000000000000000 23.2007575757575744
469 0.8564043965611057 51384.0000000000000000 23.2095490716180386
470 0.8565676352160192 51399.0000000000000000 23.2359635811836114
471 0.8566220481009903 51399.0000000000000000 23.2447817836812156
472 0.8567852867559038 51411.0000000000000000 23.2712765957446805
473 0.8568941125258461 51416.0000000000000000 23.2889733840304167
474 0.8570029382957884 51422.0000000000000000 23.3066971080669703
475 0.8571661769507020 51432.0000000000000000 23.3333333333333321
476 0.8572750027206443 51450.0000000000000000 23.3511246664125061
477 0.8573294156056154 51455.0000000000000000 23.3600305110602591
478 0.8573838284905866 51471.0000000000000000 23.3689431514689048
479 0.8575470671455001 51477.0000000000000000 23.3957219251336888
480 0.8576014800304712 51479.0000000000000000 23.4046618265189146
481 0.8577647186853847 51493.0000000000000000 23.4315225707727635
482 0.8578735444553270 51514.0000000000000000 23.4494640122511484
483 0.8579279573402981 51520.0000000000000000 23.4584450402144782
484 0.8580367831102405 51522.0000000000000000 23.4764277500958229
485 0.8582544346501252 51532.0000000000000000 23.5124760076775416
486 0.8583632604200675 51537.0000000000000000 23.5305416826738387
487 0.8584176733050386 51542.0000000000000000 23.5395849346656405
488 0.8584720861900098 51542.0000000000000000 23.5486351403306422
489 0.8585264990749809 51548.0000000000000000 23.5576923076923066
490 0.8586353248449233 51550.0000000000000000 23.5758275596612776
491 0.8586897377298944 51552.0000000000000000 23.5849056603773590
492 0.8587985634998367 51591.0000000000000000 23.6030828516377653
493 0.8588529763848080 51591.0000000000000000 23.6121819583654577
494 0.8588529763848080 51591.0000000000000000 23.6121819583654577
495 0.8589618021547503 51612.0000000000000000 23.6304012345679020
496 0.8590706279246926 51657.0000000000000000 23.6486486486486491
497 0.8591250408096637 51657.0000000000000000 23.6577829277713398
498 0.8592338665796061 51671.0000000000000000 23.6760726710475460
499 0.8593971052345195 51679.0000000000000000 23.7035603715170282
500 0.8594515181194907 51683.0000000000000000 23.7127371273712733
501 0.8595059310044618 51683.0000000000000000 23.7219209914794718
502 0.8596691696593753 51705.0000000000000000 23.7495153160139587
503 0.8597779954293177 51719.0000000000000000 23.7679472254559556
504 0.8599956469692023 51729.0000000000000000 23.8048970073843762
505 0.8600500598541735 51733.0000000000000000 23.8141524105754279
506 0.8602132985090869 51747.0000000000000000 23.8419618528610364
507 0.8603221242790293 51751.0000000000000000 23.8605375925204513
508 0.8604309500489716 51753.0000000000000000 23.8791423001949319
509 0.8604853629339427 51765.0000000000000000 23.8884555382215282
510 0.8605397758189139 51765.0000000000000000 23.8977760436987907
511 0.8605941887038850 51769.0000000000000000 23.9071038251366126
512 0.8606486015888563 51769.0000000000000000 23.9164388910581813
513 0.8608118402437698 51777.0000000000000000 23.9444878811571549
514 0.8609206660137121 51783.0000000000000000 23.9632237871674505
515 0.8610839046686255 51783.0000000000000000 23.9913826870348608
516 0.8612471433235390 51789.0000000000000000 24.0196078431372548
517 0.8613559690934813 51801.0000000000000000 24.0384615384615401
518 0.8614647948634236 51811.0000000000000000 24.0573448546739996
519 0.8616280335183372 51873.0000000000000000 24.0857255210381425
520 0.8618456850582218 51889.0000000000000000 24.1236707365104373
521 0.8619545108281641 51896.0000000000000000 24.1426882144264887
522 0.8619545108281641 51896.0000000000000000 24.1426882144264887
523 0.8621177494830776 51928.0000000000000000 24.1712707182320443
524 0.8622809881379910 51966.0000000000000000 24.1999209798498605
525 0.8623898139079333 51976.0000000000000000 24.2190589165678141
526 0.8624986396778758 51998.0000000000000000 24.2382271468144062
527 0.8626074654478181 52008.0000000000000000 24.2574257425742559
528 0.8628251169877027 52021.0000000000000000 24.2959143197143987
529 0.8629339427576450 52026.0000000000000000 24.3152044462088135
530 0.8630427685275873 52095.0000000000000000 24.3345252284465623
531 0.8631515942975296 52099.0000000000000000 24.3538767395626259
532 0.8632060071825008 52103.0000000000000000 24.3635640413683383
533 0.8632604200674719 52105.0000000000000000 24.3732590529247908
534 0.8632604200674719 52105.0000000000000000 24.3732590529247908
535 0.8632604200674719 52105.0000000000000000 24.3732590529247908
536 0.8633148329524432 52105.0000000000000000 24.3829617834394909
537 0.8633692458374143 52105.0000000000000000 24.3926722421346085
538 0.8634780716073566 52105.0000000000000000 24.4121163810282980
539 0.8635868973772990 52109.0000000000000000 24.4315915436777011
540 0.8635868973772990 52109.0000000000000000 24.4315915436777011
541 0.8636957231472413 52140.0000000000000000 24.4510978043912175
542 0.8638045489171836 52142.0000000000000000 24.4706352377147418
543 0.8638045489171836 52142.0000000000000000 24.4706352377147418
544 0.8640222004570682 52152.0000000000000000 24.5098039215686292
545 0.8641310262270105 52164.0000000000000000 24.5294353223868633
546 0.8642942648819241 52174.0000000000000000 24.5589414595028082
547 0.8643486777668952 52186.0000000000000000 24.5687926193341362
548 0.8643486777668952 52186.0000000000000000 24.5687926193341362
549 0.8644030906518664 52188.0000000000000000 24.5786516853932575
550 0.8644030906518664 52188.0000000000000000 24.5786516853932575
551 0.8645119164218087 52192.0000000000000000 24.5983935742971873
552 0.8645119164218087 52192.0000000000000000 24.5983935742971873
553 0.8646207421917510 52200.0000000000000000 24.6181672025723479
554 0.8646207421917510 52200.0000000000000000 24.6181672025723479
555 0.8646751550767222 52205.0000000000000000 24.6280659429030955
556 0.8646751550767222 52205.0000000000000000 24.6280659429030955
557 0.8647295679616933 52209.0000000000000000 24.6379726468222060
558 0.8647839808466645 52211.0000000000000000 24.6478873239436602
559 0.8648928066166068 52217.0000000000000000 24.6677406363270251
560 0.8650560452715202 52223.0000000000000000 24.6975806451612918
561 0.8651104581564915 52225.0000000000000000 24.7075433642597808
562 0.8651648710414627 52227.0000000000000000 24.7175141242937855
563 0.8651648710414627 52227.0000000000000000 24.7175141242937855
564 0.8652736968114050 52229.0000000000000000 24.7374798061389320
565 0.8653825225813473 52242.0000000000000000 24.7574777687954715
566 0.8654369354663184 52244.0000000000000000 24.7674888799029524
567 0.8656001741212319 52254.0000000000000000 24.7975708502024297
568 0.8656001741212319 52254.0000000000000000 24.7975708502024297
569 0.8657089998911742 52261.0000000000000000 24.8176661264181533
570 0.8657089998911742 52261.0000000000000000 24.8176661264181533
571 0.8657634127761454 52263.0000000000000000 24.8277259829752737
572 0.8658722385460877 52265.0000000000000000 24.8478701825557806
573 0.8660898900859724 52269.0000000000000000 24.8882568061763507
574 0.8661443029709435 52271.0000000000000000 24.8983739837398375
575 0.8661987158559147 52275.0000000000000000 24.9084993899959350
576 0.8662531287408859 52279.0000000000000000 24.9186330349877956
577 0.8663619545108282 52285.0000000000000000 24.9389250814332257
578 0.8664707802807705 52287.0000000000000000 24.9592502037489830
579 0.8664707802807705 52287.0000000000000000 24.9592502037489830
580 0.8665251931657416 52291.0000000000000000 24.9694251936404399
581 0.8666884318206551 52315.0000000000000000 25.0000000000000000
582 0.8667972575905974 52319.0000000000000000 25.0204248366013076
583 0.8668516704755687 52321.0000000000000000 25.0306497752349806
584 0.8668516704755687 52321.0000000000000000 25.0306497752349806
585 0.8670149091304821 52327.0000000000000000 25.0613747954173469
586 0.8670693220154533 52327.0000000000000000 25.0716332378223505
587 0.8671237349004244 52327.0000000000000000 25.0819000819000806
588 0.8672325606703667 52334.0000000000000000 25.1024590163934427
589 0.8673413864403091 52338.0000000000000000 25.1230516817063183
590 0.8673413864403091 52338.0000000000000000 25.1230516817063183
591 0.8673957993252802 52344.0000000000000000 25.1333606893721786
592 0.8675046250952225 52358.0000000000000000 25.1540041067761813
593 0.8675590379801937 52386.0000000000000000 25.1643385373870174
594 0.8675590379801937 52386.0000000000000000 25.1643385373870174
595 0.8675590379801937 52386.0000000000000000 25.1643385373870174
596 0.8675590379801937 52386.0000000000000000 25.1643385373870174
597 0.8676134508651648 52388.0000000000000000 25.1746814632141387
598 0.8676678637501360 52390.0000000000000000 25.1850328947368425
599 0.8676678637501360 52390.0000000000000000 25.1850328947368425
600 0.8678311024050496 52392.0000000000000000 25.2161383285302598
601 0.8678855152900207 52398.0000000000000000 25.2265238879736415
602 0.8678855152900207 52398.0000000000000000 25.2265238879736415
603 0.8679943410599630 52404.0000000000000000 25.2473206924979401
604 0.8680487539449342 52406.0000000000000000 25.2577319587628857
605 0.8681031668299053 52408.0000000000000000 25.2681518151815183
606 0.8681031668299053 52408.0000000000000000 25.2681518151815183
607 0.8681575797148765 52420.0000000000000000 25.2785802723896005
608 0.8682119925998476 52424.0000000000000000 25.2890173410404628
609 0.8682119925998476 52424.0000000000000000 25.2890173410404628
610 0.8683208183697899 52465.0000000000000000 25.3099173553719012
611 0.8683208183697899 52465.0000000000000000 25.3099173553719012
612 0.8683752312547611 52467.0000000000000000 25.3203803224472921
613 0.8684296441397323 52469.0000000000000000 25.3308519437551709
614 0.8684296441397323 52469.0000000000000000 25.3308519437551709
615 0.8684296441397323 52469.0000000000000000 25.3308519437551709
616 0.8684840570247034 52471.0000000000000000 25.3413322300372350
617 0.8684840570247034 52471.0000000000000000 25.3413322300372350
618 0.8685928827946457 52502.0000000000000000 25.3623188405797109
619 0.8686472956796170 52504.0000000000000000 25.3728251864125944
620 0.8687561214495593 52512.0000000000000000 25.3938640132669988
621 0.8687561214495593 52512.0000000000000000 25.3938640132669988
622 0.8687561214495593 52512.0000000000000000 25.3938640132669988
623 0.8687561214495593 52512.0000000000000000 25.3938640132669988
624 0.8688105343345304 52514.0000000000000000 25.4043965159684788
625 0.8688105343345304 52514.0000000000000000 25.4043965159684788
626 0.8688649472195016 52552.0000000000000000 25.4149377593360981
627 0.8689193601044728 52554.0000000000000000 25.4254877542548776
628 0.8690281858744151 52562.0000000000000000 25.4466140423764031
629 0.8690825987593862 52564.0000000000000000 25.4571903574397354
630 0.8690825987593862 52564.0000000000000000 25.4571903574397354
631 0.8690825987593862 52564.0000000000000000 25.4571903574397354
632 0.8691914245293285 52566.0000000000000000 25.4783693843594001
633 0.8693002502992708 52572.0000000000000000 25.4995836802664435
634 0.8693546631842420 52572.0000000000000000 25.5102040816326543
635 0.8694090760692131 52572.0000000000000000 25.5208333333333321
636 0.8694090760692131 52572.0000000000000000 25.5208333333333321
637 0.8694634889541843 52574.0000000000000000 25.5314714464360151
638 0.8695723147241267 52595.0000000000000000 25.5527743012098441
639 0.8695723147241267 52595.0000000000000000 25.5527743012098441
640 0.8695723147241267 52595.0000000000000000 25.5527743012098441
641 0.8695723147241267 52595.0000000000000000 25.5527743012098441
642 0.8696267276090979 52599.0000000000000000 25.5634390651085148
643 0.8696267276090979 52599.0000000000000000 25.5634390651085148
644 0.8696267276090979 52599.0000000000000000 25.5634390651085148
645 0.8697355533790402 52606.0000000000000000 25.5847953216374258
646 0.8698443791489825 52610.0000000000000000 25.6061872909698991
647 0.8698443791489825 52610.0000000000000000 25.6061872909698991
648 0.8699532049189248 52612.0000000000000000 25.6276150627615067
649 0.8700076178038960 52614.0000000000000000 25.6383424026789442
650 0.8700076178038960 52614.0000000000000000 25.6383424026789442
651 0.8701708564588094 52630.0000000000000000 25.6705783738474445
652 0.8701708564588094 52630.0000000000000000 25.6705783738474445
653 0.8702796822287517 52632.0000000000000000 25.6921140939597308
654 0.8703340951137229 52636.0000000000000000 25.7028955098615199
655 0.8704973337686364 52658.0000000000000000 25.7352941176470580
656 0.8705517466536076 52664.0000000000000000 25.7461118116855836
657 0.8705517466536076 52664.0000000000000000 25.7461118116855836
658 0.8706061595385788 52670.0000000000000000 25.7569386038687966
659 0.8707149853085211 52676.0000000000000000 25.7786195286195294
660 0.8707149853085211 52676.0000000000000000 25.7786195286195294
661 0.8708238110784634 52688.0000000000000000 25.8003369839932617
662 0.8708238110784634 52688.0000000000000000 25.8003369839932617
663 0.8708238110784634 52688.0000000000000000 25.8003369839932617
664 0.8709326368484057 52696.0000000000000000 25.8220910623946054
665 0.8709326368484057 52696.0000000000000000 25.8220910623946054
666 0.8710958755033192 52708.0000000000000000 25.8547910510764041
667 0.8712047012732616 52712.0000000000000000 25.8766370933671297
668 0.8712047012732616 52712.0000000000000000 25.8766370933671297
669 0.8713679399281750 52720.0000000000000000 25.9094754653130295
670 0.8713679399281750 52720.0000000000000000 25.9094754653130295
671 0.8714767656981173 52725.0000000000000000 25.9314140558848436
672 0.8715311785830885 52729.0000000000000000 25.9423972892842016
673 0.8715311785830885 52729.0000000000000000 25.9423972892842016
674 0.8716400043530308 52733.0000000000000000 25.9643916913946597
675 0.8716400043530308 52733.0000000000000000 25.9643916913946597
676 0.8716400043530308 52733.0000000000000000 25.9643916913946597
677 0.8716400043530308 52733.0000000000000000 25.9643916913946597
678 0.8717488301229731 52737.0000000000000000 25.9864234196011878
679 0.8718032430079443 52737.0000000000000000 25.9974533106960948
680 0.8718576558929154 52745.0000000000000000 26.0084925690021223
681 0.8719664816628577 52745.0000000000000000 26.0305992350191246
682 0.8720208945478289 52745.0000000000000000 26.0416666666666679
683 0.8720208945478289 52745.0000000000000000 26.0416666666666679
684 0.8722385460877136 52775.0000000000000000 26.0860306643952313
685 0.8722929589726848 52775.0000000000000000 26.0971452918619526
686 0.8723473718576559 52777.0000000000000000 26.1082693947144087
687 0.8723473718576559 52777.0000000000000000 26.1082693947144087
688 0.8724017847426271 52779.0000000000000000 26.1194029850746254
689 0.8724017847426271 52779.0000000000000000 26.1194029850746254
690 0.8724017847426271 52779.0000000000000000 26.1194029850746254
691 0.8724017847426271 52779.0000000000000000 26.1194029850746254
692 0.8724561976275982 52793.0000000000000000 26.1305460750853236
693 0.8725650233975405 52807.0000000000000000 26.1528608027327074
694 0.8726738491674828 52817.0000000000000000 26.1752136752136764
695 0.8726738491674828 52817.0000000000000000 26.1752136752136764
696 0.8727282620524540 52819.0000000000000000 26.1864044463445929
697 0.8728370878223963 52825.0000000000000000 26.2088147197261456
698 0.8728370878223963 52825.0000000000000000 26.2088147197261456
699 0.8728370878223963 52825.0000000000000000 26.2088147197261456
700 0.8728915007073675 52827.0000000000000000 26.2200342465753415
701 0.8729459135923386 52831.0000000000000000 26.2312633832976445
702 0.8730003264773099 52833.0000000000000000 26.2425021422450726
703 0.8730547393622810 52833.0000000000000000 26.2537505357908287
704 0.8731635651322233 52860.0000000000000000 26.2762762762762776
705 0.8732179780171945 52862.0000000000000000 26.2875536480686698
706 0.8732723909021657 52864.0000000000000000 26.2988407041648777
707 0.8733812166721080 52870.0000000000000000 26.3214439192092833
708 0.8734356295570791 52872.0000000000000000 26.3327601031814282
709 0.8734900424420503 52876.0000000000000000 26.3440860215053760
710 0.8734900424420503 52876.0000000000000000 26.3440860215053760
711 0.8735988682119926 52893.0000000000000000 26.3667671114937576
712 0.8736532810969637 52895.0000000000000000 26.3781223083548682
713 0.8736532810969637 52895.0000000000000000 26.3781223083548682
714 0.8736532810969637 52895.0000000000000000 26.3781223083548682
715 0.8737076939819349 52895.0000000000000000 26.3894872899612238
716 0.8737076939819349 52895.0000000000000000 26.3894872899612238
717 0.8737076939819349 52895.0000000000000000 26.3894872899612238
718 0.8737076939819349 52895.0000000000000000 26.3894872899612238
719 0.8737621068669060 52904.0000000000000000 26.4008620689655160
720 0.8739253455218196 52908.0000000000000000 26.4350453172205455
721 0.8740341712917619 52918.0000000000000000 26.4578833693304531
722 0.8740341712917619 52918.0000000000000000 26.4578833693304531
723 0.8740341712917619 52918.0000000000000000 26.4578833693304531
724 0.8740885841767331 52920.0000000000000000 26.4693171996542773
725 0.8741429970617042 52920.0000000000000000 26.4807609165585802
726 0.8741429970617042 52920.0000000000000000 26.4807609165585802
727 0.8741429970617042 52920.0000000000000000 26.4807609165585802
728 0.8741429970617042 52920.0000000000000000 26.4807609165585802
729 0.8741429970617042 52920.0000000000000000 26.4807609165585802
730 0.8741429970617042 52920.0000000000000000 26.4807609165585802
731 0.8741429970617042 52920.0000000000000000 26.4807609165585802
732 0.8741974099466754 52920.0000000000000000 26.4922145328719729
733 0.8741974099466754 52920.0000000000000000 26.4922145328719729
734 0.8743062357166177 52940.0000000000000000 26.5151515151515156
735 0.8743606486015889 52948.0000000000000000 26.5266349068860983
736 0.8743606486015889 52948.0000000000000000 26.5266349068860983
737 0.8743606486015889 52948.0000000000000000 26.5266349068860983
738 0.8744694743715312 52952.0000000000000000 26.5496315561335052
739 0.8744694743715312 52952.0000000000000000 26.5496315561335052
740 0.8745238872565023 52952.0000000000000000 26.5611448395490015
741 0.8745783001414735 52956.0000000000000000 26.5726681127982651
742 0.8746327130264446 52958.0000000000000000 26.5842013888888893
743 0.8746871259114158 52970.0000000000000000 26.5957446808510625
744 0.8747959516813582 52978.0000000000000000 26.6188613646240775
745 0.8749591903362717 53000.0000000000000000 26.6536118363794614
746 0.8749591903362717 53000.0000000000000000 26.6536118363794614
747 0.8750136032212428 53002.0000000000000000 26.6652154984762717
748 0.8750136032212428 53002.0000000000000000 26.6652154984762717
749 0.8751224289911851 53052.0000000000000000 26.6884531590413943
750 0.8751768418761563 53069.0000000000000000 26.7000871839581500
751 0.8751768418761563 53069.0000000000000000 26.7000871839581500
752 0.8752312547611274 53069.0000000000000000 26.7117313563017866
753 0.8752312547611274 53069.0000000000000000 26.7117313563017866
754 0.8752312547611274 53069.0000000000000000 26.7117313563017866
755 0.8752312547611274 53069.0000000000000000 26.7117313563017866
756 0.8752312547611274 53069.0000000000000000 26.7117313563017866
757 0.8752856676460986 53075.0000000000000000 26.7233856893542772
758 0.8752856676460986 53075.0000000000000000 26.7233856893542772
759 0.8752856676460986 53075.0000000000000000 26.7233856893542772
760 0.8752856676460986 53075.0000000000000000 26.7233856893542772
761 0.8753400805310697 53077.0000000000000000 26.7350501964207758
762 0.8753400805310697 53077.0000000000000000 26.7350501964207758
763 0.8753400805310697 53077.0000000000000000 26.7350501964207758
764 0.8754489063010121 53079.0000000000000000 26.7584097859327201
765 0.8754489063010121 53079.0000000000000000 26.7584097859327201
766 0.8754489063010121 53079.0000000000000000 26.7584097859327201
767 0.8755033191859832 53081.0000000000000000 26.7701048951048968
768 0.8755033191859832 53081.0000000000000000 26.7701048951048968
769 0.8756121449559255 53083.0000000000000000 26.7935258092738415
770 0.8757209707258679 53087.0000000000000000 26.8169877408056045
771 0.8757753836108391 53091.0000000000000000 26.8287341217696031
772 0.8759386222657525 53095.0000000000000000 26.8640350877192979
773 0.8759930351507237 53097.0000000000000000 26.8758227292672238
774 0.8760474480356949 53099.0000000000000000 26.8876207199297639
775 0.8761562738056372 53103.0000000000000000 26.9112478031634446
776 0.8762106866906083 53105.0000000000000000 26.9230769230769234
777 0.8762650995755795 53109.0000000000000000 26.9349164467897992
778 0.8762650995755795 53109.0000000000000000 26.9349164467897992
779 0.8763739253455218 53114.0000000000000000 26.9586267605633800
780 0.8763739253455218 53114.0000000000000000 26.9586267605633800
781 0.8763739253455218 53114.0000000000000000 26.9586267605633800
782 0.8763739253455218 53114.0000000000000000 26.9586267605633800
783 0.8764283382304929 53134.0000000000000000 26.9704975781593994
784 0.8764283382304929 53134.0000000000000000 26.9704975781593994
785 0.8764283382304929 53134.0000000000000000 26.9704975781593994
786 0.8765371640004354 53174.0000000000000000 26.9942706037902163
787 0.8765371640004354 53174.0000000000000000 26.9942706037902163
788 0.8766459897703777 53186.0000000000000000 27.0180855756506411
789 0.8766459897703777 53186.0000000000000000 27.0180855756506411
790 0.8766459897703777 53186.0000000000000000 27.0180855756506411
791 0.8766459897703777 53186.0000000000000000 27.0180855756506411
792 0.8767004026553488 53188.0000000000000000 27.0300088261253322
793 0.8768636413102623 53206.0000000000000000 27.0658418029164842
794 0.8768636413102623 53206.0000000000000000 27.0658418029164842
795 0.8769180541952334 53218.0000000000000000 27.0778072502210421
796 0.8769724670802046 53218.0000000000000000 27.0897832817337445
797 0.8769724670802046 53218.0000000000000000 27.0897832817337445
798 0.8769724670802046 53218.0000000000000000 27.0897832817337445
799 0.8770268799651757 53222.0000000000000000 27.1017699115044230
800 0.8770812928501469 53226.0000000000000000 27.1137671536077924
801 0.8771901186200892 53228.0000000000000000 27.1377935312361558
802 0.8772989443900315 53230.0000000000000000 27.1618625277161847
803 0.8774077701599738 53238.0000000000000000 27.1859742565468281
804 0.8774077701599738 53238.0000000000000000 27.1859742565468281
805 0.8774621830449451 53244.0000000000000000 27.1980461811722911
806 0.8775165959299162 53252.0000000000000000 27.2101288316303851
807 0.8775165959299162 53252.0000000000000000 27.2101288316303851
808 0.8775165959299162 53252.0000000000000000 27.2101288316303851
809 0.8775165959299162 53252.0000000000000000 27.2101288316303851
810 0.8775165959299162 53252.0000000000000000 27.2101288316303851
811 0.8775710088148874 53256.0000000000000000 27.2222222222222214
812 0.8775710088148874 53256.0000000000000000 27.2222222222222214
813 0.8777342474698009 53265.0000000000000000 27.2585669781931479
814 0.8777886603547720 53267.0000000000000000 27.2707034728406050
815 0.8777886603547720 53267.0000000000000000 27.2707034728406050
816 0.8777886603547720 53267.0000000000000000 27.2707034728406050
817 0.8777886603547720 53267.0000000000000000 27.2707034728406050
818 0.8778430732397432 53271.0000000000000000 27.2828507795100208
819 0.8778430732397432 53271.0000000000000000 27.2828507795100208
820 0.8778974861247143 53273.0000000000000000 27.2950089126559732
821 0.8778974861247143 53273.0000000000000000 27.2950089126559732
822 0.8778974861247143 53273.0000000000000000 27.2950089126559732
823 0.8778974861247143 53273.0000000000000000 27.2950089126559732
824 0.8780063118946566 53287.0000000000000000 27.3193577163247099
825 0.8780607247796278 53291.0000000000000000 27.3315484158857664
826 0.8783327892044837 53311.0000000000000000 27.3926654740608235
827 0.8783872020894548 53313.0000000000000000 27.4049217002237135
828 0.8783872020894548 53313.0000000000000000 27.4049217002237135
829 0.8785504407443683 53323.0000000000000000 27.4417562724014346
830 0.8786048536293394 53325.0000000000000000 27.4540564769161826
831 0.8786048536293394 53325.0000000000000000 27.4540564769161826
832 0.8787136793992818 53331.0000000000000000 27.4786899955136832
833 0.8787136793992818 53331.0000000000000000 27.4786899955136832
834 0.8787136793992818 53331.0000000000000000 27.4786899955136832
835 0.8787680922842529 53331.0000000000000000 27.4910233393177741
836 0.8787680922842529 53331.0000000000000000 27.4910233393177741
837 0.8787680922842529 53331.0000000000000000 27.4910233393177741
838 0.8787680922842529 53331.0000000000000000 27.4910233393177741
839 0.8787680922842529 53331.0000000000000000 27.4910233393177741
840 0.8788225051692241 53333.0000000000000000 27.5033677593174666
841 0.8788225051692241 53333.0000000000000000 27.5033677593174666
842 0.8788769180541952 53335.0000000000000000 27.5157232704402510
843 0.8788769180541952 53335.0000000000000000 27.5157232704402510
844 0.8788769180541952 53335.0000000000000000 27.5157232704402510
845 0.8789313309391664 53337.0000000000000000 27.5280898876404478
846 0.8789313309391664 53337.0000000000000000 27.5280898876404478
847 0.8789313309391664 53337.0000000000000000 27.5280898876404478
848 0.8789313309391664 53337.0000000000000000 27.5280898876404478
849 0.8791489824790510 53347.0000000000000000 27.5776677172444842
850 0.8791489824790510 53347.0000000000000000 27.5776677172444842
851 0.8792033953640223 53351.0000000000000000 27.5900900900900901
852 0.8792578082489934 53357.0000000000000000 27.6025236593059944
853 0.8792578082489934 53357.0000000000000000 27.6025236593059944
854 0.8792578082489934 53357.0000000000000000 27.6025236593059944
855 0.8792578082489934 53357.0000000000000000 27.6025236593059944
856 0.8793122211339646 53359.0000000000000000 27.6149684400360691
857 0.8793666340189357 53361.0000000000000000 27.6274244474515100
858 0.8793666340189357 53361.0000000000000000 27.6274244474515100
859 0.8793666340189357 53361.0000000000000000 27.6274244474515100
860 0.8793666340189357 53361.0000000000000000 27.6274244474515100
861 0.8793666340189357 53361.0000000000000000 27.6274244474515100
862 0.8794754597888780 53376.0000000000000000 27.6523702031602703
863 0.8795298726738492 53378.0000000000000000 27.6648599819331515
864 0.8795298726738492 53378.0000000000000000 27.6648599819331515
865 0.8795842855588203 53378.0000000000000000 27.6773610483506545
866 0.8796386984437915 53384.0000000000000000 27.6898734177215182
867 0.8798019370987050 53399.0000000000000000 27.7274784970574935
868 0.8798019370987050 53399.0000000000000000 27.7274784970574935
869 0.8798019370987050 53399.0000000000000000 27.7274784970574935
870 0.8798019370987050 53399.0000000000000000 27.7274784970574935
871 0.8798019370987050 53399.0000000000000000 27.7274784970574935
872 0.8798563499836761 53401.0000000000000000 27.7400362318840585
873 0.8799107628686473 53403.0000000000000000 27.7526053466243781
874 0.8799107628686473 53403.0000000000000000 27.7526053466243781
875 0.8799107628686473 53403.0000000000000000 27.7526053466243781
876 0.8799651757536184 53405.0000000000000000 27.7651858567543073
877 0.8799651757536184 53405.0000000000000000 27.7651858567543073
878 0.8799651757536184 53405.0000000000000000 27.7651858567543073
879 0.8800195886385896 53407.0000000000000000 27.7777777777777786
880 0.8800195886385896 53407.0000000000000000 27.7777777777777786
881 0.8800195886385896 53407.0000000000000000 27.7777777777777786
882 0.8800195886385896 53407.0000000000000000 27.7777777777777786
883 0.8800740015235607 53409.0000000000000000 27.7903811252268618
884 0.8800740015235607 53409.0000000000000000 27.7903811252268618
885 0.8800740015235607 53409.0000000000000000 27.7903811252268618
886 0.8801284144085320 53426.0000000000000000 27.8029959146618246
887 0.8801284144085320 53426.0000000000000000 27.8029959146618246
888 0.8802372401784743 53434.0000000000000000 27.8282598818718760
889 0.8802372401784743 53434.0000000000000000 27.8282598818718760
890 0.8803460659484166 53438.0000000000000000 27.8535698044565727
891 0.8804004788333878 53440.0000000000000000 27.8662420382165621
892 0.8804004788333878 53440.0000000000000000 27.8662420382165621
893 0.8804548917183589 53442.0000000000000000 27.8789258079198916
894 0.8804548917183589 53442.0000000000000000 27.8789258079198916
895 0.8805093046033301 53451.0000000000000000 27.8916211293260474
896 0.8805093046033301 53451.0000000000000000 27.8916211293260474
897 0.8805093046033301 53451.0000000000000000 27.8916211293260474
898 0.8805093046033301 53451.0000000000000000 27.8916211293260474
899 0.8805093046033301 53451.0000000000000000 27.8916211293260474
900 0.8806181303732724 53464.0000000000000000 27.9170464904284401
901 0.8806181303732724 53464.0000000000000000 27.9170464904284401
902 0.8806181303732724 53464.0000000000000000 27.9170464904284401
903 0.8806181303732724 53464.0000000000000000 27.9170464904284401
904 0.8806181303732724 53464.0000000000000000 27.9170464904284401
905 0.8806181303732724 53464.0000000000000000 27.9170464904284401
906 0.8806181303732724 53464.0000000000000000 27.9170464904284401
907 0.8806181303732724 53464.0000000000000000 27.9170464904284401
908 0.8807269561432147 53485.0000000000000000 27.9425182481751833
909 0.8807269561432147 53485.0000000000000000 27.9425182481751833
910 0.8807813690281858 53487.0000000000000000 27.9552715654952060
911 0.8807813690281858 53487.0000000000000000 27.9552715654952060
912 0.8807813690281858 53487.0000000000000000 27.9552715654952060
913 0.8807813690281858 53487.0000000000000000 27.9552715654952060
914 0.8807813690281858 53487.0000000000000000 27.9552715654952060
915 0.8808357819131570 53517.0000000000000000 27.9680365296803650
916 0.8808357819131570 53517.0000000000000000 27.9680365296803650
917 0.8808901947981282 53517.0000000000000000 27.9808131566925553
918 0.8808901947981282 53517.0000000000000000 27.9808131566925553
919 0.8809446076830993 53519.0000000000000000 27.9936014625228502
920 0.8809446076830993 53519.0000000000000000 27.9936014625228502
921 0.8809446076830993 53519.0000000000000000 27.9936014625228502
922 0.8809446076830993 53519.0000000000000000 27.9936014625228502
923 0.8809446076830993 53519.0000000000000000 27.9936014625228502
924 0.8809990205680706 53521.0000000000000000 28.0064014631915867
925 0.8809990205680706 53521.0000000000000000 28.0064014631915867
926 0.8809990205680706 53521.0000000000000000 28.0064014631915867
927 0.8809990205680706 53521.0000000000000000 28.0064014631915867
928 0.8809990205680706 53521.0000000000000000 28.0064014631915867
929 0.8810534334530417 53521.0000000000000000 28.0192131747483977
930 0.8810534334530417 53521.0000000000000000 28.0192131747483977
931 0.8810534334530417 53521.0000000000000000 28.0192131747483977
932 0.8811078463380129 53548.0000000000000000 28.0320366132723109
933 0.8811622592229840 53550.0000000000000000 28.0448717948717956
934 0.8811622592229840 53550.0000000000000000 28.0448717948717956
935 0.8811622592229840 53550.0000000000000000 28.0448717948717956
936 0.8812710849929263 53557.0000000000000000 28.0705774518790108
937 0.8812710849929263 53557.0000000000000000 28.0705774518790108
938 0.8812710849929263 53557.0000000000000000 28.0705774518790108
939 0.8812710849929263 53557.0000000000000000 28.0705774518790108
940 0.8812710849929263 53557.0000000000000000 28.0705774518790108
941 0.8812710849929263 53557.0000000000000000 28.0705774518790108
942 0.8813254978778975 53557.0000000000000000 28.0834479596515365
943 0.8813799107628687 53557.0000000000000000 28.0963302752293593
944 0.8814887365328110 53561.0000000000000000 28.1221303948576669
945 0.8815431494177821 53563.0000000000000000 28.1350482315112558
946 0.8815975623027533 53563.0000000000000000 28.1479779411764710
947 0.8816519751877244 53565.0000000000000000 28.1609195402298838
948 0.8816519751877244 53565.0000000000000000 28.1609195402298838
949 0.8817608009576667 53570.0000000000000000 28.1868384721583070
950 0.8818152138426379 53572.0000000000000000 28.1998158379373862
951 0.8818152138426379 53572.0000000000000000 28.1998158379373862
952 0.8818152138426379 53572.0000000000000000 28.1998158379373862
953 0.8818152138426379 53572.0000000000000000 28.1998158379373862
954 0.8818696267276090 53578.0000000000000000 28.2128051589129427
955 0.8819784524975515 53580.0000000000000000 28.2388197325956654
956 0.8819784524975515 53580.0000000000000000 28.2388197325956654
957 0.8820328653825226 53586.0000000000000000 28.2518450184501830
958 0.8820328653825226 53586.0000000000000000 28.2518450184501830
959 0.8820872782674938 53595.0000000000000000 28.2648823257960302
960 0.8820872782674938 53595.0000000000000000 28.2648823257960302
961 0.8820872782674938 53595.0000000000000000 28.2648823257960302
962 0.8820872782674938 53595.0000000000000000 28.2648823257960302
963 0.8820872782674938 53595.0000000000000000 28.2648823257960302
964 0.8821416911524649 53595.0000000000000000 28.2779316712834721
965 0.8823049298073784 53603.0000000000000000 28.3171521035598701
966 0.8823593426923495 53605.0000000000000000 28.3302497687326564
967 0.8823593426923495 53605.0000000000000000 28.3302497687326564
968 0.8823593426923495 53605.0000000000000000 28.3302497687326564
969 0.8824137555773207 53611.0000000000000000 28.3433595557612215
970 0.8824137555773207 53611.0000000000000000 28.3433595557612215
971 0.8824137555773207 53611.0000000000000000 28.3433595557612215
972 0.8825225813472630 53613.0000000000000000 28.3696155627605364
973 0.8825225813472630 53613.0000000000000000 28.3696155627605364
974 0.8825225813472630 53613.0000000000000000 28.3696155627605364
975 0.8825225813472630 53613.0000000000000000 28.3696155627605364
976 0.8825769942322342 53618.0000000000000000 28.3827618164967568
977 0.8825769942322342 53618.0000000000000000 28.3827618164967568
978 0.8826858200021765 53636.0000000000000000 28.4090909090909101
979 0.8827402328871476 53656.0000000000000000 28.4222737819025539
980 0.8827402328871476 53656.0000000000000000 28.4222737819025539
981 0.8827946457721189 53660.0000000000000000 28.4354688950789232
982 0.8827946457721189 53660.0000000000000000 28.4354688950789232
983 0.8827946457721189 53660.0000000000000000 28.4354688950789232
984 0.8827946457721189 53660.0000000000000000 28.4354688950789232
985 0.8827946457721189 53660.0000000000000000 28.4354688950789232
986 0.8828490586570900 53678.0000000000000000 28.4486762656758003
987 0.8828490586570900 53678.0000000000000000 28.4486762656758003
988 0.8829034715420612 53680.0000000000000000 28.4618959107806688
989 0.8830122973120035 53702.0000000000000000 28.4883720930232549
990 0.8831211230819458 53710.0000000000000000 28.5148975791433905
991 0.8831755359669170 53712.0000000000000000 28.5281788542151844
992 0.8831755359669170 53712.0000000000000000 28.5281788542151844
993 0.8831755359669170 53712.0000000000000000 28.5281788542151844
994 0.8832843617368593 53722.0000000000000000 28.5547785547785544
995 0.8832843617368593 53722.0000000000000000 28.5547785547785544
996 0.8832843617368593 53722.0000000000000000 28.5547785547785544
997 0.8832843617368593 53722.0000000000000000 28.5547785547785544
998 0.8832843617368593 53722.0000000000000000 28.5547785547785544
999 0.8832843617368593 53722.0000000000000000 28.5547785547785544
1000 0.8832843617368593 53722.0000000000000000 28.5547785547785544
1001 0.8832843617368593 53722.0000000000000000 28.5547785547785544
1002 0.8833931875068016 53726.0000000000000000 28.5814279048063469
1003 0.8833931875068016 53726.0000000000000000 28.5814279048063469
1004 0.8835020132767439 53737.0000000000000000 28.6081270434376442
1005 0.8835020132767439 53737.0000000000000000 28.6081270434376442
1006 0.8835020132767439 53737.0000000000000000 28.6081270434376442
1007 0.8835020132767439 53737.0000000000000000 28.6081270434376442
1008 0.8835020132767439 53737.0000000000000000 28.6081270434376442
1009 0.8835020132767439 53737.0000000000000000 28.6081270434376442
1010 0.8835564261617151 53739.0000000000000000 28.6214953271028030
1011 0.8835564261617151 53739.0000000000000000 28.6214953271028030
1012 0.8836652519316575 53745.0000000000000000 28.6482694106641738
1013 0.8837196648166286 53747.0000000000000000 28.6616752456715034
1014 0.8837196648166286 53747.0000000000000000 28.6616752456715034
1015 0.8837196648166286 53747.0000000000000000 28.6616752456715034
1016 0.8837196648166286 53747.0000000000000000 28.6616752456715034
1017 0.8837196648166286 53747.0000000000000000 28.6616752456715034
1018 0.8837740777015998 53755.0000000000000000 28.6750936329588022
1019 0.8837740777015998 53755.0000000000000000 28.6750936329588022
1020 0.8837740777015998 53755.0000000000000000 28.6750936329588022
1021 0.8838284905865709 53757.0000000000000000 28.6885245901639330
1022 0.8838829034715421 53762.0000000000000000 28.7019681349578271
1023 0.8839373163565132 53762.0000000000000000 28.7154242850445378
1024 0.8839373163565132 53762.0000000000000000 28.7154242850445378
1025 0.8839917292414844 53764.0000000000000000 28.7288930581613506
1026 0.8839917292414844 53764.0000000000000000 28.7288930581613506
1027 0.8839917292414844 53764.0000000000000000 28.7288930581613506
1028 0.8840461421264555 53764.0000000000000000 28.7423744720788363
1029 0.8840461421264555 53764.0000000000000000 28.7423744720788363
1030 0.8840461421264555 53764.0000000000000000 28.7423744720788363
1031 0.8840461421264555 53764.0000000000000000 28.7423744720788363
1032 0.8841005550114267 53770.0000000000000000 28.7558685446009399
1033 0.8841005550114267 53770.0000000000000000 28.7558685446009399
1034 0.8841005550114267 53770.0000000000000000 28.7558685446009399
1035 0.8841549678963979 53776.0000000000000000 28.7693752935650551
1036 0.8841549678963979 53776.0000000000000000 28.7693752935650551
1037 0.8841549678963979 53776.0000000000000000 28.7693752935650551
1038 0.8841549678963979 53776.0000000000000000 28.7693752935650551
1039 0.8841549678963979 53776.0000000000000000 28.7693752935650551
1040 0.8841549678963979 53776.0000000000000000 28.7693752935650551
1041 0.8841549678963979 53776.0000000000000000 28.7693752935650551
