62.271795
60.407405
53.387322
60.471522
71.477021
51.064807
79.041746
51.208009
49.661860
40.113024
29.114046
36.387590
66.898707
22.042913
42.925887
56.973747
48.058025
75.764162
110.511061
130.439937
65.450325
72.915698
70.289490
85.686369
98.978303
79.991596
55.200766
133.739627
47.199194
65.375880
69.990877
51.639211
54.032695
69.411889
59.398673
53.847122
48.394190
83.254963
81.744300
74.772711
52.005660
58.384890
122.667725
26.133603
62.882292
61.367491
53.857178
100.550417
96.894935
63.908012
33.327979
79.643210
76.065781
94.847862
51.649154
139.414912
45.762407
129.588161
62.588927
43.778182
116.647341
63.051980
67.835605
93.601983
52.728889
66.452380
66.530560
102.406438
32.610881
94.760415
91.674854
69.972795
80.117553
91.917035
32.587437
150.707843
60.258080
65.175311
53.038130
104.207581
105.472217
79.977489
46.067695
77.015072
90.318067
73.154200
80.909220
81.274093
97.838805
125.115225
63.676588
221.814330
69.894299
140.791785
72.717981
88.005038
33.733894
37.970189
103.236673
54.573543
105.338924
48.245112
47.815971
120.029377
83.213002
112.240673
82.295826
52.263540
88.029184
98.078754
53.832693
89.013263
71.328780
134.326081
112.684167
100.073917
64.643949
63.724379
87.320714
34.672076
62.135769
32.838393
91.406622
71.469300
43.227133
52.971666
87.876566
47.519609
54.132226
62.670186
62.409340
43.827294
76.141214
72.799678
115.684894
56.378877
74.563517
58.339291
74.577736
70.034672
54.265109
84.920869
68.512329
29.875348
46.010356
48.520654
39.093526
97.810746
109.699835
159.098854
96.704891
40.494104
67.166831
32.903984
43.365348
56.824059
81.590475
67.237461
30.880547
65.345070
93.244362
52.476097
79.006601
79.164715
62.649371
86.929860
94.512222
42.594358
55.383864
22.493151
145.828616
90.612913
105.402313
29.108990
126.316032
80.590581
68.657604
55.017947
126.232030
100.874836
70.444757
118.144792
47.229116
50.051567
35.894359
62.394756
87.798859
39.408946
123.348787
106.566555
59.028471
40.581057
74.722464
46.482646
41.315849
95.399741
40.799639
61.516274
151.246099
50.657997
58.115372
28.508293
81.804210
51.942815
116.136992
63.892928
106.799439
29.066563
84.084703
61.623114
102.688862
81.892440
62.208053
32.466973
53.310062
65.947968
81.004586
70.289081
49.982848
56.840116
34.306828
61.056763
57.166137
62.960826
91.834751
85.897495
86.739479
62.564240
66.836484
101.951204
115.901373
77.999615
57.806735
98.694550
61.817093
79.577985
44.618230
93.881400
99.291929
43.849978
88.316756
153.020915
62.339796
76.211550
87.058403
73.072847
48.116560
87.541755
81.460730
78.279829
90.446397
51.701307
69.370130
58.855093
166.169469
64.922517
67.157771
37.357781
54.616578
55.458387
37.208657
86.360737
58.045659
125.091978
90.493080
116.548147
39.421571
115.581767
46.901793
84.446929
103.493497
32.207633
188.831490
65.606264
99.900850
104.880234
19.278582
53.082897
117.814460
44.919875
119.365448
109.218426
65.524281
145.799118
89.648762
46.862489
145.856292
48.059167
55.303578
75.714772
43.586407
78.086832
55.534528
103.086659
101.313828
68.835058
72.920293
71.143479
89.835340
53.809809
60.209222
75.622000
79.544818
83.451733
72.739786
127.787041
46.885190
40.226046
98.844102
75.094585
112.595566
26.402212
75.446656
168.711207
31.018633
101.078212
55.096607
135.136011
122.990833
75.671267
91.261201
146.068785
75.134147
21.970868
68.518360
44.474522
60.207738
44.147415
56.214463
54.382740
130.366521
89.241499
72.723886
104.665651
33.784014
93.551931
76.288260
55.889140
61.871959
79.809989
53.485350
173.114949
43.142439
89.101449
69.167271
49.493733
30.137860
134.504166
76.061072
59.248948
71.854207
91.873777
69.644764
81.393688
89.433885
36.458013
115.236102
125.940641
60.781228
28.918102
108.933295
103.919135
48.994637
48.937128
73.643096
100.863546
63.198448
87.487229
53.766416
43.163471
84.777738
83.531093
39.617785
64.894303
67.893102
68.700684
56.928258
45.660967
21.970746
89.836244
49.675843
46.547599
71.701347
40.284110
47.879949
71.873505
59.894142
124.461939
55.628044
231.652879
90.751264
144.897983
89.249846
71.120031
65.428044
37.910518
41.973804
52.724853
113.327973
49.266489
110.597678
83.252886
80.137255
91.906845
55.156032
99.893595
68.051026
56.944593
49.771689
72.106833
178.058265
82.609487
53.513116
76.114115
119.922811
80.111641
50.191816
71.037299
87.162415
123.240764
116.908387
37.297924
53.048459
37.959075
80.792078
25.046778
75.009877
25.144167
59.961342
62.624547
139.291184
96.144200
121.164798
105.314606
62.995355
54.235752
77.191016
54.095474
49.111050
65.520821
61.037999
34.966503
139.617469
60.470755
90.965395
91.319431
75.596752
96.316091
67.628057
91.324498
117.328603
103.741788
76.833894
86.427910
53.326114
29.236419
59.908369
66.930889
64.633141
82.582114
60.342103
44.305041
122.162798
105.959774
49.032684
30.375259
77.707842
51.452060
95.409837
61.716766
57.353468
63.296610
74.314689
61.348272
94.516418
56.265240
32.790850
73.589225
62.870219
86.696244
72.508377
55.432134
48.679778
76.004825
54.016638
39.589444
66.987334
76.052779
37.591805
53.038311
31.386987
92.138854
79.875991
87.118388
109.521433
111.473349
64.585651
118.321610
85.230691
56.425983
76.907913
51.599197
51.717696
36.753163
60.192349
59.883624
46.668502
66.646204
78.297947
38.183223
44.799431
76.306403
39.632309
114.036376
39.732625
62.547211
60.948180
49.850388
94.440081
61.690351
64.787217
50.402179
67.707426
57.921387
84.444525
49.534897
108.520752
131.085824
51.929981
30.898842
47.688164
36.129269
101.219069
138.032611
30.691956
77.921735
83.422672
30.582434
121.317569
40.829978
68.575161
46.736915
67.546038
105.839074
71.192384
63.777774
94.953793
50.738030
114.869534
49.075971
42.410273
49.959641
98.947061
29.419959
165.323520
121.434930
89.574412
111.702944
73.459476
83.553407
248.963528
64.127883
47.306316
50.017618
42.627650
45.569222
83.814796
77.428496
72.863168
83.179864
88.451106
101.058538
98.241403
46.448596
65.342839
55.764819
42.649966
82.412472
88.298109
30.317940
152.154203
71.992011
71.093585
86.135029
50.249680
58.294305
69.859793
70.305805
76.496471
93.536402
107.092347
119.051321
35.988726
90.852040
46.986819
68.721432
69.501764
44.114298
152.959466
72.187011
69.676472
44.534010
66.996479
40.935891
44.707472
128.061833
77.698562
60.855413
108.797797
100.112285
57.439384
50.339060
40.025300
91.045099
49.611176
34.729781
151.782835
57.081117
94.882283
102.689516
86.861555
80.029610
52.104471
47.812609
122.263400
50.306966
97.171286
88.679887
61.329566
77.905231
100.322184
54.428196
107.263241
25.327268
63.014431
124.276201
61.633099
46.230968
109.641359
73.181513
85.499837
75.199871
57.678939
78.984156
68.859642
24.546372
59.309083
129.626884
83.273077
41.653768
98.060703
47.524788
50.264873
51.855483
105.999894
67.530257
73.544229
47.828249
84.428099
62.394850
72.135165
115.485000
85.359739
60.712589
67.037783
111.266505
62.781573
115.007828
130.920268
81.905260
85.121420
62.746909
124.060417
42.561104
127.701216
44.015753
54.687026
136.064080
67.697540
90.592293
55.837775
105.204864
59.856310
84.510082
64.954597
75.025836
64.973822
51.534814
124.608364
66.765605
61.314321
127.878023
79.186123
90.906227
167.456662
68.512735
104.537050
104.186312
93.772417
55.257121
79.323510
81.810113
77.415364
45.778027
53.348355
63.711506
77.790946
102.507751
77.083983
131.540331
38.095174
76.071078
50.367756
78.813612
57.840169
126.513729
140.668732
38.867792
58.810180
50.467355
72.979544
71.929166
73.731180
115.841010
51.297486
59.173201
75.675282
60.683228
97.324636
82.238973
49.431710
54.931027
78.063916
56.510174
58.166356
82.107176
84.672713
69.497513
62.819557
60.403022
108.917094
55.657826
88.731129
86.209851
80.503565
130.445230
61.716613
67.042287
104.524672
59.550261
124.870676
38.781306
37.527450
29.147279
43.643330
68.337848
89.768295
59.795616
37.806730
39.811116
155.247370
108.283826
84.339032
88.116672
57.607286
38.791654
80.279374
67.486828
49.952198
105.678062
87.360571
138.976348
47.649889
111.122546
55.716576
105.451065
115.174915
44.498310
61.492675
65.910077
66.565372
45.844751
76.826081
84.064229
122.182096
58.589168
92.110027
58.115941
43.246760
66.830574
73.517778
55.134264
85.781551
69.601809
41.005011
57.525647
129.695558
24.229088
111.545207
62.283854
88.024689
82.811924
106.164192
48.010979
99.303692
47.614705
65.714704
51.505960
78.878059
91.010951
62.679554
96.382031
90.954374
81.208758
78.911686
131.337745
116.676201
76.673396
89.697261
67.912848
120.793673
46.953030
89.395473
132.020619
57.590372
88.534404
31.615662
101.276926
86.061890
85.393784
136.314078
74.716118
64.951617
71.055634
54.476424
74.421744
40.335760
58.303717
98.923730
69.938868
60.544529
22.092344
154.823919
80.923131
81.195130
48.980297
63.772199
48.612798
105.571128
83.627922
77.807084
20.697634
70.597321
56.262243
50.258324
40.836478
99.387915
104.901256
84.948993
60.454581
31.339628
68.209190
104.367360
51.692716
31.411461
34.697290
148.168606
28.312507
140.227540
44.428269
50.279563
37.853706
69.379984
68.408006
76.024530
71.704194
137.967272
84.533861
39.798044
71.548322
110.436801
55.638778
48.254160
50.032915
91.356942
93.445615
148.964789
83.435647
109.386544
168.141690
44.467992
81.946332
89.870800
93.575562
113.396314
110.115400
32.457531
132.803606
91.771461
82.944469
73.020692
68.582633
57.933632
107.903855
102.734737
89.884054
27.104833
66.191756
72.817066
47.808551
71.928292
56.148519
37.132130
118.665489
60.179739
126.521755
130.330488
60.364087
99.001907
74.872050
65.440904
26.180117
73.883641
60.193899
44.318468
96.010967
50.955156
41.773987
44.168101
46.217205
29.622820
60.128744
59.957336
58.895479
98.771267
107.113552
95.010837
112.812805
66.267428
26.593534
99.389447
132.892005
45.459038
29.574254
88.446061
77.320580
65.032874
77.463860
26.369481
81.669302
52.235404
22.031411
63.170441
100.284359
58.303631
103.767667
72.514648
31.620240
50.269287
82.513767
44.605985
47.517488
78.449544
36.812640
62.073247
