0.001996993763788234	0.020288649952634207	0.0059999808672697615	0.040179881316533335
0.0029944955883240134	0.021483190023220626	0.008999986212225775	0.040952228564888137
0.003991003248787963	0.02067405697411863	0.012000009426770887	0.04001277126033082
0.004986518963843724	0.02063073473000615	0.015000056422914354	0.04058117459397541
0.0059810447063397675	0.022066179389128224	0.018000133092739956	0.04327925304418707
0.00697458244324462	0.022241666142848213	0.021000245304928566	0.04406336705011117
0.007967133898133458	0.02119111127525984	0.02400039891555794	0.043506733715064375
0.008958701027227014	0.020512310059099287	0.027000599749654963	0.04226934587992823
0.009949286017528161	0.02115625301028335	0.030000853595692666	0.042626408728623354
0.010938938416535865	0.021852331789214984	0.03300131092192449	0.04189775474502864
0.011927612511403148	0.02295081434269358	0.036001832793499444	0.04302554193676204
0.012915262489170139	0.022174100968709896	0.03900228025907773	0.0416912100528972
0.013901937834097496	0.022602732995635606	0.04200280372531409	0.04220401849270504
0.014887640702137446	0.021973222450267407	0.04500340886013565	0.04061112854466708
0.01587237277456284	0.022033346054894102	0.04800410134846256	0.04120040102124592
0.016856136195072778	0.020439829186862053	0.05100488681082001	0.03847758631923475
0.01783893286746711	0.020804625875825166	0.05400577086594814	0.039364360745121486
0.018820764457504875	0.02065989812747262	0.05700675913633052	0.03911958096069546
0.019801633090682915	0.021245201837186877	0.06000785717225155	0.040054931428570625
0.020781540422520794	0.02012854885047417	0.06300907055508412	0.03919762067202936
0.021760488566496552	0.021656974086298308	0.06601040478884912	0.04181472424108533
0.022738526445098935	0.022328181999848217	0.06901201013858352	0.04259594589250965
0.023715561605625095	0.02379373990730254	0.07201360261375223	0.0440077379934744
0.024691643190206298	0.024552280153668445	0.07501533240532025	0.04514712633100382
0.02566677282911991	0.024891755581315227	0.0780172049936528	0.045118811000660404
0.02664095260619842	0.023713563458819586	0.08101922576905399	0.04341671946103488
0.027614184141762605	0.023512366690739722	0.08402140017218039	0.042683047451987526
0.028586469507944443	0.023253349649364506	0.08702373354861043	0.042619932944465005
0.029557857270074567	0.022601946778786283	0.09002637606947952	0.042017474229965567
0.030528255578898492	0.02291076056200438	0.0930290434964732	0.04239942707208479
0.03149775985357021	0.02345808636515801	0.09603203074692722	0.043404909103227085
0.0324662784158415	0.023448420981561306	0.09903505350798102	0.04315114927341206
0.033433859945992406	0.023149981676149643	0.10203826184323589	0.04246171175359223
0.03440050603011315	0.023436613191526214	0.10504166105741096	0.04298689863233178
0.035366218700080373	0.022556952886604174	0.10804525634288782	0.04231317062606524
0.0363309995323771	0.022913005977731122	0.11104905296639594	0.0427494473907539
0.03729485054757344	0.023000775769047674	0.11405305607747962	0.043102762892152535
0.0382578198595976	0.022994542289845148	0.11705741575213537	0.043870990982608424
0.03921981638384524	0.02233880958629762	0.12006184740370421	0.042383135854246044
0.040180888447496385	0.023665473948753155	0.12306650101678732	0.04357781373634836
0.04114103760334616	0.024337484261945715	0.1260713817647523	0.0437699290688387
0.042100265844070256	0.02361951578732894	0.12907649469182086	0.04240389848244307
0.043058574713118095	0.023486056606076923	0.13208184493464736	0.04163382345432833
0.04401596619215391	0.02496270629916952	0.1350874374960193	0.04444857975417284
0.044972442035937796	0.02590380056773535	0.13809327741597863	0.04640966203933821
0.04592800377403804	0.02426146176439771	0.14109936977677645	0.04529043371288017
0.04688265337175656	0.026104775154959736	0.14410571951978193	0.047259707572112335
0.04783639234949719	0.026053997227919352	0.1471123316914128	0.047017110353057466
0.04878926850079093	0.025038305963910972	0.15011935622629938	0.04569704333671476
0.04974123767287396	0.024062956698256515	0.1531266530491162	0.043628802827802515
0.05069225562055653	0.023970146567805273	0.15613408209200563	0.04225135644946833
0.051642370077783314	0.02223858058105619	0.1591417932433334	0.041057181864979114
0.05259158254235863	0.023378708143946582	0.16214979146143826	0.04332769702823618
0.053539894725277544	0.02353403537350089	0.16515808161867584	0.04261977091071304
0.05448730854909491	0.022881376162219632	0.16816666849680922	0.04271410079631406
0.055433825714277636	0.023964545045473358	0.17117555692903758	0.04475249970824639
0.05637944791646912	0.024366709449403237	0.1741847517302888	0.044959923241088905
0.057324176631308954	0.023040145687364413	0.17719425777291678	0.04297543627222395
0.05826801354566009	0.022932872639387068	0.18020407983786574	0.042916523055192356
0.05921096055600035	0.023902049580610853	0.1832142226101456	0.043756968662871626
0.06015301933885797	0.022990610628448357	0.18622469083244825	0.042620621477848356
0.06109423684553221	0.02380700846336642	0.18923563445986938	0.0433700559016703
0.06203452397091446	0.024141322132236027	0.19224676782031788	0.0437165159816693
0.06297392765769141	0.02384544442022457	0.19525824083570853	0.0435625383637821
0.06391244977674201	0.02424542279650219	0.19827005809652734	0.04356797974463452
0.0648500919811032	0.024958577865516512	0.20128222425706824	0.04381243670180848
0.0657868557075815	0.024480886424921446	0.2042947440400032	0.04370456383524284
0.06672274281192192	0.02409747910772529	0.20730762198015004	0.043583504860812944
0.06765775472248246	0.02463398149253808	0.2103208627677803	0.044116520652728544
0.06859189328501065	0.023199571229858714	0.21333447090102514	0.04253076121145358
0.06952520502955405	0.02254879535714827	0.2163485963365137	0.04211485652114008
0.07045760157178828	0.022486572929417126	0.2193629529391229	0.04241291351124838
0.0713891296426672	0.02296061821379719	0.2223776905412708	0.04267220311589823
0.07231979064970878	0.025269782800981192	0.22539281375356104	0.04550101205839474
0.07324958641398527	0.025603449611117445	0.22840832698387692	0.045639624245366855
0.07417851833478906	0.02702301229250769	0.23142423481147706	0.04782309491764787
0.07510658822344767	0.027730452565380533	0.2344405416087225	0.04793191508700838
0.07603379767838139	0.028167851990812138	0.23745725182600605	0.04834095013824238
0.07696014808666157	0.026285200141498113	0.2404743699961213	0.04568909792774427
0.0778856412451315	0.026328056919872462	0.2434919004387551	0.04593726094210371
0.07881027853279197	0.02588957724249691	0.2465098476560856	0.04517743197983363
0.07973406173691708	0.024781699792738518	0.24952821593308194	0.04357167881716405
0.08065699243388019	0.0242876553809549	0.25254700963848	0.043290074691830556
0.08157907199069073	0.02429453355642167	0.25556623322907146	0.04375354155286785
0.08250034650270585	0.024469617997258823	0.2585860366082827	0.04387179572064623
0.0834207286844018	0.025743996270376518	0.26160613286311607	0.04518934989633349
0.08434026462173808	0.026138938501181933	0.2646266718630622	0.04570414861269979
0.08525900006987829	0.02662043585794435	0.2676478036326118	0.045726081659049345
0.08617684797527854	0.025866622262149606	0.27066924108321855	0.0447038416788204
0.08709385408530153	0.02590181070042745	0.27369113421001884	0.04428319329964327
0.08801002014500678	0.024868952343950458	0.27671348714561	0.0432178559901588
0.08892539173106168	0.025886723574833084	0.2797364499422882	0.04469743271131593
0.08983988209736857	0.02603478681233534	0.28275973527267645	0.04474479369984393
0.09075353701418498	0.027765662523136697	0.28578349304582956	0.046143912309344656
0.09166635780569343	0.029900658638472667	0.2888077275574516	0.0485694565441253
0.09257834619408517	0.029601951497274695	0.29183244285813753	0.048807365759496166
0.09348950349594408	0.029631979304986098	0.2948576432151768	0.049148786195634994
0.09439983142442798	0.028613849751203804	0.2978833326468777	0.048494492771956284
0.09530937524725527	0.02725136069329741	0.30090966126463303	0.047988650746359204
0.09621804875126133	0.02540823605607432	0.3039363413102393	0.04616623883277585
0.09712589739540319	0.02525839093076348	0.3069635227457986	0.045183713049695165
0.09803292247751477	0.024646430181707892	0.30999120976870254	0.044322754358091666
0.09893912568845084	0.024062464004207057	0.3130194063178029	0.04319480397555867
0.0998445083186425	0.023795415067289154	0.31604811656297954	0.04231197594255019
0.10074907205013353	0.02409004049931613	0.319077344411796	0.04179908284792422
0.10165281836293959	0.02441995439189845	0.32210709388060665	0.04219549997862708
0.10255574853649035	0.024537858689906947	0.3251373690984966	0.042304670107909996
0.10345786423973034	0.02667490955348054	0.32816817392662	0.04455612081855843
0.10435916674482236	0.02749030580226784	0.3311995124671748	0.0447581681258619
0.10525965771205452	0.027141285487216615	0.3342313885507174	0.045201514433795394
0.10615938188939662	0.026802402996473188	0.3372639524198981	0.04411412310243573
0.10705825396250088	0.026956897604643586	0.340296915540757	0.0444522436632251
0.10795636207691835	0.025888060457200608	0.34333057434849024	0.04357707040383935
0.10885362106632344	0.026027415788024255	0.34636464017537666	0.04471136277854033
0.10975011891288369	0.026917492491462254	0.34939940953491466	0.044545136981675455
0.11064577059779301	0.02724657121008227	0.35243459362436813	0.04491698201257466
0.11154062088449608	0.026896341894876885	0.3554703425756903	0.0442421263942048
0.11243467101311055	0.027173503206225233	0.3585066603730793	0.044945708610435335
0.11332792260571803	0.02698629608332606	0.3615435507127185	0.04411074315106983
0.11422037689545761	0.02712000391632364	0.3645810175532324	0.04481905920238434
0.11511203549608329	0.02735893258565339	0.3676190645616633	0.04581263576691695
0.11600289982516501	0.02884758646269533	0.3706576955300219	0.04797072861497437
0.11689297110546992	0.02854133684218265	0.3736969143790069	0.046391606720468354
0.11778225093836954	0.02718012442969073	0.3767367247324282	0.04527248312609834
0.11867074053977883	0.02714134903458717	0.37977713048598327	0.045940197773870026
0.11955844150288554	0.028444870050525616	0.38281813523497427	0.047732746573915595
0.1204453552264677	0.028214615789043215	0.3858597427045356	0.04714810719595109
0.12133148291625592	0.02872023756077527	0.3889019567532852	0.04788833350655355
0.12221682615326913	0.030016856584276625	0.39194478093423146	0.049122288430799424
0.12310138613650966	0.029893698170466755	0.3949882190815488	0.04840058342207231
0.12398516443895384	0.028215322135886924	0.39803227472035607	0.04493627159151953
0.1248682049278526	0.027203652453554533	0.401077098409257	0.04406439660059193
0.1257504238183381	0.027746045621699814	0.40412240014841183	0.04567438366077183
0.12663186515836164	0.028862516792042308	0.4071683303204393	0.046785481283020125
0.12751253013031671	0.029649399599233583	0.410214892699356	0.04822424295120205
0.12839246262503937	0.028808958584371724	0.4132622377638159	0.04821618460296873
0.12927157914291518	0.029201927310275416	0.41631007521974045	0.0481426675772188
0.13014992356692978	0.02818936068734835	0.4193585555187313	0.046386310351720784
0.13102749725209545	0.027353024806071057	0.4224076822313333	0.04521484566091374
0.13190430136449435	0.026438612716268108	0.42545745907273547	0.044816771457979694
0.1327803372526726	0.027579089418493463	0.4285078895902124	0.04676149622631077
0.13365560644635224	0.026892937747315476	0.4315589771597569	0.04517360242287106
0.1345301102863628	0.027378084140356307	0.4346107253021711	0.04599570140427071
0.13540385011001943	0.027002314249076835	0.43766313752595803	0.04626878635197843
0.13627682706738414	0.02692569603828184	0.4407162174887755	0.045324041036512726
0.13714904248942106	0.02679126556738408	0.44376996867636753	0.04561693805357629
0.13802049788672563	0.027168364684285545	0.4468243943992578	0.04665305014087454
0.1388912364790004	0.02738838420563318	0.4498796455258017	0.04699547733367728
0.13976121765348187	0.028603308195345102	0.45293557812855945	0.0484871024135376
0.1406304007209013	0.029317701423623648	0.4559920483338491	0.04933665676999167
0.1414988288549048	0.030212103172377103	0.4590492070090075	0.04905125898684826
0.14236650354728478	0.029611648829851595	0.46210705740048164	0.048609588220118655
0.14323342592305915	0.029348147067950223	0.4651656030764859	0.04813795829628163
0.1440995974665882	0.028041883730747993	0.468224847258219	0.04579203058356459
0.14496501947732415	0.02811429011661576	0.47128479332236617	0.04620749097078128
0.1458296930710763	0.027295755757054528	0.47434544480440655	0.04526940239506917
0.1466936197211513	0.028254450388562825	0.4774068048880704	0.045732534253283844
0.14755680053727344	0.029324519325276237	0.4804688770872513	0.04706001596955115
0.1484192369854421	0.029323836414553696	0.48353166456096464	0.04745056090232645
0.1492809718124041	0.02896805513231577	0.4865953184466047	0.04646959865863837
0.15014192319077155	0.029049430923936942	0.48965954658888566	0.04645733060457233
0.1510021340397082	0.029005503215538235	0.49272449992872175	0.04650054767950555
0.15186160545391347	0.02991033441339873	0.49579018192686425	0.048115248411817094
0.15272033888133332	0.030675575633478894	0.4988565956814548	0.04893587330811297
0.15357833541073096	0.031047823839881073	0.5019237446323103	0.04908898642060049
0.15443559648291555	0.03164429682108713	0.5049916318535823	0.05024784587882701
0.15529212335764708	0.03218707689925855	0.5080602605851379	0.05126243404213686
0.15614791711486298	0.03112615755940575	0.5111296342357334	0.04908931981904898
0.1570030203303786	0.03162978601554206	0.5141999039850378	0.049551075330204634
0.15785735178705534	0.031826511344613326	0.5172707769390774	0.04986443156697061
0.1587109540536904	0.03158463171638011	0.5203424042540323	0.048832856705561006
0.15956386941455405	0.030634997807493757	0.5234149373662268	0.04759531772700632
0.1604160168539358	0.029678670039699415	0.5264880831307099	0.04599597032282254
0.16126743865035445	0.028371596923408467	0.5295619929636741	0.04403458002499183
0.16211813621308924	0.02797514019000997	0.5326366698337894	0.043897393066905835
0.1629681516745159	0.0288942520263859	0.5357122652834329	0.045601733407583916
0.16381740428598338	0.03015030773232462	0.5387884858293688	0.04684520322478822
0.1646659363478004	0.03066448344808673	0.541865482806585	0.047912330210191284
0.16551374890832482	0.03156844359158201	0.5449432595133423	0.049064426962491144
0.16636084335972418	0.03171122772394592	0.548021818861413	0.049569570835873815
0.16720722074474378	0.03075352353073693	0.5511011641295255	0.04786221482322791
0.16805288244878566	0.031074993547841226	0.554181298207024	0.048240684445486584
0.16889782968116202	0.030783587553780797	0.5572622241619506	0.04750178900210237
0.16974206347627235	0.03115026951181258	0.5603439452440497	0.04852160864909075
0.17058558520945424	0.03199915630909269	0.5634264643093733	0.04844611756497116
0.17142839590959116	0.03289076717150962	0.5665097845885484	0.05010760748837217
0.1722705374686143	0.032707541652492275	0.5695940577387695	0.04969345554071837
0.17311193003412792	0.03393245868379008	0.5726789891305156	0.05088381575678881
0.17395261515006158	0.03293864337808958	0.5757647307891522	0.049178986709030065
0.1747925941751984	0.032126602075887196	0.5788512855161595	0.048909620348110576
0.17563186812479797	0.03357555763872781	0.5819386564950815	0.04977337643768563
0.17647043818154545	0.03317238771953747	0.5850268467037425	0.04997190888912251
0.17730834618364796	0.032008704378080295	0.5881160077738063	0.04903049227543377
0.1781455123288328	0.0333817890951722	0.5912058449369813	0.05087408113931562
0.17898197827955797	0.033119537326914014	0.5942965100022572	0.05094340869813285
0.17981774503769224	0.03107240475846667	0.5973880061070894	0.049373203845454676
0.18065281377115563	0.03191019542983759	0.6004803361798373	0.04959444078380108
0.18148718581280318	0.0330160497125846	0.603573502936982	0.05131250150496867
0.1823208623241574	0.032169575043213175	0.6066675092859823	0.04928101455418665
0.18315384446383853	0.03210816955092395	0.6097623581246145	0.04827176263569879
0.18398613322055246	0.031760312153619005	0.6128580525452129	0.04726992982282302
0.18481772974769906	0.030656976174801898	0.6159545954276952	0.04587092273773324
0.18564863536226964	0.02967528815268941	0.6190519894368254	0.04411844504801687
0.18647885121137003	0.03024710837307231	0.6221502374320463	0.04531409116177565
0.18730837843925163	0.02950540193844159	0.6252493422633167	0.04507664856054451
0.18813721802168065	0.030396397339781247	0.6283493069787944	0.04655540237890463
0.18896537109777656	0.030499338311298047	0.6314501344109532	0.04707882959047779
0.18979283896892293	0.03140906285784871	0.6345518271738907	0.04778555491305826
0.19061966255572735	0.031482601484242104	0.6376545377998881	0.0484961650589308
0.19144580316783041	0.033083421081195996	0.6407581194145372	0.0498536097065111
0.19227122204619165	0.034059840041455486	0.6438624252181984	0.04985796218124569
0.19309596007076804	0.034579608562096256	0.6469676077590795	0.05034621239391193
0.19392001852758622	0.03377333249719494	0.6500736696016349	0.049859238559041015
0.19474339837216126	0.031902903604689184	0.6531806137252446	0.047635533371837735
0.19556610088444587	0.030925104233796845	0.6562884426747863	0.04638724584855462
0.19638812717790574	0.03031323408694945	0.6593971591984438	0.0455955207005194
0.19720947820060247	0.031163422449438913	0.6625067662503946	0.04721481984578797
0.19803015522345147	0.03298942261924673	0.6656172663464497	0.04976191454908371
0.19885015918958698	0.03557394395664003	0.6687286624241593	0.05300981296756359
0.19966949136394746	0.03764990019340829	0.6718409569801512	0.05514322161142067
0.2004881528463699	0.03766501440096703	0.6749541527178509	0.05600485450176063
0.20130614457265988	0.03663167039811822	0.6780682525501266	0.05429484022622939
0.20212346779886234	0.03537381337854941	0.6811832589451219	0.05253917831686905
0.20294012345593773	0.03600694977948355	0.6842991747994193	0.05279244350879738
0.20375611279404884	0.034313964842155195	0.6874160025623623	0.051030485808697165
0.20457147613695031	0.034052814136494906	0.6905338953510626	0.05076382088897137
0.205386135933747	0.034762081705706084	0.6936525551228568	0.051428006489372624
0.20620013266317372	0.03617296489152815	0.6967721347567079	0.053788371319441586
0.20701346724421993	0.03548621466570915	0.6998926371090737	0.05263051526812066
0.20782618002253866	0.03662049865293035	0.7030142152194673	0.05305212748695909
0.20863819369232328	0.03651667527278358	0.7061365706555043	0.05243017065695865
0.2094495485934745	0.03815912728959124	0.7092598564384188	0.0543271719768249
0.21026028480912257	0.037197803263334904	0.7123842259399321	0.05335299638906722
0.2110703252162714	0.036350549982115545	0.7155093804330911	0.0530588795516283
0.21187970989338123	0.035134219708655864	0.7186354732740563	0.05228008065332561
0.2126884400589256	0.035820759989581855	0.72176250681143	0.05288601314655503
0.21349655565984565	0.03347300005213048	0.7248906345659202	0.05076410959739922
0.2143039798155821	0.034009889010825946	0.7280195574147796	0.050269461142170985
0.21511075262540538	0.03430806184661206	0.7311494286344148	0.0502976732839198
0.21591687498266163	0.03560595963776912	0.7342802509958692	0.052631832690285096
0.21672234809178145	0.03463397817786773	0.7374120268033985	0.05198379380512599
0.2175271728415484	0.03532948214857027	0.7405447588129267	0.05245011757011084
0.21833135043083762	0.03448026727670457	0.7436784493112163	0.05195558361580472
0.21913488189957922	0.035519244248558506	0.7468131008071598	0.052958969163917576
0.21993776812976942	0.0352904293996004	0.7499487160342342	0.05281474654072711
0.22074001031201576	0.035243366328423446	0.7530852972532209	0.05220563687321519
0.22154160932382666	0.035276767562311795	0.7562228471827828	0.051945505772519954
0.22234256635034064	0.036045759225461604	0.759361368066551	0.052434368457015344
0.22314292093555335	0.035632921494533745	0.762501013887016	0.05244355010944629
0.22394259691727786	0.03614553119423861	0.7656414843137522	0.052197874716242584
0.22474163398902317	0.03751655090612989	0.7687829330784663	0.05434203656361823
0.2255400330172073	0.0375207098810612	0.7719253628633117	0.0546018779721469
0.22633783356728918	0.03787791479693174	0.7750689275733276	0.05445677964896961
0.22713495971361422	0.03779979307715075	0.7782133264688799	0.05432392616786777
0.22793145101629078	0.03694892147841898	0.7813587134383245	0.053810862913584445
0.2287273084857142	0.03610513954796481	0.784505090896001	0.052913716417014055
0.22952253297739264	0.03581930461751469	0.7876524614882872	0.05236661210790142
0.230317125497393	0.034452336388226035	0.7908008276153566	0.050831191620957256
0.23111108720137855	0.034723612602886776	0.7939501914288937	0.05028505383735046
0.23190441909014825	0.03582345389946164	0.7971005553127125	0.051562608094914364
0.23269716031296894	0.03614329037233886	0.8002520737326089	0.05200531888204214
0.23348923541292096	0.03649518786736936	0.8034044451208286	0.052043356511699376
0.23428068353501275	0.03636315815407459	0.8065578239292847	0.05302348713055445
0.23507150582183964	0.035766003479684894	0.8097122122691612	0.05317793260138184
0.23586170326237577	0.03475424154003355	0.8128676124867926	0.05239974478669494
0.23665127669293515	0.03535384236428394	0.8160240271659529	0.05227308113580712
0.23744022724836905	0.03399702339092894	0.8191814583939049	0.05106550969695281
0.238228555760802	0.0355436264117482	0.8223399087408162	0.05196131922389149
0.23901626335996215	0.03591768689903122	0.8254993802781551	0.05304182273605453
0.2398033889043072	0.036299751293258395	0.8286600278477857	0.05303152601746586
0.24058985745748196	0.037120870100897936	0.8318215489351147	0.05499998255834101
0.24137570802271213	0.03874733616250686	0.8349840981204258	0.05625886051121254
0.24216094142176664	0.03841010864140496	0.8381476779403438	0.05587153626214202
0.24294555877170287	0.0388807245170972	0.8413122904273839	0.05529767110807787
0.2437295608901942	0.03874741295839339	0.8444779381049394	0.05475448852270118
0.24451294888928382	0.03711459201191155	0.8476446229901548	0.05243303926055176
0.24529572373031594	0.03725975784031592	0.8508123473423702	0.05322633458633074
0.24607788622487006	0.03819965973810216	0.8539811136653307	0.053976414945919926
0.24685943747752573	0.03871716508381796	0.8571509239533451	0.05447075479691
0.24764037829583238	0.03939446004530065	0.8603217806971883	0.05525916052650308
0.2484207097794316	0.03960779244094914	0.8634936858760919	0.05569956629164838
0.24920043287845875	0.03890540760327369	0.8666666417143412	0.05460369039336025
0.24997954839446676	0.03996258744864119	0.8698406506834488	0.055770945253236975
0.25075805741974655	0.03934918169961256	0.8730157147402473	0.05476607456542175
0.25153596075188517	0.0383752943586536	0.8761918363435341	0.053530084381670305
0.25231325947831007	0.03914641435759286	0.8793690174353505	0.05462471175939011
0.253089991920038	0.03970417710013772	0.8825474135983145	0.05566219777639163
0.25386608410492206	0.0381873956046053	0.885726720486919	0.05413742041793475
0.25464161181911504	0.03938504037833318	0.8889072469098982	0.055745509244220184
0.2554165012023025	0.04052438050928435	0.8920886883027864	0.05725431760568817
0.2561908279202908	0.03970868921569328	0.8952713536667153	0.05597375753219425
0.2569645182242649	0.04035429815769378	0.8984549382175278	0.05691779662470103
0.25773761045122134	0.039836494350529	0.9016395974459995	0.05608478989814207
0.25851010538121116	0.03970459144651603	0.9048253337549376	0.05594950115768872
0.2592820040801384	0.03883629099304297	0.9080121490212092	0.055083747987672356
0.2600533073242253	0.0402000239371318	0.9112000456354464	0.05599728430309312
0.2608240161746718	0.03976022103524025	0.9143890254603347	0.053863899737986325
0.2615941686127441	0.03997847626934919	0.9175792445781172	0.05423095160306086
0.26236369127726866	0.03925222546757077	0.9207703974300214	0.05334833834658918
0.2631326222882915	0.040473931747483025	0.9239626398233218	0.054891861469935035
0.26390096241256794	0.039828065527311884	0.9271559741186273	0.05432672799644245
0.2646687126996613	0.039481218674573854	0.9303504021436366	0.05492776485467001
0.2654358739125821	0.03914965712221988	0.9335459262471126	0.05470697669127483
0.2662024470962875	0.03847466927658683	0.9367425482429439	0.05437185283713174
0.2669684331515372	0.039011895491778255	0.9399402702026471	0.0553065673838107
0.26773383283576857	0.03915940781938182	0.9431390944573894	0.05534416696252119
0.2684986471870814	0.039241007592092134	0.946339022800539	0.05590047109564034
0.26926287695922696	0.03944536604407396	0.9495400575516462	0.05679457447931394
0.27002652318576725	0.040227592523684165	0.9527422004905269	0.05749815092501362
0.2707896234842743	0.039494767295627425	0.955945608261856	0.05604071469188471
0.27155210514883144	0.04062705899762449	0.9591499739586957	0.05809551389921043
0.27231404260456726	0.04086017877898436	0.9623556086578284	0.05778943766181811
0.27307536325365556	0.04030198837836891	0.9655622052251782	0.056308069129905956
0.2738361414052049	0.04131867868667895	0.9687700749403594	0.0566715422174352
0.27459630456916295	0.0397514841659338	0.9719789104414727	0.0544603860439786
0.2753558903789627	0.038657873399168936	0.9751888682824434	0.052409491234707076
0.276114899572051	0.03908802276942856	0.9783999507316475	0.052201489913995154
0.27687333316190177	0.04075259164539741	0.9816121595091625	0.05475323749008208
0.2776311918824006	0.03981637020613689	0.9848254968722309	0.0538740379124225
0.27838847674262984	0.04096498367588996	0.9880399645279269	0.05547233959572247
0.27914518861100157	0.04102931693328671	0.9912555644491763	0.05582961076485446
0.27990132821610114	0.040943562069533285	0.9944722988766851	0.0567527568605727
0.2806568965604723	0.040653210579309706	0.9976901694982023	0.05532544969267678
0.28141189436919434	0.04030305188719507	1.0009091785435136	0.05571637230624706
0.2821663226404836	0.04129430903471118	1.0041293276876038	0.056545932495588834
0.282920182232962	0.04041968696204837	1.0073506188737993	0.05611589839851765
0.2836734738664905	0.039926514460694854	1.010573054315663	0.05571337449259277
0.2844261985328426	0.03965345307640255	1.0137966356692116	0.05585665981521541
0.2851783569484275	0.039877389882799236	1.0170213651372968	0.05513878380996756
0.2859299501007546	0.03915124093447628	1.0202472443634065	0.05458642957292167
0.28668101498773	0.0402639184849914	1.0234744310180446	0.05551539157957386
0.28743148002276875	0.04154857751581663	1.0267026157756955	0.05661681971905868
0.2881813823359594	0.041293763595559224	1.0299319560174538	0.05680592800604801
0.2889307226351743	0.04135172555597481	1.0331624539197466	0.057624795874017996
0.28967953793822954	0.04164942857462369	1.0363942670753743	0.05835517366847012
0.29042775686790406	0.04286866506299358	1.0396270856898715	0.05911420839167277
0.2911754164378366	0.04283436344549784	1.04286106734383	0.05916691091063016
0.29192251748374515	0.044118444217132936	1.0460962139117669	0.060157805495306596
0.29266906070509585	0.04395421916293462	1.049332527544184	0.05964620038055169
0.29341504693426995	0.04333152813080696	1.0525700101053272	0.05820428645535973
0.29416047713576654	0.04249635799366302	1.0558086631714063	0.0576696330519451
0.29490535213784985	0.041582347560230534	1.0590484885946805	0.056996583974486585
0.29564967276693477	0.040630290994939346	1.062289488221896	0.05547852434028644
0.29639343971421017	0.04116665194329207	1.0655316641781192	0.05601499802747238
0.2971366538028052	0.04277340049619072	1.0687750183000175	0.05777774017804971
0.29787931598700124	0.04148158434125605	1.0720195521341103	0.056000334806481845
0.29862142708587	0.042177209240800706	1.0752652675052972	0.05596002294417378
0.299363023610719	0.043091920678453625	1.078512322951184	0.058092149865710825
0.3001040348564695	0.04323873994747438	1.0817604071356428	0.058076553014648584
0.3008444973311934	0.043247581527003	1.0850096785863899	0.05894013562770798
0.3015844119791014	0.04410897949832181	1.0882601388207909	0.0609720303808215
0.30232381519889434	0.0445221369329695	1.0915119465850343	0.06184744212881298
0.30306263648980464	0.044140879488739945	1.094764790063305	0.061254227741637995
0.3038009123787567	0.042420270950846224	1.0980188277038763	0.05984745179278584
0.3045386435391686	0.04248862200544638	1.1012740615775172	0.05948145652913043
0.305275830905325	0.04284439702556933	1.1045304931729676	0.05919436095567665
0.3060124751474766	0.04257393541789803	1.1077881245513639	0.05896079543072852
0.3067485771959775	0.04255241031136278	1.1110469571901402	0.05848222142057758
0.30748413784838496	0.043789357913156995	1.1143069928505658	0.06025152705807154
0.3082191577702346	0.04483648145417052	1.1175682335794626	0.06084644510330667
0.308953637886027	0.04465822508953995	1.12083068083746	0.060907249329977625
0.30968757885817766	0.04401452533790746	1.1240943366619265	0.06025862700929346
0.3104209816073125	0.04382956995427864	1.1273592025023875	0.06087607928223726
0.31115388219852425	0.045619401850005556	1.1306254377408094	0.061414525241058816
0.31188621073703016	0.04450462431525543	1.1338927291077328	0.06019663037933146
0.31261800341396273	0.04575461198621803	1.137161235682569	0.06044435123932739
0.3133492608840206	0.04673786773610024	1.140430959479359	0.061221371717042845
0.3140800192315936	0.04785870273304275	1.143702059802035	0.06153393035683074
0.31481020876161775	0.045342049320769864	1.1469742228917976	0.05937599023768745
0.31553986555468494	0.043195402379564166	1.1502476080417536	0.05652687198551075
0.31626902548414365	0.0428919303674601	1.1535223750115289	0.05700601500913294
0.3169976190039745	0.04279673500464075	1.1567982096737908	0.05685996315314064
0.31772568198450807	0.04196095415612587	1.1600752717790916	0.05613078505171707
0.31845321532545096	0.04326705057580968	1.1633535627173026	0.05810414687787083
0.3191802547915108	0.045360368306954	1.1666332424660502	0.061845635251242675
0.31990673103442585	0.044914886259586125	1.1699139964045708	0.06070349022944927
0.3206326799429901	0.044761535749200984	1.1731959842038182	0.06067303746172691
0.3213581021553276	0.04668278922874681	1.1764792078280126	0.06277006370688878
0.32208299856185085	0.04720235947493253	1.1797636686406798	0.0629658362668236
0.322807369797729	0.04634710745392642	1.1830493685971981	0.06071037226374755
0.323531216749693	0.04627817772696628	1.186336309050685	0.061609919191484966
0.3242545401761252	0.04546907186043614	1.1896244916480156	0.060621640042966086
0.32497734070779516	0.04417611221259208	1.1929139183314266	0.05826193168235594
0.32569961922595125	0.044238342440180434	1.1962045904385636	0.05898791180146605
0.3264213763584517	0.044401279845265214	1.1994965099029833	0.06028109867943203
0.32714261298291536	0.04479342223942005	1.2027896780521068	0.05966730564538176
0.32786332984954947	0.045840157993176624	1.2060840965091817	0.06030194046812868
0.3285835275818775	0.04508470286199692	1.2093797671948627	0.059320014393151446
0.3293032070521124	0.04524865938612481	1.2126766914213718	0.05849812554525655
0.33002236888090947	0.0459106129466713	1.2159748711008407	0.05900014321573668
0.3307410485299208	0.046273776198305944	1.2192744667959057	0.05960826993441867
0.3314592121234821	0.045092228067574736	1.2225753209070243	0.05811083002452286
0.3321768257345509	0.04601857304254856	1.2258772759514558	0.05962422559005204
0.3328939247946531	0.047152493826184826	1.2291804925377772	0.06088105239743829
0.33361050991734714	0.04706757111618497	1.232484972557085	0.06041848992105858
0.3343265818387734	0.04704006831156092	1.2357907175919172	0.0607566092813787
0.335042141416949	0.04733296141996815	1.2390977289147422	0.06120004911713833
0.3357571893845045	0.047060695607073225	1.2424060080982993	0.0610080349850059
0.3364717264725008	0.04525823204257772	1.245715556710834	0.06003983216458838
0.33718575328750366	0.04625218124253704	1.2490263766227885	0.061482054235158734
0.3378992705577971	0.04677230505465735	1.2523384693942212	0.061807969359334206
0.33861227913268577	0.04817223129307588	1.2556518362733193	0.0631782981559048
0.3393247797369926	0.04810573337673491	1.2589664788105146	0.06368399882465449
0.3400367730939929	0.04773131930124499	1.2622823985518232	0.06241685636064876
0.34074825980336226	0.04708964730783255	1.2655995973474055	0.06162499521170288
0.34145924058564003	0.045169631810456065	1.2689180767352386	0.05955738259555251
0.3421697162815384	0.04547502922693472	1.2722378379396515	0.05962532587317209
0.3428797217844195	0.0451676221031177	1.2755590427948198	0.05932341469093897
0.3435892236094453	0.04557040972283251	1.2788815325814094	0.06019892471672843
0.34429818822166935	0.04583072075548271	1.2822051486997155	0.06011450168068749
0.3450066504860296	0.04674987708051567	1.2855300530338263	0.06136276662739345
0.34571461123476444	0.04638428821275142	1.2888562467846247	0.06141226786750045
0.34642207105673334	0.045944604615749	1.2921837317705733	0.06040760402703876
0.34712903078081764	0.04679684404308895	1.29551250918329	0.06048661226296455
0.3478354911135493	0.04688531329390323	1.2988425805212596	0.06065514549581752
0.3485414526397966	0.046901401117713855	1.3021739475912901	0.06008199585134941
0.34924691618344017	0.04773005258519937	1.305506611571226	0.061271334284203845
0.34995188232670704	0.050032999915405246	1.308840574260177	0.06468958908953995
0.3506563518901666	0.04990659491149938	1.3121758368268823	0.06564082913256858
0.351360325572911	0.049325865935478254	1.315512400748824	0.06515592302708605
0.35206380395323394	0.04959935829969822	1.3188502678136675	0.06568330531956756
0.35276678784677246	0.04950130831511709	1.3221894391766138	0.06531578646168655
0.3534692778292165	0.04824797795018418	1.3255299166177663	0.06282351536246802
0.35417127471293736	0.04804555456810828	1.328871701283377	0.061929972918491775
0.35487281295906925	0.04761190060852132	1.3322149560022551	0.060902654857700016
0.35557382560067036	0.047535363808501305	1.3355593597993396	0.06131722605070115
0.35627434721462414	0.04674553683102801	1.3389050751795382	0.060006631037640416
0.35697437837017826	0.04695778194858395	1.3422521039042854	0.06050158973991083
0.357673953546665	0.04776002184972929	1.3456006087235517	0.06147123130412782
0.3583730059606846	0.0479699021654232	1.3489502681397565	0.06176763849710118
0.3590715700883653	0.04813581835983511	1.3523012448941363	0.06155047377211881
0.35976968021601424	0.04945009809419974	1.3556537022321804	0.0639965839432517
0.3604672696972311	0.049294443399534996	1.3590073182631248	0.06264355426095022
0.36116437281580094	0.048333620310458	1.3623622562251885	0.06262264698943829
0.36186099036644814	0.05002754836403321	1.3657185172164972	0.06481417903084348
0.3625571565363843	0.049369089345610705	1.369076264722461	0.0641739362434949
0.3632528048610201	0.0482300622391349	1.3724351763263236	0.06237499733433613
0.36394796964159404	0.049568684788016786	1.3757954151861052	0.065233574963847
0.3646426514335034	0.050370663350221424	1.3791569830233197	0.06453150252734537
0.3653368510236239	0.05055544102378298	1.3825198809148125	0.06467372714091395
0.3660305689648812	0.05175488230996398	1.3858841105750042	0.06572697702567883
0.3667238060410414	0.05359952041885735	1.3892496730723294	0.06784588072473721
0.3674165629182867	0.053472985453690725	1.3926165697922677	0.06771992606066646
0.3681088401458622	0.05311530164385634	1.3959848024386965	0.0673418373635562
0.36880063850290074	0.05129352037876288	1.39935437206754	0.06550586001593874
0.369491958536211	0.051604217814881226	1.4027252803757069	0.0654950381396594
0.37018280102185774	0.05080198162950815	1.4060975284108523	0.06524254093850525
0.3708731666191438	0.05080883238688271	1.4094711175394128	0.06455232031525765
0.3715630558712493	0.05145586585020145	1.4128460494479365	0.06612460803917793
0.3722524695496682	0.05270270539837271	1.4162223251717805	0.06674103126271952
0.3729414081951786	0.051998834855989856	1.4195999463906472	0.0668330880819819
0.3736299057189743	0.05165379484794018	1.422979077238241	0.06555724565486087
0.37431792960808535	0.05130203168010609	1.426359556020963	0.06597707363035638
0.37500544730250734	0.0515430582694954	1.4297412211715368	0.06596568260457224
0.3756924926861632	0.05084895531019278	1.4331242368767365	0.06542983462921889
0.3763790662938864	0.05026504552822791	1.4365086047993567	0.06390604888440003
0.377065168773145	0.04974973874898149	1.4398943262730142	0.0629884096595216
0.37775080088342144	0.048561228308806846	1.4432814023008744	0.06144033700059462
0.3784359632692131	0.04880369467274019	1.4466698342086146	0.0614746449604934
0.379120689535191	0.050635075464743204	1.4500597869478815	0.06379248159277041
0.37980491428733254	0.05103667555676068	1.4534509349056586	0.06480721266718203
0.3804886711279808	0.051760289317087024	1.4568434430270045	0.06564956356336092
0.3811719608092405	0.054003580115434185	1.4602373122954033	0.06926651497987814
0.381854783969026	0.05311582294796651	1.4636325440185076	0.0688934290494041
0.38253714113167975	0.05296254320471296	1.4670291398294149	0.06843994586519077
0.3832190330449271	0.053827897723974734	1.4704271006999572	0.06947823989845231
0.38390046023081514	0.05305637851157531	1.473826428256757	0.06992267991682374
0.38458142343416885	0.05243224995349055	1.477227123463945	0.06803710010729304
0.38526195604637425	0.05349628711178879	1.4806293518344031	0.06830636636631311
0.38594199306612853	0.05283121555833978	1.484032786539231	0.06831979603091566
0.3866215679939005	0.053197823579863385	1.4874375927540497	0.06820372822472948
0.3873006813460556	0.05414463667035572	1.4908437720894927	0.06825608968652698
0.3879793338602345	0.05429738183380277	1.494251325490657	0.06761301544922309
0.38865752605055204	0.052667860915835904	1.497660254561858	0.0649694828625482
0.389335258651802	0.05250802461418724	1.5010705602406682	0.06485836027846019
0.3900125322864606	0.05329546236005301	1.5044822437927174	0.06636609870431698
0.3906893474652905	0.05361452178857991	1.5078953068129244	0.06592779806655141
0.39136570491884304	0.05452465081353894	1.5113097502276696	0.06806933224277625
0.39204160515566155	0.05556783359974886	1.5147255756256612	0.07022296041281466
0.3927170489034876	0.055022012963916976	1.5181427839258803	0.06855412444829215
0.3933920367785119	0.05381823567815158	1.5215613763769449	0.06689270623314103
0.3940665692859725	0.05310826319275218	1.5249813545583277	0.06746913571833177
0.3947406471494237	0.052082516373556126	1.528402719378002	0.06638355225728602
0.3954142708719151	0.05220540846846679	1.5318254724093365	0.06600130737222552
0.39608744117422795	0.05312432693253463	1.5352496145530246	0.06711920138034701
0.3967601910522966	0.053727380929649085	1.5386753123981922	0.06809551918715218
0.3974324562340216	0.054269548929486516	1.5421022367946646	0.06829777374868365
0.39810430216449844	0.053702407087206416	1.5455307194813566	0.06769836442091728
0.39877566465635483	0.05566033422016601	1.5489604310329277	0.07017941922924767
0.3994466090651802	0.055698347479571905	1.5523917034505335	0.0705467588835284
0.40011707128810875	0.05549125696060788	1.5558242070332422	0.06957930845453271
0.4007870843355051	0.05566438165160499	1.5592581082832815	0.06987364042243745
0.4014566487007204	0.05601416859386557	1.5626934087470632	0.06867980044169912
0.40212576509223497	0.0547398339111281	1.5661301092931192	0.06759192680739827
0.4027944340012775	0.054648942510759996	1.5695682114619824	0.06659404326669022
0.4034626561336338	0.05481882197638956	1.5730077161151663	0.06709264603571058
