0.001996993763788234	0.028075472904749862	0.0059999808672697615	0.0020654850042488176
0.0029944955883240134	0.028208242211245543	0.008999986212225775	0.0009018341333669915
0.003991003248787963	0.02884341715188704	0.012000009426770887	0.0010336670327598994
0.004986518963843724	0.026536986012710696	0.015000056422914354	-0.0003373440147891592
0.0059810447063397675	0.026387635213950583	0.018000133092739956	-0.00012854767885854697
0.00697458244324462	0.026089373674381862	0.021000245304928566	-0.00016784069170510798
0.007967133898133458	0.02752506882350579	0.02400039891555794	0.002268951486806172
0.008958701027227014	0.027317769037792546	0.027000599749654963	0.0016555966162612019
0.009949286017528161	0.028515221595200493	0.030000853595692666	0.0026957660620879967
0.010938938416535865	0.028922042838958308	0.03300131092192449	0.002781893568873455
0.011927612511403148	0.02892039725178903	0.036001832793499444	0.0030590075923996878
0.012915262489170139	0.026969358670978896	0.03900228025907773	-0.0002773731127184737
0.013901937834097496	0.02618952094477458	0.04200280372531409	-0.0004973422711327752
0.014887640702137446	0.026420234341565436	0.04500340886013565	0.00016291459006748295
0.01587237277456284	0.024313358892679476	0.04800410134846256	-0.0013299355891055907
0.016856136195072778	0.025517940058803562	0.05100488681082001	-0.0006119991889778542
0.01783893286746711	0.025585696812694344	0.05400577086594814	0.0008091017527080242
0.018820764457504875	0.026506887092529345	0.05700675913633052	0.0019007610270609875
0.019801633090682915	0.026555278940601418	0.06000785717225155	0.0009985355209991323
0.020781540422520794	0.028727687115031268	0.06300907055508412	0.0016643711286683232
0.021760488566496552	0.027543935304937577	0.06601040478884912	0.0004818032153470596
0.022738526445098935	0.028182704806057078	0.06901201013858352	9.76505550742998e-05
0.023715561605625095	0.02821326852755046	0.07201360261375223	0.00030741502118409626
0.024691643190206298	0.029805680303975617	0.07501533240532025	0.0017388820705810674
0.02566677282911991	0.027796301368657385	0.0780172049936528	0.00030986064120327246
0.02664095260619842	0.02852570406796028	0.08101922576905399	0.001244551868674091
0.027614184141762605	0.02829192482949755	0.08402140017218039	0.0022450707988625
0.028586469507944443	0.029451505733891787	0.08702373354861043	0.002563580756363885
0.029557857270074567	0.027342399355143356	0.09002637606947952	0.001275352607234589
0.030528255578898492	0.028456108176998535	0.0930290434964732	0.0028580615693640193
0.03149775985357021	0.02878423480873073	0.09603203074692722	0.0030384898840010027
0.0324662784158415	0.029433607193899466	0.09903505350798102	0.0033614620634230437
0.033433859945992406	0.028586543777115874	0.10203826184323589	0.004134874658144701
0.03440050603011315	0.029411264477946397	0.10504166105741096	0.005129301392584758
0.035366218700080373	0.029781093801094435	0.10804525634288782	0.005446498971620404
0.0363309995323771	0.029342114704374287	0.11104905296639594	0.0048848316026399745
0.03729485054757344	0.029946405310753394	0.11405305607747962	0.005009051816407285
0.0382578198595976	0.02829685997435893	0.11705741575213537	0.0032955298899916908
0.03921981638384524	0.027030233471587176	0.12006184740370421	0.001245462723361877
0.040180888447496385	0.026328457399265537	0.12306650101678732	0.0010678193335343835
0.04114103760334616	0.02541634323886069	0.1260713817647523	0.00047190262159594855
0.042100265844070256	0.024589478452979152	0.12907649469182086	-9.34726880509021e-05
0.043058574713118095	0.025880588826547684	0.13208184493464736	0.0008763999962658025
0.04401596619215391	0.026730421758008924	0.1350874374960193	0.002998956275331303
0.044972442035937796	0.02797617986719874	0.13809327741597863	0.00423790564673656
0.04592800377403804	0.02883180376751315	0.14109936977677645	0.004127692401633381
0.04688265337175656	0.029265994361625403	0.14410571951978193	0.0051366637009846285
0.04783639234949719	0.028402985256128575	0.1471123316914128	0.004426783329687665
0.04878926850079093	0.028954638790448822	0.15011935622629938	0.004126563056497571
0.04974123767287396	0.02808353684613935	0.1531266530491162	0.0028788127488481585
0.05069225562055653	0.028220590468042647	0.15613408209200563	0.004729227456507996
0.051642370077783314	0.028458102738390077	0.1591417932433334	0.004160164765169472
0.05259158254235863	0.03046806576624688	0.16214979146143826	0.005811729137993859
0.053539894725277544	0.03064171979760364	0.16515808161867584	0.005400792319010153
0.05448730854909491	0.03041274515096248	0.16816666849680922	0.005126918395581332
0.055433825714277636	0.03048068853039614	0.17117555692903758	0.003824024790494775
0.05637944791646912	0.029041479865936835	0.1741847517302888	0.003293566675944897
0.057324176631308954	0.028311674117869553	0.17719425777291678	0.00286060971993051
0.05826801354566009	0.0277169531423754	0.18020407983786574	0.002003157734378203
0.05921096055600035	0.027791995503822088	0.1832142226101456	0.0026120744775875644
0.06015301933885797	0.026952403093323887	0.18622469083244825	0.0022322540995507872
0.06109423684553221	0.02814830215519057	0.18923563445986938	0.002763263530815756
0.06203452397091446	0.027604217096446244	0.19224676782031788	0.001499039132820157
0.06297392765769141	0.02806442230525782	0.19525824083570853	0.002700293590575256
0.06391244977674201	0.02837156295250711	0.19827005809652734	0.003223546346635734
0.0648500919811032	0.029831326547905018	0.20128222425706824	0.00443377779200119
0.0657868557075815	0.029194989204611187	0.2042947440400032	0.00451523438424674
0.06672274281192192	0.030385481044453787	0.20730762198015004	0.006516849601457044
0.06765775472248246	0.03031976142343669	0.2103208627677803	0.0073556152991546275
0.06859189328501065	0.02932138763850687	0.21333447090102514	0.005078056672938945
0.06952520502955405	0.029490959623784174	0.2163485963365137	0.004843936461538915
0.07045760157178828	0.02939700866753904	0.2193629529391229	0.00385515738607685
0.0713891296426672	0.02836577303414281	0.2223776905412708	0.003742048561261778
0.07231979064970878	0.027416909337858744	0.22539281375356104	0.002544969850633586
0.07324958641398527	0.02947066168678453	0.22840832698387692	0.00504058604039832
0.07417851833478906	0.029596570130460437	0.23142423481147706	0.006149156231125471
0.07510658822344767	0.03081060378306498	0.2344405416087225	0.007760203722614494
0.07603379767838139	0.030863481157240663	0.23745725182600605	0.006854120357459911
0.07696014808666157	0.032187388231409216	0.2404743699961213	0.006972398267500956
0.0778856412451315	0.03136394796862558	0.2434919004387551	0.006624259530541878
0.07881027853279197	0.030184285694439573	0.2465098476560856	0.005690866086064153
0.07973406173691708	0.029360517958601694	0.24952821593308194	0.004251483052956498
0.08065699243388019	0.030561902007685063	0.25254700963848	0.005870376487058679
0.08157907199069073	0.02981939676604349	0.25556623322907146	0.005824352357191631
0.08250034650270585	0.029589714916893033	0.2585860366082827	0.006008077465113449
0.0834207286844018	0.030512243412513282	0.26160613286311607	0.006735191425636068
0.08434026462173808	0.030321549217720338	0.2646266718630622	0.007607573479161375
0.08525900006987829	0.02900475412349985	0.2676478036326118	0.006082313956990637
0.08617684797527854	0.029633309971884524	0.27066924108321855	0.006232581800069241
0.08709385408530153	0.030208002327159433	0.27369113421001884	0.0065662241254719565
0.08801002014500678	0.030606658357567925	0.27671348714561	0.006898318987885421
0.08892539173106168	0.03193114966661132	0.2797364499422882	0.007314638382289303
0.08983988209736857	0.03209985969251373	0.28275973527267645	0.006672114968520604
0.09075353701418498	0.03167712094232396	0.28578349304582956	0.00660171100124974
0.09166635780569343	0.031350831403024054	0.2888077275574516	0.005780831049918098
0.09257834619408517	0.030503809466072958	0.29183244285813753	0.005932148528787718
0.09348950349594408	0.031489953972015844	0.2948576432151768	0.007588809699208189
0.09439983142442798	0.03229519875875675	0.2978833326468777	0.009025885479969763
0.09530937524725527	0.032926933635601084	0.30090966126463303	0.009464080517733372
0.09621804875126133	0.033298316186608785	0.3039363413102393	0.009810149199030302
0.09712589739540319	0.033210766676800625	0.3069635227457986	0.00853963009721118
0.09803292247751477	0.0312902901024669	0.30999120976870254	0.006696564659522277
0.09893912568845084	0.030571959721009696	0.3130194063178029	0.006320745979038615
0.0998445083186425	0.03111816852369363	0.31604811656297954	0.007228556598324311
0.10074907205013353	0.031032150506426305	0.319077344411796	0.006962825898598809
0.10165281836293959	0.031363035835537685	0.32210709388060665	0.007909644652981652
0.10255574853649035	0.03254626473168725	0.3251373690984966	0.008116989201656155
0.10345786423973034	0.03263244449249141	0.32816817392662	0.008476119015613891
0.10435916674482236	0.03125466880670312	0.3311995124671748	0.00727512065105887
0.10525965771205452	0.031644878149272845	0.3342313885507174	0.008124697659773871
0.10615938188939662	0.03181704326968469	0.3372639524198981	0.007983662874401786
0.10705825396250088	0.030739826731166472	0.340296915540757	0.008102922255284221
0.10795636207691835	0.030879351147957576	0.34333057434849024	0.007636031261422553
0.10885362106632344	0.0315339133807505	0.34636464017537666	0.00804141818897153
0.10975011891288369	0.03025991656638727	0.34939940953491466	0.006699578599829353
0.11064577059779301	0.030967237422379976	0.35243459362436813	0.007121395698452793
0.11154062088449608	0.03157688240437422	0.3554703425756903	0.006864639532438887
0.11243467101311055	0.03167833560352276	0.3585066603730793	0.007975648502252878
0.11332792260571803	0.03166445983375294	0.3615435507127185	0.008622486322500754
0.11422037689545761	0.03181506762986506	0.3645810175532324	0.00928582196622554
0.11511203549608329	0.031077934254823737	0.3676190645616633	0.008655820843541568
0.11600289982516501	0.03162325638883661	0.3706576955300219	0.009941217169389137
0.11689297110546992	0.03093216939005485	0.3736969143790069	0.007560293999251308
0.11778225093836954	0.030505504132440492	0.3767367247324282	0.007385817462161107
0.11867074053977883	0.03112548849527156	0.37977713048598327	0.0077906073678582
0.11955844150288554	0.030852958001041104	0.38281813523497427	0.007992399642604594
0.1204453552264677	0.030349369021424693	0.3858597427045356	0.006928619032850313
0.12133148291625592	0.030774907951048005	0.3889019567532852	0.00858888909967986
0.12221682615326913	0.031624262384134814	0.39194478093423146	0.008194927483372744
0.12310138613650966	0.03130014797531565	0.3949882190815488	0.008536905647096124
0.12398516443895384	0.032797312155529335	0.39803227472035607	0.009642747680934979
0.1248682049278526	0.03263104797247198	0.401077098409257	0.009751050286653842
0.1257504238183381	0.03290278028023226	0.40412240014841183	0.00929227351204313
0.12663186515836164	0.0312031615747169	0.4071683303204393	0.008858643000661057
0.12751253013031671	0.03101607736923808	0.410214892699356	0.008442054634130792
0.12839246262503937	0.03057486668171273	0.4132622377638159	0.008253363607120014
0.12927157914291518	0.030840020578031913	0.41631007521974045	0.009198404864668682
0.13014992356692978	0.029954529030635706	0.4193585555187313	0.008717107735184321
0.13102749725209545	0.030790510987208593	0.4224076822313333	0.008996642293787407
0.13190430136449435	0.032882338297931704	0.42545745907273547	0.010380209169067598
0.1327803372526726	0.03216813498118205	0.4285078895902124	0.01006120416896564
0.13365560644635224	0.031246653274314817	0.4315589771597569	0.008818128624852414
0.1345301102863628	0.03151821940076598	0.4346107253021711	0.008828339580343169
0.13540385011001943	0.032382605362998966	0.43766313752595803	0.009654148088278474
0.13627682706738414	0.031123220852893336	0.4407162174887755	0.008308114283925508
0.13714904248942106	0.032583165034907394	0.44376996867636753	0.008961562467046356
0.13802049788672563	0.032746229698870005	0.4468243943992578	0.008471545797526256
0.1388912364790004	0.035216870058274924	0.4498796455258017	0.010838383408692167
0.13976121765348187	0.03553537826957536	0.45293557812855945	0.011826578444801056
0.1406304007209013	0.03700263500896383	0.4559920483338491	0.014154285757990048
0.1414988288549048	0.03557371717906589	0.4590492070090075	0.012828391942587739
0.14236650354728478	0.03645425962710671	0.46210705740048164	0.014042938413611704
0.14323342592305915	0.035602560082712606	0.4651656030764859	0.01415923778560175
0.1440995974665882	0.034834848708102134	0.468224847258219	0.011428308955150488
0.14496501947732415	0.03395832231201161	0.47128479332236617	0.010346884419396088
0.1458296930710763	0.035408233751696085	0.47434544480440655	0.011749477965712123
0.1466936197211513	0.03566774779816393	0.4774068048880704	0.012299352796598934
0.14755680053727344	0.03477750770785351	0.4804688770872513	0.010047928237120059
0.1484192369854421	0.03588808474434273	0.48353166456096464	0.01235448584142009
0.1492809718124041	0.036393048317128855	0.4865953184466047	0.012489159444820104
0.15014192319077155	0.03562637706979982	0.48965954658888566	0.012319379729879383
0.1510021340397082	0.03545238707428164	0.49272449992872175	0.011131760390179529
0.15186160545391347	0.035990993839746604	0.49579018192686425	0.012632320057542614
0.15272033888133332	0.036440437861934606	0.4988565956814548	0.01312390136753396
0.15357833541073096	0.036435678519496376	0.5019237446323103	0.013006392298484387
0.15443559648291555	0.03570486876607381	0.5049916318535823	0.012033984013475692
0.15529212335764708	0.034931327385212554	0.5080602605851379	0.012332995500188269
0.15614791711486298	0.035898984040608845	0.5111296342357334	0.01382296071974233
0.1570030203303786	0.03463705007067151	0.5141999039850378	0.0129007439744434
0.15785735178705534	0.03415477052075774	0.5172707769390774	0.012551107325146622
0.1587109540536904	0.035765482824904646	0.5203424042540323	0.014074788457525208
0.15956386941455405	0.036745410474129214	0.5234149373662268	0.014607837734587958
0.1604160168539358	0.03683705176259692	0.5264880831307099	0.012896627302238454
0.16126743865035445	0.038110095256535546	0.5295619929636741	0.014228081869493158
0.16211813621308924	0.03731689933391759	0.5326366698337894	0.01314310574790822
0.1629681516745159	0.03582471678028949	0.5357122652834329	0.01142419571241426
0.16381740428598338	0.036231813977494906	0.5387884858293688	0.011950213931583305
0.1646659363478004	0.03482539363013098	0.541865482806585	0.011308144597142473
0.16551374890832482	0.034395000674830534	0.5449432595133423	0.011465486486088021
0.16636084335972418	0.0355608778139577	0.548021818861413	0.013148687918583132
0.16720722074474378	0.037390152140172286	0.5511011641295255	0.01616456706645642
0.16805288244878566	0.038261993546238715	0.554181298207024	0.017207175869774327
0.16889782968116202	0.038581487101871086	0.5572622241619506	0.018287914581201853
0.16974206347627235	0.03818441075896152	0.5603439452440497	0.01676916549951202
0.17058558520945424	0.03835967763106057	0.5634264643093733	0.016487889195669785
0.17142839590959116	0.037427188773591365	0.5665097845885484	0.01457748097971332
0.1722705374686143	0.037272517622841554	0.5695940577387695	0.01498650571288402
0.17311193003412792	0.03733175045845556	0.5726789891305156	0.013919845459016205
0.17395261515006158	0.03826796911143467	0.5757647307891522	0.015557767459911989
0.1747925941751984	0.03723183382703649	0.5788512855161595	0.01488650934399826
0.17563186812479797	0.03708888304272934	0.5819386564950815	0.01510972931744974
0.17647043818154545	0.036233528777017444	0.5850268467037425	0.013478807991705793
0.17730834618364796	0.037531966213794364	0.5881160077738063	0.015727049467534983
0.1781455123288328	0.037314478283573774	0.5912058449369813	0.015241843239044239
0.17898197827955797	0.03779579169936749	0.5942965100022572	0.01586704496122765
0.17981774503769224	0.03740200278983026	0.5973880061070894	0.015166292208765718
0.18065281377115563	0.03765012214654651	0.6004803361798373	0.01561969245272269
0.18148718581280318	0.03727471660589998	0.603573502936982	0.014258586209401134
0.1823208623241574	0.03715572230498816	0.6066675092859823	0.013548762727624394
0.18315384446383853	0.03757768774453756	0.6097623581246145	0.014874901733122458
0.18398613322055246	0.037630337553287777	0.6128580525452129	0.015119833005551163
0.18481772974769906	0.03682601434263276	0.6159545954276952	0.014432269912342258
0.18564863536226964	0.03646701610817486	0.6190519894368254	0.013890153264837505
0.18647885121137003	0.036447961460229356	0.6221502374320463	0.014048952806027071
0.18730837843925163	0.03646718535201084	0.6252493422633167	0.013717502586371423
0.18813721802168065	0.037446881882633815	0.6283493069787944	0.014895315492717819
0.18896537109777656	0.038305043298546226	0.6314501344109532	0.016036921634171933
0.18979283896892293	0.038216763879639674	0.6345518271738907	0.017010401708591805
0.19061966255572735	0.03764363591906888	0.6376545377998881	0.015922162781912982
0.19144580316783041	0.03736680522180674	0.6407581194145372	0.015106758979693439
0.19227122204619165	0.03720860281041136	0.6438624252181984	0.014039465274879296
0.19309596007076804	0.03724453410159292	0.6469676077590795	0.014426997836379594
0.19392001852758622	0.03752537328793051	0.6500736696016349	0.014866796021644974
0.19474339837216126	0.03708840940711242	0.6531806137252446	0.015265993504435988
0.19556610088444587	0.03803588609345902	0.6562884426747863	0.0161782814379936
0.19638812717790574	0.03813543692863585	0.6593971591984438	0.016578462483046418
0.19720947820060247	0.03760942040447571	0.6625067662503946	0.01546626501863981
0.19803015522345147	0.03754373617334235	0.6656172663464497	0.015353116985695948
0.19885015918958698	0.0388463711136614	0.6687286624241593	0.01648313231571484
0.19966949136394746	0.0387355045013046	0.6718409569801512	0.016665322117976597
0.2004881528463699	0.038488582239221594	0.6749541527178509	0.017472843118878843
0.20130614457265988	0.03917353258913548	0.6780682525501266	0.0182880413121916
0.20212346779886234	0.039125560543961664	0.6811832589451219	0.018473739611669357
0.20294012345593773	0.03950115060396257	0.6842991747994193	0.019121750281785553
0.20375611279404884	0.040366660802284245	0.6874160025623623	0.01917469905302796
0.20457147613695031	0.04115940994504862	0.6905338953510626	0.02009151659440458
0.205386135933747	0.04079277105513025	0.6936525551228568	0.019209284594260436
0.20620013266317372	0.0411715013508661	0.6967721347567079	0.01905926875774533
0.20701346724421993	0.0411360658760246	0.6998926371090737	0.018961107956654046
0.20782618002253866	0.040645124339312236	0.7030142152194673	0.019293432364639665
0.20863819369232328	0.04069139502834432	0.7061365706555043	0.01937552811302476
0.2094495485934745	0.04268077453004605	0.7092598564384188	0.022247802690291883
0.21026028480912257	0.04219925964089835	0.7123842259399321	0.021680515126718224
0.2110703252162714	0.04241478103684746	0.7155093804330911	0.021996053710930365
0.21187970989338123	0.041238363192658126	0.7186354732740563	0.02096360768106798
0.2126884400589256	0.03961097623778995	0.72176250681143	0.01907913941204615
0.21349655565984565	0.03923918094626685	0.7248906345659202	0.01777019334496158
0.2143039798155821	0.03968768405682502	0.7280195574147796	0.019237646868703807
0.21511075262540538	0.039819072668174554	0.7311494286344148	0.01943303407849073
0.21591687498266163	0.04111487922739085	0.7342802509958692	0.02084325067537686
0.21672234809178145	0.04264175491318918	0.7374120268033985	0.02215740144186223
0.2175271728415484	0.04042389581050737	0.7405447588129267	0.021157785498818887
0.21833135043083762	0.04003552352106293	0.7436784493112163	0.01995016165176198
0.21913488189957922	0.0394756177595289	0.7468131008071598	0.02016119935381356
0.21993776812976942	0.03846285607826561	0.7499487160342342	0.01885302911975778
0.22074001031201576	0.03803023917858818	0.7530852972532209	0.018934828151010746
0.22154160932382666	0.04002004958190048	0.7562228471827828	0.02070902506699061
0.22234256635034064	0.039689042895450215	0.759361368066551	0.020719289767036325
0.22314292093555335	0.040180645263440416	0.762501013887016	0.02014300607330869
0.22394259691727786	0.041099969746718076	0.7656414843137522	0.021144705902797833
0.22474163398902317	0.04096929959504278	0.7687829330784663	0.02080562590114977
0.2255400330172073	0.04009166836969357	0.7719253628633117	0.01945819060258747
0.22633783356728918	0.04045512578059049	0.7750689275733276	0.01995948424422619
0.22713495971361422	0.040340995018225204	0.7782133264688799	0.020646798627367256
0.22793145101629078	0.03972323220192252	0.7813587134383245	0.019462280303700393
0.2287273084857142	0.0408576611662194	0.784505090896001	0.020590466792408984
0.22952253297739264	0.04158640029350285	0.7876524614882872	0.020631690036663045
0.230317125497393	0.042021396147118126	0.7908008276153566	0.020732344685071014
0.23111108720137855	0.0423671851415699	0.7939501914288937	0.02158541359973255
0.23190441909014825	0.04343656467359827	0.7971005553127125	0.02275976758878107
0.23269716031296894	0.042781766625642634	0.8002520737326089	0.021781761474162338
0.23348923541292096	0.04316871597971948	0.8034044451208286	0.023120718626724383
0.23428068353501275	0.04409330816495301	0.8065578239292847	0.024246393318769235
0.23507150582183964	0.044072163166431345	0.8097122122691612	0.02275724102338285
0.23586170326237577	0.04302979799174115	0.8128676124867926	0.021857492808540685
0.23665127669293515	0.04189333663289545	0.8160240271659529	0.020415663603692145
0.23744022724836905	0.04044382619229739	0.8191814583939049	0.01850231366302943
0.238228555760802	0.039738654321905556	0.8223399087408162	0.01733006827500179
0.23901626335996215	0.039525231172614625	0.8254993802781551	0.018074323996102752
0.2398033889043072	0.03950128832507756	0.8286600278477857	0.01797370241552059
0.24058985745748196	0.04059083520185513	0.8318215489351147	0.019310622574767337
0.24137570802271213	0.041533859508784035	0.8349840981204258	0.020383152306590786
0.24216094142176664	0.041965932411451246	0.8381476779403438	0.02078605479435474
0.24294555877170287	0.04299425337657149	0.8413122904273839	0.02139716481511558
0.2437295608901942	0.04421820316596185	0.8444779381049394	0.022608904487713837
0.24451294888928382	0.04379767230628668	0.8476446229901548	0.0229169339264233
0.24529572373031594	0.04327408550797769	0.8508123473423702	0.022591530955433595
0.24607788622487006	0.04252818706959969	0.8539811136653307	0.02273045684207583
0.24685943747752573	0.04235319924051135	0.8571509239533451	0.02322931228332014
0.24764037829583238	0.04121789709845627	0.8603217806971883	0.02261281609660147
0.2484207097794316	0.04116310084807367	0.8634936858760919	0.02169130585512044
0.24920043287845875	0.04196631426976031	0.8666666417143412	0.022053360027748638
0.24997954839446676	0.042393236229618075	0.8698406506834488	0.02171121331242961
0.25075805741974655	0.04292460687636516	0.8730157147402473	0.021241658986269757
0.25153596075188517	0.04329877135366014	0.8761918363435341	0.021096458268075578
0.25231325947831007	0.044033420437341396	0.8793690174353505	0.02150261774293934
0.253089991920038	0.04495547141679705	0.8825474135983145	0.022035200297709175
0.25386608410492206	0.0447696873164772	0.885726720486919	0.02214300455234832
0.25464161181911504	0.04453202353508341	0.8889072469098982	0.02253147790050927
0.2554165012023025	0.044927768245768766	0.8920886883027864	0.02294130721651543
0.2561908279202908	0.04494437240578368	0.8952713536667153	0.023605763613604495
0.2569645182242649	0.04382264358639794	0.8984549382175278	0.023423367395717785
0.25773761045122134	0.04356210090635135	0.9016395974459995	0.02322860964357025
0.25851010538121116	0.042906490492500955	0.9048253337549376	0.021415048721255464
0.2592820040801384	0.04289922006703109	0.9080121490212092	0.02167054308650141
0.2600533073242253	0.04306545523941483	0.9112000456354464	0.021596775467087298
0.2608240161746718	0.044243969423976744	0.9143890254603347	0.023241333506596924
0.2615941686127441	0.04539307213020961	0.9175792445781172	0.02424635099916982
0.26236369127726866	0.04494658638298722	0.9207703974300214	0.024701215847962765
0.2631326222882915	0.04465693080305883	0.9239626398233218	0.023728656019174676
0.26390096241256794	0.04424223273938422	0.9271559741186273	0.02435780668268239
0.2646687126996613	0.04308678784618957	0.9303504021436366	0.022972985466903444
0.2654358739125821	0.04256865448080137	0.9335459262471126	0.02242038386024635
0.2662024470962875	0.04425148377286539	0.9367425482429439	0.023809090397005787
0.2669684331515372	0.04428777626795309	0.9399402702026471	0.024776523249516787
0.26773383283576857	0.04653043602566767	0.9431390944573894	0.026242911690006056
0.2684986471870814	0.047541847489795765	0.946339022800539	0.02711584206058081
0.26926287695922696	0.04786818148735272	0.9495400575516462	0.02775191806344847
0.27002652318576725	0.04759151745120067	0.9527422004905269	0.027267771083634734
0.2707896234842743	0.04735890496553899	0.955945608261856	0.02647010468173142
0.27155210514883144	0.046414157617745	0.9591499739586957	0.025385972807345256
0.27231404260456726	0.04543791248461986	0.9623556086578284	0.02320934363779757
0.27307536325365556	0.045743340304471525	0.9655622052251782	0.02334624538783614
0.2738361414052049	0.04640532207807826	0.9687700749403594	0.02444435732784552
0.27459630456916295	0.047458177832267745	0.9719789104414727	0.026563063196637003
0.2753558903789627	0.04622644533368961	0.9751888682824434	0.02522896109746505
0.276114899572051	0.04622568583986116	0.9783999507316475	0.026764334339980003
0.27687333316190177	0.04603079284689183	0.9816121595091625	0.026848209084441473
0.2776311918824006	0.0442733419286657	0.9848254968722309	0.025866554623255857
0.27838847674262984	0.04303737347833313	0.9880399645279269	0.02340733525860179
0.27914518861100157	0.04393399817546432	0.9912555644491763	0.024887654188763143
0.27990132821610114	0.044541710808994495	0.9944722988766851	0.024777835696381603
0.2806568965604723	0.04597821987720074	0.9976901694982023	0.025227269525184285
0.28141189436919434	0.04684139932608222	1.0009091785435136	0.024746497038034262
0.2821663226404836	0.04839807056108546	1.0041293276876038	0.026636979678691063
0.282920182232962	0.04778279209905906	1.0073506188737993	0.02580855056133815
0.2836734738664905	0.048378303146180045	1.010573054315663	0.026661179513636266
0.2844261985328426	0.047707374179582755	1.0137966356692116	0.027320118280489965
0.2851783569484275	0.047233486892230885	1.0170213651372968	0.027633402418188114
0.2859299501007546	0.045847848370370065	1.0202472443634065	0.0264405432718909
0.28668101498773	0.04612221506443285	1.0234744310180446	0.027137750161152406
0.28743148002276875	0.04421118756526057	1.0267026157756955	0.025119140740472744
0.2881813823359594	0.04373695200422721	1.0299319560174538	0.024039801373788215
0.2889307226351743	0.043682477011498855	1.0331624539197466	0.024186479203537344
0.28967953793822954	0.045592062252444436	1.0363942670753743	0.025668451815851027
0.29042775686790406	0.04529222562014099	1.0396270856898715	0.025671703381704825
0.2911754164378366	0.0467365818923879	1.04286106734383	0.028551970285298135
0.29192251748374515	0.04559150159686545	1.0460962139117669	0.028145210281859196
0.29266906070509585	0.046617604587175676	1.049332527544184	0.028744014918932925
0.29341504693426995	0.045767293100427014	1.0525700101053272	0.028347354378064134
0.29416047713576654	0.04644910754322449	1.0558086631714063	0.028179181622926985
0.29490535213784985	0.04651027985985648	1.0590484885946805	0.026749795116622798
0.29564967276693477	0.04898954621873643	1.062289488221896	0.02828422072807916
0.29639343971421017	0.048521557480824706	1.0655316641781192	0.02834541159737423
0.2971366538028052	0.04884167313847711	1.0687750183000175	0.028152211157142084
0.29787931598700124	0.04918586290056203	1.0720195521341103	0.028225715983177926
0.29862142708587	0.04901414814268006	1.0752652675052972	0.02769309840786654
0.299363023610719	0.0478420301919992	1.078512322951184	0.026745747166816033
0.3001040348564695	0.04888162892732368	1.0817604071356428	0.0271970892820698
0.3008444973311934	0.05042853778307323	1.0850096785863899	0.029074972028653303
0.3015844119791014	0.05023849939962935	1.0882601388207909	0.02916390338820376
0.30232381519889434	0.051348938988576794	1.0915119465850343	0.030699435476577955
0.30306263648980464	0.0514188932293461	1.094764790063305	0.031090422859873387
0.3038009123787567	0.050265914008471885	1.0980188277038763	0.03041900659052596
0.3045386435391686	0.04997186512517114	1.1012740615775172	0.02972683625833713
0.305275830905325	0.04957651983589598	1.1045304931729676	0.02938951542928676
0.3060124751474766	0.049153684661507824	1.1077881245513639	0.028628542136980767
0.3067485771959775	0.04880953563286314	1.1110469571901402	0.02777587887143581
0.30748413784838496	0.05015846175550537	1.1143069928505658	0.028069597071539564
0.3082191577702346	0.049512505008724284	1.1175682335794626	0.02806392209785865
0.308953637886027	0.05111549302431131	1.12083068083746	0.0297791192600915
0.30968757885817766	0.05157365092013719	1.1240943366619265	0.030433472955150705
0.3104209816073125	0.05133833388629583	1.1273592025023875	0.030262412312936346
0.31115388219852425	0.051160920752049144	1.1306254377408094	0.030144482884022872
0.31188621073703016	0.05051743558474642	1.1338927291077328	0.029037230187258033
0.31261800341396273	0.049127401147181185	1.137161235682569	0.027086207755881643
0.3133492608840206	0.048217374964983406	1.140430959479359	0.026775400528082097
0.3140800192315936	0.05066662314900912	1.143702059802035	0.02905548486060132
0.31481020876161775	0.048760824928535215	1.1469742228917976	0.02773465308185173
0.31553986555468494	0.04912739220524246	1.1502476080417536	0.02913648737057393
0.31626902548414365	0.05000348570968652	1.1535223750115289	0.030409360866174247
0.3169976190039745	0.05089820385937526	1.1567982096737908	0.030577932564530383
0.31772568198450807	0.04870068502740019	1.1600752717790916	0.028706255370532476
0.31845321532545096	0.04970572533560921	1.1633535627173026	0.02967165482283568
0.3191802547915108	0.05083600153498855	1.1666332424660502	0.030612955413433385
0.31990673103442585	0.051714419598099436	1.1699139964045708	0.03156283296174875
0.3206326799429901	0.05154573317867107	1.1731959842038182	0.031703704766407576
0.3213581021553276	0.051938234958182276	1.1764792078280126	0.032567782786334265
0.32208299856185085	0.051635186062106264	1.1797636686406798	0.032370959014983575
0.322807369797729	0.05026703163090309	1.1830493685971981	0.030936836643608082
0.323531216749693	0.049805029396266604	1.186336309050685	0.030116219226743447
0.3242545401761252	0.0486196634218741	1.1896244916480156	0.029230068450926756
0.32497734070779516	0.048781914105359404	1.1929139183314266	0.02863647714905314
0.32569961922595125	0.04877637709618861	1.1962045904385636	0.02913733888059291
0.3264213763584517	0.04946997491675099	1.1994965099029833	0.030202462607428673
0.32714261298291536	0.049143630786670556	1.2027896780521068	0.03048997203684697
0.32786332984954947	0.05081078435663626	1.2060840965091817	0.03090739912566976
0.3285835275818775	0.050451492533154826	1.2093797671948627	0.030784823104524704
0.3293032070521124	0.051887405028383286	1.2126766914213718	0.03164104159165544
0.33002236888090947	0.051121559137460235	1.2159748711008407	0.030247922478735662
0.3307410485299208	0.05128510784569891	1.2192744667959057	0.03050314602759699
0.3314592121234821	0.051415456453829486	1.2225753209070243	0.030762583495116062
0.3321768257345509	0.05283996194073251	1.2258772759514558	0.032488670314359876
0.3328939247946531	0.05241842875171405	1.2291804925377772	0.032126507574661095
0.33361050991734714	0.05284706448020256	1.232484972557085	0.032908559965779745
0.3343265818387734	0.05179521186216765	1.2357907175919172	0.03138968348909486
0.335042141416949	0.050982398082082714	1.2390977289147422	0.031387811919987546
0.3357571893845045	0.050876350409858016	1.2424060080982993	0.031046926361340904
0.3364717264725008	0.05078594767250958	1.245715556710834	0.030332466941941475
0.33718575328750366	0.051088564881900396	1.2490263766227885	0.029846727714178026
0.3378992705577971	0.052811366619792285	1.2523384693942212	0.031821629535962084
0.33861227913268577	0.052902626890555776	1.2556518362733193	0.031959931664473494
0.3393247797369926	0.05206980347497828	1.2589664788105146	0.031770339528011504
0.3400367730939929	0.05164758389348739	1.2622823985518232	0.03183264236846231
0.34074825980336226	0.0522402160153365	1.2655995973474055	0.03302367292348078
0.34145924058564003	0.052604455331145494	1.2689180767352386	0.03191229055251179
0.3421697162815384	0.05192639740726972	1.2722378379396515	0.030787455886552316
0.3428797217844195	0.052548227800126024	1.2755590427948198	0.030645716513262356
0.3435892236094453	0.052888307930058165	1.2788815325814094	0.03154724108188764
0.34429818822166935	0.05189908843354059	1.2822051486997155	0.0301977749007849
0.3450066504860296	0.051850293383075965	1.2855300530338263	0.03090591240705501
0.34571461123476444	0.05085246230671773	1.2888562467846247	0.030373724182655118
0.34642207105673334	0.051569197941865284	1.2921837317705733	0.03121136542003424
0.34712903078081764	0.052511387309929096	1.29551250918329	0.03202246909154358
0.3478354911135493	0.05283814073965858	1.2988425805212596	0.032360517938809175
0.3485414526397966	0.0515866966759011	1.3021739475912901	0.031863353423416695
0.34924691618344017	0.054294295527297365	1.305506611571226	0.034044170980982946
0.34995188232670704	0.053600112755751925	1.308840574260177	0.03362065174052414
0.3506563518901666	0.05290583613717886	1.3121758368268823	0.03362440370194296
0.351360325572911	0.05354135541044955	1.315512400748824	0.03416085904771709
0.35206380395323394	0.05596189517355254	1.3188502678136675	0.03597345902151427
0.35276678784677246	0.05559183140752133	1.3221894391766138	0.0355377166839244
0.3534692778292165	0.05569968872082581	1.3255299166177663	0.035723128516081164
0.35417127471293736	0.055463977334064975	1.328871701283377	0.03463927919043784
0.35487281295906925	0.05578682395503438	1.3322149560022551	0.03543210441597178
0.35557382560067036	0.05453272178299031	1.3355593597993396	0.03416190741765841
0.35627434721462414	0.054852940249216886	1.3389050751795382	0.03517447868636085
0.35697437837017826	0.054233406808407776	1.3422521039042854	0.034522581681483526
0.357673953546665	0.054977201550099664	1.3456006087235517	0.03525577131188244
0.3583730059606846	0.053999151595471744	1.3489502681397565	0.03387176834310555
0.3590715700883653	0.05388223212357522	1.3523012448941363	0.03423454446963457
0.35976968021601424	0.05167737850499153	1.3556537022321804	0.03242323029425001
0.3604672696972311	0.05214645727642177	1.3590073182631248	0.03285551026440654
0.36116437281580094	0.05065443257737696	1.3623622562251885	0.03222262750517598
0.36186099036644814	0.05169032591084238	1.3657185172164972	0.03345381814216221
0.3625571565363843	0.05184887101029585	1.369076264722461	0.033723924499329865
0.3632528048610201	0.05333327327181034	1.3724351763263236	0.035323218450257016
0.36394796964159404	0.053404405223187255	1.3757954151861052	0.0350893125274673
0.3646426514335034	0.0539716469158492	1.3791569830233197	0.03502026641485986
0.3653368510236239	0.053243766886466606	1.3825198809148125	0.034429106885031695
0.3660305689648812	0.05351530133925489	1.3858841105750042	0.0345004943935347
0.3667238060410414	0.05417503539537939	1.3892496730723294	0.034511551046603896
0.3674165629182867	0.05488104783882968	1.3926165697922677	0.035801484725678505
0.3681088401458622	0.05584846888834377	1.3959848024386965	0.03649577081571769
0.36880063850290074	0.056879725123066174	1.39935437206754	0.03669798455562062
0.369491958536211	0.05743596437839442	1.4027252803757069	0.03711912278385881
