frame conversion largest_molecule average_molecule
0 0.0000000000000000 6.0000000000000000 3.0161363293620873
1 0.0079424923339868 10.0000000000000000 3.0402837598175831
2 0.0120142763786256 10.0000000000000000 3.0528136766052714
3 0.0155833710350375 10.0000000000000000 3.0638819384159732
4 0.0190519278138039 10.0000000000000000 3.0747155888080351
5 0.0223194088372794 12.0000000000000000 3.0849915162733303
6 0.0266928065148545 12.0000000000000000 3.0988534242330337
7 0.0305635148042025 12.0000000000000000 3.1112263417163599
8 0.0347861056653094 14.0000000000000000 3.1248372480599969
9 0.0386568139546574 14.0000000000000000 3.1374189500104581
10 0.0432312873875232 14.0000000000000000 3.1524194819523985
11 0.0470014577992259 14.0000000000000000 3.1648908112670111
12 0.0513748554768009 16.0000000000000000 3.1794817444756505
13 0.0556477152767305 18.0000000000000000 3.1938677738741617
14 0.0599205750766601 24.0000000000000000 3.2083845783647935
15 0.0635902076107173 24.0000000000000000 3.2209576980888985
16 0.0663549992459659 24.0000000000000000 3.2304958811177515
17 0.0703765143517820 24.0000000000000000 3.2444708808738443
18 0.0734931885587895 24.0000000000000000 3.2553849492702511
19 0.0769617453375559 24.0000000000000000 3.2676179065461279
20 0.0804805710551450 30.0000000000000000 3.2801224579050952
21 0.0847031619162519 30.0000000000000000 3.2952548330404219
22 0.0886241391444227 30.0000000000000000 3.3094318808604521
23 0.0917910822902529 30.0000000000000000 3.3209719377871258
24 0.0950082943749058 30.0000000000000000 3.3327778703549407
25 0.0988287337254311 30.0000000000000000 3.3469069002063927
26 0.1025989041371337 30.0000000000000000 3.3609679587721262
27 0.1059166540994320 30.0000000000000000 3.3734397840998538
28 0.1088825214899714 30.0000000000000000 3.3846674564224064
29 0.1125521540240286 30.0000000000000000 3.3986631924776254
30 0.1163725933745539 30.0000000000000000 3.4133576060985322
31 0.1200924948474338 30.0000000000000000 3.4277879341864717
32 0.1231086311767959 30.0000000000000000 3.4395780784223802
33 0.1261750364449807 30.0000000000000000 3.4516481619973538
34 0.1296435932237471 30.0000000000000000 3.4654037195333256
35 0.1332126878801589 30.0000000000000000 3.4796729107463897
36 0.1368823204142161 30.0000000000000000 3.4944670937682005
37 0.1411049112753230 30.0000000000000000 3.5116469624253774
38 0.1445231991152667 30.0000000000000000 3.5256786931484312
39 0.1477404111999196 30.0000000000000000 3.5389878494750500
40 0.1512592369175087 30.0000000000000000 3.5536602700781805
41 0.1548283315739205 30.0000000000000000 3.5686671028370904
42 0.1581963504750415 30.0000000000000000 3.5829451809387316
43 0.1612627557432263 30.0000000000000000 3.5960443512136648
44 0.1647815814608154 30.0000000000000000 3.6111947035811016
45 0.1676469109737093 30.0000000000000000 3.6236260417924870
46 0.1702608957924898 30.0000000000000000 3.6350418029807341
47 0.1736289146936108 30.0000000000000000 3.6498570472656486
48 0.1766953199617956 30.0000000000000000 3.6634509708145071
49 0.1808676418840798 30.0000000000000000 3.6821110770174901
50 0.1837329713969738 30.0000000000000000 3.6950363345239561
51 0.1872015281757402 30.0000000000000000 3.7108046261364338
52 0.1899663198109888 30.0000000000000000 3.7234702742956434
53 0.1942894485497411 30.0000000000000000 3.7434489643124533
54 0.1984115015332026 30.0000000000000000 3.7626991094945441
55 0.2012265621072739 30.0000000000000000 3.7759597230962871
56 0.2044437741919268 30.0000000000000000 3.7912296221407811
57 0.2079625999095159 30.0000000000000000 3.8080731150038081
58 0.2104257779118283 30.0000000000000000 3.8199528872477240
59 0.2140954104458855 30.0000000000000000 3.8377894332864271
60 0.2174634293470065 30.0000000000000000 3.8543071882829061
61 0.2212335997587091 30.0000000000000000 3.8729666924864445
62 0.2237470466998442 30.0000000000000000 3.8855070586711564
63 0.2268637209068517 30.0000000000000000 3.9011703511053315
64 0.2303825466244408 30.0000000000000000 3.9190071848465053
65 0.2333986829538028 30.0000000000000000 3.9344262295081966
66 0.2364148192831649 30.0000000000000000 3.9499670836076368
67 0.2399336450007540 30.0000000000000000 3.9682539682539684
68 0.2428995123912934 30.0000000000000000 3.9837992165194875
69 0.2462172623535917 30.0000000000000000 4.0013337779259750
70 0.2493339365605992 30.0000000000000000 4.0179468291702936
71 0.2532549137887699 30.0000000000000000 4.0390440928980142
72 0.2559694364851958 30.0000000000000000 4.0537801499898656
73 0.2594882622027849 30.0000000000000000 4.0730432421424210
74 0.2628060121650832 30.0000000000000000 4.0913740197749746
75 0.2657216106167999 30.0000000000000000 4.1076196344218525
76 0.2689388227014528 30.0000000000000000 4.1256962112356463
77 0.2719046900919921 30.0000000000000000 4.1425020712510356
78 0.2746694817272408 30.0000000000000000 4.1582923279506545
79 0.2784899210777660 30.0000000000000000 4.1803107364314078
80 0.2811039058965465 34.0000000000000000 4.1955108034403192
81 0.2844216558588448 34.0000000000000000 4.2149631190727082
82 0.2869853717388026 34.0000000000000000 4.2301184433164130
83 0.2903533906399236 34.0000000000000000 4.2501948005950272
84 0.2935203337857538 34.0000000000000000 4.2692471894122672
85 0.2964862011762932 34.0000000000000000 4.2872454448017150
86 0.2992007238727191 34.0000000000000000 4.3038519474930066
87 0.3017644397526768 34.0000000000000000 4.3196544276457880
88 0.3038254662444076 34.0000000000000000 4.3324427756516712
89 0.3067913336349470 34.0000000000000000 4.3509789702683106
90 0.3097572010254864 34.0000000000000000 4.3696744592527859
91 0.3128236062936711 34.0000000000000000 4.3891733723482078
92 0.3150857085406927 34.0000000000000000 4.4036697247706424
93 0.3176996933594732 34.0000000000000000 4.4205407794886904
94 0.3202634092394310 34.0000000000000000 4.4372134299659818
95 0.3226260493640979 34.0000000000000000 4.4526901669758816
96 0.3252400341828784 34.0000000000000000 4.4699396558146463
97 0.3275021364298999 36.0000000000000000 4.4849753326356705
98 0.3306188106369075 36.0000000000000000 4.5058576148993694
99 0.3336852159050923 36.0000000000000000 4.5265937382119956
100 0.3364500075403408 36.0000000000000000 4.5454545454545459
101 0.3390137234202986 36.0000000000000000 4.5630846452201688
102 0.3413763635449656 40.0000000000000000 4.5794535185467868
103 0.3440908862413914 40.0000000000000000 4.5984058859595338
104 0.3467551399989946 40.0000000000000000 4.6171604463255100
105 0.3496707384507113 40.0000000000000000 4.6378604004019479
106 0.3519328406977329 40.0000000000000000 4.6540490226497049
107 0.3542452118835772 40.0000000000000000 4.6707146193367581
108 0.3575629618458754 40.0000000000000000 4.6948356807511740
109 0.3602272156034786 40.0000000000000000 4.7143867368586472
110 0.3632433519328407 40.0000000000000000 4.7367174548038209
111 0.3660081435680893 40.0000000000000000 4.7573739295908659
112 0.3684713215704016 40.0000000000000000 4.7759293162461196
113 0.3701804654903735 40.0000000000000000 4.7888897757203290
114 0.3728949881867994 42.0000000000000000 4.8096192384769543
115 0.3752073593726437 42.0000000000000000 4.8274197441467539
116 0.3780726888855376 42.0000000000000000 4.8496605237633368
117 0.3806364047654954 42.0000000000000000 4.8697345994643291
118 0.3826974312572262 42.0000000000000000 4.8859934853420199
119 0.3849092645654250 54.0000000000000000 4.9035632559660023
120 0.3865681395465742 54.0000000000000000 4.9168237318692123
121 0.3886794349771276 54.0000000000000000 4.9338047857906426
122 0.3909918061629719 54.0000000000000000 4.9525381758151052
123 0.3940582114311567 54.0000000000000000 4.9776007964161275
124 0.3963203136781783 54.0000000000000000 4.9962528103922059
125 0.3988840295581360 54.0000000000000000 5.0175614651279474
126 0.4013472075604484 54.0000000000000000 5.0382063985221262
127 0.4038606545015835 54.0000000000000000 5.0594485201113075
128 0.4061227567486050 54.0000000000000000 5.0787201625190450
129 0.4083345900568039 54.0000000000000000 5.0977060322854717
130 0.4109485748755844 54.0000000000000000 5.1203277009728625
131 0.4130598703061378 54.0000000000000000 5.1387461459403907
132 0.4148192831649324 54.0000000000000000 5.1541963748818826
133 0.4165786960237269 54.0000000000000000 5.1697397897639155
134 0.4185894535766350 54.0000000000000000 5.1876188829327337
135 0.4202483285577842 54.0000000000000000 5.2024624989161534
136 0.4219574724777560 54.0000000000000000 5.2178450300026089
137 0.4238174232141960 54.0000000000000000 5.2346885360321060
138 0.4257779118282813 54.0000000000000000 5.2525606233038609
139 0.4279897451364802 54.0000000000000000 5.2728710783021357
140 0.4303021163223245 54.0000000000000000 5.2942733609812054
141 0.4321620670587644 54.0000000000000000 5.3116147308781869
142 0.4347257829387222 54.0000000000000000 5.3357047576700758
143 0.4377921882069070 54.0000000000000000 5.3648068669527893
144 0.4398029457598150 54.0000000000000000 5.3840631730078963
145 0.4424671995174182 54.0000000000000000 5.4097917230186638
146 0.4446790328256170 54.0000000000000000 5.4313388250203678
147 0.4466897903785251 54.0000000000000000 5.4510765876260558
148 0.4490524305031921 54.0000000000000000 5.4744525547445253
149 0.4515156085055044 54.0000000000000000 5.4990376684080289
150 0.4535766349972352 54.0000000000000000 5.5197792088316469
151 0.4553863167948525 54.0000000000000000 5.5381207310319365
152 0.4572462675312924 54.0000000000000000 5.5570991942206165
153 0.4591564872065551 54.0000000000000000 5.5767264615670600
154 0.4604132106771226 54.0000000000000000 5.5897149245388489
155 0.4621223545970944 54.0000000000000000 5.6074766355140184
156 0.4638817674558890 54.0000000000000000 5.6258790436005626
157 0.4655909113758608 54.0000000000000000 5.6438716959834450
158 0.4669984416628965 54.0000000000000000 5.6587758181646706
159 0.4684059719499321 54.0000000000000000 5.6737588652482271
160 0.4699643090534359 54.0000000000000000 5.6904400606980277
161 0.4714221082792942 54.0000000000000000 5.7061340941512126
162 0.4726285628110390 54.0000000000000000 5.7191878753217047
163 0.4748906650580606 54.0000000000000000 5.7438253877082133
164 0.4767003468556779 54.0000000000000000 5.7636887608069163
165 0.4789624491026994 54.0000000000000000 5.7887120115774238
166 0.4817272407379480 54.0000000000000000 5.8195926285160038
167 0.4829839642085156 54.0000000000000000 5.8337384540593096
168 0.4845925702508420 54.0000000000000000 5.8519457719691799
169 0.4864525209872820 54.0000000000000000 5.8731401722787782
170 0.4878600512743176 60.0000000000000000 5.8892815076560661
171 0.4897200020107575 60.0000000000000000 5.9107477095852623
172 0.4913286080530840 60.0000000000000000 5.9294396679513790
173 0.4930880209118785 60.0000000000000000 5.9500198333994447
174 0.4950485095259639 60.0000000000000000 5.9731209556993532
175 0.4963052329965315 60.0000000000000000 5.9880239520958085
176 0.4977127632835671 60.0000000000000000 6.0048038430744599
177 0.4991705625094254 60.0000000000000000 6.0222824450466730
178 0.5011813200623335 60.0000000000000000 6.0465585004534921
179 0.5024883124717238 60.0000000000000000 6.0624431645953321
180 0.5044488010858090 60.0000000000000000 6.0864272671941571
181 0.5056049866787312 60.0000000000000000 6.1006609049313676
182 0.5075152063539938 60.0000000000000000 6.1243237725834438
183 0.5096265017845474 60.0000000000000000 6.1506919528446948
184 0.5113859146433419 60.0000000000000000 6.1728395061728394
185 0.5129945206856683 60.0000000000000000 6.1932287365813377
186 0.5149047403609310 60.0000000000000000 6.2176165803108807
187 0.5162620017091439 60.0000000000000000 6.2350618310298245
188 0.5179711456291157 60.0000000000000000 6.2571696735843156
189 0.5196300206102649 60.0000000000000000 6.2787777312683133
190 0.5217413160408184 60.0000000000000000 6.3064956905612783
191 0.5231488463278540 60.0000000000000000 6.3251106894370652
192 0.5250087970642939 60.0000000000000000 6.3498782939993648
193 0.5268687478007339 60.0000000000000000 6.3748406289842752
194 0.5285276227818830 60.0000000000000000 6.3972704979208874
195 0.5304378424571458 60.0000000000000000 6.4232951504121614
196 0.5321469863771175 60.0000000000000000 6.4467605028473196
197 0.5337053234806213 60.0000000000000000 6.4683053040103493
198 0.5352133916453023 60.0000000000000000 6.4892926670992859
199 0.5372744181370331 60.0000000000000000 6.5181966322650737
200 0.5392851756899412 60.0000000000000000 6.5466448445171848
201 0.5408435127934449 60.0000000000000000 6.5688635865995186
202 0.5425023877745940 60.0000000000000000 6.5926821228436436
203 0.5446639521439702 60.0000000000000000 6.6239788032678293
204 0.5464736339415875 60.0000000000000000 6.6504101086233653
205 0.5483335846780274 66.0000000000000000 6.6777963272120200
206 0.5500929975368219 66.0000000000000000 6.7039106145251397
207 0.5521037550897301 66.0000000000000000 6.7340067340067344
208 0.5532096717438295 66.0000000000000000 6.7506750675067506
209 0.5547680088473332 66.0000000000000000 6.7743028113356667
210 0.5561252701955461 66.0000000000000000 6.7950169875424686
211 0.5575830694214046 66.0000000000000000 6.8174071128280875
212 0.5592419444025537 66.0000000000000000 6.8430656934306571
213 0.5604483989342985 66.0000000000000000 6.8618481244281790
214 0.5621575428542703 66.0000000000000000 6.8886337543053964
215 0.5637661488965968 66.0000000000000000 6.9140354920488596
216 0.5653244860001005 66.0000000000000000 6.9388227130796807
217 0.5660785200824411 66.0000000000000000 6.9508804448563488
218 0.5677373950635902 66.0000000000000000 6.9775555297127569
219 0.5689941185341577 66.0000000000000000 6.9979006298110571
220 0.5703011109435480 66.0000000000000000 7.0191857744501638
221 0.5715578344141156 66.0000000000000000 7.0397747272087292
222 0.5732167093952647 66.0000000000000000 7.0671378091872787
223 0.5748253154375911 66.0000000000000000 7.0938756207141171
224 0.5763836525410948 66.0000000000000000 7.1199715201139195
225 0.5773387623787262 66.0000000000000000 7.1360608943862989
226 0.5786457547881164 66.0000000000000000 7.1581961345740872
227 0.5803548987080883 66.0000000000000000 7.1873502635361763
228 0.5819635047504147 66.0000000000000000 7.2150072150072146
229 0.5829688835268687 66.0000000000000000 7.2324011571841851
230 0.5847282963856633 78.0000000000000000 7.2630432151071300
231 0.5859347509174081 78.0000000000000000 7.2842054145926918
232 0.5874930880209118 78.0000000000000000 7.3117231294174996
233 0.5890514251244157 78.0000000000000000 7.3394495412844041
234 0.5902578796561605 78.0000000000000000 7.3610599926389400
235 0.5914140652490826 78.0000000000000000 7.3818897637795278
236 0.5930729402302317 78.0000000000000000 7.4119827053736875
237 0.5941788568843311 78.0000000000000000 7.4321813452248238
238 0.5953853114160760 78.0000000000000000 7.4543421543048822
239 0.5964409591313528 78.0000000000000000 7.4738415545590433
240 0.5982003719901473 78.0000000000000000 7.5065682472163147
241 0.5995073643995376 78.0000000000000000 7.5310656457888792
242 0.6012165083195093 78.0000000000000000 7.5633429976049413
243 0.6021716181571407 78.0000000000000000 7.5815011372251702
244 0.6034283416277082 78.0000000000000000 7.6055266827227790
245 0.6048861408535666 78.0000000000000000 7.6335877862595423
246 0.6062434022017795 78.0000000000000000 7.6599004212945232
247 0.6074498567335244 78.0000000000000000 7.6834421820975800
248 0.6086563112652692 78.0000000000000000 7.7071290944123314
249 0.6102649173075957 78.0000000000000000 7.7389397652521605
250 0.6114713718393404 78.0000000000000000 7.7629706300944497
251 0.6131302468204897 78.0000000000000000 7.7962577962577964
252 0.6143367013522345 78.0000000000000000 7.8206465067778934
253 0.6154928869451566 78.0000000000000000 7.8441626356386456
254 0.6165988035992560 78.0000000000000000 7.8667890389406061
255 0.6177549891921782 78.0000000000000000 7.8905839032088378
256 0.6189614437239230 78.0000000000000000 7.9155672823218994
257 0.6202684361333132 78.0000000000000000 7.9428117553613982
258 0.6220278489921077 78.0000000000000000 7.9797845458172629
259 0.6233851103403207 78.0000000000000000 8.0085424452749603
260 0.6250942542602925 78.0000000000000000 8.0450522928399035
261 0.6263509777308601 78.0000000000000000 8.0721108569891022
262 0.6280098527120093 78.0000000000000000 8.1081081081081088
263 0.6292163072437541 78.0000000000000000 8.1344902386117131
264 0.6306238375307898 78.0000000000000000 8.1654872074033751
265 0.6317800231237118 78.0000000000000000 8.1911262798634805
266 0.6330367465942794 78.0000000000000000 8.2191780821917817
267 0.6340421253707335 78.0000000000000000 8.2417582417582409
268 0.6351983109636555 78.0000000000000000 8.2678792889623818
269 0.6364550344342231 78.0000000000000000 8.2964601769911503
270 0.6379128336600814 78.0000000000000000 8.3298625572678056
271 0.6385663298647766 78.0000000000000000 8.3449235048678716
272 0.6396722465188760 78.0000000000000000 8.3705357142857135
273 0.6409792389282662 78.0000000000000000 8.4010081209745167
274 0.6421354245211883 78.0000000000000000 8.4281500210703744
275 0.6430905343588197 78.0000000000000000 8.4507042253521121
276 0.6439451063188056 78.0000000000000000 8.4709868699703517
277 0.6454029055446640 78.0000000000000000 8.5058123050751355
278 0.6468607047705223 78.0000000000000000 8.5409252669039137
279 0.6476147388528628 78.0000000000000000 8.5592011412268185
280 0.6490725380787211 78.0000000000000000 8.5947571981091535
281 0.6498768410998844 78.0000000000000000 8.6145010768126351
282 0.6507816819986930 78.0000000000000000 8.6368216496329353
283 0.6515859850198562 78.0000000000000000 8.6567594863656030
284 0.6525913637963102 78.0000000000000000 8.6818116046881784
285 0.6535967425727643 78.0000000000000000 8.7070091423595990
286 0.6547026592268638 78.0000000000000000 8.7348959091570819
287 0.6561101895138993 100.0000000000000000 8.7706475661452998
288 0.6570150304127080 100.0000000000000000 8.7937857247545068
289 0.6577690644950485 100.0000000000000000 8.8131609870740313
290 0.6586236364550344 100.0000000000000000 8.8352230893830068
291 0.6596290152314884 100.0000000000000000 8.8613203367301736
292 0.6607852008244106 100.0000000000000000 8.8915234143449915
293 0.6616397727843966 100.0000000000000000 8.9139800921111281
294 0.6628462273161414 100.0000000000000000 8.9458774414790518
295 0.6637510682149500 100.0000000000000000 8.9699506652713410
296 0.6647564469914040 100.0000000000000000 8.9968511021142596
297 0.6657115568290354 100.0000000000000000 9.0225563909774440
298 0.6666666666666666 100.0000000000000000 9.0484089880862619
299 0.6673704318101845 100.0000000000000000 9.0675532718754717
300 0.6684260795254612 100.0000000000000000 9.0964220739842325
301 0.6697833408736742 100.0000000000000000 9.1338103212056634
302 0.6705373749560147 100.0000000000000000 9.1547146780592001
303 0.6716432916101142 100.0000000000000000 9.1855480710349049
304 0.6729502840195043 100.0000000000000000 9.2222563787273284
305 0.6740059317347811 100.0000000000000000 9.2521202775636091
306 0.6746091590006535 100.0000000000000000 9.2692723621195743
307 0.6756648067159302 100.0000000000000000 9.2994420334779910
308 0.6769215301864978 100.0000000000000000 9.3356153726466466
309 0.6777258332076610 100.0000000000000000 9.3589143659335523
310 0.6788317498617604 100.0000000000000000 9.3911410236343720
311 0.6796863218217464 100.0000000000000000 9.4161958568738235
312 0.6807922384758458 100.0000000000000000 9.4488188976377945
313 0.6816468104358318 108.0000000000000000 9.4741828517290383
314 0.6824008445181722 108.0000000000000000 9.4966761633428298
315 0.6833559543558035 108.0000000000000000 9.5253214795999366
316 0.6843110641934349 108.0000000000000000 9.5541401273885356
317 0.6851153672145981 108.0000000000000000 9.5785440613026829
318 0.6858191323581159 108.0000000000000000 9.5999999999999996
319 0.6863218217463429 108.0000000000000000 9.6153846153846150
320 0.6875785452169104 116.0000000000000000 9.6540627514078849
321 0.6881817724827829 116.0000000000000000 9.6727389972593905
322 0.6887849997486553 116.0000000000000000 9.6914876433532555
323 0.6895893027698186 116.0000000000000000 9.7165991902834001
324 0.6904438747298045 116.0000000000000000 9.7434231893471903
325 0.6912984466897903 116.0000000000000000 9.7703957010258922
326 0.6922535565274217 116.0000000000000000 9.8007187193727532
327 0.6935102799979892 116.0000000000000000 9.8409053632934231
328 0.6944653898356206 116.0000000000000000 9.8716683119447186
329 0.6950183481626703 116.0000000000000000 9.8895665073347612
330 0.6957723822450108 136.0000000000000000 9.9140779907468612
331 0.6967274920826422 136.0000000000000000 9.9453008453505714
332 0.6974312572261600 136.0000000000000000 9.9684332945672036
333 0.6982858291861459 136.0000000000000000 9.9966677774075308
334 0.6988387875131956 136.0000000000000000 10.0150225338007015
335 0.6999949731061177 136.0000000000000000 10.0536193029490608
336 0.7008495450661036 136.0000000000000000 10.0823391026718205
337 0.7016538480872668 136.0000000000000000 10.1095197978096039
338 0.7022570753531393 136.0000000000000000 10.1300016883336141
339 0.7027597647413663 136.0000000000000000 10.1471334348046671
340 0.7035137988237068 136.0000000000000000 10.1729399796541209
341 0.7043683707836927 136.0000000000000000 10.2023465397041324
342 0.7052229427436787 136.0000000000000000 10.2319236016371082
343 0.7057759010707284 136.0000000000000000 10.2511532547411583
344 0.7067310109083598 136.0000000000000000 10.2845389098388758
345 0.7076861207459910 136.0000000000000000 10.3181427343078251
346 0.7084904237671543 136.0000000000000000 10.3466114847387480
347 0.7092444578494947 136.0000000000000000 10.3734439834024901
348 0.7098476851153672 136.0000000000000000 10.3950103950103951
349 0.7105011813200623 136.0000000000000000 10.4184754297621112
350 0.7109536017694666 136.0000000000000000 10.4347826086956523
351 0.7115568290353390 136.0000000000000000 10.4566050888811439
352 0.7126124767506158 136.0000000000000000 10.4950148679377300
353 0.7135173176494244 136.0000000000000000 10.5281628355851904
354 0.7142713517317649 136.0000000000000000 10.5559465165376487
355 0.7150756547529281 136.0000000000000000 10.5857445306986584
356 0.7157291509576232 136.0000000000000000 10.6100795755968171
357 0.7167847986729000 136.0000000000000000 10.6496272630457938
358 0.7171869501834817 136.0000000000000000 10.6647707074297902
359 0.7178907153269994 136.0000000000000000 10.6913756236635784
360 0.7191474387975669 136.0000000000000000 10.7392160372292818
361 0.7203538933293118 136.0000000000000000 10.7855473665288510
362 0.7211581963504751 136.0000000000000000 10.8166576527852900
363 0.7214095410445885 136.0000000000000000 10.8264164561530141
364 0.7219624993716383 136.0000000000000000 10.8479479298499371
365 0.7226159955763334 136.0000000000000000 10.8735048930772020
366 0.7232694917810285 136.0000000000000000 10.8991825613079012
367 0.7238224501080782 136.0000000000000000 10.9210047324353834
368 0.7243754084351279 136.0000000000000000 10.9429144628852821
369 0.7248278288845322 136.0000000000000000 10.9609061015710640
370 0.7256824008445182 136.0000000000000000 10.9950522264980766
371 0.7261850902327451 136.0000000000000000 11.0152377455480082
372 0.7266877796209722 136.0000000000000000 11.0354975170130594
373 0.7270396621927311 136.0000000000000000 11.0497237569060776
374 0.7276428894586036 136.0000000000000000 11.0741971207087477
375 0.7282963856632987 136.0000000000000000 11.1008325624421840
376 0.7290504197456392 136.0000000000000000 11.1317254174397036
377 0.7297039159503342 136.0000000000000000 11.1586386460851781
378 0.7306087568491429 136.0000000000000000 11.1961186788579958
379 0.7311617151761927 136.0000000000000000 11.2191473448017955
380 0.7318152113808878 136.0000000000000000 11.2464854732895976
381 0.7322676318302921 136.0000000000000000 11.2654900488171243
382 0.7326195144020510 136.0000000000000000 11.2803158488437685
383 0.7332227416679233 136.0000000000000000 11.3058224985867728
384 0.7335243553008596 136.0000000000000000 11.3186191284663273
385 0.7341275825667321 136.0000000000000000 11.3442994895065237
386 0.7348816166490726 136.0000000000000000 11.3765642775881677
387 0.7355853817925904 136.0000000000000000 11.4068441064638790
388 0.7363394158749309 136.0000000000000000 11.4394661582459491
389 0.7369929120796260 136.0000000000000000 11.4678899082568808
390 0.7376464082843212 136.0000000000000000 11.4964552596282807
391 0.7382999044890163 136.0000000000000000 11.5251632731463705
392 0.7389534006937114 136.0000000000000000 11.5540150202195271
393 0.7392550143266475 136.0000000000000000 11.5673799884326201
394 0.7398079726536972 136.0000000000000000 11.5919629057187024
395 0.7402603931031015 136.0000000000000000 11.6121540545771236
396 0.7409138893077967 136.0000000000000000 11.6414435389988355
397 0.7416679233901372 136.0000000000000000 11.6754232340922357
398 0.7422711506560097 136.0000000000000000 11.7027501462843766
399 0.7428241089830594 136.0000000000000000 11.7279124315871783
400 0.7434776051877545 136.0000000000000000 11.7577895355673139
401 0.7439300256371588 136.0000000000000000 11.7785630153121321
402 0.7446840597194994 136.0000000000000000 11.8133490844654467
403 0.7452370180465491 136.0000000000000000 11.8389897395422263
404 0.7456894384959534 136.0000000000000000 11.8600513935560379
405 0.7460915900065349 136.0000000000000000 11.8788358740843396
406 0.7464434725782939 136.0000000000000000 11.8953211736716895
407 0.7470466998441663 136.0000000000000000 11.9236883942766294
408 0.7476499271100387 136.0000000000000000 11.9521912350597610
409 0.7479515407429749 136.0000000000000000 11.9664938173115285
410 0.7488061127029608 136.0000000000000000 12.0072043225935570
411 0.7495098778464787 136.0000000000000000 12.0409391932570742
412 0.7499622982958830 136.0000000000000000 12.0627261761158024
413 0.7506660634394008 136.0000000000000000 12.0967741935483879
414 0.7511184838888051 136.0000000000000000 12.1187638860836202
415 0.7514703664605640 136.0000000000000000 12.1359223300970882
416 0.7519730558487910 136.0000000000000000 12.1605188488042160
417 0.7526768209923088 136.0000000000000000 12.1951219512195124
418 0.7533303171970039 136.0000000000000000 12.2274302017525986
419 0.7540843512793445 136.0000000000000000 12.2649223221586272
420 0.7543859649122807 136.0000000000000000 12.2799836266884981
421 0.7549389232393304 136.0000000000000000 12.3076923076923084
422 0.7555924194440256 136.0000000000000000 12.3406005758946939
423 0.7558940330769618 136.0000000000000000 12.3558484349258642
424 0.7564972603428342 136.0000000000000000 12.3864574731626753
425 0.7567988739757704 136.0000000000000000 12.4018189334435718
426 0.7576534459357563 136.0000000000000000 12.4455507156191665
427 0.7583069421404515 136.0000000000000000 12.4792013311148082
428 0.7587593625898558 136.0000000000000000 12.5026047093144399
429 0.7593625898557281 136.0000000000000000 12.5339461040317524
430 0.7599658171216006 136.0000000000000000 12.5654450261780113
431 0.7604182375710049 136.0000000000000000 12.5891733109525816
432 0.7611220027145227 136.0000000000000000 12.6262626262626263
433 0.7615241542251043 136.0000000000000000 12.6475548060708256
434 0.7622781883074449 136.0000000000000000 12.6876718122224563
435 0.7627306087568492 136.0000000000000000 12.7118644067796609
436 0.7632332981450761 136.0000000000000000 12.7388535031847141
437 0.7637359875333032 136.0000000000000000 12.7659574468085104
438 0.7643392147991755 136.0000000000000000 12.7986348122866893
439 0.7649424420650480 136.0000000000000000 12.8314798973481601
440 0.7652943246368069 136.0000000000000000 12.8507174983936601
441 0.7659478208415020 136.0000000000000000 12.8865979381443303
442 0.7662997034132609 136.0000000000000000 12.9060012906001287
443 0.7669029306791334 136.0000000000000000 12.9394004744446836
444 0.7675564268838285 136.0000000000000000 12.9757785467128031
445 0.7681093852108782 136.0000000000000000 13.0067201387383484
446 0.7686623435379280 136.0000000000000000 13.0378096479791399
447 0.7691147639873323 136.0000000000000000 13.0633572828216860
448 0.7695671844367366 136.0000000000000000 13.0890052356020945
449 0.7700698738249635 136.0000000000000000 13.1176213379973756
450 0.7705725632131906 136.0000000000000000 13.1463628396143726
451 0.7710249836625949 136.0000000000000000 13.1723380900109763
452 0.7715779419896446 136.0000000000000000 13.2042253521126760
453 0.7718795556225808 136.0000000000000000 13.2216835610401056
454 0.7722817071331625 136.0000000000000000 13.2450331125827816
455 0.7724827828884532 136.0000000000000000 13.2567388422448076
456 0.7729352033378576 136.0000000000000000 13.2831525348682753
457 0.7732368169707937 136.0000000000000000 13.3008202172467307
458 0.7740913889307797 136.0000000000000000 13.3511348464619495
459 0.7743930025637159 136.0000000000000000 13.3689839572192515
460 0.7750464987684110 136.0000000000000000 13.4078212290502794
461 0.7757502639119288 136.0000000000000000 13.4498991257565574
462 0.7763032222389785 136.0000000000000000 13.4831460674157295
463 0.7767053737495602 136.0000000000000000 13.5074290859972983
464 0.7771577941989645 136.0000000000000000 13.5348522445296631
465 0.7778615593424822 136.0000000000000000 13.5777325186693822
466 0.7784647866083547 136.0000000000000000 13.6147038801906053
467 0.7788669381189363 136.0000000000000000 13.6394635144350982
468 0.7792690896295179 136.0000000000000000 13.6643133682532447
469 0.7797717790177450 136.0000000000000000 13.6955033097466323
470 0.7800733926506811 136.0000000000000000 13.7142857142857135
471 0.7807268888553762 136.0000000000000000 13.7551581843191197
472 0.7812798471824259 136.0000000000000000 13.7899333486554809
473 0.7816317297541849 136.0000000000000000 13.8121546961325965
474 0.7820338812647665 136.0000000000000000 13.8376383763837634
475 0.7823857638365254 136.0000000000000000 13.8600138600138596
476 0.7825868395918162 136.0000000000000000 13.8728323699421967
477 0.7828381842859298 136.0000000000000000 13.8888888888888893
478 0.7833911426129795 136.0000000000000000 13.9243443954513815
479 0.7839441009400292 136.0000000000000000 13.9599813866914850
480 0.7844970592670789 136.0000000000000000 13.9958012596221142
481 0.7849494797164832 136.0000000000000000 14.0252454417952315
482 0.7849997486553059 136.0000000000000000 14.0285246668225394
483 0.7855024380435329 136.0000000000000000 14.0614014530114844
484 0.7857537827376464 136.0000000000000000 14.0778977006100430
485 0.7861559342482280 136.0000000000000000 14.1043723554301828
486 0.7866586236364550 136.0000000000000000 14.1376060320452410
487 0.7872115819635047 136.0000000000000000 14.1743444365698092
488 0.7876640024129090 136.0000000000000000 14.2045454545454550
489 0.7882169607399587 136.0000000000000000 14.2416330405886544
490 0.7888201880058312 136.0000000000000000 14.2823137348250420
491 0.7892726084552355 136.0000000000000000 14.3129770992366421
492 0.7899763735987533 136.0000000000000000 14.3609382479655334
493 0.7903785251093349 136.0000000000000000 14.3884892086330929
494 0.7906801387422712 136.0000000000000000 14.4092219020172916
495 0.7910320213140301 136.0000000000000000 14.4334856867933610
496 0.7915849796410798 136.0000000000000000 14.4717800289435594
497 0.7917357864575478 136.0000000000000000 14.4822592324402599
498 0.7924898205398884 136.0000000000000000 14.5348837209302317
499 0.7928417031116474 136.0000000000000000 14.5595729191943697
500 0.7930930478057608 136.0000000000000000 14.5772594752186588
501 0.7931935856834063 136.0000000000000000 14.5843461351482748
502 0.7937465440104560 136.0000000000000000 14.6234462588349992
503 0.7941989644598603 136.0000000000000000 14.6555935515388374
504 0.7945508470316192 136.0000000000000000 14.6806948862246145
505 0.7947519227869100 136.0000000000000000 14.6950771491550327
506 0.7951540742974916 136.0000000000000000 14.7239263803680984
507 0.7956064947468959 136.0000000000000000 14.7565174618789960
508 0.7960589151963002 136.0000000000000000 14.7892531427162925
509 0.7962599909515911 136.0000000000000000 14.8038490007401933
510 0.7966621424621726 136.0000000000000000 14.8331273176761442
511 0.7969637560951088 136.0000000000000000 14.8551621688536759
512 0.7974161765445131 136.0000000000000000 14.8883374689826304
513 0.7979691348715628 136.0000000000000000 14.9290868375217709
514 0.7982204795656763 136.0000000000000000 14.9476831091180866
515 0.7985723621374353 136.0000000000000000 14.9737958572498133
516 0.7988739757703714 136.0000000000000000 14.9962509372656836
517 0.7993263962197757 136.0000000000000000 15.0300601202404813
518 0.7997788166691802 136.0000000000000000 15.0640220938990712
519 0.8001809681797617 136.0000000000000000 15.0943396226415096
520 0.8009852712009250 136.0000000000000000 15.1553422581459962
521 0.8015382295279747 136.0000000000000000 15.1975683890577500
522 0.8018398431609108 136.0000000000000000 15.2207001522070016
523 0.8024933393656060 136.0000000000000000 15.2710613387630438
524 0.8030462976926557 136.0000000000000000 15.3139356814701380
525 0.8036495249585281 136.0000000000000000 15.3609831029185866
526 0.8040014075302870 136.0000000000000000 15.3885611695306483
527 0.8042527522244005 136.0000000000000000 15.4083204930662561
528 0.8047554416126276 136.0000000000000000 15.4479917610710604
529 0.8051073241843865 136.0000000000000000 15.4758834150116069
530 0.8054592067561454 136.0000000000000000 15.5038759689922472
531 0.8058110893279042 136.0000000000000000 15.5319699715247221
532 0.8062132408384859 136.0000000000000000 15.5642023346303500
533 0.8067661991655356 136.0000000000000000 15.6087408949011444
534 0.8069170059820037 136.0000000000000000 15.6209320489455870
535 0.8075705021866988 136.0000000000000000 15.6739811912225697
536 0.8078721158196350 136.0000000000000000 15.6985871271585555
537 0.8079726536972804 136.0000000000000000 15.7068062827225123
538 0.8082239983913939 136.0000000000000000 15.7273918741808654
539 0.8083748052078621 136.0000000000000000 15.7397691500524655
540 0.8086261499019756 136.0000000000000000 15.7604412923561856
541 0.8089780324737345 136.0000000000000000 15.7894736842105257
542 0.8095309908007842 136.0000000000000000 15.8353127474267623
543 0.8098326044337204 136.0000000000000000 15.8604282315622527
544 0.8101844870054793 136.0000000000000000 15.8898305084745761
545 0.8105866385160609 136.0000000000000000 15.9235668789808908
546 0.8108882521489972 136.0000000000000000 15.9489633173843703
547 0.8113909415372241 136.0000000000000000 15.9914712153518117
548 0.8117930930478058 136.0000000000000000 16.0256410256410255
549 0.8126476650077917 138.0000000000000000 16.0987389321169836
550 0.8129492786407279 138.0000000000000000 16.1246976619188374
551 0.8135022369677776 138.0000000000000000 16.1725067385444738
552 0.8137033127230684 138.0000000000000000 16.1899622234214782
553 0.8139546574171819 138.0000000000000000 16.2118346392866783
554 0.8144070778665863 138.0000000000000000 16.2513542795232944
555 0.8145578846830543 138.0000000000000000 16.2645703442667404
556 0.8148092293771678 138.0000000000000000 16.2866449511400653
557 0.8150605740712814 138.0000000000000000 16.3087795596629519
558 0.8153119187653949 138.0000000000000000 16.3309744148067502
559 0.8154627255818629 138.0000000000000000 16.3443203486788349
560 0.8156638013371538 138.0000000000000000 16.3621488955549488
561 0.8157643392147992 138.0000000000000000 16.3710777626193718
562 0.8160659528477354 138.0000000000000000 16.3979229297622311
563 0.8162670286030261 138.0000000000000000 16.4158686730506140
564 0.8164178354194943 138.0000000000000000 16.4293537787513699
565 0.8167194490524305 138.0000000000000000 16.4563905650027422
566 0.8167194490524305 138.0000000000000000 16.4563905650027422
567 0.8169707937465440 138.0000000000000000 16.4789892886569618
568 0.8171216005630121 138.0000000000000000 16.4925783397471122
569 0.8174232141959483 138.0000000000000000 16.5198237885462547
570 0.8177248278288846 138.0000000000000000 16.5471594043022598
571 0.8180767104006434 138.0000000000000000 16.5791655153357276
572 0.8185793997888705 138.0000000000000000 16.6251039068994189
573 0.8190318202382748 138.0000000000000000 16.6666666666666679
574 0.8194339717488563 138.0000000000000000 16.7037861915367500
575 0.8199366611370834 138.0000000000000000 16.7504187604690102
576 0.8203388126476651 138.0000000000000000 16.7879127028539443
577 0.8206404262806012 138.0000000000000000 16.8161434977578459
578 0.8208917709747148 138.0000000000000000 16.8397417906258760
579 0.8210425777911828 138.0000000000000000 16.8539325842696641
580 0.8214447293017645 138.0000000000000000 16.8918918918918912
581 0.8216458050570552 138.0000000000000000 16.9109357384441950
582 0.8221987633841049 142.0000000000000000 16.9635284139100939
583 0.8225003770170412 142.0000000000000000 16.9923534409515717
584 0.8228522595888000 142.0000000000000000 17.0261066969353010
585 0.8231538732217363 142.0000000000000000 17.0551449687322325
586 0.8234052179158498 142.0000000000000000 17.0794192997438081
587 0.8235560247323179 142.0000000000000000 17.0940170940170937
588 0.8241089830593676 142.0000000000000000 17.1477565018576747
589 0.8244608656311265 142.0000000000000000 17.1821305841924392
590 0.8252148997134671 142.0000000000000000 17.2562553925798099
591 0.8258181269793394 142.0000000000000000 17.3160173160173159
592 0.8262705474287437 142.0000000000000000 17.3611111111111107
593 0.8264716231840346 142.0000000000000000 17.3812282734646573
594 0.8268737746946162 142.0000000000000000 17.4216027874564467
595 0.8272256572663751 142.0000000000000000 17.4570846668606343
596 0.8274770019604886 142.0000000000000000 17.4825174825174834
597 0.8278288845322476 142.0000000000000000 17.5182481751824817
598 0.8281304981651837 142.0000000000000000 17.5489909330213507
599 0.8283315739204745 142.0000000000000000 17.5695461200585648
600 0.8287839943698788 142.0000000000000000 17.6159718144450963
601 0.8289850701251696 142.0000000000000000 17.6366843033509717
602 0.8291358769416378 142.0000000000000000 17.6522506619593997
603 0.8294877595133967 142.0000000000000000 17.6886792452830193
604 0.8301412557180918 142.0000000000000000 17.7567327611719428
605 0.8305434072286734 142.0000000000000000 17.7988727380599236
606 0.8306942140451415 142.0000000000000000 17.8147268408551085
607 0.8309958276780777 142.0000000000000000 17.8465199286139189
608 0.8313477102498367 142.0000000000000000 17.8837555886736226
609 0.8314985170663047 142.0000000000000000 17.8997613365155139
610 0.8318503996380636 142.0000000000000000 17.9372197309417025
611 0.8322022822098225 142.0000000000000000 17.9748352306770514
612 0.8328055094756950 142.0000000000000000 18.0396873120865919
613 0.8330065852309858 142.0000000000000000 18.0614087898856113
614 0.8334087367415673 142.0000000000000000 18.1050090525045277
615 0.8338108882521490 142.0000000000000000 18.1488203266787664
616 0.8340119640074398 142.0000000000000000 18.1708055723803739
617 0.8341627708239079 142.0000000000000000 18.1873294937859953
618 0.8343638465791987 142.0000000000000000 18.2094081942336885
619 0.8347157291509576 142.0000000000000000 18.2481751824817522
620 0.8350173427838938 142.0000000000000000 18.2815356489945167
621 0.8352686874780073 142.0000000000000000 18.3094293561184003
622 0.8355200321721209 144.0000000000000000 18.3374083129584342
623 0.8358216458050570 144.0000000000000000 18.3710961420698098
624 0.8361232594379933 144.0000000000000000 18.4049079754601230
625 0.8363746041321067 144.0000000000000000 18.4331797235023025
626 0.8367767556426884 144.0000000000000000 18.4785956267323677
627 0.8369275624591564 144.0000000000000000 18.4956843403205902
628 0.8371286382144473 144.0000000000000000 18.5185185185185190
629 0.8373297139697381 144.0000000000000000 18.5414091470951803
630 0.8376313276026743 144.0000000000000000 18.5758513931888558
631 0.8378826722967878 144.0000000000000000 18.6046511627906987
632 0.8382345548685467 144.0000000000000000 18.6451211932877570
633 0.8385864374403056 144.0000000000000000 18.6857676736219247
634 0.8387875131955964 144.0000000000000000 18.7090739008419078
635 0.8389885889508872 144.0000000000000000 18.7324383390571327
636 0.8390891268285326 144.0000000000000000 18.7441424554826632
637 0.8391393957673553 144.0000000000000000 18.7500000000000000
638 0.8394410094002915 144.0000000000000000 18.7852222917971190
639 0.8394912783391143 144.0000000000000000 18.7911055433761369
640 0.8395918162167597 144.0000000000000000 18.8028831087433410
641 0.8397928919720504 144.0000000000000000 18.8264825855036086
642 0.8401950434826321 144.0000000000000000 18.8738597043095311
643 0.8404463881767456 144.0000000000000000 18.9035916824196590
644 0.8406977328708591 144.0000000000000000 18.9334174818554750
645 0.8413009601367315 146.0000000000000000 19.0053848590433958
646 0.8414517669531996 146.0000000000000000 19.0234622701331659
647 0.8417031116473132 146.0000000000000000 19.0536678310574779
648 0.8421052631578947 146.0000000000000000 19.1021967526265506
649 0.8424571457296537 146.0000000000000000 19.1448627951499688
650 0.8428090283014126 146.0000000000000000 19.1877198592900555
651 0.8429598351178806 146.0000000000000000 19.2061459667093466
652 0.8433619866284623 146.0000000000000000 19.2554557124518624
653 0.8436636002613985 146.0000000000000000 19.2926045016077161
654 0.8439149449555120 146.0000000000000000 19.3236714975845416
655 0.8440657517719801 146.0000000000000000 19.3423597678916828
656 0.8444679032825617 146.0000000000000000 19.3923723335488027
657 0.8445684411602071 146.0000000000000000 19.4049159120310470
658 0.8447695169154980 146.0000000000000000 19.4300518134715041
659 0.8451213994872568 178.0000000000000000 19.4741966893865630
660 0.8453224752425477 178.0000000000000000 19.4995125121871951
661 0.8457748956919520 178.0000000000000000 19.5567144719687107
662 0.8460765093248882 178.0000000000000000 19.5950359242325263
663 0.8462775850801789 178.0000000000000000 19.6206671026814909
664 0.8463781229578243 178.0000000000000000 19.6335078534031418
665 0.8465791987131152 178.0000000000000000 19.6592398427260804
666 0.8467802744684060 178.0000000000000000 19.6850393700787407
667 0.8470316191625195 178.0000000000000000 19.7173841603680593
668 0.8471824259789876 178.0000000000000000 19.7368421052631575
669 0.8472829638566329 178.0000000000000000 19.7498354180381845
670 0.8477856532448600 238.0000000000000000 19.8150594451783348
671 0.8479364600613281 238.0000000000000000 19.8347107438016543
672 0.8480872668777962 238.0000000000000000 19.8544010589013915
673 0.8483386115719097 238.0000000000000000 19.8873052701358972
674 0.8486402252048459 238.0000000000000000 19.9269345732314846
675 0.8489418388377822 238.0000000000000000 19.9667221297836939
676 0.8490926456542502 238.0000000000000000 19.9866755496335777
677 0.8493439903483637 238.0000000000000000 20.0200200200200200
678 0.8495450661036545 238.0000000000000000 20.0467758102238562
679 0.8496456039813000 238.0000000000000000 20.0601805416248737
680 0.8497461418589454 238.0000000000000000 20.0736032117765149
681 0.8499472176142362 238.0000000000000000 20.1005025125628158
682 0.8502991001859951 238.0000000000000000 20.1477501678979181
683 0.8505504448801086 238.0000000000000000 20.1816347124117037
684 0.8507515206353994 238.0000000000000000 20.2088245200404160
685 0.8510531342683356 238.0000000000000000 20.2497468781640215
686 0.8515055547177399 274.0000000000000000 20.3114421123899795
687 0.8516563615342080 274.0000000000000000 20.3320908166723129
688 0.8518071683506762 274.0000000000000000 20.3527815468113964
689 0.8521087819836123 274.0000000000000000 20.3942895989123052
690 0.8522093198612577 274.0000000000000000 20.4081632653061220
691 0.8525109334941939 274.0000000000000000 20.4498977505112478
692 0.8526617403106620 274.0000000000000000 20.4708290685772774
693 0.8529633539435982 274.0000000000000000 20.5128205128205146
694 0.8530638918212436 274.0000000000000000 20.5268559698939441
695 0.8531141607600664 274.0000000000000000 20.5338809034907612
696 0.8533655054541799 274.0000000000000000 20.5690778196777515
697 0.8536671190871161 274.0000000000000000 20.6114737203710057
698 0.8537173880259388 274.0000000000000000 20.6185567010309292
699 0.8538681948424068 274.0000000000000000 20.6398348813209509
700 0.8539687327200522 274.0000000000000000 20.6540447504302911
701 0.8541698084753431 274.0000000000000000 20.6825232678386755
702 0.8544211531694565 274.0000000000000000 20.7182320441988956
703 0.8545719599859247 274.0000000000000000 20.7397165572070499
704 0.8549238425576836 274.0000000000000000 20.7900207900207903
705 0.8551249183129744 274.0000000000000000 20.8188757807078417
706 0.8552757251294425 274.0000000000000000 20.8405696422368862
707 0.8554768008847333 274.0000000000000000 20.8695652173913047
708 0.8557784145176696 274.0000000000000000 20.9132101777622879
709 0.8559292213341376 274.0000000000000000 20.9351011863223988
710 0.8563313728447193 274.0000000000000000 20.9937018894331686
711 0.8566329864776555 274.0000000000000000 21.0378681626928454
712 0.8568843311717690 274.0000000000000000 21.0748155953635390
713 0.8571356758658825 274.0000000000000000 21.1118930330752974
714 0.8575378273764641 274.0000000000000000 21.1714890613973168
715 0.8577891720705776 274.0000000000000000 21.2089077412513269
716 0.8578897099482230 274.0000000000000000 21.2239122744959303
717 0.8580405167646911 274.0000000000000000 21.2464589235127477
718 0.8582415925199819 274.0000000000000000 21.2765957446808507
719 0.8583421303976273 274.0000000000000000 21.2916962384669972
720 0.8583923993364501 274.0000000000000000 21.2992545260915875
721 0.8587442819082090 274.0000000000000000 21.3523131672597870
722 0.8589956266023224 274.0000000000000000 21.3903743315508024
723 0.8592972402352587 274.0000000000000000 21.4362272240085758
724 0.8594480470517267 274.0000000000000000 21.4592274678111572
725 0.8595485849293721 274.0000000000000000 21.4745884037222616
726 0.8598501985623084 274.0000000000000000 21.5208034433285498
727 0.8599004675011310 274.0000000000000000 21.5285252960172215
728 0.8601015432564219 274.0000000000000000 21.5594681997844049
729 0.8603528879505353 274.0000000000000000 21.5982721382289427
730 0.8605036947670035 274.0000000000000000 21.6216216216216210
731 0.8606545015834716 274.0000000000000000 21.6450216450216466
732 0.8610063841552305 274.0000000000000000 21.6998191681735975
733 0.8613582667269893 274.0000000000000000 21.7548948513415503
734 0.8617101492987483 274.0000000000000000 21.8102508178844054
735 0.8620117629316845 274.0000000000000000 21.8579234972677590
736 0.8620620318705072 274.0000000000000000 21.8658892128279874
737 0.8624641833810889 274.0000000000000000 21.9298245614035103
738 0.8628160659528478 274.0000000000000000 21.9860754855258342
739 0.8630674106469612 282.0000000000000000 22.0264317180616729
740 0.8632684864022521 282.0000000000000000 22.0588235294117645
741 0.8633187553410747 282.0000000000000000 22.0669363736667883
742 0.8634695621575429 282.0000000000000000 22.0913107511045652
743 0.8637209068516564 282.0000000000000000 22.1320545924013281
744 0.8639219826069472 282.0000000000000000 22.1647580347247874
745 0.8641733273010607 282.0000000000000000 22.2057735011102899
746 0.8644246719951741 282.0000000000000000 22.2469410456062278
747 0.8645754788116423 282.0000000000000000 22.2717149220489965
748 0.8647262856281104 282.0000000000000000 22.2965440356744722
749 0.8649776303222239 282.0000000000000000 22.3380491437081155
750 0.8650781681998693 282.0000000000000000 22.3546944858420282
751 0.8652792439551601 282.0000000000000000 22.3880597014925371
752 0.8654803197104509 282.0000000000000000 22.4215246636771290
753 0.8659830090986780 282.0000000000000000 22.5056264066016496
754 0.8662343537927915 282.0000000000000000 22.5479143179255921
755 0.8664856984869049 282.0000000000000000 22.5903614457831310
756 0.8667873121198412 282.0000000000000000 22.6415094339622627
757 0.8669381189363092 282.0000000000000000 22.6671703815640342
758 0.8670889257527774 282.0000000000000000 22.6928895612708033
759 0.8674408083245363 282.0000000000000000 22.7531285551763354
760 0.8676921530186498 282.0000000000000000 22.7963525835866250
761 0.8678429598351178 282.0000000000000000 22.8223659186002266
762 0.8680440355904087 282.0000000000000000 22.8571428571428577
763 0.8681948424068768 282.0000000000000000 22.8832951945080083
764 0.8682451113456995 282.0000000000000000 22.8920259442960692
765 0.8684964560398130 282.0000000000000000 22.9357798165137616
766 0.8686975317951038 282.0000000000000000 22.9709035222052051
767 0.8688986075503946 282.0000000000000000 23.0061349693251529
768 0.8690996833056854 282.0000000000000000 23.0414746543778790
769 0.8694515658774443 282.0000000000000000 23.1035810550635361
770 0.8695521037550897 282.0000000000000000 23.1213872832369951
771 0.8697029105715578 282.0000000000000000 23.1481481481481488
772 0.8698034484492032 282.0000000000000000 23.1660231660231659
773 0.8700045242044940 282.0000000000000000 23.2018561484918777
774 0.8703564067762529 282.0000000000000000 23.2648313299728571
775 0.8705072135927211 282.0000000000000000 23.2919254658385100
776 0.8706580204091892 282.0000000000000000 23.3190827827438802
777 0.8706580204091892 282.0000000000000000 23.3190827827438802
778 0.8708590961644800 282.0000000000000000 23.3553912028026467
779 0.8709093651033026 282.0000000000000000 23.3644859813084125
780 0.8711104408585935 282.0000000000000000 23.4009360374414968
781 0.8713617855527069 282.0000000000000000 23.4466588511137175
782 0.8715125923691751 282.0000000000000000 23.4741784037558681
783 0.8716633991856432 282.0000000000000000 23.5017626321974156
784 0.8718644749409340 282.0000000000000000 23.5386426049431137
785 0.8720152817574021 282.0000000000000000 23.5663786331500376
786 0.8721660885738702 282.0000000000000000 23.5941801022414488
787 0.8723168953903383 282.0000000000000000 23.6220472440944889
788 0.8723671643291611 282.0000000000000000 23.6313509255612431
789 0.8724677022068064 282.0000000000000000 23.6499802916830895
790 0.8728698537173880 282.0000000000000000 23.7247924080664312
791 0.8729703915950334 282.0000000000000000 23.7435694499406402
792 0.8732217362891469 282.0000000000000000 23.7906423473433790
793 0.8735233499220831 282.0000000000000000 23.8473767885532588
794 0.8736238877997285 282.0000000000000000 23.8663484486873507
795 0.8739757703714874 282.0000000000000000 23.9329876346230570
796 0.8741265771879556 282.0000000000000000 23.9616613418530342
797 0.8744281908208917 282.0000000000000000 24.0192153722978397
798 0.8745789976373599 282.0000000000000000 24.0480961923847687
799 0.8747298044538280 282.0000000000000000 24.0770465489566625
800 0.8751319559644096 282.0000000000000000 24.1545893719806770
801 0.8753833006585231 282.0000000000000000 24.2033077853973388
802 0.8754335695973458 282.0000000000000000 24.2130750605326881
803 0.8755341074749912 282.0000000000000000 24.2326332794830357
804 0.8756849142914593 282.0000000000000000 24.2620299231702390
805 0.8759865279243955 282.0000000000000000 24.3210376976084319
806 0.8762881415573317 282.0000000000000000 24.3803331978870368
807 0.8765394862514452 282.0000000000000000 24.4299674267100961
808 0.8767908309455588 282.0000000000000000 24.4798041615667081
809 0.8770924445784950 282.0000000000000000 24.5398773006134974
810 0.8771427135173177 282.0000000000000000 24.5499181669394453
811 0.8772935203337857 282.0000000000000000 24.5800901269971313
812 0.8773437892726085 282.0000000000000000 24.5901639344262293
813 0.8774443271502539 282.0000000000000000 24.6103363412633307
814 0.8774945960890765 282.0000000000000000 24.6204349610176436
815 0.8776454029055447 282.0000000000000000 24.6507806080525889
816 0.8778464786608354 282.0000000000000000 24.6913580246913575
817 0.8779972854773036 282.0000000000000000 24.7218788627935737
818 0.8780978233549490 282.0000000000000000 24.7422680412371143
819 0.8782486301714171 282.0000000000000000 24.7729149463253506
820 0.8783994369878851 282.0000000000000000 24.8036378668871436
821 0.8785502438043533 282.0000000000000000 24.8344370860927164
822 0.8786507816819987 282.0000000000000000 24.8550124275062139
823 0.8788518574372896 282.0000000000000000 24.8962655601659755
824 0.8789523953149349 282.0000000000000000 24.9169435215946855
825 0.8790529331925803 282.0000000000000000 24.9376558603491283
826 0.8792037400090484 282.0000000000000000 24.9687890137328345
827 0.8793042778866939 282.0000000000000000 24.9895876718034167
828 0.8796058915196300 282.0000000000000000 25.0521920668058442
829 0.8798069672749208 282.0000000000000000 25.0941028858218331
830 0.8800080430302116 282.0000000000000000 25.1361541684122329
831 0.8801588498466797 282.0000000000000000 25.1677852348993305
832 0.8804101945407933 282.0000000000000000 25.2206809583858771
833 0.8805107324184387 282.0000000000000000 25.2419015565839295
834 0.8808626149901976 282.0000000000000000 25.3164556962025316
835 0.8811139596843111 282.0000000000000000 25.3699788583509509
836 0.8811642286231338 282.0000000000000000 25.3807106598984760
837 0.8813653043784245 282.0000000000000000 25.4237288135593218
838 0.8814658422560699 282.0000000000000000 25.4452926208651391
839 0.8815663801337154 282.0000000000000000 25.4668930390492356
840 0.8817674558890062 282.0000000000000000 25.5102040816326543
841 0.8818679937666516 282.0000000000000000 25.5319148936170208
842 0.8819182627054742 282.0000000000000000 25.5427841634738186
843 0.8820188005831197 282.0000000000000000 25.5645504899872194
844 0.8821193384607651 282.0000000000000000 25.5863539445628980
845 0.8823204142160559 282.0000000000000000 25.6300726185390850
846 0.8823204142160559 282.0000000000000000 25.6300726185390850
847 0.8824209520937013 282.0000000000000000 25.6519880290722533
848 0.8825717589101694 282.0000000000000000 25.6849315068493134
849 0.8828231036042830 282.0000000000000000 25.7400257400257395
850 0.8829739104207510 282.0000000000000000 25.7731958762886606
851 0.8831247172372191 282.0000000000000000 25.8064516129032242
852 0.8834263308701553 282.0000000000000000 25.8732212160413972
853 0.8834765998089781 282.0000000000000000 25.8843830888697148
854 0.8835771376866234 282.0000000000000000 25.9067357512953365
855 0.8837782134419142 282.0000000000000000 25.9515570934256061
856 0.8839290202583824 282.0000000000000000 25.9852750108271984
857 0.8840798270748504 282.0000000000000000 26.0190806591500419
858 0.8842306338913185 282.0000000000000000 26.0529743812418602
859 0.8844317096466093 282.0000000000000000 26.0983036102653330
860 0.8845322475242547 282.0000000000000000 26.1210274270787970
861 0.8846327854019002 282.0000000000000000 26.1437908496732021
862 0.8847333232795456 282.0000000000000000 26.1665939816833841
863 0.8847333232795456 282.0000000000000000 26.1665939816833841
864 0.8848841300960136 282.0000000000000000 26.2008733624454138
865 0.8849343990348364 282.0000000000000000 26.2123197903014429
866 0.8851354747901272 282.0000000000000000 26.2582056892779008
867 0.8852360126677726 282.0000000000000000 26.2812089356110370
868 0.8853365505454179 282.0000000000000000 26.3042525208241997
869 0.8853365505454179 282.0000000000000000 26.3042525208241997
870 0.8854873573618861 282.0000000000000000 26.3388937664618084
871 0.8855878952395315 282.0000000000000000 26.3620386643233751
872 0.8857387020559996 288.0000000000000000 26.3968323801143860
873 0.8857889709948223 288.0000000000000000 26.4084507042253520
874 0.8858392399336450 288.0000000000000000 26.4200792602377810
875 0.8859900467501131 288.0000000000000000 26.4550264550264558
876 0.8861408535665812 288.0000000000000000 26.4900662251655632
877 0.8862916603830493 288.0000000000000000 26.5251989389920411
878 0.8865430050771628 288.0000000000000000 26.5839610101905173
879 0.8865932740159855 288.0000000000000000 26.5957446808510625
880 0.8866938118936309 288.0000000000000000 26.6193433895297247
881 0.8868948876489218 288.0000000000000000 26.6666666666666679
882 0.8870456944653898 288.0000000000000000 26.7022696929238990
883 0.8871462323430352 288.0000000000000000 26.7260579064587986
884 0.8872467702206807 288.0000000000000000 26.7498885421310746
885 0.8873473080983261 288.0000000000000000 26.7737617135207486
886 0.8877494596089076 288.0000000000000000 26.8696820420958353
887 0.8878499974865530 288.0000000000000000 26.8937696100403407
888 0.8879505353641984 288.0000000000000000 26.9179004037685061
889 0.8880510732418438 288.0000000000000000 26.9420745397395613
890 0.8881013421806666 288.0000000000000000 26.9541778975741231
891 0.8882018800583120 288.0000000000000000 26.9784172661870514
892 0.8883024179359573 288.0000000000000000 27.0027002700270025
893 0.8884029558136027 288.0000000000000000 27.0270270270270281
894 0.8886040315688936 288.0000000000000000 27.0758122743682321
895 0.8888051073241844 288.0000000000000000 27.1247739602169986
896 0.8889056452018298 288.0000000000000000 27.1493212669683253
897 0.8890564520182979 288.0000000000000000 27.1862256456728595
898 0.8891569898959433 288.0000000000000000 27.2108843537414948
899 0.8893077967124114 288.0000000000000000 27.2479564032697539
900 0.8893077967124114 288.0000000000000000 27.2479564032697539
901 0.8893580656512341 288.0000000000000000 27.2603362108132679
902 0.8894083345900569 288.0000000000000000 27.2727272727272734
903 0.8895088724677022 288.0000000000000000 27.2975432211101001
904 0.8896596792841703 288.0000000000000000 27.3348519362186799
905 0.8898104861006384 288.0000000000000000 27.3722627737226283
906 0.8900115618559292 288.0000000000000000 27.4223034734917732
907 0.8901623686723973 288.0000000000000000 27.4599542334096114
908 0.8902629065500427 288.0000000000000000 27.4851122308749432
909 0.8902629065500427 288.0000000000000000 27.4851122308749432
910 0.8903634444276881 288.0000000000000000 27.5103163686382395
911 0.8905142512441563 288.0000000000000000 27.5482093663911840
912 0.8907655959382698 288.0000000000000000 27.6115968706856876
913 0.8908158648770924 288.0000000000000000 27.6243093922651930
914 0.8909666716935606 288.0000000000000000 27.6625172890733069
915 0.8910672095712060 288.0000000000000000 27.6880479926165215
916 0.8912180163876741 288.0000000000000000 27.7264325323475056
917 0.8912682853264967 288.0000000000000000 27.7392510402219123
918 0.8913688232041421 288.0000000000000000 27.7649236464599731
919 0.8915698989594329 288.0000000000000000 27.8164116828929053
920 0.8917709747147238 288.0000000000000000 27.8680910357640492
921 0.8917709747147238 288.0000000000000000 27.8680910357640492
922 0.8919217815311918 288.0000000000000000 27.9069767441860463
923 0.8919720504700146 288.0000000000000000 27.9199627733829701
924 0.8920223194088372 288.0000000000000000 27.9329608938547480
925 0.8921228572864827 288.0000000000000000 27.9589934762348555
926 0.8921731262253054 288.0000000000000000 27.9720279720279734
927 0.8923239330417735 288.0000000000000000 28.0112044817927170
928 0.8923742019805961 288.0000000000000000 28.0242877160205524
929 0.8924747398582416 288.0000000000000000 28.0504908835904629
930 0.8926255466747097 288.0000000000000000 28.0898876404494366
931 0.8927260845523551 288.0000000000000000 28.1162136832239931
932 0.8928768913688232 288.0000000000000000 28.1557954012200859
933 0.8930276981852913 288.0000000000000000 28.1954887218045123
934 0.8931785050017594 288.0000000000000000 28.2352941176470580
935 0.8933795807570503 288.0000000000000000 28.2885431400282883
936 0.8934298496958729 288.0000000000000000 28.3018867924528301
937 0.8936811943899864 288.0000000000000000 28.3687943262411331
938 0.8939325390841000 288.0000000000000000 28.4360189573459721
939 0.8941336148393907 288.0000000000000000 28.4900284900284895
940 0.8942844216558589 288.0000000000000000 28.5306704707560641
941 0.8944352284723269 288.0000000000000000 28.5714285714285730
942 0.8945357663499723 288.0000000000000000 28.5986653956148729
943 0.8945860352887951 288.0000000000000000 28.6123032904148786
944 0.8946363042276178 288.0000000000000000 28.6259541984732842
945 0.8946363042276178 288.0000000000000000 28.6259541984732842
946 0.8946363042276178 288.0000000000000000 28.6259541984732842
947 0.8947871110440858 288.0000000000000000 28.6669851887243183
948 0.8948876489217312 288.0000000000000000 28.6944045911047354
949 0.8950384557381994 288.0000000000000000 28.7356321839080451
950 0.8952395314934902 288.0000000000000000 28.7907869481765850
951 0.8953400693711355 288.0000000000000000 28.8184438040345832
952 0.8953400693711355 288.0000000000000000 28.8184438040345832
953 0.8954406072487809 288.0000000000000000 28.8461538461538467
954 0.8955411451264264 288.0000000000000000 28.8739172281039451
955 0.8958427587593626 288.0000000000000000 28.9575289575289574
956 0.8960438345146534 288.0000000000000000 29.0135396518375259
957 0.8960941034534761 288.0000000000000000 29.0275761973875177
958 0.8961443723922988 288.0000000000000000 29.0416263310745393
959 0.8962951792087669 288.0000000000000000 29.0838584585555004
960 0.8963957170864123 288.0000000000000000 29.1120815138282403
961 0.8964962549640577 288.0000000000000000 29.1403593977659057
962 0.8966470617805258 288.0000000000000000 29.1828793774319060
963 0.8966973307193485 288.0000000000000000 29.1970802919708028
964 0.8968481375358166 288.0000000000000000 29.2397660818713447
965 0.8969486754134620 288.0000000000000000 29.2682926829268304
966 0.8969989443522848 288.0000000000000000 29.2825768667642770
967 0.8970492132911074 288.0000000000000000 29.2968750000000000
968 0.8972000201075755 288.0000000000000000 29.3398533007334947
969 0.8973508269240437 288.0000000000000000 29.3829578844270323
970 0.8973508269240437 288.0000000000000000 29.3829578844270323
971 0.8975016337405117 288.0000000000000000 29.4261893084845525
972 0.8976021716181571 288.0000000000000000 29.4550810014727524
973 0.8978032473734480 288.0000000000000000 29.5130349237579921
974 0.8978535163122706 288.0000000000000000 29.5275590551181111
975 0.8980043231287388 288.0000000000000000 29.5712173484475116
976 0.8981048610063842 288.0000000000000000 29.6003946719289601
977 0.8981551299452069 288.0000000000000000 29.6150049358341576
978 0.8981551299452069 288.0000000000000000 29.6150049358341576
979 0.8983562057004977 288.0000000000000000 29.6735905044510382
980 0.8984064746393203 288.0000000000000000 29.6882731321128155
981 0.8984064746393203 288.0000000000000000 29.6882731321128155
982 0.8985572814557885 288.0000000000000000 29.7324083250743314
983 0.8987080882722566 288.0000000000000000 29.7766749379652609
984 0.8988086261499020 288.0000000000000000 29.8062593144560353
985 0.8989091640275474 288.0000000000000000 29.8359025360517158
986 0.8990097019051928 288.0000000000000000 29.8656047784967633
987 0.8991102397828382 288.0000000000000000 29.8953662182361732
988 0.8992107776604836 288.0000000000000000 29.9251870324189539
989 0.8993113155381290 288.0000000000000000 29.9550673989016474
990 0.8994118534157743 288.0000000000000000 29.9850074962518747
991 0.8995123912934198 288.0000000000000000 30.0150075037518747
992 0.8996129291710652 288.0000000000000000 30.0450676014021028
993 0.8996631981098879 288.0000000000000000 30.0601202404809627
994 0.8998140049263560 288.0000000000000000 30.1053687907676881
995 0.8998140049263560 288.0000000000000000 30.1053687907676881
996 0.8999648117428241 288.0000000000000000 30.1507537688442220
997 0.8999648117428241 288.0000000000000000 30.1507537688442220
998 0.9000653496204695 288.0000000000000000 30.1810865191146895
999 0.9002161564369376 288.0000000000000000 30.2267002518891701
1000 0.9002664253757603 288.0000000000000000 30.2419354838709680
1001 0.9002664253757603 288.0000000000000000 30.2419354838709680
1002 0.9003166943145831 288.0000000000000000 30.2571860816944032
1003 0.9003166943145831 288.0000000000000000 30.2571860816944032
1004 0.9004172321922285 288.0000000000000000 30.2877334679454826
1005 0.9005177700698739 288.0000000000000000 30.3183425972713501
1006 0.9006183079475192 288.0000000000000000 30.3490136570561440
1007 0.9007691147639874 288.0000000000000000 30.3951367781155000
1008 0.9008696526416328 288.0000000000000000 30.4259634888438129
1009 0.9009199215804554 288.0000000000000000 30.4414003044140031
1010 0.9010707283969236 288.0000000000000000 30.4878048780487809
1011 0.9011209973357462 288.0000000000000000 30.5033045246568371
1012 0.9011712662745689 288.0000000000000000 30.5188199389623591
1013 0.9012718041522143 288.0000000000000000 30.5498981670061092
1014 0.9013723420298597 288.0000000000000000 30.5810397553516822
1015 0.9013723420298597 288.0000000000000000 30.5810397553516822
1016 0.9014728799075051 288.0000000000000000 30.6122448979591830
1017 0.9015734177851505 288.0000000000000000 30.6435137895812062
1018 0.9016739556627960 288.0000000000000000 30.6748466257668717
1019 0.9019253003569094 288.0000000000000000 30.7534597642234750
1020 0.9020258382345548 288.0000000000000000 30.7850179579271419
1021 0.9021263761122003 288.0000000000000000 30.8166409861325121
1022 0.9022269139898457 288.0000000000000000 30.8483290488431869
1023 0.9023274518674911 288.0000000000000000 30.8800823468862582
1024 0.9024782586839591 288.0000000000000000 30.9278350515463920
1025 0.9025787965616046 288.0000000000000000 30.9597523219814228
1026 0.9026793344392500 288.0000000000000000 30.9917355371900811
1027 0.9026793344392500 288.0000000000000000 30.9917355371900811
1028 0.9027798723168954 288.0000000000000000 31.0237849017580132
1029 0.9028301412557181 288.0000000000000000 31.0398344542162441
1030 0.9030312170110089 288.0000000000000000 31.1041990668740276
1031 0.9033328306439451 288.0000000000000000 31.2012480499219969
1032 0.9034333685215905 288.0000000000000000 31.2337324310255084
1033 0.9035339063992359 288.0000000000000000 31.2662845231891602
1034 0.9036344442768813 288.0000000000000000 31.2989045383411586
1035 0.9037852510933494 288.0000000000000000 31.3479623824451394
1036 0.9037852510933494 288.0000000000000000 31.3479623824451394
1037 0.9038857889709948 288.0000000000000000 31.3807531380753133
1038 0.9039863268486402 288.0000000000000000 31.4136125654450247
1039 0.9040365957874630 288.0000000000000000 31.4300680984808807
1040 0.9040868647262856 288.0000000000000000 31.4465408805031430
1041 0.9040868647262856 288.0000000000000000 31.4465408805031430
1042 0.9040868647262856 288.0000000000000000 31.4465408805031430
1043 0.9041371336651083 288.0000000000000000 31.4630309386470906
1044 0.9042879404815765 288.0000000000000000 31.5126050420168085
1045 0.9043382094203991 288.0000000000000000 31.5291644771413573
1046 0.9043884783592219 288.0000000000000000 31.5457413249211349
1047 0.9044387472980445 288.0000000000000000 31.5623356128353514
1048 0.9044387472980445 288.0000000000000000 31.5623356128353514
1049 0.9045392851756899 288.0000000000000000 31.5955766192733023
1050 0.9045392851756899 288.0000000000000000 31.5955766192733023
1051 0.9046900919921580 288.0000000000000000 31.6455696202531662
1052 0.9047403609309808 288.0000000000000000 31.6622691292875977
1053 0.9048408988086262 288.0000000000000000 31.6957210776545182
1054 0.9048911677474488 288.0000000000000000 31.7124735729386877
1055 0.9050419745639170 288.0000000000000000 31.7628374801482281
1056 0.9051927813803851 288.0000000000000000 31.8133616118769886
1057 0.9052933192580305 288.0000000000000000 31.8471337579617817
1058 0.9053938571356759 288.0000000000000000 31.8809776833156207
1059 0.9054943950133213 288.0000000000000000 31.9148936170212778
1060 0.9055446639521439 288.0000000000000000 31.9318786588610948
1061 0.9056452018297894 288.0000000000000000 31.9659030367607890
1062 0.9057457397074348 288.0000000000000000 32.0000000000000000
1063 0.9058965465239028 288.0000000000000000 32.0512820512820511
1064 0.9059468154627256 288.0000000000000000 32.0684126135756316
1065 0.9060473533403710 288.0000000000000000 32.1027287319422143
1066 0.9060976222791937 288.0000000000000000 32.1199143468950723
1067 0.9062484290956618 288.0000000000000000 32.1715817694369974
1068 0.9063992359121299 288.0000000000000000 32.2234156820622957
1069 0.9064997737897753 288.0000000000000000 32.2580645161290320
1070 0.9064997737897753 288.0000000000000000 32.2580645161290320
1071 0.9067008495450661 288.0000000000000000 32.3275862068965552
1072 0.9068013874227115 288.0000000000000000 32.3624595469255638
1073 0.9069019253003570 288.0000000000000000 32.3974082073434104
1074 0.9069019253003570 288.0000000000000000 32.3974082073434104
1075 0.9071030010556477 288.0000000000000000 32.4675324675324646
1076 0.9071532699944704 288.0000000000000000 32.4851109907958886
1077 0.9072538078721158 288.0000000000000000 32.5203252032520354
1078 0.9073543457497613 288.0000000000000000 32.5556158437330438
1079 0.9075051525662293 288.0000000000000000 32.6086956521739140
1080 0.9075554215050520 288.0000000000000000 32.6264274061990207
1081 0.9075554215050520 288.0000000000000000 32.6264274061990207
1082 0.9076559593826974 288.0000000000000000 32.6619488296135003
1083 0.9078067661991656 288.0000000000000000 32.7153762268266064
1084 0.9078570351379882 288.0000000000000000 32.7332242225859247
1085 0.9080078419544564 288.0000000000000000 32.7868852459016367
1086 0.9081083798321018 288.0000000000000000 32.8227571115973760
1087 0.9081083798321018 288.0000000000000000 32.8227571115973760
1088 0.9081083798321018 288.0000000000000000 32.8227571115973760
1089 0.9082591866485699 300.0000000000000000 32.8767123287671268
1090 0.9083094555873925 300.0000000000000000 32.8947368421052602
1091 0.9084099934650379 300.0000000000000000 32.9308452250274399
1092 0.9085105313426833 300.0000000000000000 32.9670329670329636
1093 0.9086613381591515 300.0000000000000000 33.0214639515685207
1094 0.9086613381591515 300.0000000000000000 33.0214639515685207
1095 0.9087618760367968 300.0000000000000000 33.0578512396694180
1096 0.9087618760367968 300.0000000000000000 33.0578512396694180
1097 0.9088624139144422 300.0000000000000000 33.0943188086045197
1098 0.9088624139144422 300.0000000000000000 33.0943188086045197
1099 0.9089126828532650 300.0000000000000000 33.1125827814569504
1100 0.9090132207309104 300.0000000000000000 33.1491712707182344
1101 0.9090634896697330 300.0000000000000000 33.1674958540630200
1102 0.9091640275473785 300.0000000000000000 33.2042058660763715
1103 0.9093651033026693 300.0000000000000000 33.2778702163061553
1104 0.9094656411803147 300.0000000000000000 33.3148250971682387
1105 0.9096164479967828 300.0000000000000000 33.3704115684093452
1106 0.9096164479967828 300.0000000000000000 33.3704115684093452
1107 0.9097169858744282 300.0000000000000000 33.4075723830735001
1108 0.9097672548132509 300.0000000000000000 33.4261838440111418
1109 0.9097672548132509 300.0000000000000000 33.4261838440111418
1110 0.9097672548132509 300.0000000000000000 33.4261838440111418
1111 0.9098175237520736 300.0000000000000000 33.4448160535117083
1112 0.9098677926908963 300.0000000000000000 33.4634690462911308
1113 0.9098677926908963 300.0000000000000000 33.4634690462911308
1114 0.9098677926908963 300.0000000000000000 33.4634690462911308
1115 0.9099180616297190 300.0000000000000000 33.4821428571428541
1116 0.9099683305685417 300.0000000000000000 33.5008375209380205
1117 0.9099683305685417 300.0000000000000000 33.5008375209380205
1118 0.9100688684461871 300.0000000000000000 33.5382895472330915
1119 0.9101191373850098 300.0000000000000000 33.5570469798657740
1120 0.9102196752626552 300.0000000000000000 33.5946248600223996
1121 0.9102699442014779 300.0000000000000000 33.6134453781512619
1122 0.9104710199567687 300.0000000000000000 33.6889387984278486
1123 0.9105212888955914 300.0000000000000000 33.7078651685393282
1124 0.9105212888955914 300.0000000000000000 33.7078651685393282
1125 0.9106720957120595 300.0000000000000000 33.7647720877884083
1126 0.9107223646508822 300.0000000000000000 33.7837837837837824
1127 0.9107726335897049 300.0000000000000000 33.8028169014084483
1128 0.9108731714673504 300.0000000000000000 33.8409475465313037
1129 0.9109737093449958 300.0000000000000000 33.8791643139469230
1130 0.9110239782838184 300.0000000000000000 33.8983050847457648
1131 0.9111245161614638 300.0000000000000000 33.9366515837104075
1132 0.9111747851002865 300.0000000000000000 33.9558573853989785
1133 0.9113255919167547 300.0000000000000000 34.0136054421768677
1134 0.9113255919167547 300.0000000000000000 34.0136054421768677
1135 0.9115266676720455 300.0000000000000000 34.0909090909090935
1136 0.9115266676720455 300.0000000000000000 34.0909090909090935
1137 0.9116272055496909 300.0000000000000000 34.1296928327645048
1138 0.9116272055496909 300.0000000000000000 34.1296928327645048
1139 0.9116774744885136 300.0000000000000000 34.1491178144564600
1140 0.9117277434273362 300.0000000000000000 34.1685649202733472
1141 0.9117780123661590 300.0000000000000000 34.1880341880341874
1142 0.9118282813049816 300.0000000000000000 34.2075256556442397
1143 0.9119288191826270 300.0000000000000000 34.2465753424657535
1144 0.9119288191826270 300.0000000000000000 34.2465753424657535
1145 0.9119288191826270 300.0000000000000000 34.2465753424657535
1146 0.9120796259990952 300.0000000000000000 34.3053173241852463
1147 0.9122304328155633 300.0000000000000000 34.3642611683848784
1148 0.9123812396320313 300.0000000000000000 34.4234079173838197
1149 0.9123812396320313 300.0000000000000000 34.4234079173838197
1150 0.9124315085708541 300.0000000000000000 34.4431687715269774
1151 0.9125823153873222 300.0000000000000000 34.5025876940770573
1152 0.9125823153873222 300.0000000000000000 34.5025876940770573
1153 0.9126828532649676 300.0000000000000000 34.5423143350604462
1154 0.9128336600814356 300.0000000000000000 34.6020761245674748
1155 0.9128336600814356 300.0000000000000000 34.6020761245674748
1156 0.9129341979590810 300.0000000000000000 34.6420323325635096
1157 0.9130347358367265 318.0000000000000000 34.6820809248554909
1158 0.9131352737143719 318.0000000000000000 34.7222222222222214
1159 0.9131855426531946 318.0000000000000000 34.7423277359583125
1160 0.9132358115920173 318.0000000000000000 34.7624565469293145
1161 0.9132358115920173 318.0000000000000000 34.7624565469293145
1162 0.9134871562861308 318.0000000000000000 34.8634514816966856
1163 0.9134871562861308 318.0000000000000000 34.8634514816966856
1164 0.9134871562861308 318.0000000000000000 34.8634514816966856
1165 0.9134871562861308 318.0000000000000000 34.8634514816966856
1166 0.9134871562861308 318.0000000000000000 34.8634514816966856
1167 0.9136379631025989 318.0000000000000000 34.9243306169965066
1168 0.9136882320414216 318.0000000000000000 34.9446709376820053
1169 0.9136882320414216 318.0000000000000000 34.9446709376820053
1170 0.9137887699190670 318.0000000000000000 34.9854227405247826
1171 0.9139395767355352 318.0000000000000000 35.0467289719626152
1172 0.9139898456743578 318.0000000000000000 35.0672121566335449
1173 0.9140903835520032 318.0000000000000000 35.1082504388531333
1174 0.9141406524908259 318.0000000000000000 35.1288056206089010
1175 0.9141406524908259 318.0000000000000000 35.1288056206089010
1176 0.9141909214296486 318.0000000000000000 35.1493848857644977
1177 0.9142914593072941 318.0000000000000000 35.1906158357771233
1178 0.9143417282461167 318.0000000000000000 35.2112676056338003
1179 0.9144422661237621 318.0000000000000000 35.2526439482961251
1180 0.9144422661237621 318.0000000000000000 35.2526439482961251
1181 0.9145930729402302 318.0000000000000000 35.3148911124190690
1182 0.9147438797566984 318.0000000000000000 35.3773584905660385
1183 0.9147941486955210 318.0000000000000000 35.3982300884955734
1184 0.9148444176343438 318.0000000000000000 35.4191263282172386
1185 0.9148444176343438 318.0000000000000000 35.4191263282172386
1186 0.9148946865731664 318.0000000000000000 35.4400472533963367
1187 0.9150454933896346 318.0000000000000000 35.5029585798816569
1188 0.9150454933896346 318.0000000000000000 35.5029585798816569
1189 0.9150454933896346 318.0000000000000000 35.5029585798816569
1190 0.9151460312672800 318.0000000000000000 35.5450236966824633
1191 0.9151963002061027 318.0000000000000000 35.5660936573799660
1192 0.9152968380837481 318.0000000000000000 35.6083086053412430
1193 0.9152968380837481 318.0000000000000000 35.6083086053412430
1194 0.9153471070225707 318.0000000000000000 35.6294536817102170
1195 0.9153471070225707 318.0000000000000000 35.6294536817102170
1196 0.9154476449002161 318.0000000000000000 35.6718192627823996
1197 0.9155481827778615 318.0000000000000000 35.7142857142857153
1198 0.9156487206555070 318.0000000000000000 35.7568533969010716
1199 0.9156487206555070 318.0000000000000000 35.7568533969010716
1200 0.9156989895943297 318.0000000000000000 35.7781753130590374
1201 0.9157492585331524 318.0000000000000000 35.7995226730310279
1202 0.9157492585331524 318.0000000000000000 35.7995226730310279
1203 0.9157995274719750 318.0000000000000000 35.8208955223880565
1204 0.9158497964107978 318.0000000000000000 35.8422939068100348
1205 0.9158497964107978 318.0000000000000000 35.8422939068100348
1206 0.9159503342884432 318.0000000000000000 35.8851674641148293
1207 0.9160006032272658 318.0000000000000000 35.9066427289048491
1208 0.9160508721660886 318.0000000000000000 35.9281437125748511
1209 0.9161011411049113 318.0000000000000000 35.9496704613541027
1210 0.9161514100437340 318.0000000000000000 35.9712230215827304
1211 0.9162016789825567 318.0000000000000000 35.9928014397120606
1212 0.9162519479213794 318.0000000000000000 36.0144057623049250
1213 0.9164027547378475 318.0000000000000000 36.0793746241731839
1214 0.9165032926154929 318.0000000000000000 36.1228175797712225
1215 0.9166540994319610 318.0000000000000000 36.1881785283474073
1216 0.9167043683707837 318.0000000000000000 36.2100181050090555
1217 0.9167546373096064 318.0000000000000000 36.2318840579710155
1218 0.9168049062484291 318.0000000000000000 36.2537764350453173
1219 0.9168049062484291 318.0000000000000000 36.2537764350453173
1220 0.9170562509425426 318.0000000000000000 36.3636363636363669
1221 0.9170562509425426 318.0000000000000000 36.3636363636363669
1222 0.9171065198813653 318.0000000000000000 36.3856882959369301
1223 0.9171567888201880 318.0000000000000000 36.4077669902912646
1224 0.9172573266978334 318.0000000000000000 36.4520048602673157
1225 0.9172573266978334 318.0000000000000000 36.4520048602673157
1226 0.9173075956366561 318.0000000000000000 36.4741641337386042
1227 0.9173578645754789 318.0000000000000000 36.4963503649635044
1228 0.9174081335143015 318.0000000000000000 36.5185636031649423
1229 0.9174081335143015 318.0000000000000000 36.5185636031649423
1230 0.9174584024531243 318.0000000000000000 36.5408038976857483
1231 0.9175589403307696 318.0000000000000000 36.5853658536585371
1232 0.9177097471472377 318.0000000000000000 36.6524129505192420
1233 0.9177600160860604 318.0000000000000000 36.6748166259168684
1234 0.9177600160860604 318.0000000000000000 36.6748166259168684
1235 0.9178102850248832 318.0000000000000000 36.6972477064220186
1236 0.9178102850248832 318.0000000000000000 36.6972477064220186
1237 0.9178605539637058 318.0000000000000000 36.7197062423500640
1238 0.9179610918413512 318.0000000000000000 36.7647058823529420
1239 0.9180113607801740 318.0000000000000000 36.7872470876762705
1240 0.9180113607801740 318.0000000000000000 36.7872470876762705
1241 0.9181118986578193 318.0000000000000000 36.8324125230202597
1242 0.9181621675966420 318.0000000000000000 36.8550368550368574
1243 0.9181621675966420 318.0000000000000000 36.8550368550368574
1244 0.9182124365354647 318.0000000000000000 36.8776889981561169
1245 0.9183129744131101 318.0000000000000000 36.9230769230769198
1246 0.9183632433519329 318.0000000000000000 36.9458128078817722
1247 0.9184637812295783 318.0000000000000000 36.9913686806411803
1248 0.9184637812295783 318.0000000000000000 36.9913686806411803
1249 0.9186145880460463 318.0000000000000000 37.0599135268684350
1250 0.9186648569848691 318.0000000000000000 37.0828182941903606
1251 0.9188659327401598 318.0000000000000000 37.1747211895910752
1252 0.9189162016789826 318.0000000000000000 37.1977681339119641
1253 0.9189664706178052 318.0000000000000000 37.2208436724565743
1254 0.9189664706178052 318.0000000000000000 37.2208436724565743
1255 0.9191172774342734 318.0000000000000000 37.2902423865755139
1256 0.9191675463730961 318.0000000000000000 37.3134328358208975
1257 0.9191675463730961 318.0000000000000000 37.3134328358208975
1258 0.9191675463730961 318.0000000000000000 37.3134328358208975
1259 0.9192680842507415 318.0000000000000000 37.3599003735990038
1260 0.9193183531895641 318.0000000000000000 37.3831775700934585
1261 0.9194691600060323 318.0000000000000000 37.4531835205992536
1262 0.9195194289448549 318.0000000000000000 37.4765771392879472
1263 0.9196199668225004 318.0000000000000000 37.5234521575984985
1264 0.9197205047001458 318.0000000000000000 37.5704445835942380
1265 0.9198210425777912 318.0000000000000000 37.6175548589341702
1266 0.9199215804554366 318.0000000000000000 37.6647834274952942
1267 0.9199718493942592 318.0000000000000000 37.6884422110552748
1268 0.9200723872719047 318.0000000000000000 37.7358490566037759
1269 0.9201729251495501 318.0000000000000000 37.7833753148614591
1270 0.9201729251495501 318.0000000000000000 37.7833753148614591
1271 0.9202231940883728 318.0000000000000000 37.8071833648393181
1272 0.9202231940883728 318.0000000000000000 37.8071833648393181
1273 0.9202231940883728 318.0000000000000000 37.8071833648393181
1274 0.9203237319660182 318.0000000000000000 37.8548895899053619
1275 0.9203237319660182 318.0000000000000000 37.8548895899053619
1276 0.9204745387824863 318.0000000000000000 37.9266750948166873
1277 0.9204745387824863 318.0000000000000000 37.9266750948166873
1278 0.9205248077213090 318.0000000000000000 37.9506641366223931
1279 0.9205248077213090 318.0000000000000000 37.9506641366223931
1280 0.9206253455989544 318.0000000000000000 37.9987333755541457
1281 0.9206756145377771 318.0000000000000000 38.0228136882129277
1282 0.9207258834765998 318.0000000000000000 38.0469245402663319
1283 0.9207258834765998 318.0000000000000000 38.0469245402663319
1284 0.9207761524154225 318.0000000000000000 38.0710659898477175
1285 0.9207761524154225 318.0000000000000000 38.0710659898477175
1286 0.9208264213542452 318.0000000000000000 38.0952380952380949
1287 0.9208766902930680 318.0000000000000000 38.1194409148665798
1288 0.9210274971095360 318.0000000000000000 38.1922342457033750
1289 0.9210777660483587 318.0000000000000000 38.2165605095541423
1290 0.9211280349871814 318.0000000000000000 38.2409177820267701
1291 0.9212788418036495 318.0000000000000000 38.3141762452107315
1292 0.9214296486201177 318.0000000000000000 38.3877159309021110
1293 0.9214799175589403 318.0000000000000000 38.4122919334186932
1294 0.9214799175589403 318.0000000000000000 38.4122919334186932
1295 0.9215804554365857 336.0000000000000000 38.4615384615384599
1296 0.9216809933142311 336.0000000000000000 38.5109114249037248
1297 0.9217312622530538 336.0000000000000000 38.5356454720616597
1298 0.9217815311918766 336.0000000000000000 38.5604113110539828
1299 0.9217815311918766 336.0000000000000000 38.5604113110539828
1300 0.9217815311918766 336.0000000000000000 38.5604113110539828
1301 0.9217815311918766 336.0000000000000000 38.5604113110539828
1302 0.9218820690695220 336.0000000000000000 38.6100386100386075
1303 0.9219323380083446 336.0000000000000000 38.6349001931745022
1304 0.9219826069471674 336.0000000000000000 38.6597938144329873
1305 0.9219826069471674 336.0000000000000000 38.6597938144329873
1306 0.9221334137636354 336.0000000000000000 38.7346675274370540
1307 0.9222339516412809 336.0000000000000000 38.7847446670976055
1308 0.9222339516412809 336.0000000000000000 38.7847446670976055
1309 0.9224852963353943 336.0000000000000000 38.9105058365758723
1310 0.9225355652742171 336.0000000000000000 38.9357560025957170
1311 0.9226361031518625 336.0000000000000000 38.9863547758284597
1312 0.9226863720906852 336.0000000000000000 39.0117035110533195
1313 0.9227366410295079 336.0000000000000000 39.0370852309694243
1314 0.9227366410295079 336.0000000000000000 39.0370852309694243
1315 0.9227869099683306 336.0000000000000000 39.0625000000000000
1316 0.9227869099683306 336.0000000000000000 39.0625000000000000
1317 0.9228371789071532 336.0000000000000000 39.0879478827361595
1318 0.9228371789071532 336.0000000000000000 39.0879478827361595
1319 0.9228371789071532 336.0000000000000000 39.0879478827361595
1320 0.9228371789071532 336.0000000000000000 39.0879478827361595
1321 0.9229377167847986 336.0000000000000000 39.1389432485322928
1322 0.9229377167847986 336.0000000000000000 39.1389432485322928
1323 0.9230382546624440 336.0000000000000000 39.1900718484650525
1324 0.9231387925400895 336.0000000000000000 39.2413342053629819
1325 0.9231890614789122 336.0000000000000000 39.2670157068062835
1326 0.9232393304177349 336.0000000000000000 39.2927308447937165
1327 0.9232393304177349 336.0000000000000000 39.2927308447937165
1328 0.9232393304177349 336.0000000000000000 39.2927308447937165
1329 0.9233398682953803 336.0000000000000000 39.3442622950819683
1330 0.9234404061730257 336.0000000000000000 39.3959290873276444
1331 0.9234404061730257 336.0000000000000000 39.3959290873276444
1332 0.9234404061730257 336.0000000000000000 39.3959290873276444
1333 0.9234404061730257 336.0000000000000000 39.3959290873276444
1334 0.9235409440506711 336.0000000000000000 39.4477317554240656
1335 0.9235912129894938 336.0000000000000000 39.4736842105263150
1336 0.9236414819283165 336.0000000000000000 39.4996708360763691
1337 0.9236917508671392 336.0000000000000000 39.5256916996047423
1338 0.9236917508671392 336.0000000000000000 39.5256916996047423
1339 0.9237922887447846 336.0000000000000000 39.5778364116094963
1340 0.9238425576836073 336.0000000000000000 39.6039603960396036
1341 0.9238425576836073 336.0000000000000000 39.6039603960396036
1342 0.9239430955612526 336.0000000000000000 39.6563119629874450
1343 0.9240436334388981 336.0000000000000000 39.7088021178027830
1344 0.9241944402553662 336.0000000000000000 39.7877984084880651
1345 0.9242949781330116 336.0000000000000000 39.8406374501992033
1346 0.9242949781330116 336.0000000000000000 39.8406374501992033
1347 0.9242949781330116 336.0000000000000000 39.8406374501992033
1348 0.9242949781330116 336.0000000000000000 39.8406374501992033
1349 0.9242949781330116 336.0000000000000000 39.8406374501992033
