# frame percolation_dimension largest_cluster num_molecules
0 0 0 0
1 0 0 0
2 0 0 0
3 0 0 0
4 0 0 0
5 0 0 0
6 0 0 0
7 0 0 0
8 0 0 0
9 0 0 0
10 0 0 0
11 0 0 0
12 0 0 0
13 0 0 0
14 0 0 0
15 0 0 0
16 0 0 0
17 0 0 0
18 0 0 0
19 0 0 0
20 0 0 0
21 0 0 0
22 0 0 0
23 0 0 0
24 0 0 0
25 0 0 0
26 0 0 0
27 0 0 0
28 0 0 0
29 0 0 0
30 0 0 0
31 0 0 0
32 0 0 0
33 0 0 0
34 0 0 0
35 1 3290 10708
36 1 3424 10563
37 1 5605 10428
38 1 7644 10278
39 1 8281 10130
40 1 9902 9957
41 1 10563 9826
42 2 11265 9686
43 2 12116 9546
44 3 12759 9399
45 3 13156 9264
46 3 14225 9126
47 3 15140 9002
48 3 15605 8874
49 3 16680 8720
50 3 17168 8610
51 3 17775 8485
52 3 18319 8377
53 3 18667 8255
54 3 19358 8133
55 3 19964 8028
56 3 21142 7921
57 3 21756 7823
58 3 23582 7719
59 3 24089 7619
60 3 26045 7527
61 3 26552 7441
62 3 26980 7334
63 3 27313 7236
64 3 27638 7135
65 3 28182 7030
66 3 28646 6945
67 3 29431 6859
68 3 30173 6774
69 3 30582 6677
70 3 31262 6576
71 3 31957 6495
72 3 32478 6411
73 3 32969 6312
74 3 33364 6238
75 3 34045 6172
76 3 34415 6094
77 3 34950 6019
78 3 35337 5941
79 3 35849 5871
80 3 36212 5808
81 3 36577 5724
82 3 37065 5651
83 3 37576 5573
84 3 37964 5497
85 3 38314 5424
86 3 38611 5357
87 3 38906 5296
88 3 39382 5214
89 3 39857 5141
90 3 40241 5077
91 3 40523 5025
92 3 41071 4961
93 3 41278 4905
94 3 41644 4843
95 3 41953 4781
96 3 42172 4735
97 3 42478 4681
98 3 42732 4627
99 3 42862 4591
100 3 43086 4544
101 3 43355 4482
102 3 43499 4440
103 3 43809 4387
104 3 44015 4340
105 3 44264 4293
106 3 44640 4246
107 3 44906 4194
108 3 45180 4154
109 3 45379 4109
110 3 45807 4056
111 3 46043 4015
112 3 46231 3972
113 3 46373 3934
114 3 46541 3891
115 3 46714 3856
116 3 46894 3813
117 3 47023 3777
118 3 47281 3737
119 3 47415 3704
120 3 47611 3668
121 3 47749 3638
122 3 47885 3605
123 3 47985 3567
124 3 48179 3529
125 3 48387 3485
126 3 48480 3450
127 3 48589 3427
128 3 48667 3401
129 3 48753 3368
130 3 48889 3340
131 3 49038 3310
132 3 49182 3286
133 3 49378 3255
134 3 49504 3217
135 3 49659 3193
136 3 49789 3170
137 3 49885 3152
138 3 50042 3124
139 3 50163 3105
140 3 50290 3081
141 3 50391 3054
142 3 50494 3035
143 3 50534 3018
144 3 50608 2995
145 3 50746 2976
146 3 50842 2956
147 3 50971 2932
148 3 51057 2912
149 3 51159 2896
150 3 51263 2872
151 3 51318 2860
152 3 51385 2848
153 3 51501 2829
154 3 51550 2813
155 3 51608 2792
156 3 51664 2779
157 3 51766 2763
158 3 51859 2744
159 3 51897 2729
160 3 51947 2716
161 3 52005 2708
162 3 52047 2697
163 3 52077 2688
164 3 52112 2675
165 3 52162 2665
166 3 52185 2652
167 3 52212 2643
168 3 52318 2625
169 3 52401 2615
170 3 52422 2607
171 3 52498 2585
172 3 52523 2575
173 3 52553 2565
174 3 52661 2552
175 3 52706 2541
176 3 52775 2526
177 3 52816 2517
178 3 52871 2506
179 3 53002 2485
180 3 53043 2475
181 3 53067 2469
182 3 53101 2462
183 3 53153 2451
184 3 53187 2444
185 3 53223 2433
186 3 53246 2427
187 3 53292 2416
188 3 53310 2411
189 3 53355 2401
190 3 53416 2389
191 3 53461 2381
192 3 53484 2377
193 3 53550 2365
194 3 53559 2360
195 3 53638 2349
196 3 53681 2341
197 3 53708 2332
198 3 53728 2323
199 3 53746 2316
200 3 53777 2309
201 3 53834 2304
202 3 53912 2294
203 3 53960 2284
204 3 53986 2279
205 3 54025 2270
206 3 54062 2262
207 3 54073 2260
208 3 54123 2251
209 3 54145 2246
210 3 54169 2239
211 3 54194 2233
212 3 54246 2224
213 3 54265 2219
214 3 54274 2214
215 3 54285 2210
216 3 54293 2206
217 3 54321 2201
218 3 54352 2194
219 3 54372 2189
220 3 54398 2182
221 3 54408 2173
222 3 54437 2168
223 3 54510 2157
224 3 54604 2149
225 3 54656 2141
226 3 54671 2136
227 3 54671 2136
228 3 54694 2130
229 3 54698 2126
230 3 54726 2118
231 3 54765 2110
232 3 54784 2104
233 3 54807 2096
234 3 54834 2093
235 3 54853 2091
236 3 54863 2087
237 3 54869 2084
238 3 54901 2077
239 3 54914 2073
240 3 54944 2068
241 3 54983 2063
242 3 54997 2059
243 3 55010 2055
244 3 55034 2049
245 3 55038 2048
246 3 55048 2045
247 3 55052 2042
248 3 55079 2034
249 3 55097 2029
250 3 55108 2026
251 3 55108 2025
252 3 55130 2022
253 3 55140 2019
254 3 55157 2013
255 3 55192 2008
256 3 55194 2006
257 3 55207 2004
258 3 55239 1997
259 3 55256 1990
260 3 55300 1986
261 3 55318 1983
262 3 55318 1982
263 3 55325 1979
264 3 55332 1974
265 3 55341 1970
266 3 55341 1970
267 3 55349 1967
268 3 55371 1962
269 3 55388 1957
270 3 55394 1952
271 3 55401 1950
272 3 55412 1945
273 3 55441 1940
274 3 55452 1937
275 3 55473 1931
276 3 55497 1925
277 3 55501 1923
278 3 55508 1921
279 3 55521 1919
280 3 55540 1915
281 3 55552 1910
282 3 55591 1903
283 3 55595 1900
284 3 55601 1896
285 3 55607 1894
286 3 55650 1891
287 3 55656 1889
288 3 55660 1887
289 3 55678 1881
290 3 55682 1879
291 3 55690 1876
292 3 55741 1868
293 3 55757 1865
294 3 55761 1862
295 3 55763 1859
296 3 55802 1852
297 3 55842 1845
298 3 55847 1844
299 3 55847 1843
300 3 55853 1838
301 3 55859 1836
302 3 55866 1834
303 3 55870 1832
304 3 55887 1830
305 3 55901 1826
306 3 55934 1820
307 3 55991 1813
308 3 56007 1810
309 3 56019 1806
310 3 56019 1806
311 3 56032 1803
312 3 56050 1799
313 3 56050 1798
314 3 56071 1796
315 3 56071 1796
316 3 56075 1794
317 3 56096 1790
318 3 56100 1788
319 3 56112 1784
320 3 56125 1780
321 3 56137 1777
322 3 56144 1775
323 3 56146 1774
324 3 56156 1771
325 3 56158 1770
326 3 56177 1767
327 3 56189 1764
328 3 56200 1762
329 3 56207 1759
330 3 56226 1754
331 3 56243 1750
332 3 56253 1748
333 3 56257 1746
334 3 56269 1740
335 3 56285 1736
336 3 56299 1731
337 3 56301 1730
338 3 56311 1727
339 3 56326 1724
340 3 56326 1724
341 3 56336 1722
342 3 56402 1721
343 3 56402 1721
344 3 56416 1718
345 3 56422 1714
346 3 56424 1712
347 3 56432 1710
348 3 56447 1708
349 3 56455 1706
350 3 56492 1703
351 3 56494 1701
352 3 56506 1698
353 3 56514 1696
354 3 56521 1694
355 3 56526 1692
356 3 56532 1690
357 3 56532 1690
358 3 56539 1688
359 3 56539 1688
360 3 56539 1688
361 3 56539 1687
362 3 56565 1686
363 3 56584 1683
364 3 56584 1683
365 3 56584 1683
366 3 56626 1680
367 3 56637 1677
368 3 56677 1676
369 3 56677 1674
370 3 56687 1671
371 3 56694 1669
372 3 56694 1669
373 3 56714 1664
374 3 56720 1662
375 3 56727 1660
376 3 56729 1659
377 3 56729 1659
378 3 56729 1659
379 3 56729 1659
380 3 56731 1656
381 3 56731 1656
382 3 56733 1655
383 3 56757 1653
384 3 56757 1653
385 3 56759 1652
386 3 56759 1651
387 3 56759 1651
388 3 56759 1651
389 3 56764 1650
390 3 56766 1649
391 3 56770 1648
392 3 56770 1648
393 3 56774 1646
394 3 56774 1646
395 3 56774 1646
396 3 56774 1646
397 3 56774 1646
398 3 56776 1645
399 3 56797 1644
400 3 56797 1644
401 3 56797 1644
402 3 56797 1644
403 3 56805 1643
404 3 56805 1643
405 3 56805 1643
406 3 56805 1643
407 3 56843 1641
408 3 56847 1639
409 3 56849 1638
410 3 56849 1638
411 3 56849 1638
412 3 56851 1636
413 3 56851 1636
414 3 56853 1635
415 3 56858 1633
416 3 56872 1630
417 3 56881 1629
418 3 56887 1627
419 3 56887 1627
420 3 56887 1627
421 3 56889 1626
422 3 56894 1625
423 3 56899 1624
424 3 56899 1624
425 3 56903 1622
426 3 56903 1622
427 3 56908 1620
428 3 56910 1618
429 3 56915 1617
430 3 56917 1616
431 3 56919 1615
432 3 56925 1614
433 3 56935 1612
434 3 56978 1610
435 3 56978 1610
436 3 56978 1610
437 3 56982 1608
438 3 56982 1608
439 3 56982 1608
440 3 56982 1608
441 3 56982 1608
442 3 56984 1607
443 3 56988 1605
444 3 56988 1604
445 3 56990 1602
446 3 56994 1600
447 3 56996 1599
448 3 57001 1598
449 3 57001 1598
450 3 57003 1597
451 3 57003 1597
452 3 57003 1597
453 3 57015 1594
454 3 57023 1591
455 3 57023 1591
456 3 57029 1590
457 3 57029 1589
458 3 57029 1589
459 3 57029 1589
460 3 57029 1589
461 3 57033 1587
462 3 57033 1587
463 3 57033 1586
464 3 57033 1586
465 3 57033 1586
466 3 57033 1586
467 3 57033 1586
468 3 57033 1586
469 3 57033 1585
470 3 57042 1582
471 3 57044 1581
472 3 57058 1579
473 3 57060 1578
474 3 57064 1576
475 3 57066 1575
476 3 57066 1575
477 3 57066 1575
478 3 57072 1572
479 3 57072 1571
480 3 57072 1571
481 3 57072 1571
482 3 57072 1571
483 3 57072 1571
484 3 57072 1571
485 3 57074 1569
486 3 57074 1569
487 3 57083 1567
488 3 57083 1567
489 3 57083 1567
490 3 57083 1567
491 3 57083 1567
492 3 57083 1567
493 3 57091 1564
494 3 57093 1563
495 3 57099 1562
496 3 57103 1560
497 3 57103 1560
498 3 57103 1560
499 3 57103 1560
500 3 57103 1560
501 3 57103 1560
502 3 57103 1560
503 3 57113 1558
504 3 57113 1558
505 3 57115 1557
506 3 57117 1555
507 3 57117 1555
508 3 57119 1554
509 3 57119 1554
510 3 57131 1553
511 3 57133 1552
512 3 57137 1551
513 3 57137 1551
514 3 57137 1551
515 3 57137 1551
516 3 57145 1550
517 3 57149 1549
518 3 57149 1549
519 3 57151 1548
520 3 57153 1547
521 3 57153 1547
522 3 57155 1546
523 3 57155 1546
524 3 57166 1545
525 3 57177 1544
526 3 57177 1544
527 3 57183 1542
528 3 57183 1542
529 3 57199 1540
530 3 57203 1539
531 3 57205 1538
532 3 57207 1537
533 3 57213 1536
534 3 57213 1536
535 3 57213 1535
536 3 57213 1535
537 3 57224 1534
538 3 57224 1534
539 3 57226 1533
540 3 57226 1533
541 3 57235 1532
542 3 57235 1531
543 3 57235 1530
544 3 57237 1529
545 3 57237 1529
546 3 57237 1529
547 3 57239 1528
548 3 57241 1527
549 3 57256 1526
550 3 57256 1526
551 3 57261 1525
552 3 57273 1524
553 3 57280 1522
554 3 57280 1522
555 3 57282 1521
556 3 57282 1521
557 3 57282 1521
558 3 57282 1521
559 3 57284 1520
560 3 57284 1520
561 3 57286 1518
562 3 57286 1518
563 3 57286 1518
564 3 57292 1516
565 3 57297 1515
566 3 57297 1515
567 3 57297 1515
568 3 57297 1515
569 3 57297 1515
