32.166868
22.845072
30.126560
25.780216
23.224961
29.109843
41.709756
31.303486
41.873821
18.682442
14.557603
26.706986
32.720945
39.420510
41.042990
23.609716
24.867592
15.895229
25.893424
35.850846
17.236499
31.374881
33.254646
44.127774
40.983665
31.495020
20.291835
23.076847
46.696671
23.469619
36.187563
28.493822
55.879536
27.020849
16.844309
18.762696
19.009327
34.374282
19.678370
19.253933
25.452201
43.703640
47.345589
25.265478
19.846108
24.634786
21.788586
33.884353
8.911121
32.393355
22.051954
24.799868
21.547680
38.878806
33.459714
22.291802
37.063556
33.569109
16.824758
21.059381
32.457894
16.446472
22.540114
24.082048
23.793990
17.361871
23.700573
18.463930
16.902125
37.999352
29.992743
17.604080
34.809338
16.855121
28.236148
34.462546
34.362789
29.496912
20.814654
36.032667
28.450324
22.404377
36.592357
21.672843
59.322794
24.626475
25.742706
35.663112
16.603285
14.154516
22.178832
20.334722
33.391141
67.962552
38.740939
20.424482
19.883196
27.365102
39.982623
27.611115
23.718284
16.281359
27.945012
16.714059
27.731724
28.929510
30.413166
25.253946
30.726909
29.804995
36.199379
28.677084
28.627948
25.235054
24.202787
30.874882
39.614812
35.915900
34.676712
21.101680
22.286893
29.869520
19.194906
38.900935
23.888898
23.791117
24.980132
42.135420
21.954039
25.564834
16.753015
17.844756
48.439561
30.012330
26.848391
21.548857
25.068666
33.470974
35.722982
23.636227
32.069523
24.721354
43.199208
29.281555
29.115283
31.197514
21.694619
37.949684
24.623701
25.566745
11.467719
34.627947
19.384078
22.947214
27.558237
50.982038
26.632400
19.793835
26.400896
18.297016
26.399415
17.697281
25.173509
41.815842
29.783465
22.837126
21.010085
18.389846
30.288498
20.694929
24.354758
22.646334
17.077536
20.987679
20.147480
31.158389
20.225923
16.471147
11.061315
53.832457
27.057049
47.345366
25.974292
23.095481
20.049852
17.333983
21.141614
26.480927
24.634918
46.835961
16.657385
31.949861
33.467767
23.088976
22.976940
20.028859
24.422938
37.934719
25.009698
29.858102
27.300684
29.873247
32.073154
29.982828
19.646523
45.307978
14.673394
28.661328
32.682410
40.715488
23.863928
25.035234
23.855726
28.004431
44.665807
22.352690
22.925225
9.944184
37.956199
26.385894
35.962178
21.738109
16.865400
40.007963
14.162140
27.528114
47.058542
21.726373
27.857528
47.905427
20.070900
20.260940
22.747475
29.876264
31.887130
27.572845
25.998046
42.409798
17.021171
34.848654
25.678120
12.709565
34.224290
29.759601
28.331798
27.819362
30.530225
18.949682
15.805670
12.806006
13.597896
43.754272
19.026224
33.762821
25.860719
24.649167
29.636273
27.380804
27.437878
24.106855
20.606114
29.354183
15.758607
31.601783
21.585713
26.232566
39.524100
18.980883
19.223991
40.945940
20.556301
16.999335
19.133538
15.870601
30.645792
22.909787
23.894035
44.700944
41.532802
15.159281
22.186570
29.576591
28.699683
20.708565
35.699347
26.823305
14.723316
14.114110
19.799660
16.319820
41.455660
21.976263
28.804633
10.920123
22.880622
18.527518
23.253913
20.042465
36.950676
22.794165
21.371288
12.839131
40.608922
43.871723
30.657639
31.115309
23.031491
40.093802
51.873773
21.106232
24.187953
17.889401
24.417216
25.842927
24.030053
23.009087
18.955413
43.649264
30.813836
23.623929
23.228576
24.384482
20.090686
24.910928
17.386004
17.505868
28.842975
25.193638
38.358005
31.385410
50.405194
30.154946
53.478745
43.147221
28.697375
52.617553
17.463853
16.646770
25.592990
23.404528
29.879176
12.951835
26.263880
24.864100
21.671007
22.581175
29.541231
26.605330
36.914730
20.534799
30.005681
28.134231
20.552448
19.093467
40.322866
29.320073
27.949757
29.687807
22.770008
30.891129
25.383472
12.505843
43.592332
21.813262
31.862468
28.277814
22.478961
22.211016
24.746844
21.664345
26.601736
25.485906
22.066875
28.526397
63.560598
30.221708
22.603526
17.808420
32.777685
21.431082
37.960390
23.420754
29.690515
49.736079
15.033609
17.504162
25.601403
17.728841
29.983827
14.303863
30.322032
34.773288
20.492095
21.621451
19.536727
35.047948
25.018070
20.568357
32.250951
40.728168
18.136616
15.913975
26.551045
32.298721
20.132658
45.255286
37.300148
18.035722
30.177791
28.305429
23.449713
23.449367
27.130442
33.102439
32.898771
18.591231
19.505336
19.622520
31.219197
19.028926
31.369433
49.200615
13.132397
27.164121
49.409303
39.374966
19.601494
31.706725
22.936973
40.056849
38.639048
44.458439
27.096416
25.135583
18.538360
33.271220
46.195220
32.764601
27.175081
28.715918
46.635844
21.624716
21.672975
24.646045
20.318373
21.047514
27.967418
23.361546
31.812932
30.497869
37.393750
23.799245
25.312578
31.714865
27.752648
30.964025
21.354700
19.916383
22.910799
24.700135
25.163298
22.183629
14.488466
17.082747
20.335716
43.765963
13.157997
33.646404
24.878322
17.417491
22.159802
36.668844
28.521447
24.295053
24.715913
22.989489
29.991723
31.180975
33.212049
27.861897
26.196125
16.101672
32.372259
25.597026
27.108436
24.560186
34.483871
20.738977
58.479040
24.102412
32.298969
17.576410
17.047622
29.579142
16.121913
29.672175
25.066472
29.984974
35.840318
18.407773
26.862843
35.748736
23.031256
40.151871
18.423543
41.541116
21.276820
16.606509
30.748039
23.299825
22.698092
19.829077
30.813580
34.961684
36.778060
19.619982
21.495503
22.393125
21.003631
29.422552
31.162865
17.929931
28.197971
28.922517
37.482085
36.259709
26.926489
23.861630
40.141386
26.007352
34.334026
25.879834
45.480742
22.096749
21.001790
26.755772
27.454686
29.602146
28.194309
17.646008
41.515249
29.283223
23.723362
26.617341
18.609875
15.884459
17.706950
27.013830
16.057935
23.688717
18.911528
21.822123
27.715754
18.741179
27.971058
14.724735
19.976328
35.758054
25.989235
21.235297
22.850112
26.145694
32.872599
36.573359
47.494462
23.078549
16.648758
31.147116
39.267758
29.488142
34.705517
20.675107
23.544638
29.504879
17.131423
34.465163
29.243765
21.274779
21.349552
23.030516
21.853239
24.272346
17.826133
54.865013
31.907852
22.198288
23.267317
14.406904
31.497913
38.522780
21.435936
30.756477
18.298794
43.732528
36.541009
24.238181
37.705415
32.448057
36.312205
23.698602
27.092415
32.503189
23.639412
14.025121
23.644151
28.814297
30.310065
22.412825
28.180231
18.255967
28.674588
33.947764
16.481872
32.380268
22.709181
20.767025
31.887664
17.343813
19.548886
24.540313
30.123505
16.911660
20.615396
22.617551
31.800299
38.780665
46.129162
14.077248
19.766213
36.564967
22.391389
18.946545
23.875292
24.112786
22.841364
30.171447
25.045552
24.870127
22.134602
32.412369
42.467258
23.271235
43.505892
20.005003
30.980944
26.155073
11.924978
27.178886
22.596999
31.240038
20.098300
34.595464
15.699946
33.406814
20.868452
42.969292
28.088813
20.232407
31.001479
26.693548
19.006698
20.758745
32.711838
26.312920
31.259800
19.494168
36.592818
25.372461
21.487312
25.934418
20.933516
25.732918
33.400677
19.163313
21.909430
25.468310
28.622812
20.896586
29.385060
15.382993
21.302020
31.463288
38.936168
24.238964
27.166908
20.897340
21.210974
25.946192
15.623850
38.353404
28.479958
28.244375
27.560120
27.973397
35.982840
23.348775
25.248546
28.553024
17.694436
17.491682
33.010583
20.285078
30.894432
58.031045
19.769026
26.386795
19.310307
26.699236
18.054869
27.605504
14.267505
22.029741
27.598032
27.456169
13.492258
28.869085
35.608653
27.579508
18.811782
30.362754
20.492375
28.449437
27.503250
14.725526
26.533863
40.602377
26.813220
18.271455
26.120491
25.526401
38.853361
26.483137
36.150142
34.332188
32.634555
25.324602
27.368011
28.756629
32.358314
33.677616
29.804511
27.320167
39.576575
35.739717
26.441939
32.942855
31.220048
9.713336
36.866004
45.836341
17.173911
24.772300
18.296493
23.331774
22.693071
25.960286
34.871928
25.517373
32.036387
20.981780
33.401613
23.508293
24.586902
27.929529
25.090121
25.352278
20.201988
28.640723
18.680875
36.965241
21.113060
29.092539
16.740665
35.055057
34.689884
31.718298
37.962455
40.146698
24.877963
27.372364
20.652884
25.962584
24.868232
24.250970
36.152473
35.790466
30.896891
20.939977
17.076758
34.094454
38.767063
34.602272
27.525246
43.551158
23.361621
21.968962
26.145603
19.254304
20.428198
32.818548
28.273360
29.339181
18.939966
28.831870
21.899777
14.958504
31.851135
19.504091
26.172643
15.698660
21.964828
39.460876
26.526786
32.412407
28.033060
21.114587
20.260386
39.911606
25.321229
30.417819
26.027655
24.931723
21.329434
32.056696
30.679417
23.871872
21.681651
38.360001
41.138670
22.170713
32.659639
18.588885
27.730067
22.886053
39.532359
30.168020
14.857493
37.929128
23.079565
18.093576
35.967302
27.939284
34.807503
20.097892
31.158047
18.678611
25.897049
30.077218
18.288436
21.299578
22.243704
26.411331
36.875132
31.975324
26.637143
39.651525
34.797218
55.111945
38.164016
19.535344
28.573000
41.872532
10.872049
34.000954
19.404966
20.062474
20.402574
23.405141
13.971218
19.289112
33.154781
31.975359
27.853819
31.056778
23.768888
27.111001
43.130858
18.864467
46.505856
33.662306
19.339329
29.385661
35.148274
22.239155
28.130722
42.364163
23.741299
13.126169
29.612409
36.635508
33.923105
17.982084
21.497229
19.136700
28.070914
20.315559
30.142807
37.528336
13.458850
17.616704
55.421100
21.920216
15.925853
16.973192
24.051686
21.882587
33.507700
23.124945
27.593337
19.156786
21.476576
31.755427
26.322009
35.744410
32.856067
26.457977
22.881944
30.804764
33.354255
23.608469
16.336677
19.948695
25.187963
26.412126
36.120943
24.942555
26.751313
49.497344
35.655509
19.140697
25.330529
33.239360
22.547998
32.184896
14.486738
21.973994
26.033335
30.252230
25.307157
27.573251
26.684645
28.597837
24.678842
30.403497
37.805219
21.043253
23.028308
29.598412
22.234801
28.667059
32.042670
22.867963
21.260817
20.321073
25.973687
29.354502
21.748061
25.875344
24.663503
22.157085
17.903487
24.483982
28.753601
20.858800
29.904103
24.582044
32.177387
22.056547
19.316365
36.693834
24.263975
29.939345
27.032660
56.116567
31.455106
23.540181
34.541330
22.751858
29.567236
19.300316
21.022558
34.249196
32.266400
33.736867
34.447526
13.332201
21.769402
40.456728
25.476050
29.162730
50.869597
22.205953
27.812268
23.422051
19.056543
27.176123
27.480084
26.817019
21.625763
32.992781
26.328572
29.913901
35.333327
17.200324
30.882175
15.559165
35.702514
26.877810
17.411699
23.151683
27.969615
21.438041
32.975186
21.269870
19.083849
36.766866
25.438611
20.213139
22.426581
19.651027
25.378001
20.652387
26.349542
25.784146
21.644614
26.516850
25.254906
22.765840
34.124431
22.774459
31.800506
29.658469
17.699007
32.135418
30.378945
23.890377
19.750163
25.313837
26.705808
20.657377
22.984886
19.415923
36.166424
37.541782
38.281331
31.076482
34.861624
37.440655
27.406251
28.901767
48.303684
29.731118
24.504436
27.575539
27.996571
21.529231
30.541617
33.546973
17.711080
12.913399
18.085484
27.095928
30.041079
28.038292
14.075342
30.956817
24.808891
64.853235
32.573914
28.717958
28.259398
32.214238
16.207437
24.116427
27.337971
50.861392
37.437609
24.774173
33.707599
44.769098
21.589128
24.751895
16.051889
31.928469
22.196206
26.960876
27.765216
28.016414
40.992835
14.964111
15.921302
10.352211
25.525300
37.221791
19.928150
34.029260
36.577589
41.275344
37.959253
25.072530
18.355907
24.193141
45.447257
33.738005
25.165928
25.101963
26.003660
19.019293
24.770666
34.742425
27.157658
34.056736
30.338291
22.356350
18.641059
25.300458
22.867535
25.296202
16.867486
21.972145
36.262827
25.191318
29.174138
41.354956
19.042104
51.867821
20.336990
23.614453
18.838845
19.601733
31.423409
25.653796
23.611410
27.385390
39.523066
28.077722
20.699465
31.187745
31.415288
17.075002
15.116997
36.733242
26.471503
18.194006
27.772518
25.671613
21.326549
22.875906
35.592054
34.845276
27.849370
22.653002
23.290413
32.361621
27.941966
12.997201
39.910110
33.000002
25.783064
26.202613
27.465030
22.785854
22.965704
19.967227
30.874915
35.441450
18.422491
19.789318
23.133723
20.824245
39.666917
39.850991
34.239266
16.377678
14.312393
21.470206
19.337157
22.044967
23.351165
46.345008
17.405224
21.040194
27.488213
21.399039
20.824772
29.366264
26.440048
32.158491
53.185372
30.773354
21.059026
23.390850
23.220004
25.724388
28.266713
11.875046
28.943367
21.967129
28.524888
15.718445
33.655195
32.922607
19.164442
37.427666
17.907827
30.691313
25.055298
19.638601
27.989043
15.378186
10.484186
15.880952
29.454395
36.070536
31.467659
34.688905
13.414428
17.375528
39.570003
23.733072
26.570362
34.177082
23.947200
24.223106
26.485173
14.898736
28.921372
23.165214
17.413784
22.550378
16.504438
21.993646
33.927916
20.453775
27.857528
25.490978
19.940540
15.564695
25.751783
24.358210
25.396382
27.688759
23.912919
18.341001
31.589215
36.405307
43.669930
29.474489
22.252528
25.308120
16.848626
23.503715
17.614390
52.341898
56.420527
33.646191
29.824623
18.821287
17.117609
22.724213
44.546126
28.635893
28.727760
30.626360
21.425545
36.355629
24.517646
17.765430
24.775245
25.100051
33.811416
26.004556
43.415428
33.473452
40.456576
27.731621
26.718159
18.085272
29.485146
30.364104
24.877013
23.422265
39.326682
21.032821
33.789867
31.561212
23.987465
31.433319
27.460239
18.516691
25.647654
29.229161
16.114221
23.681791
25.572578
27.220526
34.261024
42.174716
21.327193
27.978588
18.556097
47.904191
18.773499
23.835699
22.496312
30.189811
48.070784
29.547497
25.546255
12.966324
31.272440
33.736385
26.146667
34.632854
26.590387
37.799786
43.113114
27.807652
19.259511
37.817879
22.745655
30.063859
18.925119
16.327588
27.268409
37.503056
28.911984
30.444671
37.023378
26.419641
21.784630
21.727564
13.228715
25.862772
24.712940
35.850129
43.868921
27.869656
27.114866
15.750789
36.191068
36.188620
26.367141
51.229157
29.996018
28.123969
52.398249
22.821462
16.966459
28.141231
38.583762
20.001603
20.620801
14.787185
28.567646
21.270950
18.353211
27.161791
31.332199
32.331306
26.650591
21.433536
19.544181
16.156968
43.888447
26.285038
19.701216
26.864916
48.384797
28.158629
28.517392
14.343904
25.557151
18.310749
41.522294
22.784996
19.805468
24.391389
25.434740
26.135398
21.379558
28.577428
22.939968
26.952662
22.348049
12.524907
28.695063
32.703804
16.189890
30.863418
43.521663
24.884430
26.431439
33.110505
37.901091
38.439420
19.051303
19.738210
51.767451
14.365439
28.265007
31.858406
15.378420
25.643567
25.571451
33.294875
26.418450
23.768203
27.133577
27.534485
23.938604
27.062707
43.473641
14.648899
26.792112
16.900478
25.464551
31.117350
44.874426
20.884335
21.439885
30.050150
41.396716
26.739843
28.983055
33.493053
22.293105
26.144736
26.870607
36.877480
20.892300
22.587629
34.027032
24.391383
24.025101
26.440879
23.376197
30.823115
23.796506
21.870517
18.344653
44.011163
27.546084
30.089880
9.647994
23.057851
38.001816
28.142307
32.441280
36.691288
17.430370
24.284187
31.506361
19.068313
30.067400
17.708350
19.535570
24.926801
22.113742
14.275330
25.222998
31.640724
14.506745
15.260309
25.185526
39.471652
22.111679
12.579697
13.135770
26.403779
25.876589
19.470497
36.425814
14.262120
50.804405
33.328435
19.401198
21.922080
17.368159
31.450483
23.053797
17.358510
35.013882
48.957348
26.840469
38.562972
31.939527
32.527163
32.379424
33.673430
27.815821
38.744931
24.355927
20.720534
26.904479
28.563120
36.208917
23.519321
22.649006
13.598242
21.514732
21.018993
25.984955
17.944333
21.587868
24.682541
42.396302
37.376092
30.405030
28.279083
20.070211
25.911750
18.330725
35.111263
27.189652
19.672394
21.644032
33.741967
21.366864
37.839147
18.103426
27.232241
25.038671
24.019370
27.805622
36.916809
17.327533
19.852903
18.218059
20.314992
15.659136
31.299146
36.295473
22.466801
38.209148
20.534856
24.411539
32.514748
54.945672
20.599527
21.515177
37.680685
32.789644
20.141830
34.827843
20.853646
24.900186
27.205578
16.986184
49.072691
36.245799
24.247604
28.567983
23.915577
14.090514
25.881558
33.224152
34.838639
15.882176
26.729503
18.938543
28.091395
23.786054
17.336565
37.876718
39.134354
18.013908
33.903853
20.050604
23.385275
22.581353
20.612268
27.824511
20.566200
19.700836
17.129909
21.563267
25.586523
28.502093
36.678408
47.489138
37.911457
22.334222
11.418685
24.598325
50.492137
37.774054
26.851704
32.196090
27.518962
33.999284
23.975692
37.539584
28.056539
28.574959
17.973486
23.636813
25.083897
29.009975
38.641594
36.754054
29.843099
41.563529
20.894305
22.503760
23.697191
31.209994
23.203940
13.725932
38.530391
39.454829
31.816069
41.394406
23.253413
29.706684
23.039981
16.680256
27.044881
27.511806
20.607157
27.313596
28.707831
29.627810
20.180108
37.564915
19.599168
26.934933
21.158484
23.019321
40.866394
16.283265
21.595242
25.835798
21.952752
19.407200
43.782270
34.460850
24.075639
14.998344
29.409757
26.771919
47.206663
36.446409
19.444718
30.485654
20.424551
21.095235
28.919176
31.569622
31.117659
41.428997
17.452680
22.348686
31.989160
24.150958
18.564867
31.861531
20.537282
17.689622
25.370053
36.376967
33.374839
40.125686
34.531146
28.817857
32.279069
24.418549
19.748823
26.233278
40.460731
27.064225
27.828217
30.768986
21.719787
34.368531
25.578765
33.992866
36.213546
27.889246
28.890221
19.130506
21.302913
37.700438
24.597127
42.335426
16.820533
32.199479
37.302694
22.293163
14.699848
27.472647
22.307582
31.927486
43.951169
24.552564
35.487143
21.072304
45.468904
42.315010
26.945605
34.966705
33.820199
27.737187
30.627264
28.538896
26.343575
51.037361
24.904540
51.773261
20.017005
23.924126
27.892245
23.937945
19.537764
24.738162
28.299267
28.410658
19.070773
31.382392
21.667664
17.516496
23.721041
20.152454
15.724977
27.498851
35.502886
30.742826
22.657736
26.929346
32.006617
27.961726
22.520773
28.285821
37.062590
25.070790
26.002688
29.030367
28.217999
20.739841
25.883322
27.410380
26.600901
17.339351
36.034900
35.826520
27.594651
37.077022
26.153978
11.219762
30.749393
16.953265
24.539415
27.479901
29.632493
18.313550
40.481146
25.472098
22.117131
26.962891
25.242785
21.667200
31.094039
31.279064
33.164720
31.848894
36.952885
17.049120
21.673109
31.674375
21.681907
21.912276
29.962949
16.230711
30.713819
26.906218
30.179397
27.061640
23.238667
31.464474
22.802129
24.122945
28.430339
24.551758
25.803232
26.064921
23.250495
19.153171
26.821078
21.755961
30.238543
12.732874
30.555982
22.691914
39.251325
16.786374
18.603005
18.282456
24.545351
29.418078
22.249849
34.194856
26.434658
25.428315
32.766904
19.177021
20.926656
33.393153
17.808187
31.373134
27.093164
26.953374
15.578551
17.792574
43.722190
23.573267
17.195030
68.615042
30.089180
28.843790
19.345220
17.552208
27.402560
29.525477
25.007832
38.910610
22.058720
30.709522
19.920420
41.514020
25.352306
38.384977
36.515182
25.560225
13.826579
22.573813
22.152122
24.271710
44.942054
25.238881
42.165234
27.470828
33.783088
31.949376
23.032635
18.929876
37.693923
15.614033
35.784714
20.379896
23.129173
48.482578
24.758238
31.174885
42.709587
28.378548
24.550888
26.342806
15.900977
17.308471
27.974515
23.789106
33.633595
48.241563
25.032007
43.678129
31.908404
23.701367
31.151779
21.312791
28.924496
28.912610
23.040016
22.461848
18.297518
24.902407
38.372949
25.395163
16.060430
28.150831
29.220535
23.538870
29.811373
25.603616
27.661163
13.679071
57.658208
19.097481
16.801379
22.067680
31.676050
28.378039
22.610825
33.749659
28.914749
22.177691
31.236947
30.888754
37.147890
29.927948
31.317266
20.707389
25.831755
23.709642
17.687466
17.330881
30.864448
31.054298
31.078562
20.670155
25.912778
26.835081
30.918178
24.461333
18.615176
25.664017
20.199981
26.108648
18.152016
18.503036
15.387387
31.623089
35.622501
39.726634
21.207839
28.611369
35.254947
24.622837
19.411900
17.813664
21.349422
37.627924
27.175409
25.866242
45.182144
21.154688
17.044573
28.513720
29.931035
24.083951
23.852535
39.469398
39.941083
22.985903
26.645582
36.000377
19.418655
31.471745
32.500783
18.913748
22.970039
18.436048
35.112340
16.700974
17.990949
23.796029
17.341925
22.519155
22.254874
33.509488
19.209342
43.222282
32.899566
17.525010
18.971194
22.415658
25.539513
32.147193
31.059211
37.030543
25.989724
22.401342
26.882661
33.694949
16.919913
34.260416
14.866999
29.837404
19.595824
17.399675
23.867048
18.755959
18.893685
26.749030
27.764415
21.938771
20.470640
12.238363
28.882644
34.067937
13.519910
38.984529
27.041210
26.291349
15.605821
16.051818
26.162432
27.404541
51.920069
24.206906
31.487262
25.656482
18.431260
24.252643
17.494347
21.448170
21.377676
21.595598
32.933445
26.149654
20.177689
11.644151
47.121677
19.661816
25.064074
18.357054
16.358099
22.609046
32.533023
18.054194
27.511778
35.670275
24.330753
25.890020
18.495910
22.771720
27.386651
28.698363
32.396462
24.293571
17.960136
26.584889
19.561483
40.401539
21.242426
26.492073
13.140330
28.453335
29.131569
23.059111
32.920897
22.466712
14.195746
33.206349
17.225609
24.659342
23.211164
29.178488
21.593902
21.911076
21.669249
21.027509
35.285341
32.602259
29.146699
19.153880
25.746092
20.480223
22.124782
22.666911
30.469080
26.062942
35.068122
21.452716
18.210230
39.914837
21.975381
25.852895
24.383253
18.321466
22.493808
22.645534
32.939223
29.821827
19.202126
31.316796
16.393365
27.664598
27.078160
37.932510
28.561764
23.499267
19.242678
27.619989
28.035328
19.204904
24.803012
26.071779
19.136999
20.973412
16.586199
21.926567
26.055710
24.399036
18.704659
31.142824
21.396299
35.884899
27.034384
23.961006
34.246161
20.703410
27.903780
21.386084
36.257618
21.510285
14.491457
21.813136
38.996252
22.222736
18.982363
42.955476
26.876890
35.636090
26.997783
37.741645
31.652266
40.357312
19.921912
37.433176
22.477404
29.858489
25.555244
17.639782
20.227883
54.012606
30.573131
20.119387
31.667772
22.964166
24.945157
43.025287
22.582595
26.891868
28.332531
30.318037
26.896308
49.351893
21.276053
31.514010
20.551100
27.972502
17.160565
31.876557
33.596033
26.835786
30.893680
32.169621
21.656804
29.129145
29.387235
23.061566
25.673033
38.154554
31.187928
36.198400
30.417776
32.207370
41.906161
21.577541
46.912853
17.358720
24.178079
27.642444
23.960773
22.586640
25.011771
27.902523
25.609797
25.254666
25.812492
14.726442
19.357532
30.165585
24.858609
15.751870
19.199141
33.833437
23.256467
22.440779
17.994593
41.768443
32.304618
28.610007
44.775796
21.428459
34.456092
25.904841
23.009337
26.946136
32.308688
21.388788
15.562448
29.238327
16.675576
30.625851
18.594926
15.879774
37.503772
29.462357
24.631995
19.627014
21.223974
18.099664
18.290998
54.903166
30.168403
15.574190
32.465650
20.543336
18.516304
24.556187
26.825619
50.122592
38.302221
41.667749
29.430626
13.761844
30.090304
26.492166
23.507496
38.161676
21.181140
26.689983
17.438969
24.083964
27.978497
26.975709
21.689347
18.679849
20.773002
30.412026
16.924282
26.289684
21.732774
26.936054
35.409111
23.587320
13.859153
33.434484
25.653880
24.561063
30.369941
26.015740
29.486169
33.300344
18.066770
23.502842
27.501740
46.603664
39.896189
21.292938
16.471965
31.645013
19.868906
25.463516
23.837784
22.275879
29.016565
13.630300
29.386846
31.677696
25.358188
17.088230
26.417761
17.962621
16.364858
28.107381
29.627400
31.184127
35.856955
25.826832
24.569843
13.690696
16.467661
18.082531
21.714000
43.269154
28.006666
31.523399
20.922809
24.023985
22.725638
26.805520
25.387609
26.819068
20.438093
20.820457
30.163370
25.154129
18.438011
21.207139
24.580338
24.724774
19.973815
26.390605
31.041307
54.005510
28.608219
36.845716
41.178429
41.278663
35.405957
27.039187
25.017631
22.295139
27.140376
22.732710
35.929588
28.554485
20.288870
38.961872
22.889482
18.227581
25.106779
22.958663
42.624782
33.219309
33.764520
11.968114
18.457727
14.823450
28.034060
37.033050
21.205781
27.539863
17.342114
21.025882
28.867365
22.347377
20.884065
24.285486
34.474224
12.405746
22.459503
55.864727
29.297463
40.768076
34.902029
30.776962
38.158803
11.164925
31.467393
17.233795
23.090007
32.655824
19.119091
36.245310
22.768445
27.623765
19.466023
23.847692
32.122464
21.811702
14.214624
23.410426
21.364926
36.183444
38.317209
19.327155
21.744161
25.090744
52.707495
15.678115
13.348178
34.445810
61.456488
26.503215
19.834543
21.005378
22.017729
28.400598
26.173420
22.060115
30.095312
45.044317
18.241410
32.161503
30.641777
23.395444
28.758565
21.477627
16.399058
18.025694
20.665839
28.440550
15.414946
34.610580
25.277605
22.564280
28.718638
32.056264
43.740324
20.977167
19.413219
17.368723
27.995441
35.011846
30.729090
36.299496
19.481218
31.235398
27.768758
28.352241
22.917975
19.749828
20.544889
20.659703
38.713655
36.223736
30.250512
30.354165
32.726262
31.437378
20.225212
21.371681
50.471826
28.276090
36.307122
17.634120
22.513621
24.456940
23.433532
52.663350
31.724877
34.903072
23.177774
26.713475
18.604039
24.730574
38.739144
29.446436
14.867592
24.151131
28.673892
18.361620
19.438549
18.586442
27.198305
19.141777
39.714982
33.477569
26.051605
33.464568
15.857799
21.574398
18.825785
25.987179
15.139826
19.430569
25.460026
26.936280
22.711796
23.803462
16.166064
15.099993
40.173389
17.876117
33.477086
39.786685
23.714673
33.827036
32.700280
21.038966
24.562087
29.901243
34.767707
29.800428
21.490097
24.278947
25.067369
22.101040
15.449790
36.728186
21.760383
21.816367
25.535068
24.777666
21.401640
26.100321
20.973699
31.370739
28.936030
26.916932
16.029042
18.571699
27.162836
28.616578
13.443298
45.866296
27.998667
21.275666
41.574978
27.418336
30.013757
19.257532
39.760396
16.014053
31.036205
27.808950
26.322467
20.594096
27.036403
24.707411
24.471122
18.557958
50.459238
38.757150
17.781145
23.512771
25.141534
29.852471
10.080348
39.425934
28.875968
14.097800
18.112693
21.631207
19.725331
13.614367
37.204482
20.591529
26.685608
23.225418
20.571381
29.551786
38.993148
27.892678
18.831548
38.199110
28.795046
23.586145
25.743586
33.245044
28.599363
42.877419
20.109345
32.298313
31.260842
17.275471
18.733111
31.762548
19.743317
30.045764
42.950568
20.906235
25.902995
27.871626
23.986948
22.841653
29.760557
21.546022
27.273288
16.413075
18.928083
25.468144
16.259716
36.894574
26.145149
37.536675
29.879769
34.119429
30.599879
22.744439
14.784399
27.939253
22.751041
32.412718
25.930557
18.672512
24.803320
33.812667
24.918341
22.948390
22.691143
20.193067
25.505331
15.631682
19.429212
22.728865
30.528192
16.510394
21.149429
25.523127
22.621808
45.598923
46.835173
30.062350
34.707920
44.092663
28.201130
25.487429
27.756382
19.353309
27.012846
27.986618
32.431341
18.753143
41.308220
39.653348
15.333883
36.316896
11.517704
39.869914
32.842039
18.688642
19.186310
29.207730
30.956837
15.666307
29.563661
28.634445
32.133128
18.696513
20.773039
30.030593
24.615698
29.541460
36.291453
17.746801
11.075834
32.321142
36.035984
20.182826
21.329748
18.628499
20.015485
27.413773
38.064609
15.158893
14.297398
24.488189
27.112258
20.492470
16.689809
28.594313
24.599078
26.632481
29.631690
30.749498
18.032578
26.820500
26.230024
21.736663
29.750416
26.880444
34.677608
21.103614
22.030814
23.339495
26.139427
35.276214
24.932220
15.345910
33.844432
35.495363
19.103468
29.503706
16.214328
18.095126
