r g(r)
0.25975000858306885 0.0
0.27924999594688416 0.0
0.29874998331069946 0.0
0.31825000047683716 0.0
0.33775001764297485 0.0
0.3572499752044678 0.0
0.37674999237060547 0.0
0.39625000953674316 0.0
0.41575002670288086 0.0
0.4352499842643738 0.0
0.4547500014305115 0.0
0.47425001859664917 0.0
0.4937499761581421 0.0
0.5132499933242798 0.0
0.5327500104904175 0.0
0.5522500276565552 0.0
0.5717500448226929 0.0
0.5912500023841858 0.0
0.6107499599456787 0.0
0.6302499771118164 0.0
0.6497499942779541 0.0
0.6692500114440918 0.0
0.6887500286102295 0.0
0.7082500457763672 0.0
0.7277500033378601 0.0
0.7472500205039978 0.0
0.7667499780654907 0.0
0.7862499952316284 0.0
0.8057500123977661 0.0
0.8252500295639038 0.0
0.8447500467300415 0.0
0.8642500042915344 0.0
0.8837500214576721 0.0
0.903249979019165 0.0
0.9227499961853027 0.0
0.9422500133514404 0.0
0.9617500305175781 0.0
0.9812500476837158 0.0
1.000749945640564 0.0
1.0202499628067017 0.0
1.0397499799728394 0.9266881346702576
1.059249997138977 0.892883837223053
1.0787500143051147 0.8608947992324829
1.0982500314712524 0.415298193693161
1.1177500486373901 0.0
1.1372500658035278 0.38730305433273315
1.1567500829696655 0.7487132549285889
1.1762499809265137 0.3620486855506897
1.1957499980926514 0.0
1.215250015258789 2.0350961685180664
1.2347500324249268 1.3142151832580566
1.2542500495910645 0.3184172809123993
1.2737500667572021 0.30874282121658325
1.2932500839233398 0.0
1.312749981880188 0.0
1.3322499990463257 1.1288987398147583
1.3517500162124634 0.27414095401763916
1.371250033378601 0.2663993835449219
1.3907500505447388 0.5179630517959595
1.4102500677108765 1.0074760913848877
1.4297499656677246 0.980187177658081
1.4492499828338623 0.7154880166053772
1.46875 0.9288222789764404
1.4882500171661377 0.22615975141525269
1.5077500343322754 0.44069617986679077
1.527250051498413 0.8590281009674072
1.5467500686645508 0.6281290054321289
1.5662500858306885 0.0
1.5857499837875366 0.5976137518882751
1.6052500009536743 0.7775745391845703
1.624750018119812 0.759024977684021
1.6442500352859497 0.3705637753009796
1.6637500524520874 0.3619292676448822
1.683250069618225 1.4143612384796143
1.7027499675750732 0.5183136463165283
1.722249984741211 1.013274073600769
1.7417500019073486 0.6604770421981812
1.7612500190734863 0.9689028859138489
1.780750036239624 0.6318624019622803
1.8002500534057617 2.16387939453125
1.8197500705718994 0.9076067209243774
1.839250087738037 0.2961563766002655
1.8587499856948853 0.43495941162109375
1.878250002861023 0.9939439296722412
1.8977500200271606 0.8345327973365784
1.9172500371932983 0.9539167881011963
1.936750054359436 1.0683485269546509
1.9562500715255737 0.6544716358184814
1.9757499694824219 0.6416228413581848
1.9952499866485596 1.0066158771514893
2.0147500038146973 0.987239420413971
2.034250020980835 1.3315242528915405
2.0537500381469727 0.8313419818878174
2.0732500553131104 1.2819039821624756
2.092750072479248 0.8006414771080017
2.1122498512268066 0.44909757375717163
2.1317501068115234 0.6613774299621582
2.151249885559082 1.1906439065933228
2.170750141143799 0.8504350185394287
2.1902499198913574 0.8353608250617981
2.209750175476074 0.6155123114585876
2.229249954223633 0.9071831703186035
2.2487502098083496 0.6934040188789368
2.268249988555908 0.5841751098632812
2.287750244140625 0.4785456657409668
2.3072500228881836 0.94098299741745
2.3267500400543213 0.9252880215644836
2.346250057220459 0.7279678583145142
2.3657498359680176 0.8055219054222107
2.3852500915527344 1.2326264381408691
2.404749870300293 1.039473533630371
2.4242501258850098 1.108051061630249
2.4437499046325684 1.761476993560791
2.463250160217285 1.155800700187683
2.4827499389648438 0.7313895225524902
2.5022501945495605 1.5200685262680054
2.521749973297119 1.1815742254257202
2.541250228881836 0.6980995535850525
2.5607500076293945 0.8402936458587646
2.5802502632141113 0.9781196713447571
2.59975004196167 1.4823248386383057
2.6192498207092285 0.9492107629776001
2.6387500762939453 1.2229903936386108
2.658249855041504 0.9924465417861938
2.6777501106262207 1.0479117631912231
2.6972498893737793 0.895104706287384
2.716750144958496 0.6786903142929077
2.7362499237060547 0.7359576225280762
2.7557501792907715 0.9234669804573059
2.77524995803833 0.845493495464325
2.794750213623047 1.0261380672454834
2.8142499923706055 0.8854736089706421
2.8337502479553223 1.1228514909744263
2.853250026702881 0.9229608774185181
2.8727502822875977 0.728380560874939
2.8922500610351562 1.0180130004882812
2.911749839782715 1.004416584968567
2.9312500953674316 0.9327961802482605
2.9507498741149902 0.7479126453399658
2.970250129699707 1.0788025856018066
2.9897499084472656 0.8966454267501831
3.0092501640319824 0.7191157341003418
3.028749942779541 0.546066403388977
3.048250198364258 0.7008367776870728
3.0677499771118164 0.9048550128936768
3.087250232696533 0.788353443145752
3.106750011444092 0.72658771276474
3.1262502670288086 0.46128153800964355
3.145750045776367 0.7593087553977966
3.165250062942505 0.9499816298484802
3.1847500801086426 1.0865315198898315
3.204249858856201 0.8782020807266235
3.223750114440918 1.2050005197525024
3.2432498931884766 0.6190954446792603
3.2627501487731934 1.2234314680099487
3.282249927520752 0.8834502696990967
3.3017501831054688 1.148743987083435
3.3212499618530273 0.7265908122062683
3.340750217437744 0.8078963160514832
3.3602499961853027 0.6654590368270874
3.3797502517700195 0.7016539573669434
3.399250030517578 1.127151370048523
3.418750286102295 0.9428831338882446
3.4382500648498535 0.8898671269416809
3.457749843597412 0.9636344909667969
3.477250099182129 0.9528613090515137
3.4967498779296875 0.9832289218902588
3.5162501335144043 0.7697808146476746
3.535749912261963 0.961658239364624
3.5552501678466797 1.0303969383239746
3.5747499465942383 1.0191922187805176
3.594250202178955 0.9306114912033081
3.6137499809265137 1.035667061805725
3.6332502365112305 0.8348434567451477
3.652750015258789 0.9385829567909241
3.672250270843506 1.1143723726272583
3.6917500495910645 0.9556097388267517
3.711250066757202 1.0547200441360474
3.73075008392334 0.899746298789978
3.7502498626708984 0.9260310530662537
3.7697501182556152 0.5992334485054016
3.789249897003174 1.2210534811019897
3.8087501525878906 1.2776449918746948
3.828249931335449 1.0937607288360596
3.847750186920166 0.8120251297950745
3.8672499656677246 0.803860604763031
3.8867502212524414 0.762651801109314
3.90625 0.8207185864448547
3.925750255584717 0.6175652146339417
3.9452500343322754 0.6758378148078918
3.964750289916992 0.5098721981048584
3.984250068664551 1.2306935787200928
4.003749847412109 1.1874547004699707
4.023250102996826 1.1450504064559937
4.042749881744385 0.643644392490387
4.062250137329102 0.7892348766326904
4.08174991607666 1.1124513149261475
4.101250171661377 0.8338719010353088
4.1207499504089355 1.062009334564209
4.140250205993652 1.0520143508911133
4.159749984741211 0.9553122520446777
4.179250240325928 0.7743645906448364
4.198750019073486 0.9092583656311035
4.218250274658203 1.2668176889419556
4.237750053405762 1.143625259399414
4.2572503089904785 1.0226354598999023
4.276750087738037 0.9037818312644958
4.296250343322754 0.7870270013809204
4.3157501220703125 1.1295764446258545
4.335249900817871 0.5863577723503113
4.354750156402588 0.9773510694503784
4.374250411987305 0.7068438529968262
4.393750190734863 0.882240355014801
4.413249969482422 1.1573814153671265
4.4327497482299805 1.1981738805770874
4.452250003814697 1.2635412216186523
4.471750259399414 0.9018109440803528
4.491250038146973 0.8691816329956055
4.510749816894531 0.7139519453048706
4.530250072479248 0.9031013250350952
4.549750328063965 0.895357608795166
4.569250106811523 0.8157661557197571
4.588749885559082 0.9753589034080505
4.608250141143799 1.391738772392273
4.627750396728516 0.7484750151634216
4.647250175476074 0.8118124604225159
4.666749954223633 0.9890201091766357
4.68625020980835 1.0036426782608032
4.705749988555908 1.1989437341690063
4.725250244140625 0.8076461553573608
4.744750022888184 1.0458078384399414
4.764249801635742 0.8606829047203064
4.783750057220459 0.9850362539291382
4.803250312805176 0.8250563740730286
4.822750091552734 0.9260938167572021
4.842249870300293 0.8118170499801636
4.86175012588501 0.8901076912879944
4.881250381469727 1.1142427921295166
4.900750160217285 1.022004246711731
4.920249938964844 0.9311175346374512
4.9397501945495605 0.8416906595230103
4.959249973297119 0.7739811539649963
4.978750228881836 1.0104074478149414
4.9982500076293945 1.0226205587387085
5.017749786376953 1.0544553995132446
5.03725004196167 1.0858097076416016
5.056750297546387 0.8815299272537231
5.076250076293945 0.855353057384491
5.095749855041504 0.96454256772995
5.115250110626221 0.9763700366020203
5.1347503662109375 0.911945641040802
5.154250144958496 0.8485190868377686
5.173749923706055 1.2163829803466797
5.1932501792907715 0.9658408164978027
5.212750434875488 0.8479923605918884
5.232250213623047 0.9697830677032471
5.2517499923706055 0.9807735085487366
5.271249771118164 1.2619328498840332
5.290750026702881 1.1453168392181396
5.310250282287598 1.154647946357727
5.329750061035156 1.0404430627822876
5.349249839782715 1.0153404474258423
5.368750095367432 0.9210942983627319
5.388250350952148 0.8799259662628174
5.407750129699707 1.1476811170578003
5.427249908447266 0.9863623976707458
5.446750164031982 0.894904375076294
5.466250419616699 0.9723362922668457
5.485750198364258 1.0154056549072266
5.505249977111816 0.9751406311988831
5.524750232696533 1.0011141300201416
5.544250011444092 1.0592658519744873
5.563750267028809 1.3916534185409546
5.583250045776367 0.851690411567688
5.602749824523926 0.8297885060310364
5.622250080108643 0.9983936548233032
5.641750335693359 1.0229390859603882
5.661250114440918 1.0315757989883423
5.680749893188477 1.1486505270004272
5.700250148773193 1.1100069284439087
5.71975040435791 1.0870938301086426
5.739250183105469 1.0645517110824585
5.758749961853027 0.9818103909492493
5.778250217437744 0.9602107405662537
5.797749996185303 1.0580754280090332
5.8172502517700195 0.8585472702980042
5.836750030517578 1.1028040647506714
5.856249809265137 0.8471401929855347
5.8757500648498535 1.0011500120162964
5.89525032043457 1.0521764755249023
5.914750099182129 0.9593530297279358
5.9342498779296875 0.881920576095581
5.953750133514404 1.0033642053604126
5.973250389099121 1.0248708724975586
5.99275016784668 0.9624446034431458
6.012249946594238 0.8453190326690674
6.031750202178955 0.7985885143280029
6.051250457763672 0.9575801491737366
6.0707502365112305 1.2097221612930298
6.090250015258789 0.8778510689735413
6.109749794006348 0.9661719799041748
6.1292500495910645 0.8533814549446106
6.148750305175781 1.0069514513015747
6.16825008392334 0.8031301498413086
6.187749862670898 0.9812125563621521
6.207250118255615 0.8320695161819458
6.226750373840332 0.8526860475540161
6.246250152587891 0.9501106142997742
6.265749931335449 1.0972795486450195
6.285250186920166 0.887632429599762
6.304750442504883 1.020748496055603
6.324250221252441 0.901763916015625
6.34375 0.9086706638336182
6.363249778747559 0.8907269835472107
6.382750034332275 0.762349545955658
6.402250289916992 0.8554701805114746
6.421750068664551 0.8624335527420044
6.441249847412109 1.1469814777374268
6.460750102996826 1.0320653915405273
6.480250358581543 1.0497171878814697
6.499750137329102 0.9604305028915405
6.51924991607666 1.2257590293884277
6.538750171661377 0.9724491238594055
6.558250427246094 1.024890422821045
6.577750205993652 0.8914916515350342
6.597249984741211 1.0588394403457642
6.616750240325928 1.0068655014038086
6.636250019073486 1.02371084690094
6.655750274658203 1.0742213726043701
6.675250053405762 1.1017221212387085
6.69474983215332 0.9276392459869385
6.714250087738037 1.0445009469985962
6.733750343322754 0.939018964767456
6.7532501220703125 0.8896915316581726
6.772749900817871 0.9609942436218262
6.792250156402588 0.9989387392997742
6.811750411987305 1.057973861694336
6.831250190734863 1.019774079322815
6.850749969482422 0.8645336627960205
6.870250225067139 1.1249629259109497
6.8897504806518555 0.991951584815979
6.909250259399414 1.00736665725708
6.928750038146973 0.9391005635261536
6.948249816894531 1.0998252630233765
6.967750072479248 1.1246575117111206
6.987250328063965 0.9644577503204346
7.006750106811523 1.0203278064727783
7.026249885559082 1.0045207738876343
7.045750141143799 0.8476274609565735
7.065250396728516 0.923211932182312
7.084750175476074 1.0079748630523682
7.104249954223633 0.9825820922851562
7.12375020980835 1.1154112815856934
7.143250465393066 0.9228081703186035
7.162750244140625 0.9666066765785217
7.182250022888184 0.9225427508354187
7.201749801635742 1.052726149559021
7.221250057220459 0.9414125680923462
7.240750312805176 1.0318800210952759
7.260250091552734 0.9218099117279053
7.279749870300293 0.8885166645050049
7.29925012588501 0.996617317199707
7.318750381469727 0.9912886619567871
7.338250160217285 1.144195795059204
7.357749938964844 1.0270745754241943
7.3772501945495605 0.892810583114624
7.396750450134277 1.1078293323516846
7.416250228881836 1.1749017238616943
7.4357500076293945 1.105297565460205
7.455250263214111 0.9733723402023315
7.47475004196167 1.0758800506591797
7.494250297546387 0.9275621175765991
7.513750076293945 1.1712309122085571
7.533249855041504 1.1121866703033447
7.552750110626221 1.1240233182907104
7.5722503662109375 0.8910855650901794
7.591750144958496 1.1212079524993896
7.611249923706055 1.0635523796081543
7.6307501792907715 0.9463127851486206
7.650250434875488 1.1725701093673706
7.669750213623047 1.0644645690917969
7.6892499923706055 0.8895903825759888
7.708750247955322 1.10427725315094
7.728250026702881 1.0819473266601562
7.747750282287598 0.9846912026405334
7.767250061035156 0.8801397681236267
7.786749839782715 1.131813883781433
7.806250095367432 0.8795897960662842
7.825750350952148 0.973335862159729
7.845250129699707 1.0092204809188843
7.864749908447266 0.9880020618438721
7.884250164031982 1.0395617485046387
7.903750419616699 0.9061068892478943
7.923250198364258 1.1091363430023193
7.942749977111816 1.2227915525436401
7.962250232696533 0.8770548701286316
7.98175048828125 1.077190637588501
8.001250267028809 1.0641694068908691
8.020750045776367 0.9421454071998596
8.040250778198242 1.0538471937179565
8.059749603271484 0.987061083316803
8.07925033569336 1.0513304471969604
8.098750114440918 0.8630587458610535
8.118249893188477 0.9424557685852051
8.137750625610352 0.9606492519378662
8.157249450683594 1.0765538215637207
8.176750183105469 1.251152515411377
8.196250915527344 1.1557844877243042
8.215749740600586 1.0909466743469238
8.235250473022461 0.974938690662384
8.254751205444336 1.1835764646530151
8.274250030517578 1.0097169876098633
8.293750762939453 1.1579169034957886
8.313249588012695 1.0147625207901
8.33275032043457 1.0172348022460938
8.352250099182129 1.08424711227417
8.371749877929688 0.964886486530304
8.391250610351562 0.9888681173324585
8.410749435424805 0.9701403975486755
8.43025016784668 0.8739712834358215
8.449750900268555 1.0594192743301392
8.469249725341797 1.0894843339920044
8.488750457763672 1.028839349746704
8.50825023651123 1.0033358335494995
8.527750015258789 0.9643599987030029
8.547250747680664 0.9668234586715698
8.566749572753906 1.0102050304412842
8.586250305175781 1.0056158304214478
8.60575008392334 1.0280805826187134
8.625249862670898 0.9965335130691528
8.644750595092773 0.9920674562454224
8.664249420166016 1.0209505558013916
8.68375015258789 0.9631901979446411
8.703250885009766 0.9589181542396545
8.722749710083008 1.0073145627975464
8.742250442504883 1.264992594718933
8.761750221252441 1.0570452213287354
8.78125 0.948469340801239
8.800750732421875 0.8925132751464844
8.820249557495117 1.0495630502700806
8.839750289916992 1.0128716230392456
8.85925006866455 1.0083613395690918
8.87874984741211 0.978579580783844
8.898250579833984 0.904705822467804
8.917749404907227 1.0771387815475464
8.937250137329102 1.0096443891525269
8.956750869750977 0.9678587317466736
8.976249694824219 1.1688114404678345
8.995750427246094 1.002817153930664
9.015250205993652 1.041569471359253
9.034749984741211 1.092368245124817
9.054250717163086 1.0998761653900146
9.073749542236328 0.9673959016799927
9.093250274658203 0.9510812759399414
9.112751007080078 0.9892922639846802
9.13224983215332 0.9670643210411072
9.151750564575195 1.0944993495941162
9.171249389648438 1.1315587759017944
9.190750122070312 0.9903180003166199
9.210250854492188 1.080647349357605
9.22974967956543 1.0996155738830566
9.249250411987305 1.1593856811523438
9.268750190734863 1.0611813068389893
9.288249969482422 1.0567792654037476
9.307750701904297 0.9482716917991638
9.327249526977539 0.9500721096992493
9.346750259399414 0.991925060749054
9.366250991821289 1.113478183746338
9.385749816894531 0.961025595664978
9.405250549316406 0.9060477614402771
9.424749374389648 1.0263923406600952
9.444250106811523 1.0389541387557983
9.463750839233398 0.9676013588905334
9.48324966430664 0.9747788906097412
9.502750396728516 1.0872617959976196
9.522250175476074 1.0109541416168213
9.541749954223633 1.0673989057540894
9.561250686645508 0.9863235354423523
9.58074951171875 1.009596347808838
9.600250244140625 1.048950433731079
9.6197509765625 0.9960218071937561
9.639249801635742 0.8679959774017334
9.658750534057617 0.9504144191741943
9.67824935913086 0.9947134852409363
9.697750091552734 1.022620677947998
9.71725082397461 0.9071788191795349
9.736749649047852 1.0303466320037842
9.756250381469727 1.1262401342391968
9.775750160217285 0.8962946534156799
9.795249938964844 1.0650662183761597
9.814750671386719 0.8008246421813965
9.834249496459961 1.0359255075454712
9.853750228881836 0.933765172958374
9.873250961303711 0.9814944863319397
9.892749786376953 1.02371084690094
9.912250518798828 0.9533987641334534
9.931750297546387 0.98516446352005
9.951250076293945 1.016764760017395
9.97075080871582 1.022872805595398
9.990249633789062 0.9787210822105408
