frame thiol_conversion ene_conversion
0 0.00457608367695872 0.002733131064918126
1 0.008699587649602769 0.010355808530377875
2 0.012219652016493998 0.013866252099997478
3 0.016594589158201778 0.018229231965096182
4 0.020516946595594887 0.021940272310122633
5 0.024942170371115346 0.0261528045936662
6 0.028462234738006686 0.030214889295654523
7 0.032485165443025266 0.03412652641608782
8 0.035904656542291025 0.037336074822597265
9 0.039776727345871454 0.04149845791228901
10 0.043347078346575474 0.0453599458388706
11 0.04661570954440308 0.04836889746997319
12 0.04978376747460522 0.05162859507033424
13 0.05305239867243283 0.054386800732178275
14 0.05622045660263497 0.05769664752639103
15 0.06029367394146634 0.06155813545297262
16 0.06371316504073221 0.06526917579799907
17 0.06718294277381076 0.06842857501065669
18 0.07025042743638743 0.07158797422331431
19 0.0743236447752188 0.07565005892530274
20 0.07839686211405006 0.07961184523958775
21 0.08176606657950314 0.08307213961535564
22 0.08543699084783263 0.08698377673578894
23 0.0885044755104093 0.08999272836689154
24 0.0911696671024842 0.09280108322258718
25 0.09433772503268634 0.09581003485368977
26 0.09750578296288848 0.09891928487249568
27 0.100422407724027 0.1016273413404879
28 0.10318817258372726 0.10493718813470077
29 0.10680881021824395 0.10769539379654469
30 0.10942371517650606 0.11090494220305414
31 0.11279291964195914 0.11416463980341518
32 0.11616212410741222 0.11702314385296253
33 0.11877702906567433 0.12018254306562026
34 0.1211907874886855 0.12248940598279878
35 0.12400683898219855 0.1255485068077531
36 0.12707432364477522 0.12840701085730044
37 0.13004123503972642 0.13131566410069961
38 0.1337121593080559 0.13457536170106066
39 0.13682993060444537 0.13843684962764224
40 0.13984712863320925 0.14149595045259644
41 0.14346776626772606 0.14455505127755075
42 0.14613295785980085 0.14751385371480152
43 0.14909986925475205 0.15022191018279385
44 0.15181534748063963 0.15318071262004462
45 0.1545811123403399 0.1556380231187784
46 0.15759831036910388 0.1586971239437326
47 0.1601629286935533 0.1613048820240215
48 0.16408528613094642 0.16491562398134452
49 0.1664487579201448 0.16757353125548502
50 0.16896308961078144 0.17033173691732906
51 0.1713768480337926 0.1726887490283594
52 0.17419289952730566 0.17559740227175846
53 0.17690837775319324 0.17815501115819565
54 0.17982500251433164 0.18111381359544643
55 0.1832947802474102 0.1844738095835109
56 0.1872674243186161 0.18818484992853735
57 0.1905360555164437 0.1914445475288985
58 0.19375440008045863 0.19460394674155612
59 0.19697274464447345 0.19811439031117573
60 0.20064366891280294 0.2014743862992402
61 0.20300714070200143 0.2040821443795291
62 0.2054208991250126 0.2067400516536697
63 0.20863924368902742 0.20959855570321706
64 0.2114050085487278 0.21205586620195083
65 0.21487478628180634 0.2154158621900153
66 0.21688625163431563 0.2180236202703042
67 0.22055717590264512 0.22138361625836867
68 0.22307150759328176 0.22394122514480574
69 0.22608870562204564 0.22730122113287032
70 0.2282007442421804 0.22925703969308697
71 0.23071507593281704 0.2316140518041172
72 0.2337825605953937 0.23442240665981295
73 0.23634717891984314 0.23698001554625014
74 0.23886151061047978 0.23953762443268722
75 0.2407724026953636 0.24179433815601414
76 0.2430353012169365 0.24385045510393422
77 0.2460524992457005 0.246809257541185
78 0.2486674042039626 0.24951731400917732
79 0.2516343155989138 0.25277701160953836
80 0.2538972141204868 0.25528447130212384
81 0.2566629789801871 0.2577417818008576
82 0.2596298903751383 0.26060028585040496
83 0.2621945086995876 0.2630575963491387
84 0.2648094136578497 0.26576565281713094
85 0.26732374534848635 0.26837341089741984
86 0.2695866438700594 0.27068027381459847
87 0.2714472493211304 0.2725357939871117
88 0.2738107211103289 0.2747925077104385
89 0.27662677260384194 0.276948923046062
90 0.27924167756210394 0.2795566811263509
91 0.28120285628080055 0.28186354404352953
92 0.28321432163330984 0.2839698101853013
93 0.28618123302826104 0.2866277174594418
94 0.28844413154983406 0.28898472957047217
95 0.29110932314190885 0.29149218926305764
96 0.29377451473398375 0.29425039492490157
97 0.2958865533541185 0.29630651187282164
98 0.2985517449461933 0.2992151651162207
99 0.30101579000301715 0.30167247561495447
100 0.30368098159509205 0.3043303828890951
101 0.3060444533842904 0.30683784258168045
102 0.3088102182439908 0.3095458990496728
103 0.3113748365684401 0.31160201599759285
104 0.31393945489288944 0.3143602216594368
105 0.3163532133159006 0.3167172337704671
106 0.31921955144322645 0.31907424588149746
107 0.32123101679573574 0.3214814071863795
108 0.3239464950216232 0.3240390160728166
109 0.3259076737403198 0.3261954314084401
110 0.3278688524590164 0.32780020561169476
111 0.33008146434677665 0.3304581128858354
112 0.3321432163330986 0.3326646774153106
113 0.3346072613899226 0.3349213911386374
114 0.3369204465453083 0.33732855244351945
115 0.3395353515035704 0.33988616132995664
116 0.34169767675751783 0.341892129084025
117 0.344111435180529 0.3444998871643138
118 0.3455194609272856 0.3462049597552719
119 0.3473800663783566 0.34785988315237837
120 0.34964296489992963 0.3501667460695569
121 0.3521070099567535 0.35222286301747696
122 0.3547219149150156 0.35473032271006244
123 0.35643166046464847 0.3571374840149445
124 0.3582922659157196 0.35874225821819916
125 0.3596500050286634 0.3602467340337504
126 0.36151061047973454 0.3620019558185602
127 0.3642763753394348 0.36440911712344226
128 0.36578497435381674 0.3662144881021038
129 0.36734386000201147 0.36791956069306186
130 0.36975761842502264 0.3698753792532785
131 0.371567937242281 0.37173089942579174
132 0.373830835763854 0.37438880669993235
133 0.37569144121492504 0.3762443268724456
134 0.3772000402293071 0.3777488026879968
135 0.37966408528613094 0.3798550688297686
136 0.38157497737101476 0.38176073819613354
137 0.38328472292064775 0.3836664075624985
138 0.3850447551040933 0.3855720769288634
139 0.3870059338227899 0.3872270003259698
140 0.3886151061047973 0.38928311727388987
141 0.3903248516544302 0.390637145507886
142 0.3923363170069396 0.39234221809884406
143 0.39419692245801063 0.39449863343446756
144 0.39580609474001816 0.39620370602542565
145 0.397716986824902 0.3981093753917906
146 0.40008045861410035 0.40051653669667264
147 0.4022930705018606 0.40272310122614774
148 0.40485768882631 0.40533085930643664
149 0.40671829427738104 0.407336827060505
150 0.4082771799255758 0.40879115368220453
151 0.41028864527808506 0.41064667385471776
152 0.4121995373629689 0.4126526416087861
153 0.41370813637735093 0.4143075650058925
154 0.41587046163129837 0.416112935984554
155 0.4173790606456804 0.4178180085755121
156 0.41918937946293877 0.4195732303603219
157 0.4207985517449462 0.42107770617587326
158 0.4223574373931409 0.4225320327975728
159 0.42421804284421205 0.4244377021639377
160 0.425726641858594 0.4260926255610441
161 0.42758724730966513 0.4273965046011885
162 0.42914613295785975 0.4291015771921466
163 0.43150960474705824 0.4312579925277701
164 0.4333199235643166 0.4331135127002833
165 0.43472794931107317 0.43501918206664825
166 0.4362868349592678 0.4364233594944962
167 0.4382983003117771 0.4383791780547128
168 0.4399577592275973 0.4400341014518192
169 0.4419189379462939 0.44204006920588756
170 0.44372925676355224 0.4435946942152905
171 0.4457407221160615 0.445751109550914
172 0.4477521874685708 0.44810812166194425
173 0.44936135975057834 0.44981319425290234
174 0.45122196520164937 0.4514179684561571
175 0.4533842904555969 0.4535743837917805
176 0.4546917429347279 0.454878262831925
177 0.45685406818867547 0.4566836338105865
178 0.4581112340339938 0.45813796043228605
179 0.4596198330483757 0.4595922870539856
180 0.4614301518656341 0.46169855319575737
181 0.4633913305843307 0.4632030290113086
182 0.46515136276777636 0.464857952408415
183 0.4667102484159711 0.4662119806424112
184 0.46816856079654023 0.46806750081492443
185 0.4699788796137987 0.46947167824277225
186 0.47143719199436784 0.4710263032521752
187 0.47279493110731163 0.4722800330984679
188 0.4742029568540682 0.47373435972016753
189 0.4759127024037011 0.47564002908653247
190 0.4771195816152066 0.4769940573205286
191 0.47842703409433773 0.47829793636067297
192 0.4798350598410942 0.4798024121762242
193 0.48164537865835266 0.4818083799302926
194 0.48390827717992557 0.48336300493969564
195 0.48591974253243486 0.48561971866302245
196 0.48752891481444227 0.4875253880293874
197 0.48923866036407526 0.4888794162633836
198 0.4904958262093936 0.49053433966049
199 0.4924067182942774 0.4920388154760412
200 0.49356331087197025 0.49339284371003733
201 0.4953233430554159 0.4950979163009954
202 0.4963793623654833 0.4963014969534365
203 0.49783767474605245 0.49735463002432234
204 0.49914512722518356 0.4989092550337253
205 0.5005028663381274 0.500012537298463
206 0.5015588856481947 0.5012161179509039
207 0.5030171980287639 0.5027205937664552
208 0.5043749371417077 0.5039743236127479
209 0.505833249522277 0.5055790978160026
210 0.5070904153675952 0.5071838720192573
211 0.5083475812129137 0.5080364083147364
212 0.5101076133963592 0.5093904365487325
213 0.5111636327064266 0.510844763170432
214 0.5123202252841195 0.5119480454351697
215 0.5134265312279995 0.5133522228630174
216 0.5149351302423816 0.5144053559339034
217 0.5161922960876999 0.5159098317494546
218 0.5179020416373328 0.5172638599834507
219 0.519360354017902 0.5187683357990021
220 0.5206175198632204 0.5205235575838119
221 0.5224278386804787 0.52222863017477
222 0.5241878708639244 0.5236829567964695
223 0.5252941768078045 0.5250369850304657
224 0.5263501961178718 0.5259396705197964
225 0.5284119481041939 0.5277450414984579
226 0.5295685406818867 0.5291492189263058
227 0.5309765664286432 0.5308542915172638
228 0.5322337322739616 0.5319575737820015
229 0.5339434778235945 0.5336124971791079
230 0.5352006436689127 0.5348160778315488
231 0.5365583827818565 0.5361199568716932
232 0.537614402091924 0.5370727915548758
233 0.5387207080358041 0.5381760738196133
234 0.5398773006134969 0.5394298036659061
235 0.5410841798250026 0.5407336827060505
236 0.5423413456703208 0.5421378601338984
237 0.5439002313185155 0.5436423359494496
238 0.544956250628583 0.5448960657957423
239 0.5464648496429649 0.5458489004789249
240 0.5476717288544705 0.5471527795190692
241 0.5492306145026652 0.5486071061407688
242 0.5510409333199235 0.5499109851809132
243 0.5522980991652419 0.5512650134149093
244 0.5532535452076838 0.5524685940673504
245 0.554158704616313 0.5534715779443846
246 0.5548124308558785 0.5543241142398636
247 0.5558181635321331 0.5554273965046013
248 0.5573267625465151 0.5567312755447456
249 0.5583827818565825 0.5579348561971866
250 0.5598913808709645 0.5591384368496277
251 0.5608971135472192 0.5601915699205136
252 0.5617519863220356 0.5610441062159925
253 0.5627577189982902 0.5620972392868784
254 0.5643166046464849 0.5636017151024297
255 0.5653223373227396 0.5643539530102053
256 0.5666297898018706 0.5655575336626464
257 0.5677360957457508 0.5666106667335322
258 0.56864125515438 0.5678142473859733
259 0.5696469878306346 0.5689175296507109
260 0.5711555868450167 0.5703217070785587
261 0.5720607462536458 0.5714249893432963
262 0.5732676254651514 0.5724279732203306
263 0.5746253645780952 0.5740828966174369
264 0.5757819571557881 0.5753366264637296
265 0.57729055617017 0.5766906546977257
266 0.5784974353816755 0.5780446829317218
267 0.5801066076636829 0.579398711165718
268 0.5813134868751886 0.5805521426243073
269 0.5820174997485668 0.5817557232767483
270 0.5829729457910087 0.5827587071537825
271 0.5842803982701398 0.5835610942554099
272 0.5853364175802072 0.5843634813570372
273 0.5861410037212109 0.5856172112033299
274 0.5868953032284019 0.5862691507234021
275 0.5879513225384693 0.587171836212733
276 0.5892084883837876 0.5881246708959154
277 0.5906668007643568 0.5896792959053183
278 0.5918233933420497 0.590933025751611
279 0.5929799859197425 0.5921867555979038
280 0.5939857185959971 0.5933903362503448
281 0.59514231117369 0.5946440660966374
282 0.5960977572161319 0.5954966023921165
283 0.5971537765261994 0.5966500338507059
284 0.5981092225686413 0.5975527193400366
285 0.5990143819772704 0.5983049572478123
286 0.5998189681182742 0.5992577919309947
287 0.6008247007945289 0.6001604774203255
288 0.601729860203158 0.6011133121035079
289 0.6025344463441618 0.6014142072666182
290 0.6036910389218546 0.602467340337504
291 0.6043950517952328 0.6033700258268349
292 0.6054510711053003 0.6045736064792758
293 0.6064065171477422 0.6054261427747549
294 0.6072111032887458 0.6061282314886789
295 0.6081162626973751 0.6070309169780096
296 0.609071708739817 0.6077330056919334
297 0.609624861711757 0.6084350944058574
298 0.6105803077541989 0.6098392718337053
299 0.6116363270642663 0.6108422557107395
300 0.6127426330081465 0.6116446428123667
301 0.6136477924167756 0.6126977758832527
302 0.6144020919239666 0.613349715403325
303 0.6153575379664085 0.6142022516988039
304 0.6162626973750377 0.6151049371881347
305 0.6168661369807905 0.6160076226774654
306 0.6175701498541688 0.6168100097790927
307 0.6184753092627979 0.6176625460745718
308 0.6194810419390526 0.6189162759208646
309 0.6207884944181836 0.6198189614101953
310 0.6214925072915619 0.6208219452872294
311 0.6223473800663784 0.6219753767458188
312 0.6232022528411948 0.6227276146535945
313 0.6241576988836367 0.6233294049798149
314 0.6249119983908278 0.6239311953060355
315 0.6257668711656441 0.6245329856322559
316 0.6266217439404607 0.6254356711215867
317 0.6271748969124007 0.6261377598355107
318 0.6279291964195917 0.6270905945186931
319 0.6284823493915317 0.6279431308141721
320 0.6295886553354119 0.628645219528096
321 0.6302423815749774 0.6293974574358717
322 0.6309463944483557 0.6300995461497956
323 0.6319521271246102 0.6310022316391264
324 0.6331087197023031 0.6318547679346054
325 0.6342653122799959 0.6332087961686016
326 0.6357236246605652 0.634362227627191
327 0.6368299306044454 0.6357162558611871
328 0.6376345167454491 0.6366690905443695
329 0.6382379563512018 0.6374714776459969
330 0.639344262295082 0.6382237155537724
331 0.6403499949713366 0.639176550236955
332 0.6413557276475912 0.6400290865324341
333 0.6424620335914714 0.6410822196033199
334 0.6435683395353515 0.6422858002557609
335 0.6441717791411044 0.6431884857450916
336 0.6448757920144825 0.6438905744590155
337 0.6459318113245499 0.6449938567237532
338 0.6466358241979282 0.6458965422130839
339 0.6474906969727446 0.646398034151601
340 0.6486975761842502 0.6477019131917454
341 0.6497033088605049 0.6484040019056694
342 0.6502564618324449 0.6490559414257415
343 0.6508096148043849 0.6496075825581104
344 0.651563914311576 0.6502093728843309
345 0.6523685004525797 0.6511120583736616
346 0.6531730865935834 0.6520648930568441
347 0.6538770994669617 0.6529675785461748
348 0.6547822588755909 0.6536696672600988
349 0.6554359851151563 0.6543216067801709
350 0.6562908578899729 0.6550738446879467
351 0.6569445841295384 0.6559765301772774
352 0.6574977371014784 0.6566284696973497
353 0.6586040430453586 0.6572804092174218
354 0.6594086291863623 0.6583335422883076
355 0.6601629286935533 0.6592362277776385
356 0.6605652217640552 0.6597878689100073
357 0.6615206678064971 0.6607407035931898
358 0.6622749673136881 0.6613424939194102
359 0.6628281202856281 0.6621950302148893
360 0.6633309866237553 0.6626463729595546
361 0.6641858593985719 0.663448760061182
362 0.6649904455395756 0.6643514455505128
363 0.6655435985115157 0.6648529374890298
364 0.6660967514834557 0.6652039818459918
365 0.6669516242582721 0.6659562197537674
366 0.6674544905963995 0.6668589052430982
367 0.668108216835965 0.6675108447631704
368 0.6690636628784069 0.6680624858955393
369 0.6697676757517852 0.6687645746094631
370 0.6703208287237252 0.6697174092926457
371 0.670924268329478 0.6703693488127178
372 0.6713768480337926 0.6706702439758281
373 0.6717791411042945 0.6710714375266418
374 0.6725334406114855 0.6717735262405657
375 0.6732374534848637 0.6723251673729345
376 0.6739414663582419 0.6733281512499687
377 0.6748969124006838 0.6738797923823374
378 0.6756009252740622 0.6748827762593717
379 0.6765060846826914 0.675685163360999
380 0.6771095242884442 0.6762368044933678
381 0.6776626772603842 0.6768887440134399
382 0.678266116866137 0.677390235951957
383 0.6788695564718898 0.6778415786966224
384 0.6799758624157699 0.67894486096136
385 0.6807804485567737 0.6798475464506908
386 0.6813336015287137 0.680499485970763
387 0.6817861812330283 0.6809006795215766
388 0.6822890475711556 0.6813520222662421
389 0.6829427738107211 0.6819538125924626
390 0.683143920345972 0.6822547077555728
391 0.6839987931207885 0.6830570948572001
392 0.6848033792617922 0.683608735989569
393 0.6854068188675451 0.6842105263157895
394 0.6858593985718596 0.6846618690604549
395 0.6865131248114251 0.6854642561620822
396 0.6871668510509906 0.6859155989067476
397 0.6879211505581817 0.6865173892329681
398 0.6886251634315599 0.6871191795591887
399 0.6891783164034999 0.6878714174669642
400 0.6897817560092527 0.6885735061808882
401 0.6903851956150056 0.6893257440886638
402 0.6910892084883837 0.689977683608736
403 0.6916926480941366 0.6905794739349564
404 0.6924972342351403 0.6913317118427321
405 0.6930503872070803 0.6921340989443594
406 0.6938046867142713 0.6928863368521351
407 0.6945086995876496 0.6936385747599108
408 0.6954138589962788 0.6944409618615381
409 0.696319018404908 0.6951931997693137
410 0.6968218847430353 0.6957448409016824
411 0.6976767575178517 0.696346631227903
412 0.6979784773207282 0.696697675584865
413 0.6986322035602937 0.6972994659110855
414 0.6996379362365484 0.6982021514004162
415 0.7003922357437393 0.6988540909204884
416 0.7008448154480539 0.6995561796344123
417 0.7014985416876194 0.7002582683483363
418 0.702152267927185 0.7010105062561119
419 0.7028562808005632 0.7017627441638876
420 0.7033591471386905 0.7025651312655149
421 0.7038620134768179 0.7029161756224769
422 0.7044151664487579 0.7036684135302524
423 0.7048677461530726 0.7040194578872145
424 0.7053203258573871 0.704270203856473
425 0.7060243387307654 0.7049221433765452
426 0.7067283516041436 0.7056743812843209
427 0.7071809313084583 0.7060755748351345
428 0.7076335110127728 0.7065770667736516
429 0.7079352308156492 0.7068779619367619
430 0.7081866639847129 0.7071287079060204
431 0.7084883837875893 0.7075299014568341
432 0.7088906768580912 0.7078307966199444
433 0.7091923966609675 0.7080815425892029
434 0.7096952629990949 0.7086331837215717
435 0.7101478427034094 0.7089842280785337
436 0.7106507090415368 0.7092851232416439
437 0.7111032887458513 0.7096361675986058
438 0.7117067283516041 0.7104385547002332
439 0.7121593080559188 0.7110403450264537
440 0.7127124610278588 0.7114415385772674
441 0.7131650407321735 0.7120433289034879
442 0.7136176204364879 0.7123943732604499
443 0.7139696268731771 0.7126952684235601
444 0.7142713466760535 0.7131466111682254
445 0.7146736397465554 0.7136481031067425
446 0.7151765060846826 0.7140492966575562
447 0.7156290857889973 0.7143000426268148
448 0.7161319521271245 0.7148015345653318
449 0.7165845318314392 0.7152027281161455
450 0.7170371115357538 0.7155537724731075
451 0.7174896912400683 0.7159549660239212
452 0.7177411244091321 0.7165567563501416
453 0.7183948506486976 0.7170080990948071
454 0.7189982902544504 0.7175597402271758
455 0.7197525897616414 0.7181113813595447
456 0.7199537362968923 0.7186630224919135
457 0.7201548828321432 0.7190140668488754
458 0.7204063160012069 0.7192648128181339
459 0.7208086090717087 0.7196158571750959
460 0.7213114754098361 0.7202176475013164
461 0.7215629085788997 0.7206188410521301
462 0.7220657749170271 0.7211704821844989
463 0.7227697877904053 0.7217722725107194
464 0.7231217942270944 0.7220731676738297
465 0.7237252338328473 0.7226749580000502
466 0.7242783868047873 0.7228755547754571
467 0.7244795333400382 0.7235274942955292
468 0.725082972945791 0.7238785386524912
469 0.7255858392839183 0.7244803289787116
470 0.726038418988233 0.7248815225295253
471 0.7268430051292367 0.7254331636618941
472 0.7274967313688021 0.7259346556004111
473 0.7279995977069296 0.7265865951204835
474 0.7285024640450568 0.7269376394774454
475 0.7288544704817459 0.7275394298036659
476 0.7292567635522478 0.7280910709360346
477 0.7296087699889369 0.7284421152929967
478 0.7300613496932515 0.7288433088438103
479 0.7304636427637534 0.7291943532007723
480 0.7311173690033189 0.729745994333141
481 0.7317208086090716 0.7302474862716581
482 0.7322739615810118 0.7308492765978787
483 0.7328774011867645 0.7314510669240992
484 0.7333299808910791 0.7323036032195782
485 0.7339837071306446 0.7331059903212056
486 0.7343860002011465 0.7334570346781675
487 0.7348888665392739 0.7338582282289812
488 0.7353414462435884 0.7343095709736466
489 0.7362466056522177 0.7350116596875705
490 0.7363974655536558 0.735463002432236
491 0.7369003318917832 0.7358641959830496
492 0.7374031982299105 0.7363155387277149
493 0.7377552046665996 0.7366164338908252
494 0.7380066378356633 0.7370677766354905
495 0.7385095041737906 0.7374188209924526
496 0.7391129437795434 0.7381209097063764
497 0.7396660967514834 0.7384218048694867
498 0.7399175299205472 0.7388731476141521
499 0.740319822991049 0.7391238935834106
500 0.7407724026953636 0.7395752363280761
501 0.7411244091320527 0.7400265790727414
502 0.7416775621039928 0.740277325042
503 0.7418787086392438 0.7405280710112585
504 0.7422307150759329 0.7407286677866654
505 0.7425324348788092 0.7409292645620722
506 0.7428844413154984 0.7414809056944409
507 0.7433873076536257 0.7419322484391063
508 0.743890173991753 0.7424337403776234
509 0.7444936135975058 0.742834933928437
510 0.7447953334003822 0.7432361274792507
511 0.7450970532032586 0.7436373210300644
512 0.7455496329075731 0.7443895589378401
513 0.7462033591471386 0.7447907524886537
514 0.7465553655838278 0.7451417968456158
515 0.7470079452881424 0.7456934379779845
516 0.7472593784572061 0.7461447807226499
517 0.747661671527708 0.7465459742734635
518 0.7482651111334607 0.747147764599684
519 0.7485668309363371 0.7475991073443494
520 0.7488685507392134 0.7477997041197563
521 0.7492205571759026 0.7481005992828665
522 0.7496731368802172 0.748551942027532
523 0.7500251433169064 0.7489029863844938
524 0.7504274363874082 0.7493543291291592
525 0.7507291561902847 0.7497555226799729
526 0.7510811626269738 0.7501567162307866
527 0.7516846022327266 0.750608058975452
528 0.7520868953032284 0.751109550913969
529 0.7525897616413557 0.7515107444647827
530 0.7528914814442321 0.7518617888217447
531 0.7531429146132957 0.7522629823725584
532 0.7536457809514231 0.7526641759233721
533 0.7539977873881123 0.753015220280334
534 0.7542995071909886 0.7532158170557408
535 0.7545509403600523 0.7537173089942579
536 0.7551543799658051 0.7538176073819614
537 0.7555063864024942 0.7541185025450716
538 0.7560595393744343 0.754720292871292
539 0.7562606859096852 0.7551716356159575
540 0.7567132656139998 0.7554725307790677
541 0.7569646987830635 0.7558737243298814
542 0.7572664185859399 0.7561746194929917
543 0.757618425022629 0.7564253654622501
544 0.7578698581916926 0.7567764098192121
545 0.758171577994569 0.7570271557884707
546 0.7584732977974454 0.7572779017577292
547 0.75892587750176 0.7575787969208395
548 0.7594287438398873 0.7579298412778015
549 0.7595796037413256 0.7582808856347634
550 0.7599316101780147 0.7587322283794288
551 0.7600824700794528 0.7589829743486873
552 0.7603339032485166 0.7592838695117976
553 0.7608870562204566 0.7596349138687596
554 0.7613396359247712 0.7599859582257216
555 0.7614904958262094 0.7602868533888318
556 0.7616413557276476 0.7603871517765352
557 0.7620436487981495 0.7610390912966074
558 0.7626470884039023 0.7614904340412728
559 0.7629488082067786 0.7619417767859382
560 0.7633511012772805 0.7621925227551967
561 0.7639042542492206 0.7626438654998621
562 0.7642562606859097 0.7630952082445275
563 0.7644574072211606 0.7633961034076377
564 0.7648094136578497 0.763847446152303
565 0.7652619933621643 0.7640480429277099
566 0.7654631398974152 0.7642486397031167
567 0.7658654329679171 0.7644993856723753
568 0.7661168661369808 0.764900579223189
569 0.7664688725736699 0.7651513251924476
570 0.7669214522779845 0.7655525187432612
571 0.7671728854470482 0.7658534139063715
572 0.7674746052499246 0.76610415987563
573 0.7678266116866137 0.7663047566510368
574 0.7681283314894901 0.7666558010079988
575 0.7684300512923665 0.7668563977834056
576 0.7688826309966811 0.7674581881096261
577 0.7691843507995575 0.7677590832727363
578 0.7693854973348084 0.7680098292419949
579 0.769636930503872 0.7683608735989569
580 0.7700392235743739 0.7688122163436223
581 0.7704918032786885 0.7693137082821393
582 0.7708940963491904 0.7698152002206564
583 0.7712963894196923 0.7701160953837667
584 0.7717489691240068 0.7705172889345804
585 0.7722015488283214 0.7707680349038389
586 0.7722518354621342 0.7710689300669492
587 0.772654128532636 0.7711692284546525
588 0.7729558483355125 0.7714701236177628
589 0.7733078547722015 0.7716707203931696
590 0.7735090013074525 0.7719716155562799
591 0.773961581011767 0.7722725107193902
592 0.7744141607160817 0.7726737042702039
593 0.7746153072513327 0.7729745994333141
594 0.7750176003218344 0.7734760913718313
595 0.7751181735894599 0.7737769865349414
596 0.7753696067585236 0.7739775833103483
597 0.7759730463642764 0.7743286276673103
598 0.7763250528009655 0.7745793736365688
599 0.7765764859700292 0.7749805671873824
600 0.776978779040531 0.7754319099320478
601 0.7775319320124711 0.7760838494521201
602 0.7776325052800965 0.7763345954213786
603 0.7780347983505984 0.7765351921967855
604 0.7783365181534748 0.776936385747599
605 0.7785376646887258 0.777287430104561
606 0.7786382379563512 0.7773877284922645
607 0.7791411042944785 0.777638474461523
608 0.779442824097355 0.777989518818485
609 0.7798451171678568 0.7781901155938918
610 0.7803479835059841 0.7785411599508538
611 0.7806497033088605 0.7788420551139641
612 0.7811022830131751 0.7792933978586294
613 0.7812028562808006 0.7797948897971465
614 0.7816554359851151 0.7801459341541085
615 0.7819068691541788 0.7804969785110705
616 0.7823091622246807 0.7807978736741807
617 0.7827617419289953 0.7811489180311426
618 0.7829628884642462 0.7813996640004012
619 0.7830634617318717 0.7817005591635114
620 0.7832646082671226 0.78195130513277
621 0.7835160414361863 0.7822020511020286
622 0.7837674746052499 0.7825029462651387
623 0.7842200543095645 0.7829542890098041
624 0.7847229206476918 0.7834557809483212
625 0.7851755003520065 0.7838068253052832
626 0.785628080056321 0.7842080188560969
627 0.7857789399577593 0.7845089140192072
628 0.7862818062958865 0.784709510794614
629 0.7867343860002012 0.7851107043454276
630 0.7869858191692648 0.7853614503146862
631 0.7872372523383284 0.7856623454777965
632 0.7875389721412048 0.7861638374163136
633 0.7879915518455195 0.7865148817732754
634 0.7883938449160213 0.786765627742534
635 0.7887458513527105 0.7872671196810511
636 0.7890475711555869 0.7875680148441614
637 0.7896510107613397 0.7880695067826785
638 0.789952730564216 0.7885709987211955
639 0.7902041637332797 0.7888217446904541
640 0.7904053102685307 0.7889721922720092
641 0.7910087498742834 0.7894235350166746
642 0.7913607563109726 0.7897745793736366
643 0.7916624761138489 0.790025325342895
644 0.7920647691843508 0.7903763696998571
645 0.7922659157196017 0.7906271156691156
646 0.7925173488886654 0.7908778616383741
647 0.79296992859298 0.7911286076076327
648 0.7932213617620436 0.7916802487400015
649 0.7936236548325455 0.7922318898723704
650 0.7939253746354219 0.7924826358416288
651 0.7942773810721111 0.7927835310047391
652 0.7945791008749874 0.7929841277801459
653 0.7947802474102383 0.7933853213309596
654 0.7950316805793021 0.793485619718663
655 0.795433973649804 0.7937865148817733
656 0.7956854068188676 0.7939871116571802
657 0.795987126621744 0.7940874100448836
658 0.7962385597908076 0.7943883052079938
659 0.7964899929598712 0.7945889019834006
660 0.7968419993965604 0.7948897971465109
661 0.797093432565624 0.7952909906973246
662 0.797294579100875 0.7955918858604348
663 0.7975460122699387 0.7956921842481381
664 0.7977974454390023 0.795892781023545
665 0.7979985919742533 0.7961936761866553
666 0.7983505984109424 0.7966450189313207
667 0.798602031580006 0.7968957649005792
668 0.7989037513828825 0.7971465108698378
669 0.7992054711857588 0.7973471076452446
670 0.7994066177210097 0.7976480028083548
671 0.7997083375238861 0.79779845038991
672 0.8002112038620135 0.7981494947468719
673 0.8004626370310771 0.7985005391038339
674 0.8007643568339535 0.7988515834607959
675 0.8009655033692045 0.7991524786239061
676 0.8010157900030173 0.7992527770116096
677 0.8013175098058936 0.7995536721747198
678 0.8017700895102082 0.7997041197562749
679 0.8021723825807101 0.800205611694792
680 0.8023232424821483 0.8002557608886437
681 0.8024741023835864 0.800556656051754
682 0.8026249622850247 0.8008074020210125
683 0.8028261088202756 0.8011584463779745
684 0.8030272553555264 0.8013088939595296
685 0.803127828623152 0.8014593415410847
686 0.8035301216936538 0.8017100875103433
687 0.8037815548627175 0.8018605350918984
688 0.8040329880317811 0.8024121762242672
689 0.8043347078346575 0.802612772999674
690 0.8045358543699085 0.8028635189689326
691 0.8045861410037212 0.802963817356636
692 0.8047370009051594 0.8031142649381912
693 0.8050387207080358 0.8033650109074497
694 0.8052901538770995 0.8036157568767082
695 0.8055415870461631 0.8040670996213736
696 0.8058433068490395 0.8043679947844838
697 0.8060444533842904 0.804518442366039
698 0.8061450266519159 0.8046187407537424
699 0.8064467464547923 0.804869486723001
700 0.8067484662576687 0.8050700834984077
701 0.8068993261591069 0.8052706802738145
702 0.8071507593281706 0.8056718738246282
703 0.8074021924972342 0.8059226197938868
704 0.8078044855677361 0.8062736641508488
705 0.8084582118073016 0.8066748577016625
706 0.8088605048778035 0.8072264988340312
707 0.8091622246806799 0.8073769464155864
708 0.8096650910188072 0.8077781399664
709 0.8099165241878709 0.8081793335172137
710 0.8100673840893091 0.8084300794864723
711 0.8103691038921854 0.8086306762618791
712 0.8105702504274364 0.808981720618841
713 0.8107211103288746 0.8091321682003962
714 0.811022830131751 0.8094330633635064
715 0.8112742633008146 0.8097339585266167
716 0.8115759831036911 0.8098844061081718
717 0.8119279895403801 0.8101853012712821
718 0.8121291360756311 0.8102855996589855
719 0.8122799959770692 0.8105363456282441
720 0.8124308558785075 0.8106867932097992
721 0.8127325756813839 0.8109876883729095
722 0.8130342954842603 0.811388881923723
723 0.8133360152871367 0.8115894786991299
724 0.813637735090013 0.8118903738622402
725 0.8138891682590768 0.8120408214437953
726 0.8139897415267022 0.8122915674130539
727 0.8142411746957658 0.812442014994609
728 0.814392034597204 0.812442014994609
729 0.8145428944986423 0.8126927609638674
730 0.8147943276677059 0.8128933577392743
731 0.8149954742029568 0.8131441037085329
732 0.8153977672734587 0.813294551290088
733 0.8158000603439606 0.81364559564705
734 0.8159509202453987 0.8139464908101602
735 0.8161520667806497 0.8140969383917154
736 0.8164537865835261 0.8142975351671222
737 0.816856079654028 0.8146485795240841
738 0.8172080860907172 0.8146987287179359
739 0.8174595192597808 0.8150497730748978
740 0.8178618123302825 0.8155011158195632
741 0.8179120989640953 0.8158521601765252
742 0.8181132454993463 0.8161530553396354
743 0.8183143920345972 0.8164539505027457
744 0.8184149653022227 0.816754845665856
745 0.8186663984712863 0.8170055916351144
746 0.819118978175601 0.8173064867982247
747 0.8192698380770391 0.8174569343797798
748 0.8195715578799155 0.8176575311551867
749 0.8198229910489792 0.8178581279305935
750 0.8202755707532938 0.8181088738998521
751 0.8206778638237956 0.8183596198691105
752 0.820979583626672 0.8187608134199242
753 0.821180730161923 0.8190115593891828
754 0.8212310167957357 0.8192121561645896
755 0.821532736598612 0.8193626037461448
756 0.8220858895705522 0.8197637972969585
757 0.8222870361058031 0.8199643940723653
758 0.8226390425424922 0.8203154384293272
759 0.8226390425424922 0.8204658860108824
760 0.8228401890777431 0.8206664827862892
761 0.8231419088806196 0.820867079561696
762 0.8232927687820577 0.8211679747248063
763 0.8235944885849341 0.8213184223063614
764 0.8237453484863724 0.8214187206940649
765 0.823996781655436 0.8216694666633234
766 0.8243990747259379 0.8220205110202854
767 0.8246505078950015 0.8222211077956922
768 0.8251533742331288 0.8224217045710991
769 0.8254550940360053 0.822772748928061
770 0.8255053806698179 0.8229733457034678
771 0.8256059539374434 0.8230234948973195
772 0.8260082470079453 0.8232742408665781
773 0.8261591069093834 0.8234748376419849
774 0.8264105400784472 0.8238258819989469
775 0.8265613999798853 0.8242270755497605
776 0.826812833148949 0.8243775231313156
777 0.8273156994870763 0.8246784182944259
778 0.8275168460223272 0.8252300594267947
779 0.827768279191391 0.8252802086206464
780 0.8280699989942674 0.8255811037837567
781 0.8283717187971438 0.8258819989468669
782 0.8286734386000201 0.8259321481407187
783 0.8288242985014583 0.826383490885384
784 0.8290254450367093 0.8265840876607908
785 0.8292265915719602 0.8268348336300494
786 0.8292768782057729 0.8270354304054562
787 0.8295283113748366 0.8273363255685665
788 0.8299808910791512 0.8276873699255285
789 0.8301317509805893 0.8278879667009353
790 0.8303328975158403 0.8281387126701938
791 0.8306849039525295 0.8283894586394523
792 0.8307854772201548 0.8286402046087109
793 0.8309363371215931 0.8286903538025626
794 0.8312380569244695 0.8288408013841178
795 0.831338630192095 0.8290915473533763
796 0.8318414965302223 0.8295428900980417
797 0.8321432163330986 0.8298939344550036
798 0.8322437896007241 0.8300443820365587
799 0.8323946495021624 0.8300945312304104
800 0.8325957960374133 0.8304455755873724
801 0.8326963693050387 0.8305458739750758
802 0.8327969425726642 0.8306461723627793
803 0.8330483757417279 0.8307464707504827
804 0.8333500955446043 0.831047365913593
805 0.8335512420798552 0.8311476643012964
806 0.8337021019812934 0.8312479626889998
807 0.8340038217841698 0.8313984102705549
808 0.8340541084179824 0.8314987086582584
809 0.834154681685608 0.8316491562398134
810 0.8344564014884843 0.8317996038213686
811 0.8345569747561098 0.8321004989844788
812 0.8347581212913607 0.8323512449537374
813 0.8347581212913607 0.8324515433414408
814 0.834908981192799 0.8325016925352925
815 0.8351101277280499 0.8327022893106993
816 0.8353112742633009 0.8328025876984028
817 0.83566328069999 0.8329530352799579
818 0.8358141406014281 0.8333040796369198
819 0.8361158604043045 0.83360497480003
820 0.8364678668409937 0.8338055715754369
821 0.8365684401086191 0.8342067651262506
822 0.8368198732776828 0.834307063513954
823 0.8370210198129338 0.8345578094832126
824 0.8371215930805592 0.8347082570647677
825 0.8372724529819974 0.8348085554524711
826 0.8373730262496228 0.835009152227878
827 0.837523886151061 0.835159599809433
828 0.8377753193201247 0.8354604949725433
829 0.8378758925877502 0.8356109425540984
830 0.8383787589258775 0.8357112409418018
831 0.8386301920949412 0.8360121361049121
832 0.8387810519963794 0.8362628820741707
833 0.8391833450668812 0.8364634788495775
834 0.8393844916021321 0.8367142248188361
835 0.8396359247711958 0.8371655675635015
836 0.839786784672634 0.8374163135327599
837 0.8400382178416976 0.8377172086958702
838 0.8401387911093231 0.8378175070835736
839 0.8401890777431359 0.8381685514405356
840 0.840541084179825 0.8384694466036459
841 0.8406416574474505 0.8386700433790527
842 0.8407422307150759 0.8388204909606078
843 0.8409433772503269 0.8390210877360147
844 0.8412450970532033 0.8392216845114215
845 0.8414462435884542 0.8395727288683834
846 0.8416473901237052 0.839823474837642
847 0.8417479633913306 0.8400742208069005
848 0.8421502564618324 0.8403751159700108
849 0.8424519762647088 0.8405255635515659
850 0.8426028361661471 0.8406258619392694
851 0.8428542693352107 0.8407763095208245
852 0.8429548426028362 0.8408766079085279
853 0.8432062757718999 0.8409769062962313
854 0.843357135673338 0.8410772046839348
855 0.843558282208589 0.8412778014593415
856 0.8438097153776526 0.8415786966224518
857 0.8438600020114654 0.8417291442040069
858 0.844111435180529 0.8418294425917103
859 0.8442622950819672 0.8420801885609689
860 0.8443628683495927 0.842230636142524
861 0.8445640148848437 0.8423810837240792
862 0.8447148747862818 0.8424813821117826
863 0.8450165945891582 0.8427822772748927
864 0.84541888765966 0.8430330232441514
865 0.8456703208287237 0.8432837692134099
866 0.8457206074625365 0.843434216794965
867 0.8458211807301619 0.8435345151826684
868 0.8460726138992256 0.8439357087334821
869 0.8461229005330383 0.8440360071211855
870 0.8463240470682892 0.8442867530904441
871 0.8466257668711656 0.8444372006719992
872 0.8467263401387911 0.8446879466412578
873 0.8467766267726038 0.8448383942228128
874 0.8470280599416675 0.8449888418043681
875 0.8470783465754802 0.8450389909982197
876 0.8472794931107311 0.8451392893859231
877 0.8475309262797949 0.8453398861613299
878 0.8477320728150457 0.8454401845490334
879 0.8477823594488585 0.8455404829367368
880 0.8479332193502966 0.8457410797121436
881 0.848436085688424 0.8458915272936988
882 0.8484863723222368 0.8458915272936988
883 0.8487378054913004 0.8460419748752539
884 0.8488886653927386 0.846192422456809
885 0.8489389520265513 0.8464431684260676
886 0.8490898119279895 0.8465936160076226
887 0.8492909584632404 0.846693914395326
888 0.8493412450970532 0.8468945111707329
889 0.8496429648999296 0.8470951079461397
890 0.8500452579704314 0.8472455555276949
891 0.850145831238057 0.84739600310925
892 0.8502464045056823 0.8476968982723603
893 0.8505481243085588 0.8477971966600637
894 0.8508498441114352 0.848098091823174
895 0.850900130745248 0.8483488377924324
896 0.8514029970833752 0.8488503297309495
897 0.8516041436186261 0.848950628118653
898 0.8518052901538771 0.8492013740879115
899 0.8519058634215025 0.8493016724756149
900 0.8521070099567535 0.8495524184448735
901 0.852207583224379 0.8497028660264286
902 0.8523081564920044 0.8498031644141321
903 0.8525093030272554 0.8501040595772423
904 0.8528110228301318 0.8502043579649456
905 0.8531127426330082 0.8503548055465009
906 0.8532636025344463 0.8507559990973145
907 0.85351503570351 0.8508562974850179
908 0.8537664688725737 0.851006745066573
909 0.8538670421401992 0.8511571926481282
910 0.8541687619430756 0.8516586845866453
911 0.8542190485768882 0.851708833780497
912 0.8544201951121392 0.8518592813620521
913 0.8546213416473901 0.852059878137459
914 0.8548727748164537 0.8523106241067175
915 0.8551242079855175 0.8524610716882726
916 0.8552750678869556 0.8527118176575311
917 0.8555265010560194 0.8529625636267897
918 0.8556773609574575 0.8532133095960482
919 0.8559287941265212 0.8534640555653068
920 0.8560796540279594 0.8536145031468619
921 0.8563813738308358 0.8538652491161205
922 0.8565322337322739 0.8541661442792308
923 0.8565825203660867 0.8543165918607858
924 0.8569345268027758 0.8544168902484892
925 0.8569848134365885 0.8545673378300443
926 0.8570853867042141 0.8547177854115995
927 0.8573871065070904 0.8548682329931546
928 0.8575882530423413 0.854968531380858
929 0.8577893995775923 0.8550186805747098
930 0.858040832746656 0.8552192773501166
931 0.8581414060142813 0.855670620094782
932 0.8583425525495323 0.8559213660640406
933 0.8584431258171578 0.8559715152578922
934 0.8584934124509705 0.8561219628394474
935 0.8586442723524087 0.8563727088087059
936 0.8588454188876596 0.8564228580025576
937 0.8588957055214724 0.856523156390261
938 0.859147138690536 0.8566736039718161
939 0.8593985718595998 0.8568240515533713
940 0.8595494317610379 0.8570747975226298
941 0.8597505782962889 0.8570747975226298
942 0.8598511515639143 0.8571750959103333
943 0.859901438197727 0.857225245104185
944 0.8600522980991653 0.8573756926857401
945 0.860102584732978 0.8574759910734435
946 0.8603540179020417 0.8576264386549987
947 0.8605048778034798 0.8576765878488504
948 0.8607563109725435 0.8579774830119606
949 0.8609574575077944 0.8582282289812191
950 0.8610077441416072 0.8583786765627742
951 0.8611586040430453 0.8584789749504776
952 0.8613597505782963 0.8585291241443294
953 0.8614603238459217 0.8587798701135879
954 0.8618626169164236 0.8590807652766982
955 0.8619129035502363 0.8591810636644016
956 0.8619631901840491 0.8593315112459567
957 0.8621140500854872 0.8593816604398085
958 0.8621643367193 0.8595321080213636
959 0.862365483254551 0.8596825556029186
960 0.8626169164236146 0.8598831523783255
961 0.8627677763250527 0.8600837491537323
962 0.8627677763250527 0.8602341967352874
963 0.8629689228603037 0.8603344951229909
964 0.8630694961279292 0.8606855394799529
965 0.8632203560293674 0.8607356886738046
966 0.8634215025646184 0.8608861362553597
967 0.863471789198431 0.8609864346430631
968 0.8635723624660565 0.8610365838369148
969 0.8637232223674947 0.8612371806123217
970 0.8639746555365584 0.8614377773877285
971 0.8641255154379965 0.8616383741631353
972 0.864226088705622 0.8617386725508387
973 0.864427235240873 0.8619392693262455
974 0.8645780951423112 0.8621900152955041
975 0.8647792416775621 0.8624909104586144
976 0.8648798149451875 0.8626915072340212
977 0.8651312481142512 0.8628419548155764
978 0.8652821080156894 0.8631428499786866
979 0.8655335411847531 0.8634437451417969
980 0.8656844010861913 0.8636443419172037
981 0.865935834255255 0.8638449386926105
982 0.8661872674243186 0.8639452370803139
983 0.8663381273257569 0.8641458338557207
984 0.8663884139595696 0.8643464306311276
985 0.866488987227195 0.8645470274065344
986 0.866690133762446 0.8645470274065344
987 0.866690133762446 0.8645971766003862
988 0.8667404203962586 0.8646974749880896
989 0.8667404203962586 0.864797773375793
990 0.8669415669315096 0.8648479225696447
991 0.8670924268329478 0.8649482209573481
992 0.8673438600020115 0.8649983701511998
993 0.8675450065372624 0.8650986685389033
994 0.867796439706326 0.8651989669266067
995 0.867796439706326 0.8652992653143101
996 0.8678467263401388 0.8653995637020135
997 0.8678970129739515 0.8656001604774204
998 0.8680478728753898 0.8657004588651238
999 0.8680981595092024 0.8657506080589754
1000 0.8681484461430151 0.8658007572528271
1001 0.8685004525797043 0.8661016524159374
1002 0.8687015991149553 0.8662520999974925
1003 0.8688021723825807 0.866352398385196
1004 0.8689530322840189 0.8664526967728994
1005 0.8690536055516443 0.8665529951606028
1006 0.8691541788192698 0.8666532935483062
1007 0.8693553253545208 0.8667034427421579
1008 0.8694558986221462 0.8669541887114165
1009 0.8695564718897717 0.8672049346806749
1010 0.8697073317912098 0.8673553822622302
1011 0.8698581916926481 0.8674055314560818
1012 0.870059338227899 0.8676562774253403
1013 0.8703107713969627 0.8678067250068955
1014 0.8704113446645881 0.8680073217823023
1015 0.8704616312984008 0.8681577693638575
1016 0.8705119179322136 0.8683082169454126
1017 0.8706627778336518 0.8684586645269677
1018 0.8707130644674645 0.8684586645269677
1019 0.8707633511012773 0.8685589629146712
1020 0.8707633511012773 0.8685589629146712
1021 0.8708639243689027 0.8685589629146712
1022 0.8711153575379664 0.868759559690078
1023 0.8712662174394046 0.8688598580777814
1024 0.8714170773408428 0.8689601564654849
1025 0.8714170773408428 0.8690604548531882
1026 0.871567937242281 0.86911060404704
1027 0.8717187971437192 0.8691607532408916
1028 0.8717690837775319 0.8692109024347434
1029 0.8719199436789702 0.8693112008224468
1030 0.8721210902142211 0.8693613500162984
1031 0.872322236749472 0.8695117975978536
1032 0.872322236749472 0.869612095985557
1033 0.872322236749472 0.8696622451794087
1034 0.8724228100170974 0.8698126927609638
1035 0.8726239565523484 0.869963140342519
1036 0.8727245298199738 0.869963140342519
1037 0.8727748164537865 0.8702138863117775
1038 0.8727748164537865 0.8703643338933327
1039 0.8728251030875993 0.8704646322810361
1040 0.8728251030875993 0.8704646322810361
1041 0.8728753897214121 0.8705649306687395
1042 0.8728753897214121 0.8705649306687395
1043 0.873076536256663 0.870665229056443
1044 0.8731268228904757 0.8707153782502947
1045 0.873277682791914 0.8707655274441464
1046 0.8734788293271648 0.8709661242195532
1047 0.8735291159609776 0.8711165718011082
1048 0.8736296892286031 0.8711667209949601
1049 0.8736799758624157 0.8713171685765151
1050 0.8737302624962285 0.8714174669642185
1051 0.8738811223976667 0.8716180637396254
1052 0.8739314090314794 0.8718186605150322
1053 0.8741828422005431 0.8719189589027356
1054 0.8743337021019812 0.8721195556781425
1055 0.874383988735794 0.8721697048719942
1056 0.874383988735794 0.8722700032596976
1057 0.8744845620034195 0.8723201524535493
1058 0.8745348486372322 0.8725708984228079
1059 0.8748365684401086 0.8726711968105113
1060 0.8749874283415469 0.8729720919736215
1061 0.8752388615106105 0.8730222411674733
1062 0.875339434778236 0.8731726887490283
1063 0.8755908679472996 0.8732228379428801
1064 0.8757417278487378 0.8734735839121386
1065 0.8757920144825505 0.8734735839121386
1066 0.8758423011163633 0.873573882299842
1067 0.8759931610178014 0.8736240314936937
1068 0.8761440209192397 0.8736741806875454
1069 0.8763954540883033 0.8738246282691006
1070 0.8765966006235543 0.873924926656804
1071 0.8766971738911797 0.8739750758506557
1072 0.8767474605249924 0.8739750758506557
1073 0.8767474605249924 0.8741756726260625
1074 0.8769486070602434 0.8742258218199143
1075 0.8770491803278688 0.8744264185953211
1076 0.8771497535954943 0.8746771645645797
1077 0.8772000402293071 0.8746771645645797
1078 0.8774514733983707 0.8747273137584313
1079 0.8776023332998089 0.8748777613399865
1080 0.8776526199336216 0.8749780597276899
1081 0.8777029065674344 0.8749780597276899
1082 0.8778034798350598 0.8751786565030967
1083 0.8779543397364981 0.8753291040846518
1084 0.8780046263703107 0.8753291040846518
1085 0.878155486271749 0.8754294024723552
1086 0.878155486271749 0.875479551666207
1087 0.8784069194408126 0.8755297008600587
1088 0.8784069194408126 0.8755798500539104
1089 0.8785074927084381 0.8757302976354655
1090 0.8785074927084381 0.8757302976354655
1091 0.878708639243689 0.8757804468293172
1092 0.8788092125113145 0.8759810436047241
1093 0.8788594991451273 0.8762317895739826
1094 0.8789600724127526 0.876332087961686
1095 0.8791109323141909 0.8764323863493895
1096 0.8792617922156291 0.8767332815124997
1097 0.8793623654832545 0.8768837290940548
1098 0.8794126521170673 0.8770843258694616
1099 0.8795635120185055 0.877184624257165
1100 0.8796137986523183 0.877184624257165
1101 0.8796137986523183 0.8772849226448685
1102 0.8797143719199437 0.8773852210325719
1103 0.8799658050890073 0.8774855194202753
1104 0.8799658050890073 0.8776359670018304
1105 0.88001609172282 0.8776359670018304
1106 0.8801166649904455 0.8777362653895339
1107 0.8801669516242583 0.8777864145833856
1108 0.8801669516242583 0.877886712971089
1109 0.880217238258071 0.8779870113587924
1110 0.8803178115256964 0.8780371605526441
1111 0.8803178115256964 0.8780371605526441
1112 0.8803680981595092 0.8780371605526441
1113 0.8805189580609474 0.8781876081341993
1114 0.8806195313285728 0.878237757328051
1115 0.8806698179623856 0.878237757328051
1116 0.8808709644976365 0.8783380557157544
1117 0.880971537765262 0.8784383541034578
1118 0.8810218243990747 0.8784383541034578
1119 0.8810721110328874 0.8784383541034578
1120 0.8811726843005129 0.8785386524911611
1121 0.8812229709343257 0.8786389508788646
1122 0.8812732575681383 0.8787893984604197
1123 0.8813235442019511 0.8788395476542714
1124 0.8813738308357638 0.8789899952358265
1125 0.8814241174695766 0.8791404428173817
1126 0.8815749773710148 0.8792407412050851
1127 0.881725837272453 0.8793911887866402
1128 0.8818766971738912 0.879441337980492
1129 0.8820275570753293 0.8797923823374539
1130 0.8821784169767676 0.8798425315313056
1131 0.8823292768782057 0.8798926807251574
1132 0.8824298501458312 0.8800932775005642
1133 0.882480136779644 0.8800932775005642
1134 0.8825807100472695 0.8801434266944159
1135 0.8827315699487076 0.8803440234698228
1136 0.8829327164839585 0.8804443218575262
1137 0.883033289751584 0.8805947694390812
1138 0.8830835763853968 0.8806950678267846
1139 0.883234436286835 0.8807953662144881
1140 0.8833852961882731 0.8808956646021915
1141 0.8834355828220859 0.8808956646021915
1142 0.883586442723524 0.8809959629898949
1143 0.8836367293573368 0.8810461121837466
1144 0.8837373026249623 0.88114641057145
1145 0.8838378758925878 0.8812968581530052
1146 0.8839384491602132 0.8814473057345603
1147 0.8839887357940259 0.881497454928412
1148 0.8840893090616514 0.8816479025099672
1149 0.8841898823292769 0.8817482008976706
1150 0.8841898823292769 0.881848499285374
1151 0.8842904555969023 0.8819989468669291
1152 0.884340742230715 0.8820490960607809
1153 0.884340742230715 0.8821493944484843
1154 0.8844413154983406 0.8821493944484843
1155 0.8844916021321533 0.8822998420300394
1156 0.8846424620335914 0.8824502896115944
1157 0.8846927486674042 0.8824502896115944
1158 0.8847933219350297 0.8825505879992979
1159 0.8848436085688424 0.8825505879992979
1160 0.8849441818364678 0.882701035580853
1161 0.8849944684702806 0.8828013339685564
1162 0.8851956150055316 0.8828514831624081
1163 0.8853464749069697 0.8829517815501116
1164 0.8853967615407825 0.8830019307439633
1165 0.8854470481745952 0.8830019307439633
1166 0.8854973348084079 0.8830019307439633
1167 0.8854973348084079 0.8831523783255184
1168 0.8856481947098461 0.8832526767132218
1169 0.8856984813436588 0.8833028259070735
1170 0.8858996278789097 0.883403124294777
1171 0.8859499145127225 0.883403124294777
1172 0.886050487780348 0.8835034226824804
1173 0.8861510610479735 0.8836538702640355
1174 0.8863019209494116 0.8838043178455907
1175 0.8863019209494116 0.8838544670394424
1176 0.8864527808508499 0.8840049146209975
1177 0.886603640752288 0.8841553622025526
1178 0.886804787287539 0.8844061081718111
1179 0.8869556471889771 0.8844562573656628
1180 0.8869556471889771 0.8845565557533662
1181 0.8871567937242281 0.8846067049472179
1182 0.8872573669918535 0.8847070033349214
1183 0.8874585135271045 0.8849076001103282
1184 0.88755908679473 0.8850580476918833
1185 0.8876093734285427 0.8852586444672902
1186 0.8877602333299809 0.8852586444672902
1187 0.8878608065976064 0.885459241242697
1188 0.8879613798652318 0.8855093904365487
1189 0.8880619531328573 0.8855093904365487
1190 0.8880619531328573 0.8855093904365487
1191 0.8881625264004828 0.8856598380181039
1192 0.8882128130342954 0.8857601364058073
1193 0.8882128130342954 0.8857601364058073
1194 0.8882630996681082 0.8859105839873624
1195 0.8883133863019209 0.8859607331812142
1196 0.8884139595695464 0.8859607331812142
1197 0.8884139595695464 0.8861613299566209
1198 0.8886151061047973 0.8861613299566209
1199 0.8886151061047973 0.8862616283443243
1200 0.8887156793724228 0.8864120759258795
1201 0.8888162526400483 0.8865123743135829
1202 0.8889168259076737 0.8866126727012863
1203 0.8890173991752992 0.8867129710889897
1204 0.889067685809112 0.8868634186705449
1205 0.889067685809112 0.8869637170582483
1206 0.8892185457105501 0.8871141646398034
1207 0.8894196922458011 0.8872144630275068
1208 0.8895705521472392 0.8872646122213586
1209 0.8897716986824902 0.887364910609062
1210 0.889821985316303 0.8874150598029137
1211 0.889821985316303 0.8874652089967654
1212 0.8898722719501156 0.8874652089967654
1213 0.8898722719501156 0.8875153581906171
1214 0.8899225585839284 0.8875655073844688
1215 0.8899728452177411 0.8876658057721722
1216 0.8901237051191793 0.8877661041598757
1217 0.890173991752992 0.8878162533537274
1218 0.8902242783868048 0.8879165517414308
1219 0.890375138288243 0.8880168501291341
1220 0.890375138288243 0.8880669993229859
1221 0.890375138288243 0.8881171485168375
1222 0.8904254249220557 0.8881672977106894
1223 0.8905259981896811 0.8882675960983927
1224 0.8906265714573066 0.8882675960983927
1225 0.8907271447249321 0.8884180436799478
1226 0.8907271447249321 0.8884681928737995
1227 0.8907774313587449 0.8884681928737995
1228 0.8908277179925576 0.8885183420676512
1229 0.8909785778939958 0.8886186404553547
1230 0.8909785778939958 0.8887189388430581
1231 0.8910791511616213 0.8887690880369098
1232 0.8910791511616213 0.8887690880369098
1233 0.891129437795434 0.8887690880369098
1234 0.8912300110630594 0.8888192372307615
1235 0.8912300110630594 0.8889195356184649
1236 0.8913305843306849 0.8890198340061684
1237 0.8913808709644977 0.8890198340061684
1238 0.8913808709644977 0.8890699832000201
1239 0.8913808709644977 0.8891702815877235
1240 0.8914311575983104 0.8892705799754269
1241 0.8915317308659358 0.8893207291692786
1242 0.8915820174997485 0.8893207291692786
1243 0.8916323041335613 0.889421027556982
1244 0.8916323041335613 0.8895213259446855
1245 0.8917831640349995 0.8896216243323889
1246 0.8917831640349995 0.8896717735262406
1247 0.8918334506688123 0.8897219227200923
1248 0.8918837373026249 0.8898222211077957
1249 0.8918837373026249 0.8899225194954992
1250 0.8919340239364377 0.8899225194954992
1251 0.8919340239364377 0.8900228178832026
1252 0.8921854571055013 0.8901732654647576
1253 0.8922357437393141 0.8901732654647576
1254 0.8922357437393141 0.890273563852461
1255 0.892436890274565 0.8903738622401645
1256 0.8925374635421905 0.8904240114340162
1257 0.8926380368098159 0.8904741606278679
1258 0.8926883234436287 0.890624608209423
1259 0.8927888967112542 0.8906747574032747
1260 0.8927888967112542 0.8906747574032747
1261 0.8927888967112542 0.8906747574032747
1262 0.8929397566126923 0.8909255033725333
1263 0.8931409031479433 0.8910759509540884
1264 0.8931409031479433 0.8910759509540884
1265 0.8931409031479433 0.8911261001479401
1266 0.8933420496831942 0.8911762493417918
1267 0.893392336317007 0.8911762493417918
1268 0.8934426229508197 0.891326696923347
1269 0.8935431962184451 0.8914771445049021
1270 0.8936437694860706 0.8914771445049021
1271 0.8937443427536961 0.8915272936987538
1272 0.8937946293875088 0.8917278904741606
1273 0.893945489288947 0.8918783380557158
1274 0.8939957759227597 0.8919284872495674
1275 0.8940460625565725 0.8919284872495674
1276 0.8941969224580106 0.8919284872495674
1277 0.8942472090918234 0.8920287856372708
1278 0.8943477823594489 0.8921290840249743
1279 0.8943477823594489 0.892179233218826
1280 0.894498642260887 0.8923798299942328
1281 0.8945992155285125 0.8924299791880845
1282 0.8946495021623253 0.8924801283819362
1283 0.894699788796138 0.8924801283819362
1284 0.8947500754299507 0.8926305759634914
1285 0.8947500754299507 0.8926807251573431
1286 0.8950015085990144 0.8927308743511948
1287 0.8950015085990144 0.8928311727388982
1288 0.8950015085990144 0.8928311727388982
1289 0.8950517952328271 0.8928813219327499
1290 0.8950517952328271 0.8930317695143051
1291 0.8951020818666399 0.8930819187081568
1292 0.8952026551342653 0.8931320679020085
1293 0.8952026551342653 0.8932323662897119
1294 0.8952026551342653 0.8932825154835636
1295 0.8953032284018908 0.8932825154835636
1296 0.8954038016695163 0.8933326646774153
1297 0.895454088303329 0.8934329630651188
1298 0.8955546615709544 0.8934831122589705
1299 0.8955546615709544 0.8935834106466738
1300 0.8958060947400182 0.8936335598405256
1301 0.8959066680076435 0.8936837090343772
1302 0.8959066680076435 0.8937840074220806
1303 0.8960575279090818 0.8937840074220806
1304 0.8961581011767072 0.8937840074220806
1305 0.8961581011767072 0.8938843058097841
1306 0.8962083878105199 0.8940347533913392
1307 0.8962586744443327 0.8941350517790426
1308 0.8963592477119582 0.8942854993605978
1309 0.8963592477119582 0.8943857977483012
1310 0.8963592477119582 0.8943857977483012
1311 0.8964095343457709 0.8943857977483012
1312 0.8965101076133963 0.8944860961360046
1313 0.8967112541486473 0.8945362453298563
1314 0.8967112541486473 0.8946365437175597
1315 0.8967615407824601 0.8946365437175597
1316 0.8967615407824601 0.8946866929114115
1317 0.8968621140500855 0.8947869912991149
1318 0.8969124006838982 0.89493743888067
1319 0.896962687317711 0.8949875880745217
1320 0.8970632605853364 0.8949875880745217
1321 0.8972141204867746 0.8951380356560769
1322 0.8972644071205873 0.8951380356560769
1323 0.8972644071205873 0.8951380356560769
1324 0.8973649803882128 0.8951881848499286
1325 0.8974655536558382 0.8952383340437803
1326 0.8974655536558382 0.8952383340437803
1327 0.8974655536558382 0.8953386324314837
1328 0.8975661269234637 0.8954890800130388
1329 0.8975661269234637 0.8954890800130388
1330 0.8976164135572765 0.8954890800130388
1331 0.8976164135572765 0.8955392292068904
1332 0.8976667001910892 0.8956395275945939
1333 0.8976667001910892 0.8958401243700007
1334 0.8978678467263401 0.8959404227577041
1335 0.8978678467263401 0.8960407211454076
1336 0.8979684199939656 0.8960407211454076
1337 0.8980689932615911 0.8961911687269627
1338 0.8980689932615911 0.8961911687269627
1339 0.8980689932615911 0.8961911687269627
1340 0.8981192798954039 0.8962413179208144
1341 0.8981695665292165 0.8963917655023695
1342 0.898270139796842 0.8963917655023695
1343 0.8983204264306547 0.8963917655023695
1344 0.8983707130644675 0.896492063890073
1345 0.8985718595997184 0.896492063890073
1346 0.898823292768782 0.8965923622777764
1347 0.898823292768782 0.8966425114716281
1348 0.898823292768782 0.8967428098593315
1349 0.8989238660364075 0.8967428098593315
1350 0.8989238660364075 0.8967929590531832
1351 0.899024439304033 0.8968932574408867
1352 0.8991250125716584 0.8969935558285901
1353 0.8991250125716584 0.8969935558285901
1354 0.8992255858392839 0.8969935558285901
1355 0.8992758724730967 0.8970938542162935
1356 0.8994770190083475 0.8971440034101452
1357 0.8995273056421603 0.8971440034101452
1358 0.8996278789097858 0.8971440034101452
1359 0.8996781655435985 0.8971941526039969
1360 0.8997787388112239 0.8972443017978486
1361 0.8997787388112239 0.8972944509917004
1362 0.8998290254450367 0.8973947493794037
1363 0.8998793120788494 0.8974448985732555
1364 0.8999295987126622 0.8975451969609589
1365 0.8999798853464749 0.8975953461548105
1366 0.9000301719802877 0.8976454953486622
1367 0.9000804586141004 0.8977457937363656
1368 0.9000804586141004 0.8978962413179208
1369 0.9000804586141004 0.8980968380933276
1370 0.9001810318817258 0.8981469872871793
1371 0.900331891783164 0.8982472856748828
1372 0.9003821784169768 0.8983977332564379
1373 0.9004827516846022 0.8983977332564379
1374 0.9005833249522277 0.898548180837993
1375 0.9006336115860404 0.8985983300318447
1376 0.9006838982198532 0.8986484792256965
1377 0.9006838982198532 0.8986986284195482
1378 0.9006838982198532 0.8986986284195482
1379 0.9007341848536659 0.8986986284195482
1380 0.9007844714874786 0.8986986284195482
1381 0.9008347581212913 0.8987989268072516
1382 0.9008850447551041 0.8987989268072516
1383 0.9008850447551041 0.8987989268072516
1384 0.9008850447551041 0.8987989268072516
1385 0.9009856180227296 0.8988490760011033
1386 0.9010359046565423 0.898899225194955
1387 0.9011867645579805 0.8989493743888067
1388 0.9011867645579805 0.8989493743888067
1389 0.9011867645579805 0.8989995235826584
1390 0.9012370511917932 0.8989995235826584
1391 0.9013879110932315 0.8989995235826584
1392 0.9014884843608568 0.8990496727765102
1393 0.9016393442622951 0.8990998219703619
1394 0.9016896308961078 0.8991499711642136
1395 0.9016896308961078 0.8992001203580653
1396 0.9019410640651715 0.8994007171334721
1397 0.9019410640651715 0.8994007171334721
1398 0.9020919239666096 0.8995010155211755
1399 0.9022427838680479 0.8995511647150272
1400 0.902393643769486 0.899751761490434
1401 0.902393643769486 0.8998520598781374
1402 0.9024942170371115 0.8999523582658409
1403 0.9025445036709243 0.9000526566535443
1404 0.902594790304737 0.9001529550412477
1405 0.9026450769385497 0.9001529550412477
1406 0.9026953635723625 0.9001529550412477
1407 0.9027456502061753 0.9002031042350994
1408 0.9028462234738006 0.9003535518166546
1409 0.9029970833752389 0.9005039993982097
1410 0.9030976566428643 0.9005541485920614
1411 0.9031982299104898 0.9005541485920614
1412 0.9032485165443025 0.9007045961736165
1413 0.903349089811928 0.9007045961736165
1414 0.9033993764457408 0.9007045961736165
1415 0.9034496630795534 0.9007547453674682
1416 0.9034496630795534 0.9009051929490234
1417 0.9034999497133662 0.9009553421428751
1418 0.9034999497133662 0.9010054913367268
1419 0.9036508096148044 0.9010054913367268
1420 0.9036508096148044 0.9010556405305785
1421 0.9038016695162425 0.9011559389182819
1422 0.9038519561500553 0.9012060881121335
1423 0.9038519561500553 0.9012562373059854
1424 0.9039525294176808 0.901306386499837
1425 0.9039525294176808 0.9014066848875404
1426 0.9042039625867444 0.9015069832752438
1427 0.9042542492205572 0.9015069832752438
1428 0.9043045358543699 0.9015069832752438
1429 0.9043045358543699 0.9016072816629472
1430 0.9043548224881827 0.901657430856799
1431 0.9044051091219953 0.9017577292445024
1432 0.9044553957558081 0.9018580276322058
1433 0.9044553957558081 0.9020084752137609
1434 0.9044553957558081 0.9021087736014644
1435 0.9045056823896208 0.9021087736014644
1436 0.9045056823896208 0.9021589227953161
1437 0.9046062556572463 0.9021589227953161
1438 0.9046062556572463 0.9022592211830195
1439 0.9046565422910591 0.9022592211830195
1440 0.9046565422910591 0.9024096687645746
1441 0.9046565422910591 0.9024598179584263
1442 0.9046565422910591 0.9024598179584263
1443 0.9047571155586845 0.902509967152278
1444 0.9048074021924972 0.9026102655399815
1445 0.9049582620939354 0.9026102655399815
1446 0.905058835361561 0.9026102655399815
1447 0.9051091219953736 0.9027105639276849
1448 0.9051594086291863 0.9027607131215366
1449 0.9053102685306246 0.9029111607030917
1450 0.9054611284320627 0.9029613098969435
1451 0.9055617016996882 0.9030114590907952
1452 0.905611988333501 0.9030114590907952
1453 0.9057628482349391 0.903212055866202
1454 0.9057628482349391 0.9032622050600536
1455 0.9058131348687519 0.9033123542539053
1456 0.9058131348687519 0.9034126526416087
1457 0.9058634215025646 0.9035129510293122
1458 0.9060142814040029 0.9036132494170156
1459 0.9060645680378155 0.9036132494170156
1460 0.9060645680378155 0.9038138461924224
1461 0.906165141305441 0.9039141445801259
1462 0.9062154279392538 0.9039141445801259
1463 0.9062154279392538 0.9039642937739776
1464 0.9063160012068792 0.9039642937739776
1465 0.9065171477421301 0.9039642937739776
1466 0.9065171477421301 0.9040144429678293
1467 0.9065674343759429 0.9041147413555327
1468 0.9066177210097556 0.9041147413555327
1469 0.9066680076435684 0.9041147413555327
1470 0.9067685809111938 0.9041648905493844
1471 0.9068691541788193 0.9042651889370878
1472 0.9069697274464448 0.9043153381309396
1473 0.9069697274464448 0.9045159349063464
