44.307338
26.578920
27.759513
19.213309
21.281879
37.371051
18.222377
15.061178
16.696609
13.427463
16.817270
50.126431
12.951600
25.799309
38.971724
17.220751
21.805455
22.012832
26.640406
26.855891
27.200200
16.967571
18.646068
25.634726
30.495756
23.894294
15.239113
22.351675
18.044894
17.437141
17.631044
26.874456
16.474618
16.498368
36.334194
27.837942
17.732263
19.397206
14.162806
17.214394
11.411328
17.055293
21.679597
18.027831
17.851774
26.813164
24.318707
14.281227
15.153186
33.408347
19.042496
27.543251
15.032005
22.129029
26.559088
13.160757
29.347168
24.886593
40.460812
14.498449
12.340292
19.645664
16.076911
22.201875
37.012911
18.920801
41.751472
21.379161
17.476641
23.619375
30.428751
14.967294
33.763346
21.446216
17.056994
31.984865
12.703362
17.976650
10.983833
20.707470
16.184841
11.551779
15.933201
20.407992
31.405221
27.071732
21.240754
22.808366
19.205456
21.953601
20.527610
16.208379
23.940620
22.421880
23.466469
21.063413
16.616528
17.538136
19.973856
21.482269
27.117661
13.471027
16.298747
15.345358
18.432509
19.609893
17.798110
32.274602
22.211559
24.007538
15.327166
22.357576
10.905938
20.456782
28.612368
14.153766
25.890166
27.164124
17.596484
28.143955
20.350455
21.459328
13.925996
19.821531
24.846857
20.857600
19.563639
20.616461
31.449617
30.067167
18.521336
17.776893
19.391381
16.803928
20.693120
18.833039
12.638546
19.848353
20.827187
20.214285
14.691046
17.643867
17.645682
16.728895
13.037040
17.130164
17.280757
13.593154
22.124722
16.838195
13.946410
25.908838
14.792083
19.671643
30.807662
31.103043
23.290276
19.421896
16.661113
14.877041
18.502468
19.451877
16.173752
16.474936
19.589918
19.784019
22.791137
15.304124
25.813106
28.926585
18.582041
22.142306
23.605581
37.508156
21.928227
22.166869
28.094499
47.302340
25.512057
12.797558
16.174737
20.664744
31.945650
12.464123
14.624724
23.607810
16.982770
18.462586
31.058232
15.915635
21.802382
19.855474
17.780272
17.345760
16.391662
21.476777
24.870634
24.744000
16.229945
24.368405
17.447007
32.936766
28.503951
13.561830
16.750269
25.149941
16.606893
15.706590
16.526864
23.432772
34.698203
19.540056
14.950547
16.211290
30.871598
16.066309
18.991675
15.848298
21.112311
25.456695
15.411939
14.907556
20.066881
17.896171
12.601287
16.706877
17.943219
33.463087
17.724216
15.639623
15.466597
19.698971
16.683009
12.201200
18.740201
21.333006
18.667516
17.953079
22.515313
22.544921
20.557293
23.003217
9.395598
14.498181
12.837556
22.146346
21.206873
13.376536
22.048534
16.272629
27.649332
28.219342
31.259586
16.381872
19.250892
9.154397
26.273715
13.104424
19.204486
21.844756
19.221983
17.399244
25.400274
24.264946
10.728194
12.762528
26.651275
17.168600
16.291752
21.345048
20.044247
28.360287
29.048017
29.395486
26.935598
16.177845
17.464827
19.040680
19.237690
16.816244
23.331913
18.348235
20.869325
41.330999
29.724445
30.202841
12.902238
24.785417
28.204654
18.812032
19.227228
21.733828
17.012571
19.675728
14.153006
21.700488
31.512452
11.508563
23.309676
22.397038
19.258858
32.576825
19.792889
14.251765
19.032851
19.709055
20.398577
19.040073
17.061449
19.440823
18.524984
20.588397
14.787078
15.229149
13.522514
23.015215
27.489819
19.598128
29.407707
21.509737
13.031049
17.744377
18.777633
31.095070
25.131284
19.474050
16.984180
25.540919
24.818131
10.743719
16.713512
21.341569
18.075996
43.032217
21.390997
14.844212
24.588802
17.339428
15.754185
32.830058
31.627362
17.698345
19.492527
13.966010
15.227244
16.032903
12.975086
12.760127
13.997590
14.517856
19.976974
21.961895
36.070738
18.617758
17.930063
20.867773
23.472461
8.987371
13.381679
18.381313
18.585412
14.163219
14.949993
32.195187
49.531104
17.648713
19.568744
22.944185
16.485029
29.806645
29.328712
12.248886
19.053478
30.890811
20.117754
23.550211
21.555294
17.980895
19.725284
18.556827
17.211212
25.328420
14.392524
28.331592
16.172189
19.784488
18.224896
22.365065
20.761732
41.519098
19.975400
17.220545
19.038292
20.186402
11.067233
47.547673
13.035074
17.518270
18.622358
20.459557
18.912996
21.163716
21.423597
12.832618
21.701329
16.244193
17.597050
15.300757
21.892598
24.907941
17.285391
21.719089
19.092915
16.528127
15.131953
19.091083
17.995835
42.508327
16.834053
27.239123
21.896041
24.393789
36.900798
18.932523
16.615938
16.019390
15.821812
14.030165
24.973913
29.275422
21.120332
23.959732
24.740473
20.844489
16.380641
21.094019
29.410650
15.096964
13.148339
15.070423
19.768226
27.404503
23.257912
17.644059
29.025514
23.355580
20.577327
17.476829
24.204327
19.378271
12.444275
16.100608
16.907711
25.671807
17.029243
14.469660
11.813234
17.866064
23.644811
18.594774
14.164850
12.370377
17.849515
16.500289
20.635149
16.906842
27.235949
20.188306
17.000508
17.710261
23.461235
30.212494
19.171332
15.350446
34.418201
41.399594
25.460356
17.878338
27.411859
21.812311
13.135279
23.014083
24.267093
13.820384
14.418084
21.289417
21.402370
18.573773
19.291557
14.327548
44.426514
30.333097
21.067034
12.277730
13.908467
29.338462
17.235693
31.512338
19.319156
20.491024
11.269525
20.474327
21.285659
20.818399
18.949939
25.760177
18.488962
18.018569
18.286461
21.295132
15.348000
23.747223
14.008268
16.464318
34.664209
12.187868
20.457929
17.777929
23.128188
23.325633
16.901588
18.527331
8.976921
23.808883
18.213761
27.144114
18.946638
12.009205
20.811745
25.602779
22.824638
18.093558
23.414867
18.781929
10.643916
28.700207
26.016331
14.697327
17.742756
28.934188
23.817367
20.942012
26.663246
22.525236
15.237017
30.406858
19.733809
14.475588
21.739880
20.329930
22.666509
17.755646
19.659684
17.742548
26.650279
10.662083
19.917036
36.502324
16.725058
7.908783
18.693460
15.534200
26.112469
14.446335
21.449892
20.422891
27.543988
18.935199
27.577674
12.552712
25.643469
30.595189
12.937500
15.269550
31.236190
16.031586
17.756735
15.517905
28.244922
20.237643
23.741951
38.739766
14.415128
13.072802
18.379849
17.086073
25.243007
14.330953
21.949764
17.180438
19.670931
12.326369
10.484145
15.646069
19.704437
31.307406
25.146972
17.389962
21.766685
27.229579
21.861478
23.490113
19.749969
39.685994
13.956451
12.558536
27.342129
25.729250
25.855435
13.789306
21.733964
17.801649
13.958512
25.295014
26.892534
23.397225
20.293656
20.573973
17.957007
12.765071
36.056753
20.855179
20.164728
12.813654
22.474574
15.112889
38.083453
18.611818
18.995876
23.198564
34.593560
24.733451
12.182925
21.579785
49.275712
20.613479
19.634264
38.718558
15.012113
25.954972
15.905388
13.127428
12.648609
15.319717
16.233829
16.750957
16.781824
15.548951
19.652611
12.385886
24.809376
16.038420
12.477114
15.291995
23.123272
20.680120
24.076771
22.371311
17.061715
13.045616
14.965520
29.405551
13.210525
19.496568
19.921962
40.781572
21.128973
16.091722
16.974477
21.879173
23.446258
18.548752
19.350318
16.068333
25.937359
15.119893
24.608239
32.846448
21.413130
22.230322
29.272226
31.386470
16.483829
37.242541
27.256454
15.314713
24.458880
11.510287
17.357429
18.828036
32.232157
17.851190
15.988951
24.894645
15.563347
17.321235
17.660696
24.723891
30.912470
22.247578
22.591301
28.341540
24.076340
18.012409
17.887365
28.855878
19.279655
23.897157
16.479928
18.111562
19.075965
16.540753
19.781430
19.519385
21.002356
19.687204
22.846815
19.974581
17.395694
24.197722
16.986788
15.447603
16.184484
13.691078
21.425369
21.600289
35.540378
17.951466
25.409669
12.480223
24.103461
17.428868
20.901466
31.863618
16.348580
24.749716
29.141121
15.956765
29.569372
21.484345
18.944165
20.358060
24.288694
14.433383
30.054532
15.911813
12.704403
11.582560
14.554845
15.223369
20.374718
19.984723
19.915551
20.172925
22.766335
36.370570
17.867350
13.024100
22.584688
11.091641
19.863903
18.493554
27.523078
15.245072
28.092961
11.880877
29.445329
22.823366
25.102159
32.327317
17.873383
15.890375
49.243594
36.149107
18.101430
21.033148
16.730310
13.745682
15.209092
16.812471
21.376052
16.975601
11.989021
19.965385
34.222736
14.843722
44.390331
10.789965
14.888529
50.330321
18.463158
21.088214
20.643851
17.640675
15.862510
12.675992
35.265219
20.400659
18.908932
18.494014
23.827005
39.059310
20.296831
18.136265
18.178198
17.049874
11.608839
17.343306
17.182508
23.213719
21.624762
23.346319
22.999741
13.387882
13.275074
17.022211
20.882207
14.140238
20.478726
23.138505
13.432463
21.753975
18.058980
20.910985
31.152253
26.706708
14.051008
21.134104
13.945623
27.970037
16.583121
19.781288
21.748189
22.189456
41.486206
14.419632
16.694336
24.523461
21.270389
24.600959
16.312575
40.096430
18.657602
20.135988
17.971560
16.630514
17.286974
20.642119
14.569146
13.969830
19.603423
22.214445
16.622939
19.669381
21.446944
46.729366
25.325303
17.513811
27.179308
31.808368
19.415401
22.165040
11.005513
13.155712
32.587326
13.973417
17.132902
20.542785
14.434657
17.837370
21.091606
19.592822
17.002397
14.612895
17.813355
11.693238
14.595829
13.751040
12.834844
34.156050
21.761380
16.506102
15.660858
29.542817
22.856604
24.696229
21.066686
16.954935
17.953811
25.778830
24.849266
20.327280
18.046412
16.819194
13.372217
10.007787
18.536804
30.901530
24.652062
21.552762
11.981273
23.520497
29.507022
19.826821
19.635118
26.139861
17.074908
20.570910
35.697006
18.652561
21.096012
17.733979
18.058594
21.014439
16.983659
15.520089
26.333374
15.209886
26.700864
22.526350
10.135149
26.205599
23.590495
18.242486
20.723195
22.247591
15.255325
18.552332
15.563831
25.897030
20.926690
13.709193
17.402055
17.615353
14.092772
23.519541
19.949186
16.502202
19.891123
19.929674
14.416162
22.984551
15.187435
40.507937
29.628238
31.829331
24.052493
16.356015
21.153136
29.128793
24.651713
17.377255
10.964158
15.800982
19.445240
16.512740
21.989160
33.237025
23.821801
20.035321
18.121491
29.301748
25.532442
15.902337
14.167552
17.116238
26.181448
51.667059
18.920317
25.845316
16.942342
35.227275
20.097424
17.427023
15.514233
25.507269
22.621180
30.917318
22.288801
19.497800
21.309451
43.019196
18.189677
21.205603
14.984932
20.831119
15.598970
21.936336
24.357335
14.354089
16.888384
14.571003
23.024984
22.522077
31.303205
13.559713
15.821391
15.380295
17.822078
22.892397
15.416196
17.877970
19.719105
17.492941
22.294466
15.723515
18.104957
23.605002
21.880478
14.415313
14.993580
61.695846
16.388922
22.133898
14.096812
10.945381
13.978257
34.527143
14.633299
18.173059
20.042779
22.076612
17.967408
24.174892
25.006012
14.175854
16.457411
17.537417
26.009622
21.097047
15.655213
37.368656
16.423067
19.630775
21.602667
21.259139
20.106443
17.450728
13.029479
19.914041
12.390790
26.835191
19.310860
20.625133
15.687893
15.891620
24.473207
10.402807
24.580189
22.387476
22.744727
17.663110
12.937748
22.054659
11.395210
12.755179
20.076624
18.748080
23.092044
17.312294
11.291824
16.530715
18.214862
15.434988
23.907840
15.711588
16.171742
15.274308
13.076920
25.281234
15.804020
21.503842
14.985977
24.051758
15.312746
27.933413
23.671927
19.355458
17.537640
21.456638
27.712530
27.006964
21.504965
25.495305
16.228891
17.123539
18.560971
10.624808
29.099245
8.160865
21.553214
18.669206
15.084067
17.356950
19.857149
21.853418
39.282963
14.169481
19.356132
18.580493
19.919460
30.781190
18.662847
35.208886
23.124944
10.684897
37.634432
17.474523
7.786725
12.987724
25.538126
28.695001
19.430907
25.708035
20.408486
20.446327
14.252901
21.797737
13.604513
21.069113
13.761809
22.876865
22.712217
43.451323
23.761332
20.023739
22.119600
16.945169
24.311051
15.212970
16.784930
17.721421
27.217640
20.405477
21.204597
16.488320
27.245741
31.668173
22.359158
18.283630
25.843973
22.429877
17.093639
19.309037
22.496779
23.433895
29.977844
17.659715
18.627378
10.410713
16.962173
20.364743
18.496326
19.897565
28.634131
19.029945
18.979127
21.424676
35.531158
15.952537
18.290274
24.431985
25.156853
36.591736
19.395601
28.110494
15.153816
31.964427
13.175362
19.136285
16.241557
50.433380
11.486855
16.590267
14.904568
38.378671
17.978427
19.025209
12.139697
14.331121
16.357026
27.375473
17.875197
26.283669
13.040639
21.002684
25.957658
15.218375
13.412605
22.966807
21.541945
30.244225
20.477672
30.300914
26.754347
20.673406
13.461837
22.204952
28.780567
26.948182
20.385523
16.646895
25.790011
27.807322
12.309902
16.676574
14.891868
22.605341
18.083101
18.680449
23.402014
20.377763
26.888023
16.614799
16.776190
18.780335
18.789488
19.833988
21.222124
26.631149
21.065579
22.568301
20.859564
18.777673
22.482258
19.960244
29.806834
17.684658
15.788753
27.095919
12.491076
20.549230
18.023576
26.316274
13.779004
14.486557
15.315344
14.671822
15.996922
16.335036
14.066737
13.778373
17.682197
18.242779
28.405971
29.241687
12.481458
27.076887
17.257359
24.412650
18.701847
26.983039
18.385335
21.191004
23.919842
24.104571
23.377449
21.073697
17.960490
27.367837
22.513193
20.546030
17.572378
19.489906
14.803381
15.727906
17.591336
20.905097
25.074617
32.234444
16.491196
17.379315
27.250991
13.878928
22.175377
22.695415
20.895624
19.663154
14.779554
15.846349
25.470114
13.826308
14.128384
18.363122
15.701168
13.396369
27.010624
20.951970
22.457286
17.288502
29.072146
33.916946
22.270619
19.532204
19.531999
18.108827
16.914169
19.863852
19.628448
11.287731
18.059274
19.121123
20.527723
15.017597
15.751092
16.478357
21.554003
21.333356
22.420674
14.822261
27.365522
24.669738
27.972725
18.653841
17.663388
23.417041
21.566695
16.969578
21.751880
16.940825
19.275189
17.148250
30.090770
37.377304
20.146954
9.667676
19.664578
16.208303
25.690958
28.030984
24.561964
15.930716
22.211995
27.702680
20.554367
23.457579
25.696064
14.158997
10.544870
23.939074
25.434979
23.781784
27.764659
14.881874
38.513226
17.471030
15.342033
27.791370
16.097316
24.478836
18.245592
25.012201
25.003996
19.455078
14.396375
28.232067
24.466456
22.101443
31.334832
21.278422
42.325182
21.646402
22.725347
26.255579
19.256518
21.063881
31.562543
22.171130
14.505148
18.922236
17.077528
29.062146
19.950633
15.118878
16.354328
24.795574
22.601533
14.482003
17.645409
27.125033
15.768730
15.323072
18.828716
31.502716
47.692891
19.056391
17.900198
17.367618
14.973981
16.629801
11.683086
18.290186
18.167487
23.781092
13.015975
29.285131
14.465552
31.223972
33.572467
15.136387
17.225852
21.149910
12.611174
17.530309
12.452556
16.362168
25.436316
25.432591
22.922611
43.999662
13.298387
30.155472
28.085609
18.828323
19.925264
22.099582
13.975707
28.799360
14.545562
16.632061
29.577616
18.799338
14.914035
11.340384
17.443807
20.423883
33.651619
17.753965
19.581204
14.275919
12.503978
26.430266
15.233499
20.215620
18.216242
19.234229
19.299824
16.890449
21.493655
20.865460
19.451214
20.291241
19.800358
15.905844
12.873909
21.007134
15.684354
32.355206
24.473923
18.260071
12.869028
16.385062
20.531259
19.228621
36.376924
26.786533
20.183732
19.453633
28.538079
13.842807
13.552828
13.190538
15.108135
24.330635
15.813947
13.598668
31.298873
12.550313
22.283738
23.419209
19.304936
24.091756
15.703034
18.060364
21.724791
31.951558
16.342266
17.657401
25.014478
14.885412
15.104163
24.721115
15.597041
14.013638
23.125243
22.138654
36.458577
14.079893
19.730129
16.962154
20.870128
15.757391
16.228449
18.169880
24.926618
12.226028
16.944390
18.358428
21.122270
28.796151
25.565118
14.807385
23.831318
20.364316
22.728072
30.168216
19.127819
16.623385
20.242369
18.898957
22.804322
36.487151
22.107943
17.149826
22.300076
22.061376
20.622243
20.444774
12.772795
17.693091
19.131697
28.578381
17.025853
34.927172
16.448727
15.891346
17.625844
14.641151
11.899321
14.116213
16.790026
13.611079
21.373491
26.033586
13.965307
19.093523
29.061672
13.038840
16.009788
14.251777
47.603631
17.218880
21.050433
22.064828
39.053986
15.164225
19.627002
17.343906
11.916139
26.870457
12.048970
17.132877
17.345359
19.794204
16.693986
15.623135
19.389544
20.213227
24.749410
22.539540
21.352937
18.370238
16.902492
20.592647
15.888334
32.062832
38.194876
21.719499
38.562423
12.877230
19.827882
23.811876
30.694775
47.762901
22.398881
18.334684
14.732843
16.541621
20.828104
11.902234
14.940264
32.752089
36.050422
15.317362
12.231215
15.362538
15.217899
33.659389
15.654719
15.348564
21.080969
20.829634
17.168090
17.069712
17.705339
27.336062
20.776636
15.348115
10.238660
13.929154
26.102747
32.144128
14.588988
11.431388
17.960804
30.767945
14.030118
19.542652
18.357411
20.975479
30.768145
21.585711
15.336841
17.383968
15.886065
22.088457
20.305778
13.780815
20.618963
23.981820
12.133251
17.473111
15.776667
11.214015
20.030143
23.670894
24.745351
25.203574
25.166000
31.618968
19.430790
16.597672
27.243547
24.631774
18.566416
19.545881
23.486631
25.059459
18.505205
17.567958
16.110809
16.988943
37.770301
15.384290
20.927121
25.674429
20.019945
18.556289
30.706911
22.500060
12.975162
19.093758
35.530818
26.284906
23.604737
17.651344
16.830636
14.261855
12.364750
10.827424
23.007738
15.135207
24.912944
21.812578
20.922273
24.314946
10.990646
25.885917
20.892844
11.176896
21.105882
11.965587
27.726768
16.922494
21.129641
26.289553
17.304654
21.808523
19.878900
24.197672
26.268793
9.879052
18.188933
46.565753
22.239758
19.622474
16.600899
16.731516
12.359891
18.593034
15.856386
12.975333
15.459706
18.192620
18.082571
15.752478
38.929698
21.405324
25.915608
18.953643
20.783858
16.104867
16.776004
18.416496
16.025986
38.493530
14.349943
26.307413
13.019430
30.252323
29.599853
12.041793
13.252044
27.094194
21.138373
15.213438
14.462485
20.609045
14.623275
14.449318
17.926073
13.178518
20.724030
21.815298
14.596081
25.675692
28.785063
22.170008
16.102559
19.947511
17.621325
20.719604
24.241183
18.103621
19.137326
9.742520
19.792304
15.754389
14.581159
28.174968
21.857302
20.859739
21.418220
27.499685
12.753174
20.064034
12.877750
21.530770
19.120518
23.126242
18.248182
25.666359
18.381607
41.973904
20.991516
16.513479
16.609005
28.604174
13.164343
14.411841
17.793444
26.278936
15.718660
15.501796
18.893932
19.866555
20.301537
19.538209
19.031918
22.259487
14.733251
21.664451
33.330055
24.997233
21.518856
23.789876
21.292578
22.927966
15.076884
19.828039
28.599017
19.267367
21.918829
23.370365
11.501188
22.543020
26.282554
13.280815
24.187521
21.622077
31.317484
21.978370
19.204667
19.037030
25.540588
29.515328
16.465994
14.933774
30.906440
19.310587
16.372127
35.923945
21.745625
18.242836
20.891232
25.269196
22.394198
41.994458
21.617004
15.019208
24.396095
14.658963
22.202207
22.735677
12.839055
14.452573
26.583195
17.155562
33.715287
17.599997
16.025468
17.513748
29.738997
11.887575
20.290793
22.447158
14.628032
35.134950
18.652489
13.292427
14.064432
21.993174
28.424041
35.049200
17.643348
18.387104
11.066508
19.363168
13.030690
20.829450
16.956425
13.181784
16.359999
62.606631
29.553354
35.156740
18.015022
22.173480
18.446838
24.346557
16.389044
19.854288
28.047160
32.602882
28.319895
14.615504
20.174501
12.073649
19.103181
12.427509
20.313143
10.535594
16.776652
17.358205
19.588231
36.719242
17.421688
22.446645
18.144084
19.477010
22.084971
14.004210
12.582659
17.344735
21.148897
11.901023
21.327317
15.425273
23.011801
15.910817
20.778524
22.272607
26.717657
40.923422
17.262972
19.668185
19.245592
22.928197
15.809531
20.248111
12.579489
15.401864
20.667180
19.147561
23.932774
17.457476
17.718624
23.851580
59.653732
22.106806
25.026459
23.691768
23.028098
12.244969
12.869534
29.338413
14.778795
17.351546
29.863576
16.977705
18.288088
42.658626
10.382162
13.742253
12.123442
14.812466
15.627182
35.329801
16.151576
14.662553
13.430494
13.802538
14.911215
28.135957
16.780923
15.424171
16.879832
13.562360
21.035722
23.842897
16.982341
18.165989
13.102655
17.903024
20.169372
19.932205
24.889708
21.747013
14.575390
19.537774
26.072484
16.800042
30.086169
23.787527
25.436838
14.450202
15.316750
27.783652
17.081213
21.469102
22.033171
18.743859
20.547128
20.946567
25.037358
17.316617
16.746557
23.031017
13.402891
19.289768
13.941231
27.042305
27.743235
17.004842
13.602329
18.686936
16.138559
24.237582
16.822369
26.686354
18.995016
22.199179
18.945163
17.075443
27.754698
15.151772
20.823456
15.940624
20.248104
32.365969
18.207800
36.387639
13.588373
16.412087
25.540194
35.139814
15.737500
16.141355
18.693675
20.385638
19.830188
18.031403
17.718044
15.952587
19.656751
21.501592
12.994995
25.100216
25.674297
21.209293
14.707432
29.272700
26.349552
17.609930
22.803765
24.390872
37.237219
12.752188
21.566311
31.104820
20.727271
17.780343
19.679919
17.187831
16.354619
22.642787
19.040748
22.332323
18.568859
21.651692
18.579506
23.085821
8.654642
24.473060
35.926750
19.107615
27.231850
22.074064
22.702225
17.261606
16.537097
26.076493
16.419221
23.884592
27.855412
25.093164
22.349883
17.441224
13.258800
15.537082
18.179328
12.417836
15.149728
19.145293
46.120747
20.969088
14.897671
18.367014
18.406293
19.365902
20.274060
14.670961
15.786824
16.723622
18.649626
22.148848
23.577735
20.565171
21.465794
20.738919
34.726392
17.646160
18.119289
14.825390
10.422199
27.697467
16.563353
22.364751
9.335185
16.941188
18.347496
14.091408
16.858514
17.609652
15.343942
11.825938
22.837252
15.900437
28.471668
18.942752
15.126230
25.988327
19.032003
16.759903
16.958334
16.154531
14.692160
34.145054
22.438624
19.988274
22.852257
15.537296
13.480517
29.254295
16.294806
12.945761
12.505622
18.717432
22.867433
15.874902
20.606024
28.745118
19.202504
28.327546
31.417315
18.689246
31.151205
22.846727
28.030179
18.972844
19.305338
32.455465
29.498028
13.089234
12.427493
24.582327
14.131483
24.855775
29.058617
29.014237
16.055697
25.267253
17.093977
40.587536
19.092941
19.632028
11.859855
11.759596
16.924021
12.823303
25.758092
13.420520
20.724112
20.258801
23.748287
21.858697
18.698598
15.585681
28.564597
16.021731
20.794207
26.574213
16.410317
57.477307
16.320302
16.869242
33.426116
17.833182
16.168545
18.573026
17.150504
27.778061
23.152669
14.776420
14.022119
21.942935
15.853836
19.732838
19.917742
22.846366
23.919306
14.729905
24.976640
20.316871
30.509444
25.225980
17.605303
22.066804
24.475655
23.872025
14.920230
19.385283
31.949773
18.349014
24.062680
18.709557
18.512238
10.840399
28.938490
17.561369
24.789747
37.026023
21.989752
24.045613
23.538556
26.768644
31.669337
14.633990
17.273276
21.364186
28.272662
25.781098
20.655722
15.432553
24.610707
22.686451
30.050394
21.415064
16.422170
30.689286
18.004345
15.692454
15.622133
22.066533
17.016925
26.536648
15.862403
11.133802
20.311685
32.963244
17.359749
16.774233
22.836916
28.616860
25.772572
30.719534
9.314960
16.166715
21.400158
31.665690
15.439378
13.144728
23.398427
31.647995
17.099268
24.557251
27.498979
19.442786
26.193918
22.704847
31.855298
11.631356
25.859491
22.714484
25.936152
23.575860
18.697553
29.776547
21.542357
24.508441
19.398435
23.708443
14.907109
15.493711
18.988980
19.913665
14.907996
24.554087
13.587780
20.544390
28.389575
21.359259
18.025857
36.974766
15.981360
17.953865
16.783301
17.639070
20.569324
19.036124
26.728467
28.170570
17.180255
30.010177
32.884367
34.484975
24.644385
16.219925
18.631135
25.068939
23.816526
25.728416
17.532048
21.386363
15.905895
20.326041
29.900237
26.094091
40.055578
16.621169
21.912656
18.761844
17.720714
10.323282
30.805802
18.064622
20.623952
13.714716
23.791943
19.195849
39.395184
24.240642
12.592656
19.527210
24.839497
15.208650
15.224854
19.696329
22.195024
15.733315
10.676819
16.050780
17.979483
19.590864
35.069505
18.337205
13.964993
12.394646
14.948382
21.797553
22.460390
25.179037
22.598151
29.253668
21.838676
35.614431
13.367170
20.220154
19.066636
20.123398
25.025565
24.026253
13.635805
19.098432
22.159740
19.942432
26.028507
17.110812
18.309261
20.021857
16.569228
20.589468
24.699673
22.279195
12.632453
16.641818
27.853100
22.027161
17.667321
18.802736
25.713505
24.892385
11.351740
14.433241
28.957145
29.702966
25.292027
15.861243
15.068244
26.031600
16.271306
23.774605
18.413553
30.525486
18.255399
22.145722
28.504936
23.152687
16.531852
39.792969
22.227335
16.836612
14.984141
23.799279
15.824679
23.930013
16.032452
26.166634
22.527414
22.168367
13.188336
23.098601
16.238874
15.960006
19.885696
13.787551
27.690589
19.690856
24.254298
17.500787
34.818139
16.379936
22.391784
16.265493
7.041159
13.176891
28.301156
14.750676
10.018320
27.195013
15.566772
23.941354
14.245319
45.188034
15.975103
14.199012
32.800895
24.886954
23.833397
23.874709
22.830315
24.486923
11.076732
12.931155
16.249371
13.536782
15.378293
58.227330
10.461752
37.809253
22.416908
21.658239
18.981255
19.449290
19.738210
24.230801
37.181860
8.459879
15.982444
15.036348
18.975558
15.436896
22.710374
35.100103
24.110347
18.720973
23.695659
20.813887
23.125501
21.983680
20.336523
17.969279
20.395364
21.514298
19.771916
28.112904
40.039403
34.644916
36.547748
18.100771
17.590851
22.305071
28.745581
16.024303
18.215451
17.249372
25.516512
12.644900
26.876846
24.322323
25.824130
24.302431
22.766692
13.312907
20.117983
41.556646
19.914820
18.478030
21.305826
31.221667
26.697890
23.740609
19.734366
19.555377
17.309656
19.402665
30.414243
24.000218
19.085982
23.787469
15.492012
34.856878
11.726953
22.784445
21.014469
14.449527
16.089230
16.535562
13.829176
21.219172
30.589633
32.502658
17.541137
27.877546
15.072350
27.324352
15.583132
19.818319
14.829496
36.287374
19.577132
18.804676
26.838411
17.612793
17.821923
13.846546
18.152259
21.945549
19.195249
16.524439
15.621256
21.382002
14.337494
16.439757
25.104320
18.731823
20.570322
16.318430
18.995703
14.802771
16.980403
17.090094
15.296002
28.339800
17.461161
19.307682
21.246922
18.045797
17.335019
49.503877
22.391168
16.487642
19.267780
22.389133
14.287577
16.334114
17.397255
25.899559
24.229144
23.566910
19.452816
21.290048
24.056444
43.494056
18.177734
16.316771
23.347901
20.280217
13.157853
17.774651
21.748204
16.754062
18.369958
19.744551
16.325664
19.796746
20.205031
17.290201
18.538213
17.870401
23.272519
21.561565
17.961351
32.320262
15.150752
16.826528
41.660624
13.763762
18.123242
15.915288
11.750049
17.986887
15.840873
28.181573
32.826013
14.445702
15.270570
18.781364
29.737660
22.032263
16.794161
19.980948
16.908367
23.691663
18.015124
17.491064
24.371424
12.519105
20.333353
26.146580
26.883988
24.323163
34.310684
24.041708
18.154527
17.322922
25.500967
24.916300
28.015360
17.074790
21.702831
22.004238
19.514536
19.837740
22.915088
15.207505
18.404928
18.187765
19.626240
16.121366
14.544767
18.439461
18.184273
19.510249
26.903520
15.512368
19.193447
36.774018
22.007557
32.140018
20.880472
30.011889
23.570146
19.228293
14.915859
13.067791
24.202997
19.593928
16.752235
19.522988
13.349160
17.914803
22.862456
13.019249
11.886567
17.800393
15.258951
19.833711
12.484046
15.013293
19.287354
23.805644
17.089903
39.570503
20.007272
27.810094
14.628596
31.853485
20.968463
17.093342
17.423105
16.766786
23.668529
24.796153
21.542733
15.249890
20.948844
23.117602
13.250674
17.843045
19.441832
18.238919
14.956595
28.206964
28.421340
17.608154
22.789319
16.018609
12.371590
20.803737
17.222232
17.513459
20.509452
24.376227
17.008624
19.221889
20.959821
17.617389
22.008679
16.992445
19.838955
28.853917
20.321961
22.780670
18.351625
23.325700
24.294840
24.561667
30.110322
21.300280
29.572877
20.314485
20.226756
14.446396
13.399938
8.958373
24.599687
23.271307
15.414945
19.586305
56.731408
21.385155
47.278959
13.782273
15.581643
20.900971
22.572121
15.152639
27.747862
14.522110
19.448800
20.257591
24.310159
13.710199
11.087967
19.889106
22.146907
15.108263
25.316467
25.788899
23.022080
20.172666
13.104613
27.103080
17.967084
19.647546
55.537167
12.935498
24.663710
25.717730
14.135742
18.298648
23.479096
24.794737
14.650236
19.247273
21.311355
26.845541
19.419664
24.725603
11.996092
16.058843
16.420774
13.315178
33.174585
21.740766
17.551162
18.745820
14.250573
13.033327
30.882801
17.073529
26.673064
20.024811
20.026707
22.574196
13.117846
14.033670
17.516104
17.314067
10.326674
29.311241
17.411676
24.337755
11.022045
16.261731
21.254798
19.988282
15.919483
22.152357
35.855611
15.360749
19.004775
32.105233
22.374307
19.390895
15.685265
33.421031
17.291620
25.329376
21.891718
20.378319
20.152393
23.454439
24.421846
17.033843
16.373902
24.158790
20.653884
29.719497
24.773692
26.591320
11.832906
13.594933
17.305338
26.177915
23.514533
21.707285
13.314655
12.996371
13.615161
22.440679
20.314566
32.169516
20.421687
15.041497
19.740107
24.941068
22.865742
21.038663
14.530299
24.838909
25.532378
16.716945
14.882283
19.531021
13.508067
16.838361
29.808329
19.485091
14.990833
14.612422
13.857493
19.570230
13.042071
18.934847
22.232014
9.858245
10.967117
27.206044
13.858209
28.565741
12.044865
11.292657
21.549181
13.170726
26.336287
28.474174
23.936064
18.357891
25.117974
21.328509
31.467691
13.587433
23.597397
19.256197
14.275136
16.815591
17.998166
19.738284
13.846965
11.761907
14.711012
12.243253
23.278463
24.675464
14.241816
33.714112
13.746229
33.661479
31.104078
16.723910
11.946272
13.595923
13.742637
29.901596
16.863448
17.752508
12.664774
16.757585
15.728218
23.589549
25.074926
30.512412
16.592945
29.024176
22.046150
28.155884
18.060207
12.825345
16.127311
22.809160
11.240276
14.368518
15.545996
20.576905
21.278857
15.781335
16.152515
33.932547
12.234467
12.463661
18.723917
24.741949
23.124702
26.689947
17.790930
46.113923
16.329103
18.339007
23.899123
12.039992
12.566793
15.802263
18.750193
16.988905
20.505297
19.234952
20.613062
33.377064
17.899850
23.938135
21.108056
18.744030
30.105987
24.196525
11.675564
14.851563
9.814565
21.606944
29.415091
17.350446
24.009876
15.334990
17.685701
27.035490
14.639851
20.729408
16.977729
43.188038
19.065721
10.584156
25.796204
23.458773
13.119320
17.923273
22.006147
19.496404
27.015212
19.204419
29.562442
21.075178
24.779341
20.733353
38.991738
13.703275
22.582922
11.618844
15.678885
22.251160
17.115855
34.057788
15.757480
23.376550
20.590495
16.104415
21.771609
22.457569
15.202711
25.847018
10.714629
18.609038
21.696057
11.988620
15.746771
16.837642
12.712575
18.593668
19.747037
46.615308
33.208050
36.113965
26.465074
32.171539
15.083215
28.202677
22.126611
20.795836
19.104217
8.222465
22.758084
18.628922
13.579109
23.447999
27.490064
60.951584
29.853038
16.929063
16.400449
14.902067
12.872236
35.676475
18.735555
17.020914
12.873756
13.792239
18.651809
29.636177
21.904009
25.193308
20.465469
14.128393
18.602858
20.771587
15.717856
26.599343
13.636860
28.880441
24.621763
23.844985
19.632379
16.802481
22.332393
21.532480
14.573937
30.543263
19.115275
24.245543
22.254232
18.346491
26.358241
20.093511
19.062623
11.897903
10.303775
12.583381
18.624989
30.618726
30.460625
20.109220
30.621534
26.088641
16.865857
24.018521
20.120245
18.995773
18.190047
37.891906
21.377540
12.511497
38.930375
22.833960
22.167429
19.396862
21.139276
17.983576
18.556474
22.965671
17.154724
31.249719
13.830454
14.960928
16.090929
10.417850
18.158384
22.646710
15.787480
22.735800
16.408769
14.951895
17.539581
31.061453
16.842448
16.383184
13.093135
19.328736
18.322699
20.563562
20.650751
21.746391
30.850806
18.084616
16.278799
20.343420
23.614212
15.113534
23.463986
23.008612
29.208793
9.504188
27.047850
29.157523
33.088049
17.103359
24.219564
18.445191
14.870246
31.870475
16.679064
19.817163
12.755427
25.212572
15.206005
36.539746
20.718964
12.646939
26.980334
34.621845
31.639409
15.496990
27.034760
17.224167
15.008637
25.600309
10.763514
29.728502
17.553384
26.590108
17.943133
26.566533
20.588949
12.365863
42.147816
18.938767
14.051769
28.931568
14.779298
16.674017
17.947349
38.459585
22.576575
16.967694
13.065871
18.874472
12.890302
57.678229
13.598483
15.495643
15.586329
16.304842
21.505022
21.022571
20.905388
23.982580
15.388053
18.454146
25.446138
35.407592
18.331182
18.832274
21.846457
27.680360
20.689900
15.453077
21.335176
13.083201
36.435344
20.638237
16.970786
17.857161
17.168956
15.251363
14.145229
17.590264
22.795334
17.550272
15.897245
19.018598
16.080258
17.156915
18.588499
33.785738
25.347451
16.692377
17.458917
21.795233
18.090283
24.534615
26.866533
14.245006
23.255797
18.158631
25.383496
44.907992
16.000263
11.329386
23.171498
28.064505
16.117948
19.279346
17.748031
12.133798
22.774966
15.594574
29.261184
15.633878
25.507569
25.995265
17.865153
13.277982
21.882421
34.364579
16.831799
15.244410
15.243161
14.706269
21.999147
19.889598
21.037135
28.683229
22.544076
22.780688
21.755685
34.571701
18.046393
19.430982
22.446014
25.212913
17.915919
31.268611
18.587937
22.358939
19.218627
29.501889
19.589182
20.777645
32.066206
24.124402
13.864806
19.841389
18.692903
25.292056
21.336227
17.359411
23.523114
22.484236
16.640708
20.887716
15.899093
26.409737
19.257027
9.490727
21.089061
26.426449
19.393511
23.109359
14.744028
55.574289
23.113395
18.700146
29.813200
44.417608
15.741690
14.786364
39.620768
13.374072
20.397208
16.768180
22.225332
18.748128
16.625858
28.572825
16.837158
12.944195
24.105650
16.278600
21.610017
17.522734
35.393431
12.302970
32.131460
16.542048
20.231664
28.121728
9.971105
21.686203
18.773636
33.994724
14.715098
23.612267
15.946365
24.923799
22.509269
21.465322
32.424334
11.669752
21.462341
11.886501
17.285188
23.983692
15.713848
18.609700
18.852569
27.130367
19.219104
22.539276
21.160862
17.350883
26.097390
22.937315
19.682583
18.424268
27.460450
16.834848
22.317702
27.884334
19.760817
19.745389
18.429571
19.982083
17.001879
19.577635
21.243116
34.480160
16.351435
10.944273
16.558293
42.578938
40.406362
18.544842
16.033190
17.163293
15.943933
29.384490
19.980528
21.113088
34.960933
15.881777
10.780868
19.739916
12.927136
18.544750
31.822334
20.121399
24.621663
16.503429
27.344253
25.416958
12.410111
22.082544
11.861955
34.287719
11.938850
21.640971
15.758934
23.552651
17.941841
15.881578
16.392385
17.077353
30.489929
18.323132
27.546625
19.603562
12.645377
17.599795
24.916413
25.276819
31.266834
20.602099
24.876148
15.422659
18.291858
19.266494
18.785901
11.789542
16.720582
15.452250
26.126510
18.471069
40.778113
9.968305
15.644928
24.169079
19.500973
15.051795
31.372977
20.646977
15.740964
29.497168
20.795749
12.309352
19.383300
30.944832
18.446449
20.247825
12.325489
18.875891
16.508839
22.314201
12.775628
14.472985
20.248958
22.389467
21.550604
22.295412
24.062357
22.461470
21.058418
27.842538
17.505362
11.651915
10.214818
15.119823
25.929176
21.917189
17.747269
20.159149
16.217683
23.367547
13.656397
23.157694
28.537992
22.046894
32.467973
14.923119
15.177516
20.928606
45.471742
19.691505
16.053184
10.902175
18.423571
27.182189
10.049404
13.180438
13.319414
26.579457
15.273724
20.755090
13.413327
25.252020
24.587677
23.961868
31.205880
18.866738
19.958933
8.378465
23.892724
13.321752
19.390269
36.331427
22.786589
11.120154
15.885506
16.422069
19.945670
19.858546
23.119686
20.321696
15.456394
23.494511
16.123758
22.785157
25.151737
19.253942
23.964473
26.032117
23.967591
17.814275
17.914913
26.450723
12.831600
24.007041
14.368022
16.656481
14.270661
16.194670
21.920935
22.661377
18.762176
16.680922
15.259093
21.220353
19.981768
19.242582
39.150716
22.434503
15.106151
20.387320
18.303200
18.304606
43.546471
15.786009
19.761532
23.489698
16.192608
22.854666
16.340521
26.478829
25.936818
25.822160
27.336455
15.695609
17.562160
48.221957
17.815244
27.214934
16.711736
29.949829
18.392518
24.684238
16.389905
