22.221647
6.866627
15.427332
13.602675
27.077571
13.220021
28.100628
21.445219
12.088729
23.674671
11.214375
12.010502
14.309300
21.902106
12.640140
12.556861
17.347259
18.640127
14.520638
5.969192
10.053565
8.156973
4.766139
9.634600
10.392482
20.692461
5.714195
4.432831
26.354689
28.872334
10.301624
14.262057
10.910813
7.796795
7.979383
10.789218
8.272797
17.482800
16.953054
5.825060
5.121089
4.211754
5.133267
28.395792
20.937455
18.205362
25.453258
10.047844
15.690535
9.039568
19.538559
25.001055
8.179436
11.116100
7.775003
6.783244
10.006665
15.247235
9.476448
51.100708
15.689463
23.737090
8.724445
14.133549
11.621145
11.606468
7.576812
29.678123
5.343640
5.613850
9.970869
13.311149
4.840405
13.527343
10.269512
6.374107
7.497448
7.634115
12.500317
34.004980
5.583556
22.051594
25.124726
36.863002
6.206349
14.393007
10.972363
23.809199
11.562335
6.250264
16.301103
36.425317
18.819535
9.803073
11.758034
6.576809
5.842384
28.729695
8.345393
7.972047
8.465994
13.014356
10.344017
25.665165
16.639084
11.600647
8.347910
6.898974
28.872953
14.852727
23.720375
4.772223
8.700955
4.570247
9.672584
10.763456
33.556207
38.837616
12.710046
11.492112
7.558619
6.635489
17.080550
28.830926
17.893117
40.706549
17.818933
11.861598
25.644028
22.134179
7.126000
2.890869
10.736792
12.701205
14.139636
10.534327
8.962697
19.721983
13.666137
23.659276
6.130390
2.130044
36.454978
12.400028
25.641659
8.309926
9.310708
9.737046
10.219996
14.069317
24.572698
9.606914
10.676726
14.211507
4.191550
7.808828
12.649119
12.659291
13.055663
24.425878
10.624575
13.359702
4.252684
6.266558
7.016828
5.390369
3.045513
6.503476
11.077357
26.716244
8.457422
12.352364
11.867907
26.244919
18.684339
8.365953
13.232740
17.133928
10.131583
21.871158
6.610293
3.345726
4.716067
30.186312
34.214332
22.312676
16.636382
15.227124
39.971974
47.533461
11.638931
7.988709
9.975001
5.783254
3.599388
6.626612
10.413971
7.994540
8.965984
7.806458
17.227420
36.887727
5.410290
16.462446
17.001481
27.970435
18.151188
7.099557
16.836957
21.784702
8.867911
14.067876
37.177619
21.644399
19.381654
11.220517
10.240812
7.215629
9.471349
17.688469
39.043864
16.091636
24.628255
20.063448
14.026305
13.012650
14.899463
15.391932
10.984612
12.923109
22.622926
5.764119
9.002982
36.547145
24.513357
18.227860
7.680431
16.408261
5.858199
7.221448
26.870998
9.328429
20.654704
22.108506
17.192210
12.225599
20.266275
18.626235
19.991340
16.942028
16.020678
15.898415
8.341101
7.924630
6.878839
6.350889
16.228696
7.379691
40.212899
16.482007
30.209883
12.476933
7.437849
16.405147
18.404082
9.391776
22.527795
19.824665
13.560244
34.568879
13.266059
14.504311
19.065396
13.554795
30.935249
18.038768
11.143247
22.834028
14.104297
17.070564
22.823698
17.309049
14.955278
7.801168
9.115661
14.154371
5.943311
12.202309
38.139367
7.858587
7.866551
7.786139
14.740151
7.961523
17.631482
14.663503
5.416879
16.851307
8.513982
21.308609
24.206914
18.083123
24.143393
19.511849
28.626751
45.500918
8.397579
25.289747
12.744537
31.826884
21.080140
9.877769
12.582086
19.772279
5.055343
9.649522
47.018124
14.783375
15.370724
22.097637
15.194125
12.615751
17.615320
13.587195
10.302776
14.064044
12.932444
10.932818
20.851092
18.535618
39.432589
11.388967
22.237909
26.924732
12.219662
5.848397
38.673248
16.015340
13.729579
14.865336
13.376391
7.696749
4.601102
14.069835
11.159251
21.900876
35.134613
19.245929
11.669579
21.170870
9.795529
10.706248
27.014254
21.095175
16.909466
12.641770
17.459712
8.063010
19.671741
15.732814
15.691759
5.810230
11.569441
34.552546
4.242702
3.846078
29.694506
8.920887
9.538806
3.148300
21.872926
11.695082
14.538669
20.056224
29.972029
13.559429
8.456714
14.541324
15.004493
4.743821
8.641731
31.316300
38.895086
12.045597
26.279041
13.615570
7.481565
27.920595
7.406667
20.009606
15.911883
23.689874
11.686170
7.872378
9.130038
7.472531
7.531811
6.842844
3.592157
19.088763
9.679445
40.713942
30.323981
15.129304
15.076509
7.092815
33.676684
16.334545
14.543030
13.186775
22.943227
10.189773
9.428048
29.977926
16.341355
7.259454
7.088404
32.569988
10.021920
23.635869
23.178789
32.983489
26.198366
31.646932
14.008719
15.042790
9.120144
32.764053
7.461394
12.180365
24.075379
47.875809
12.952555
22.226702
6.443803
13.449445
17.988326
32.970254
6.598658
14.953064
7.895487
9.368763
5.334372
9.596005
27.168984
15.576099
10.929498
27.654213
14.858107
20.144653
32.528113
16.530981
12.944054
12.441287
18.710117
12.260415
12.597211
30.871211
7.136222
17.995179
24.590959
23.392021
13.075030
11.747553
6.276085
6.702914
13.807523
19.271350
46.618624
6.466123
8.237480
12.585419
24.946096
9.932774
33.811421
8.554867
9.117172
12.691285
9.776401
5.319073
8.023472
34.936759
23.173476
24.627109
15.707252
19.844351
19.866258
29.539092
10.750898
23.024061
13.185849
14.923209
11.580769
6.289036
22.826681
4.556613
13.542071
12.579284
12.829331
7.353733
25.368115
29.683014
13.458827
14.562997
8.152602
25.933408
9.408126
13.845497
12.159101
13.778759
15.338226
5.250000
13.152410
19.039475
17.461433
14.845229
8.502760
10.546410
15.017910
14.165366
6.556236
9.313581
20.230245
9.962534
16.116720
10.535888
10.366740
8.029513
20.369232
24.326921
21.510139
22.384910
11.671570
8.393184
8.968726
17.710004
12.510653
6.402337
11.081686
13.880450
10.372880
22.545201
17.710808
13.017537
11.513687
9.385459
21.576996
16.605388
7.274287
6.585733
8.329556
10.084420
11.132183
15.701460
10.511759
6.780013
13.175348
8.046314
14.769413
31.942827
20.510660
12.634283
21.397024
7.497891
15.615511
6.781423
12.078439
8.733263
7.860580
13.006625
10.164633
22.366050
13.187946
17.039359
31.867085
26.132209
14.585525
42.777496
33.618895
6.833021
7.703337
17.962341
9.599032
9.544237
13.423661
15.626866
21.301545
17.566317
42.693297
4.387034
11.668861
17.097504
11.441685
6.028939
15.323168
7.824690
23.391412
35.454562
15.363817
16.451104
4.728323
17.060033
18.935598
27.607260
10.964659
22.210086
6.755950
15.931410
8.743676
19.147397
10.156229
11.215365
11.324516
7.120683
15.003748
18.516930
7.986834
15.594209
15.701363
5.235956
13.405817
16.979704
16.750403
20.646432
16.011260
15.307416
13.026610
38.800280
8.937753
17.455715
14.464742
16.839241
25.627733
12.702369
6.059729
11.746848
8.202882
21.854462
12.991170
8.773010
17.146578
6.400767
12.523613
12.020048
15.027741
6.826594
9.415577
10.561029
24.019512
13.288919
8.442427
17.966398
27.158585
4.482521
15.683798
12.266237
22.753981
10.629833
28.273843
23.011960
15.111716
25.243395
9.217183
17.516577
6.606846
4.977526
30.182870
18.091923
3.468919
12.286325
11.496809
7.617106
7.643554
5.546743
35.820413
7.835057
12.441554
26.351121
28.548555
16.345697
16.628036
23.736776
8.489373
7.204017
23.776492
15.689834
7.777957
6.474149
17.042352
35.038987
11.779075
17.752079
44.158449
33.733862
9.124320
10.249518
16.063812
17.688486
15.129778
17.616837
7.261374
7.885810
15.940051
16.712810
27.835378
13.196774
13.399907
8.819961
21.745384
23.329457
5.454801
14.337219
21.460631
29.430740
8.039019
23.217068
12.881698
18.997695
3.779316
15.191771
22.923566
6.990895
9.348331
8.495804
16.501632
9.393393
12.181123
5.878041
16.255912
20.545585
18.108512
16.117466
15.075515
11.700929
14.343248
14.180917
29.514248
4.416513
3.608248
26.332599
10.239183
9.464272
8.581485
16.724485
10.465407
6.929742
18.647301
23.746543
16.469585
22.707945
19.936580
5.846662
33.839843
13.170188
5.394320
10.449487
13.026446
7.154064
10.217774
10.799016
17.644012
13.223914
25.235691
14.696623
44.475969
14.166116
16.396987
10.465751
6.570303
15.618491
10.627188
30.267682
8.817083
17.371970
42.589671
25.708384
16.274366
6.101862
11.613283
19.341913
15.199007
23.714454
11.255702
7.354252
28.567017
15.880911
16.145697
12.146235
40.100404
8.129207
11.652490
7.873563
12.911698
14.253046
32.982588
11.003078
6.769988
8.276116
12.640675
11.227282
29.944842
19.088370
8.973028
10.630380
33.695293
8.485059
17.832160
19.728180
12.184673
14.275464
9.779116
15.575653
8.750045
9.380556
34.998584
26.628707
12.776794
8.572109
10.463144
22.006457
22.518032
11.836578
10.264897
23.703634
9.997122
11.670087
37.102502
11.864424
12.513819
7.775173
5.642322
18.614544
7.587685
5.003155
15.921828
8.969567
14.739630
14.396503
17.421095
7.276073
13.761921
5.591477
11.031511
7.420089
16.023218
4.103730
8.475836
24.248469
16.244299
18.195264
8.198887
5.090668
16.307269
17.811175
13.373598
11.047308
20.853189
9.879587
16.909800
16.704258
8.313989
15.882180
19.961388
14.616576
17.612268
29.158939
16.242839
16.519165
12.217062
17.995058
24.517734
11.823092
5.460147
11.678973
26.365967
8.378598
6.217632
11.910880
21.627296
31.214628
20.457307
10.223833
6.003716
15.206753
6.821968
11.094988
9.116601
17.431554
6.575547
7.437068
4.336974
8.271136
22.917205
30.247340
12.408957
23.241293
22.785636
29.121522
12.458789
13.541565
19.886570
24.338578
10.672376
12.841882
15.589830
9.641668
8.993207
16.239593
6.719683
10.033652
9.890825
13.124130
19.182704
14.560080
7.056296
24.878131
51.900899
12.313794
15.656566
21.478285
14.288114
8.042351
7.517604
26.495395
15.542335
26.491442
14.276409
16.710089
15.879358
18.264203
3.859006
14.040685
15.853396
8.378978
14.565964
24.966171
5.477692
11.645252
7.735367
11.429144
4.745435
12.518555
15.471505
23.953550
23.471690
16.661757
10.050659
15.827422
22.032744
9.480928
8.826944
19.994722
19.752403
19.473057
11.073275
11.042461
16.196206
22.171962
42.281333
22.476109
12.858680
7.071301
11.989362
16.971644
16.332006
37.895432
45.860401
15.846363
4.605222
10.171072
20.482352
6.882703
10.595686
13.673897
13.100092
21.727666
19.069143
13.922732
17.495781
25.482414
13.426561
19.726664
5.323404
10.161891
14.888197
23.264432
12.452530
2.905918
7.956919
23.716844
6.074176
7.881373
20.931453
11.648178
9.256190
22.788045
15.401296
26.707264
5.213912
14.104319
18.917944
32.058669
19.324593
14.100846
14.797384
7.716777
5.241423
63.234308
4.639292
17.944062
4.313604
7.559588
15.680727
24.341799
19.694521
12.282183
7.365003
9.098097
14.131361
20.003840
12.203235
12.684922
11.495334
10.182224
12.944311
9.244751
10.452499
6.942359
6.902760
15.917072
15.612808
13.728370
15.401771
11.749443
23.816133
6.547547
8.628640
5.724113
24.784704
18.537175
43.672503
29.780966
3.392750
27.093775
13.578528
15.795522
9.427615
31.258062
6.967861
10.184393
5.424144
19.129850
43.863718
6.567790
9.818587
8.525510
10.598407
15.091214
11.181803
5.530484
13.585446
22.527013
11.001271
15.951620
12.791066
12.947311
9.095184
8.215380
12.374719
14.670657
13.652533
24.498848
11.978678
9.318440
5.941044
10.266869
18.778952
14.634510
15.927988
11.374793
11.185868
23.384122
8.660912
23.042345
5.357501
4.506931
13.864172
11.436357
28.215387
24.225389
7.592224
8.426731
4.085450
12.340953
13.195063
7.175168
9.421065
24.205950
15.245547
11.570809
11.668431
8.157398
21.429403
11.022216
17.463103
15.390176
12.360643
29.188922
11.175054
8.767999
23.018906
12.422374
10.634177
31.008380
21.023638
8.911932
22.638847
22.516509
10.107881
26.960087
32.796739
16.486482
6.157036
11.392762
9.482569
19.676468
10.914449
9.096356
19.881200
20.292247
10.886558
10.160122
6.742812
12.097524
19.956975
27.083061
42.312069
16.466945
8.429861
20.342602
14.775493
16.089977
18.225395
8.914567
13.204701
20.304145
8.888120
8.557672
21.824500
18.876405
19.842331
21.693919
10.003948
12.456892
19.685242
23.882531
18.251343
28.294165
8.255357
18.291743
8.490816
15.456987
5.598622
5.870682
8.036842
15.759858
21.707125
7.734742
4.142758
21.279828
7.787598
10.691352
11.137405
10.035429
23.847243
21.393561
13.323696
18.057900
25.432834
3.952641
7.093908
18.590499
15.855447
20.376593
16.479268
29.849517
12.462793
6.578543
10.549287
19.405920
5.454589
17.791005
7.469065
8.384186
15.076281
13.790692
16.268308
5.054491
6.376649
22.043653
8.218774
26.680039
15.502251
22.555063
13.184929
9.816756
26.555934
13.134913
11.347074
16.113917
8.439409
25.251037
12.069602
13.296893
15.586210
19.846622
9.753418
16.500738
14.864748
14.159197
8.354685
15.181928
11.921955
13.318720
10.874385
6.952017
18.610390
19.167330
7.337233
8.801114
15.707576
11.277287
16.274981
9.017383
25.369231
9.682176
23.465389
15.457540
8.286730
19.248585
6.474210
5.790941
17.497371
22.346376
16.648773
16.643182
25.708379
5.633808
8.863392
22.936101
21.078302
9.838531
7.864059
24.608531
22.362062
6.160976
8.454516
9.842276
12.025234
15.974571
58.942655
7.420740
19.268823
15.290518
11.580057
5.677458
7.561814
6.646710
6.975737
27.699118
10.451364
23.595083
19.372732
11.920360
9.009820
10.250229
7.233458
10.063159
6.776579
11.961830
12.288268
33.129242
12.241395
21.996331
15.327068
14.011562
12.281962
26.124342
14.263729
14.758066
7.918702
18.193113
23.239675
14.798545
6.753001
7.947252
12.732441
10.637875
19.372940
5.356579
25.426945
17.674272
13.632568
17.499184
18.656134
9.712295
5.327666
43.201597
11.987920
22.901166
15.369588
16.330725
17.392960
21.432413
16.308243
14.850580
17.523140
23.527403
9.283395
11.706294
40.187187
16.694553
12.066908
12.441594
9.368671
21.830243
16.558943
14.828220
12.116573
12.264714
13.217714
13.058130
13.279750
8.246005
18.637849
20.164689
4.355157
11.787062
17.781680
18.027323
23.188308
14.627229
24.414147
6.418984
16.723134
14.815633
11.732184
15.178404
17.055480
29.229429
9.780476
21.409755
16.812708
15.275373
12.342019
16.769351
17.303980
13.273100
6.588669
5.727125
9.338123
25.464584
26.404642
16.378510
17.785926
19.750097
13.075836
3.761162
8.831389
9.318601
18.621002
16.779475
13.465731
14.076363
11.341152
12.688535
6.634188
15.768052
16.078203
13.969434
11.290405
16.233506
38.258158
12.139917
7.976630
26.893097
13.939322
20.422276
17.775138
33.588806
14.736788
25.768824
11.251525
8.714004
13.579684
13.447873
13.978564
6.996391
47.777216
30.637777
39.331743
15.145760
25.996694
22.331352
41.523228
17.453290
7.186596
16.311593
12.151906
21.747588
6.416841
10.469352
17.437182
10.129456
3.371998
27.795689
16.945044
13.576187
11.640184
5.319727
25.453755
15.369913
14.552946
26.795943
17.734778
14.638673
34.081972
22.308842
3.237123
11.829464
11.809192
11.175199
13.458761
33.671486
17.374526
16.856545
11.149376
10.719604
15.469755
7.253724
5.065505
8.801455
21.138864
23.977654
28.325073
12.352554
13.283628
9.918686
16.904932
11.103705
7.686221
10.254034
18.537534
14.986647
11.651975
19.895955
14.919418
21.965355
12.347626
14.040827
12.436508
33.391646
14.011284
14.700704
21.689255
24.230869
15.121465
13.621739
19.651590
24.946614
18.106980
18.025430
13.157961
23.584786
24.229479
22.116838
9.343269
10.016023
32.920452
13.795284
21.547191
22.142723
11.397180
11.416981
12.083251
14.258256
13.753324
16.225156
9.361906
32.259643
22.097425
12.869762
18.804556
21.361288
38.295492
36.095114
40.294801
8.235707
6.626223
17.393338
16.577044
9.527051
31.484750
11.218714
13.667692
14.057634
13.112163
15.171746
5.899599
9.147901
6.080704
11.548768
22.455084
6.363942
6.692245
17.299946
22.665310
12.380087
12.730606
5.756463
5.550351
32.541902
33.487895
7.082509
10.603524
4.608208
6.906741
10.645275
12.457037
19.896787
24.142598
7.370743
11.302557
16.182151
10.589180
6.696327
11.927869
19.100359
13.721940
6.649462
10.818416
21.984026
15.093467
10.391422
8.500272
14.426802
8.361283
10.420680
19.603430
22.963755
28.902778
30.439003
18.192652
7.886394
6.261154
10.108321
20.936121
12.586004
13.412544
14.205558
6.258062
18.137679
7.667658
18.695268
16.328378
16.891161
40.413071
16.231340
15.462827
17.292816
23.648405
9.914402
15.654033
25.790385
20.811744
11.433741
4.774878
18.378508
23.952446
10.594587
9.651304
31.098916
12.023398
12.899885
14.988855
7.694280
13.031885
22.171385
10.810909
8.633866
14.726331
11.467659
22.400851
17.823981
6.471928
10.082699
29.032696
21.370602
15.424797
15.620737
25.939704
10.640825
8.208525
3.849743
9.097039
7.057887
17.769784
17.071417
52.603684
30.929655
11.872326
22.319731
3.108305
14.808269
21.825405
14.688649
14.754560
27.108251
9.849007
6.529816
10.320331
13.299372
21.481821
7.452597
14.409402
7.205893
24.574995
12.443864
6.521179
5.368621
8.421902
14.229870
11.062111
11.451240
12.505020
14.477803
18.757478
12.774842
16.271717
15.443695
15.609705
12.473814
14.946147
14.673125
14.897170
75.538912
13.927947
22.572269
7.907971
25.931821
3.489834
4.322229
9.951499
20.278396
25.423300
15.941109
5.451146
13.794471
25.266361
18.888098
9.944907
24.750626
3.076201
5.724214
13.561681
18.995152
21.051858
13.295326
10.146823
9.268390
45.134389
13.162961
28.810919
7.333615
13.938326
18.791894
21.627785
14.685693
34.764875
11.457633
11.156785
11.661751
7.912906
14.488277
20.560829
18.855622
14.927148
17.382743
8.193241
6.950370
12.165274
17.709533
9.569967
10.766883
26.583840
20.277901
16.169212
6.990381
4.258431
10.264252
10.478529
27.944762
9.325192
4.899808
11.995761
10.783881
20.293273
8.835162
13.014742
4.331038
3.956511
46.301750
22.592166
12.860721
21.126852
13.704123
8.619547
15.264159
27.731381
8.525226
32.445307
35.198148
12.022764
9.957666
16.020221
14.595423
14.623774
16.377251
19.704569
25.803629
28.097144
10.973865
8.061619
10.392268
23.085528
13.221769
13.279900
22.816786
8.612770
15.603477
21.699558
17.977162
13.118384
22.872859
22.615832
26.624865
6.278268
17.674380
33.622713
14.414993
5.495630
3.289169
10.726976
17.933194
29.538695
15.883629
6.856632
23.039880
15.230581
6.651817
12.876676
12.345475
14.805602
32.917588
39.701755
12.199372
13.623847
12.090052
21.957658
24.668895
7.910245
8.333421
63.717336
5.679521
3.613105
43.857253
37.589941
6.676954
6.284146
4.700128
12.174452
4.474141
11.028649
18.494138
11.670144
30.586891
39.231414
30.206689
19.752240
8.898580
4.342068
4.490053
12.011589
5.587172
13.058375
7.806681
45.398874
12.148016
16.379975
16.975751
7.447525
9.892375
15.188698
19.465584
9.513316
10.412410
36.235480
22.542032
41.672944
15.346691
20.376401
21.174804
10.444083
13.831345
14.872924
11.538209
5.664453
13.455477
32.354125
6.920348
10.585696
6.695661
8.416215
8.841148
12.647417
9.055153
18.348791
8.922001
9.640573
12.719035
17.769219
34.177827
40.855812
10.493360
16.878312
14.235256
20.527963
17.532373
18.088511
22.207841
9.587714
10.116496
12.395031
6.944877
4.735524
19.469943
22.425977
13.402788
18.472312
12.498936
10.030341
8.421469
32.698989
21.955958
14.984941
26.703228
5.690052
3.493798
25.573519
7.465313
9.254586
11.040761
25.982169
16.855995
24.661435
5.328730
16.748659
11.524520
15.918159
14.781253
18.600215
7.560705
17.302856
24.845736
9.154887
17.331972
11.953311
6.610076
10.219341
10.265126
6.823923
14.839441
14.949373
10.809388
23.896722
35.292751
13.223294
21.412520
22.637179
12.767385
7.911885
31.876224
9.900867
30.746328
8.704892
13.016187
6.592599
11.959173
12.382427
6.587097
8.006737
13.582642
50.875057
20.428133
13.359489
25.005173
5.067483
14.787450
22.782231
12.905612
8.443832
17.435978
16.597480
6.390247
37.172382
28.401394
15.650166
9.753198
27.618581
32.746565
10.504596
17.151960
21.663970
10.289517
7.739295
9.454316
49.740726
10.806745
11.438182
5.852507
8.418699
39.880507
11.453032
9.489428
11.956211
4.911074
19.413579
16.145839
17.763799
5.364336
16.484607
18.978473
20.170809
7.709067
10.375344
5.862373
6.759109
13.945208
14.815895
14.403410
4.700852
25.453425
37.121451
12.997693
9.735807
12.430252
8.346436
14.512115
7.197179
4.469334
8.292461
13.769998
23.180094
21.236854
6.243090
5.267804
30.581997
23.999448
34.827663
21.646666
6.899095
11.485949
24.084881
7.324955
23.607245
21.264898
10.997239
10.459474
12.553761
9.407747
19.401769
9.386242
14.602791
4.277810
15.890179
18.430280
38.169885
40.499677
26.096992
31.106599
17.919766
13.887543
21.935451
20.076266
22.855948
13.691637
25.065093
4.431363
30.532787
23.116665
12.032842
13.571624
38.085908
15.712378
23.548377
10.430052
15.987877
13.421237
7.229867
10.574155
11.373672
40.824784
8.604907
18.702274
15.050549
15.804946
10.916798
22.123411
11.120349
29.154289
32.119168
34.273709
5.441966
7.044678
27.917360
15.378991
11.948937
31.171229
26.768769
24.612372
17.923732
5.531274
16.789062
11.267087
22.335759
4.601924
13.533413
25.165182
32.197200
13.351314
16.897772
9.112036
36.486965
9.851905
11.226411
19.601964
8.919982
4.075247
14.120012
20.179219
18.692004
8.199681
7.815818
13.876442
32.202965
7.475416
8.600145
11.686417
17.677130
5.221110
9.596705
23.393495
8.421830
12.794066
4.745749
7.007188
25.310762
15.752718
11.439254
14.391763
44.586859
22.472447
7.323623
7.064636
10.632108
13.769831
18.659376
28.716594
13.612363
18.599320
29.697263
27.916036
24.512554
9.280002
37.658805
17.121059
24.491345
13.843283
12.700533
11.880455
16.080920
24.141961
14.701251
27.217336
19.888333
8.448220
15.249358
17.640849
17.003074
16.215024
7.784334
10.161643
33.052247
12.013226
9.166657
14.962636
8.051981
15.866671
6.133396
6.410710
13.473994
5.380927
8.040845
33.480697
8.753250
14.716825
25.549877
13.988844
19.842620
25.165728
9.889712
16.104186
20.331547
25.232100
15.789309
11.680593
8.520425
5.793044
23.339484
33.587783
11.320739
9.627634
19.433883
3.400531
9.248585
15.025988
7.504970
13.994238
6.473924
10.149788
6.321789
9.587457
27.716666
18.474359
9.468570
8.557385
13.820539
7.242532
44.123649
8.663936
12.422438
28.925547
21.508163
10.120871
19.818164
22.090421
12.820949
19.374341
16.102839
17.023220
11.879948
4.805934
2.460731
10.118216
7.972113
28.070388
14.354459
6.822441
6.680120
9.268279
8.477095
9.779088
6.993306
10.718466
20.885795
19.082361
14.979141
9.658359
10.810707
23.077026
31.072329
22.566862
23.070237
4.328386
9.854343
15.024729
7.502851
6.323614
10.589763
22.973469
10.061200
9.900305
23.326581
14.286459
6.708999
10.261831
4.907488
13.620848
21.958369
7.723747
10.241967
20.806832
7.056800
12.324754
5.857916
6.630592
8.626919
19.807442
25.602588
24.230127
17.061796
11.146012
14.752596
11.458591
8.608930
7.799978
9.262978
6.392266
38.039008
17.981539
12.552764
6.548042
7.864486
6.987993
13.215368
5.252987
22.650528
15.886964
14.803717
3.718288
6.610397
26.379170
6.920651
4.692192
19.839679
13.056567
31.269945
12.046981
36.057672
18.525463
5.211002
11.539277
27.258244
21.019403
5.074863
11.657311
20.852203
9.645677
5.967509
7.396511
19.879103
35.976211
19.003070
22.256439
8.778495
16.472853
13.060359
13.731938
11.236539
8.710120
9.995438
10.207669
16.698421
23.072077
16.537160
34.406631
32.272611
30.131356
14.400622
21.533409
19.101193
5.011895
5.396275
14.570205
6.513399
5.360380
4.272766
10.284127
20.970015
22.958340
37.800508
18.033143
32.769663
4.562299
4.925411
16.648637
13.161453
12.765574
18.995922
10.175299
20.484213
20.702912
9.260134
15.267914
14.506979
18.641075
13.052676
11.878342
6.874612
14.163802
7.022221
6.261107
6.848844
44.350318
23.269578
6.215494
15.543850
16.336373
4.449238
14.279014
32.661303
34.242645
8.902381
14.480079
22.748780
10.067980
5.753215
10.172847
15.844622
22.769803
14.983281
7.391053
12.727895
49.899620
25.519674
16.694275
32.394288
13.408545
18.681079
10.230410
22.772956
29.331619
21.243400
7.077880
15.273334
14.640892
4.476007
17.601943
15.005771
26.308118
20.614341
18.861707
13.993484
23.050576
22.080935
13.375529
21.002400
7.471935
10.842636
4.985361
4.819133
16.548571
12.736959
10.314747
6.672388
13.893679
8.295442
25.462209
8.578118
22.342735
12.255687
5.409693
22.547060
30.801167
13.172980
19.826836
21.546238
11.475258
11.223306
29.404477
11.429461
6.754884
7.277038
18.561936
25.546119
13.343421
28.635560
10.407074
18.276398
14.752523
21.391283
18.127073
5.629148
24.644264
17.559437
21.211432
15.764865
23.142391
13.301925
16.567410
17.899300
26.346368
23.293227
10.213157
7.038573
13.324592
6.401622
6.321057
9.383831
12.911267
7.343187
26.181685
23.571003
7.924555
4.951595
12.097986
13.001799
59.665142
18.714766
25.398616
9.793856
15.175128
14.390706
12.170776
11.329554
13.257406
9.178057
15.393254
6.035670
8.774159
11.530360
28.594987
42.608021
29.381217
27.707588
19.532468
18.551022
12.103926
12.794873
9.824374
25.811735
17.168557
9.891335
3.931138
11.050183
13.107989
16.255879
3.887697
20.538122
19.968878
10.487273
16.373887
19.084879
35.233283
14.017616
22.119087
18.399331
9.065528
19.303294
6.365794
10.896956
13.432227
8.209231
19.187564
8.015523
15.410737
14.225695
9.119812
42.458869
13.768349
15.628565
15.757597
8.897532
7.981351
18.766006
21.486981
19.254543
50.330380
9.594141
7.118721
7.389746
18.806236
12.131202
10.118811
9.577879
12.176227
5.850935
9.124730
21.626637
7.402002
8.749077
7.126907
29.993564
23.519349
25.474902
14.734896
14.290089
27.707081
10.460482
10.113377
35.746885
17.545575
23.442370
24.978136
36.754676
16.953692
33.764261
23.055249
24.701226
21.550739
13.119000
12.272820
3.645262
14.084058
18.457627
10.991873
10.733927
15.937561
33.210195
21.403643
15.181502
23.336005
14.040008
12.809879
18.308872
9.158025
7.290544
8.155253
4.013451
9.310793
17.473219
6.495638
11.058151
7.751963
13.050802
28.583009
5.505957
8.755467
18.710177
13.649121
19.216897
15.445737
17.943422
16.052916
11.708634
37.887482
15.617678
17.716388
36.332277
8.207887
17.893689
22.002310
36.141600
8.638779
6.871180
14.565699
10.974446
18.106727
7.646844
12.609141
25.202682
8.699416
28.271642
12.697261
27.800854
15.196704
13.299957
23.739270
9.553847
13.817777
8.449927
7.529740
6.612566
29.550256
8.326713
31.987245
24.504803
5.177744
6.549878
17.030407
19.454126
12.599004
16.728691
7.454700
8.572415
20.374625
30.295384
19.763126
17.996786
17.904439
18.007325
14.671654
20.297073
7.266161
45.142684
25.998380
12.534881
10.762614
15.311735
26.714721
13.151199
18.399167
6.204690
10.338755
6.568373
16.227282
15.409578
8.063325
3.714085
12.355516
17.780417
13.995345
10.618230
28.709406
5.745345
14.684247
13.583214
14.321457
19.197236
8.332926
5.319826
19.391458
12.161009
4.996491
6.048666
12.345978
10.906872
11.502789
36.284778
10.978338
17.531565
15.416251
34.016319
18.861527
22.880987
20.770451
11.378233
17.812685
32.387494
9.229942
7.169133
23.628770
7.622293
20.230084
18.113926
27.184138
6.285197
9.279997
3.967856
9.853922
16.659882
25.409572
9.342736
11.257382
25.594196
7.562198
16.440778
7.542386
3.972574
22.191317
12.600219
7.383016
13.242319
10.277505
12.073817
13.443438
13.539579
3.256242
2.828112
10.308145
29.238842
12.473033
14.587228
12.787089
10.066307
19.592170
15.400513
20.343671
11.250507
16.104663
15.011690
16.451722
34.338193
12.105448
16.156123
20.001807
7.589560
33.807507
17.461019
14.112362
10.994824
10.914940
6.642929
20.669494
20.087642
43.945738
6.042854
28.376578
8.125317
12.981685
23.747905
31.951400
5.323157
13.221487
6.343324
10.778672
7.531052
15.506964
6.710197
19.670230
11.113625
10.143929
8.237099
9.363504
17.878685
4.809811
19.605759
8.950942
16.321531
14.985535
8.223512
26.320464
19.139675
14.905442
10.180292
14.821018
7.426220
7.574297
8.862662
11.211622
12.250869
8.193477
10.768252
10.726232
7.120557
8.107707
13.255402
22.763155
7.572750
11.648662
16.047663
7.026449
15.009747
12.275723
9.987721
15.097716
5.693306
4.822540
19.823715
11.598065
23.511815
12.836989
7.475172
13.765358
11.819870
9.432548
6.078597
30.213026
11.664477
27.476041
7.191320
8.294426
18.950458
5.753392
25.484876
26.753547
15.502869
6.831581
5.757528
9.396302
15.805269
5.305829
6.075467
5.521055
6.471084
16.092962
12.473323
9.965772
14.452695
13.294188
6.131275
9.595901
7.318307
6.815544
14.186149
12.326414
20.414444
32.574669
23.430288
12.890728
4.874939
8.210968
51.233881
20.000775
22.747627
11.569851
11.298363
25.316672
16.618609
26.743341
13.632061
8.515906
22.752291
12.052390
14.150451
6.889152
8.910635
19.247019
13.364486
3.144157
27.292884
13.349580
9.606184
12.582103
20.475532
5.816876
10.574920
12.829564
16.692119
13.239859
6.341340
32.505158
12.157140
4.419617
32.127301
10.200636
15.854338
7.162975
13.602467
27.515454
5.444515
21.577916
12.262563
28.342759
11.007347
19.136854
5.968560
7.559353
17.647949
10.654566
23.593465
6.261810
15.183700
28.429060
7.723185
23.454484
10.701500
10.770185
15.447312
16.901810
15.529587
17.361072
27.858093
3.662075
7.746020
25.969529
13.929540
8.975166
12.125171
6.495726
10.006384
12.675851
7.088206
6.605609
13.805253
10.007383
40.229341
14.738270
22.797122
20.502314
9.529463
17.601185
5.323680
9.097439
8.325825
13.902704
26.998855
15.425810
9.621490
12.971274
20.500479
11.538787
10.931073
9.888397
12.426888
13.807104
46.845041
17.119697
9.700246
25.207892
35.167981
30.914490
23.437482
26.681782
19.283827
10.427884
18.653705
10.625862
16.678195
15.611797
13.489330
7.237726
18.042804
18.687690
42.412353
10.773278
17.401485
6.137689
6.746846
9.727864
6.230094
11.167267
4.103303
8.893597
19.013334
13.202828
10.624933
21.786906
10.439793
11.426341
9.921746
10.935003
11.982811
23.980269
8.531718
12.876612
8.428995
22.448241
31.878677
21.896403
19.205153
19.712514
7.591229
9.270876
11.140052
30.708249
13.063964
12.059752
7.911431
7.485921
10.990193
7.254264
14.737513
22.515268
39.458503
15.474349
28.013249
7.594114
15.522733
22.606495
15.749279
10.302453
18.376237
32.499559
17.843179
10.146450
11.054650
22.640007
8.812467
23.119794
12.938871
18.885886
13.684344
6.531879
10.830135
12.562569
6.715207
9.756415
14.311059
17.340022
4.558933
11.764054
7.696452
31.523590
5.342905
12.605553
18.939627
10.599564
8.729997
14.295312
22.265018
11.115214
12.179744
4.236499
8.521762
12.209310
10.784385
53.380909
13.070543
5.002422
18.246222
8.962723
8.674808
9.967850
9.125863
10.794599
20.368246
6.623203
8.335169
22.219164
8.861187
1.905219
10.232609
23.093366
26.675004
16.711355
17.013337
12.395278
24.339540
11.239019
8.656237
8.915633
8.323605
32.825075
13.419436
8.006787
16.288229
11.964920
11.277865
20.073940
24.670776
33.085309
33.090739
11.178592
9.216668
13.262945
18.957365
20.333814
12.770881
3.857723
9.431364
27.554286
6.115599
12.534663
12.340301
9.781909
15.080581
11.199885
5.590885
12.072648
13.900906
13.695290
8.304366
19.162527
26.974996
21.765600
13.848676
15.374360
6.105885
17.004347
9.393211
10.563846
9.166262
16.125019
39.126785
29.015400
13.666789
15.614820
36.361986
36.267491
20.950167
6.167436
23.270222
17.216074
39.672747
25.389208
14.467474
9.227051
2.809898
4.864169
49.645480
26.068603
13.826637
15.741689
17.964602
8.363825
10.364429
11.817746
13.901024
9.939507
28.105003
13.511452
22.766226
9.391382
21.691966
8.171006
26.734211
8.377727
11.014082
9.845636
31.574766
20.394243
15.821683
7.821974
7.596352
8.405422
20.737954
5.148766
8.653712
13.544492
25.061760
18.345507
20.582706
24.340850
17.287986
10.974075
6.065016
21.412535
12.414595
7.196171
4.832207
23.050934
5.556275
7.205592
18.096555
15.408610
20.584557
6.586100
10.822210
5.101259
8.499615
19.138075
5.663471
11.981240
10.453329
8.218758
10.740248
39.338966
24.363290
5.496352
22.600721
14.230596
15.724023
20.485179
6.702615
4.664128
29.080432
15.389217
7.372313
4.204935
5.461656
13.965147
18.286460
18.686738
14.748748
9.594020
15.058911
9.057539
6.014947
10.970681
11.933039
24.989780
14.218530
16.928928
6.322822
20.623468
24.304293
19.273709
10.921428
17.603574
19.846982
15.804796
10.927221
6.312101
12.670960
4.475715
13.932516
34.676617
16.592829
29.600214
11.347015
12.390095
51.351920
22.587739
26.121208
10.995615
16.186917
14.286503
23.732118
9.710769
23.000749
17.894089
22.731041
18.556819
14.713372
6.630150
9.918846
9.847165
8.137613
7.730882
6.103067
22.018920
19.388753
10.971248
9.416625
26.374097
7.544948
20.793088
34.318753
10.717385
14.388012
9.941552
9.928900
7.765048
23.830321
23.380769
24.570857
5.864110
6.335768
7.463232
12.869320
13.612273
23.240520
19.787462
17.051706
17.701431
21.184526
7.297776
13.140925
8.946279
5.598418
10.468885
6.579928
9.208679
17.003024
12.301391
19.046633
10.627561
15.754297
16.563527
14.596291
30.727377
15.173457
10.805239
9.108157
7.703364
13.337990
11.192141
13.156175
10.474149
4.442728
6.882238
12.283521
16.346231
11.107665
8.690103
22.455439
15.001680
25.385986
14.750328
8.045226
12.336715
8.414155
18.527537
11.753062
8.979750
40.062589
24.605829
8.055839
8.390407
16.841645
18.729511
14.407928
9.285271
14.982219
9.752127
13.341272
16.657064
21.194942
13.795421
11.449253
8.871702
13.541799
16.924069
19.350740
21.697696
31.050710
12.716654
22.866297
9.907476
16.810920
29.750806
21.524680
10.854383
9.756578
6.580040
8.301734
33.044864
12.569709
15.210410
7.607565
6.815064
24.684866
23.417875
22.853855
15.829860
25.333579
7.954380
8.172603
14.706100
9.487220
15.274574
12.703565
18.735557
30.669927
15.905751
12.083184
12.393769
10.287174
8.341795
15.484702
11.484788
8.916835
6.245440
20.517352
5.958404
11.978459
6.010599
10.740020
20.873918
21.777145
24.146299
13.050371
5.969259
15.972164
16.628647
7.294012
3.814962
3.956904
17.310294
15.694906
29.447789
13.846742
13.827742
16.773460
9.923234
18.852383
28.209630
12.926693
18.979140
11.445894
11.085728
7.189827
14.923038
4.385226
6.839010
9.398749
9.306744
10.255095
6.509748
6.947773
5.045329
4.420023
17.203239
8.579499
9.103301
5.863583
16.531655
14.989122
9.355548
14.021657
6.472324
10.173221
16.396605
23.712765
5.692500
9.591497
22.864445
29.219004
8.955263
13.841144
28.815788
27.032937
8.723599
16.640298
16.653609
3.222470
8.815539
22.269383
16.470393
7.596975
6.129941
19.928032
22.179508
12.648377
13.238412
26.047251
50.858290
17.926319
12.911304
5.750424
36.069113
17.945003
13.137342
11.597785
14.829468
21.947835
12.621249
15.550768
9.584366
15.927619
11.390557
18.987569
11.816128
5.080465
24.122530
22.184063
22.486790
5.913222
10.908469
11.224448
16.652612
29.335615
8.068269
18.737407
15.078147
15.000219
19.132150
7.672028
5.254912
14.417716
7.343739
5.092020
7.965779
11.631126
7.644017
19.908249
11.879741
16.755028
29.294572
27.574598
15.566508
9.795857
20.781484
6.537978
12.249300
5.721533
13.045445
7.529787
6.213120
11.845957
9.934198
7.328772
8.133018
8.181634
27.488967
12.186066
7.482927
10.989894
20.222759
15.071593
18.063181
11.499051
14.387995
25.423207
21.043276
6.454464
11.919267
8.866171
12.088964
7.274816
7.953304
8.635844
35.530019
10.437452
10.657516
4.480278
13.058222
17.797070
9.041014
30.907863
15.475857
5.497552
5.839716
26.499106
7.052377
13.181521
27.394364
13.411487
25.118846
7.593190
6.077966
11.720721
10.623556
9.272133
7.570179
18.590927
10.861615
5.534863
15.254761
14.860422
13.686309
14.004729
9.068462
10.148051
18.586437
14.631972
7.278279
15.849729
21.364411
7.677687
12.730578
7.369728
12.836157
10.614153
11.379615
8.635570
10.244451
12.671994
5.694008
14.022153
9.334308
5.635670
24.375085
16.802526
15.454057
33.011491
11.773015
8.134483
6.160741
6.974965
36.861378
9.398568
11.605180
5.332304
18.309494
14.210896
11.026963
9.432690
53.092409
13.123020
6.258410
5.944465
7.786288
17.126937
14.233139
9.976527
6.996910
26.022284
19.965846
8.205631
16.972527
10.693900
34.842867
8.540710
15.336537
13.384817
7.458086
13.324856
18.905835
13.301756
13.788574
25.384186
19.115968
66.160793
17.314794
13.165848
19.899579
12.020450
6.367379
5.450841
29.302153
25.008459
22.306740
26.651324
13.561158
10.607722
13.318748
4.773068
2.644636
22.613024
17.338340
12.389878
11.897400
17.428143
15.178081
27.741241
20.089475
19.506810
9.178718
12.181472
3.633016
17.286893
16.244272
12.855452
20.263538
11.723331
11.361704
16.649857
13.215826
9.747179
20.143131
11.413566
16.244930
11.307156
13.488076
4.681470
8.505349
6.453962
3.480200
30.557360
25.904404
8.352861
8.393937
9.290888
21.112355
33.993039
12.253168
11.338928
22.854738
4.698162
19.690200
9.454840
22.044973
16.588473
9.403809
26.068750
15.587702
16.664996
34.859461
12.650318
32.316435
23.386216
12.192189
28.550249
55.655976
33.717889
10.734004
20.662728
8.468665
10.103350
11.630137
24.704012
9.618679
25.827860
8.814287
6.094123
11.235790
5.509831
10.346571
34.772410
5.428411
14.032331
20.392705
17.196114
5.673026
9.237184
7.371411
11.677638
8.245074
15.030215
11.855277
19.972123
19.546178
7.552297
15.999538
13.624352
10.416736
24.473103
16.674458
12.005234
29.278121
8.929356
15.009066
31.973125
13.755339
13.273968
11.284480
5.832002
6.974317
18.513351
7.622970
13.090054
25.297130
7.987653
12.187155
6.066577
5.094659
28.280270
29.003016
13.314964
14.170489
9.088622
15.840250
10.505122
14.178382
18.723465
7.986343
15.086329
21.982700
10.345607
7.916994
13.081397
10.115858
4.703873
8.973064
9.829914
39.048593
6.589420
31.378626
12.005029
13.501022
12.075773
22.064347
13.392381
13.561199
15.275116
12.063539
39.368213
11.474685
7.988934
8.550507
12.321452
9.164373
36.512390
11.501750
8.178634
8.940594
7.060697
2.832800
16.918840
9.747090
25.524978
30.252429
29.392345
16.466821
11.924533
25.745876
23.708776
20.159337
8.130435
15.255033
3.320605
6.241171
43.544770
15.198814
8.033191
10.990623
36.273917
18.571635
16.192922
7.768069
5.155688
11.842596
11.658257
7.916503
18.084490
33.971380
9.571437
10.630118
32.304015
23.165108
13.430386
12.991161
18.110429
15.478171
10.840760
7.518362
24.745290
10.744225
8.155170
22.384379
13.167868
14.191703
18.165223
34.459892
20.522513
12.124677
29.809822
4.233562
6.982913
19.520392
25.020819
16.611013
14.346136
10.520273
9.465752
12.893952
6.184995
5.741937
15.958629
9.972316
27.793798
7.742950
11.860325
15.063160
23.637390
12.202553
11.437452
45.168436
21.680571
19.147245
8.575468
16.756301
26.872208
8.918060
24.259826
8.632770
12.603852
27.273390
5.947897
22.857536
12.655566
4.150421
6.827669
20.994039
10.692511
18.838774
7.074536
14.447526
11.242910
28.309458
5.590721
26.413599
12.860908
16.897135
28.349880
10.200097
7.855962
4.051490
8.130651
13.112486
12.177739
32.589920
11.597565
10.531625
25.148606
5.474740
18.861833
36.682127
9.323501
17.535775
12.573164
11.684042
23.950187
22.873934
28.118147
14.395016
20.821907
19.583003
13.996944
10.620011
21.434450
15.428244
25.625972
17.460416
34.898934
11.068904
11.996898
17.234062
12.181064
6.111184
11.607124
6.736929
4.670306
5.280771
15.610870
17.991935
19.040199
19.446096
13.463336
15.997904
38.915306
26.356633
6.983199
7.966164
10.051580
4.720831
25.991233
8.489534
15.718800
22.897470
4.889006
10.212395
23.219842
21.903407
8.350067
8.223046
4.267563
13.273592
22.971425
6.340383
13.031103
6.042619
8.840818
13.709555
23.570031
11.639475
20.777059
14.128316
8.559698
9.273547
9.206147
6.840730
13.476069
11.615954
10.581568
17.629305
17.103051
31.628852
4.912271
5.518774
30.018919
18.569533
9.375850
8.147840
6.556231
6.190018
26.235530
19.602700
5.411426
7.921004
11.774584
4.288896
10.750982
25.399805
10.822514
9.970613
18.439587
13.349163
9.073334
21.401642
11.450951
11.950883
7.393104
23.308755
15.210677
9.526162
17.621569
10.717063
10.290583
19.893697
58.305183
11.835659
12.849925
13.884613
10.706560
31.057570
9.122927
8.741373
12.547708
14.220465
10.319116
11.413313
14.125939
11.337240
22.799671
6.630423
9.951410
18.744677
15.566901
11.082438
9.125343
9.451740
14.913985
11.004389
13.873834
30.604080
25.017195
43.327956
12.637868
11.018663
19.953565
12.540282
10.286380
15.667810
19.634662
14.103695
19.356130
9.726510
20.165743
23.638982
17.835985
6.004599
14.398937
12.921390
9.750662
10.831196
14.239030
25.879906
29.799308
15.576675
7.475996
6.350795
6.106163
11.881641
16.821204
8.044369
10.530464
20.185567
36.248026
18.477450
10.001932
4.797332
7.161686
10.054282
6.852499
6.155196
20.406752
17.070348
25.019999
7.962040
19.733318
9.960226
18.974977
12.328473
12.648525
17.126200
21.559494
17.842780
46.185267
15.723490
8.448012
11.762337
11.725363
9.557211
5.761543
18.763268
11.115842
15.319436
20.241223
13.650387
21.064812
16.170234
20.167425
19.578219
18.226078
13.214716
22.024214
22.827679
6.638861
6.702320
29.122559
16.033609
12.622136
8.296503
11.712362
19.766365
14.132699
10.884710
13.972045
15.058920
6.044787
11.007877
34.207639
32.986983
21.882445
17.345764
20.546460
5.913179
8.862286
13.229113
24.501026
9.080273
5.991725
6.449889
13.786927
12.253336
19.714630
7.231728
8.857162
5.265434
12.862189
15.053679
15.799337
23.975355
18.853294
17.147833
22.535709
12.967885
4.151108
6.723377
11.695230
5.430333
28.672372
26.606999
10.866388
17.858793
14.035946
12.985256
37.571020
34.461087
15.136612
14.090714
23.118955
17.933901
22.764214
9.868410
11.028308
10.752443
8.479530
7.736376
15.538177
10.420513
4.331524
4.784516
10.313258
11.007846
21.664537
14.680800
9.971274
17.354925
7.321713
15.925188
11.787507
27.082781
11.262850
13.827213
28.357587
8.528369
23.396816
5.223729
14.576363
6.771208
12.032374
6.678272
23.606168
23.144376
12.976912
6.065729
18.598041
22.840600
20.525351
14.547313
16.719437
11.275380
17.905638
4.873037
7.417654
9.129032
9.784916
10.658463
13.018255
11.790019
20.413951
18.399665
13.576046
7.759757
29.793976
16.275561
6.694582
8.472741
13.620417
21.238772
4.916985
8.849523
4.434028
21.328671
16.179689
21.908490
20.506862
24.786338
48.110313
11.918294
10.944070
14.663659
8.269931
7.841360
17.079494
16.831151
16.425892
8.079457
40.597730
14.800767
12.002829
29.034025
24.251132
25.138876
14.498880
24.135093
19.441649
9.535141
21.934382
9.400116
18.757718
24.359692
22.017571
14.506849
19.534237
5.003200
15.076276
8.186892
19.343304
38.858821
17.236769
26.106771
24.736727
17.196653
6.101856
15.447529
16.497438
15.779949
11.586976
13.362184
10.162491
29.101290
11.742445
19.299572
17.426353
33.760015
11.346334
8.363316
24.873652
10.501358
8.576715
9.993908
20.657829
8.597356
17.086930
20.671987
4.043327
7.766053
6.445427
4.353404
21.542158
24.350179
22.822454
23.484903
7.924727
9.776258
24.742506
19.891055
8.724331
5.824466
27.321619
57.322579
24.826662
8.241995
11.932616
16.504595
9.766617
17.117778
10.221962
8.070058
6.897740
21.913913
10.896282
26.489855
16.491979
25.563395
9.571119
22.413496
16.644359
16.274117
16.631256
17.951853
26.085384
7.857323
9.137842
22.202451
14.428365
10.677563
11.603659
15.885207
7.516178
16.822582
9.984313
35.281416
10.903406
5.148864
7.935836
21.687003
13.082071
14.873043
7.847130
5.564962
18.644038
17.632628
8.365020
4.271130
12.805996
6.241175
34.685198
25.121301
16.222723
19.477395
24.975715
6.839013
9.563928
14.898560
17.762178
10.194884
27.340755
6.756857
7.922379
11.680200
7.448776
11.124571
8.759292
10.916480
30.266118
12.982289
27.394852
20.384184
9.558516
12.765333
16.730924
12.968681
13.592103
19.373823
10.618270
5.327149
11.142998
8.351606
8.459350
29.720619
19.997703
25.767969
10.741696
9.354342
7.635632
10.032053
27.664341
23.266319
12.619009
14.179667
8.511764
12.874158
5.394252
14.017367
4.680156
4.665780
21.403418
23.299722
21.245419
16.219003
9.757460
11.493722
24.002248
18.389394
18.736963
12.054099
36.428868
8.918150
9.190743
14.173310
11.280226
16.493061
15.492977
29.661997
14.292309
15.325821
12.226359
28.671543
10.267774
28.672170
12.013164
12.809016
13.019790
13.074113
16.056861
19.074078
26.178608
26.550981
8.913678
19.088809
17.651956
11.312481
23.164255
29.169053
41.553787
10.964849
17.055830
18.073662
21.549692
15.594111
12.370453
20.852272
42.839025
10.302963
16.041831
11.131923
19.979568
13.117965
5.510022
45.819632
24.980130
10.910983
17.912148
23.128194
14.006869
16.879577
12.027184
25.237339
47.286482
14.542734
22.359660
12.421753
22.848809
10.303202
30.847504
12.599909
17.951189
45.359521
25.604650
21.740736
13.587835
13.143251
26.448444
13.634907
9.610579
15.666831
16.080254
26.436963
11.894403
28.237915
14.405348
27.920926
14.311333
11.630781
4.682121
15.261035
24.588721
22.760436
21.251474
8.080907
21.592938
19.822501
23.671045
19.050272
17.790829
19.743467
17.881865
6.268339
26.319952
15.567039
9.923135
18.308281
19.672005
25.431254
23.093571
57.214837
14.700056
18.950332
16.282949
29.511827
15.802574
18.541664
17.234813
10.246626
10.957190
43.207533
19.490866
54.806608
16.934452
14.738617
56.501552
21.599158
36.041977
19.074828
13.272847
20.493267
15.736623
19.585032
8.920759
26.900615
41.198836
41.517679
13.866239
33.239514
19.152285
13.280522
18.595838
26.746210
14.252996
11.894966
10.417779
27.003567
13.872287
23.553787
14.384060
16.785704
14.898639
20.952317
15.543598
17.843861
