r g(r)
0.25975000858306885 0.0
0.27924999594688416 0.0
0.29874998331069946 0.0
0.31825000047683716 0.0
0.33775001764297485 0.0
0.3572499752044678 0.0
0.37674999237060547 0.0
0.39625000953674316 0.0
0.41575002670288086 0.0
0.4352499842643738 0.0
0.4547500014305115 0.0
0.47425001859664917 0.0
0.4937499761581421 0.0
0.5132499933242798 0.0
0.5327500104904175 0.0
0.5522500276565552 0.0
0.5717500448226929 0.0
0.5912500023841858 0.0
0.6107499599456787 0.0
0.6302499771118164 0.0
0.6497499942779541 0.0
0.6692500114440918 0.0
0.6887500286102295 0.0
0.7082500457763672 0.0
0.7277500033378601 0.0
0.7472500205039978 0.0
0.7667499780654907 0.0
0.7862499952316284 0.0
0.8057500123977661 0.0
0.8252500295639038 0.0
0.8447500467300415 0.0
0.8642500042915344 0.0
0.8837500214576721 0.0
0.903249979019165 0.0
0.9227499961853027 0.014325832016766071
0.9422500133514404 0.02060854807496071
0.9617500305175781 0.059344105422496796
0.9812500476837158 0.17736151814460754
1.000749945640564 0.3044954240322113
1.0202499628067017 0.5742132663726807
1.0397499799728394 0.5641617774963379
1.059249997138977 0.5327103137969971
1.0787500143051147 0.7494733333587646
1.0982500314712524 0.7028697729110718
1.1177500486373901 0.7469050884246826
1.1372500658035278 0.6507737636566162
1.1567500829696655 0.7156245708465576
1.1762499809265137 0.612747848033905
1.1957499980926514 0.5971886515617371
1.215250015258789 0.6194767355918884
1.2347500324249268 0.6280673146247864
1.2542500495910645 0.6164442300796509
1.2737500667572021 0.4962160587310791
1.2932500839233398 0.47772201895713806
1.312749981880188 0.5414934754371643
1.3322499990463257 0.4432867467403412
1.3517500162124634 0.45729297399520874
1.371250033378601 0.38923734426498413
1.3907500505447388 0.4572322368621826
1.4102500677108765 0.444675087928772
1.4297499656677246 0.4654506742954254
1.4492499828338623 0.4384883940219879
1.46875 0.43823230266571045
1.4882500171661377 0.4543592035770416
1.5077500343322754 0.3863418996334076
1.527250051498413 0.4209914803504944
1.5467500686645508 0.46397972106933594
1.5662500858306885 0.4823382496833801
1.5857499837875366 0.5287566781044006
1.6052500009536743 0.5656919479370117
1.624750018119812 0.5521969795227051
1.6442500352859497 0.5301525592803955
1.6637500524520874 0.5993253588676453
1.683250069618225 0.5855167508125305
1.7027499675750732 0.5995373725891113
1.722249984741211 0.7237997055053711
1.7417500019073486 0.6936124563217163
1.7612500190734863 0.6783410906791687
1.780750036239624 0.750113844871521
1.8002500534057617 0.688788890838623
1.8197500705718994 0.7367268204689026
1.839250087738037 0.7428281307220459
1.8587499856948853 0.8014627695083618
1.878250002861023 0.836776077747345
1.8977500200271606 0.9128112196922302
1.9172500371932983 0.9125889539718628
1.936750054359436 0.9593454003334045
1.9562500715255737 1.0024702548980713
1.9757499694824219 0.9952892065048218
1.9952499866485596 1.0954179763793945
2.0147500038146973 1.0532963275909424
2.034250020980835 1.0007513761520386
2.0537500381469727 1.0122312307357788
2.0732500553131104 1.000349998474121
2.092750072479248 0.9511758685112
2.1122498512268066 0.9664962291717529
2.1317501068115234 0.9046030640602112
2.151249885559082 0.8474230170249939
2.170750141143799 0.8542699217796326
2.1902499198913574 0.881084144115448
2.209750175476074 0.8531123399734497
2.229249954223633 0.7989755868911743
2.2487502098083496 0.7960352897644043
2.268249988555908 0.804936408996582
2.287750244140625 0.8110780119895935
2.3072500228881836 0.879919707775116
2.3267500400543213 0.7920130491256714
2.346250057220459 0.7955119013786316
2.3657498359680176 0.8118787407875061
2.3852500915527344 0.9326587319374084
2.404749870300293 0.9154865741729736
2.4242501258850098 0.8759088516235352
2.4437499046325684 0.9222431778907776
2.463250160217285 0.9941484928131104
2.4827499389648438 0.9835413694381714
2.5022501945495605 1.002362847328186
2.521749973297119 0.9859682321548462
2.541250228881836 1.020940899848938
2.5607500076293945 0.9905765652656555
2.5802502632141113 1.0571935176849365
2.59975004196167 1.0657696723937988
2.6192498207092285 1.0463954210281372
2.6387500762939453 1.0493756532669067
2.658249855041504 1.01677405834198
2.6777501106262207 1.0198885202407837
2.6972498893737793 1.0135772228240967
2.716750144958496 1.0436985492706299
2.7362499237060547 1.0899744033813477
2.7557501792907715 1.054527997970581
2.77524995803833 0.9985781311988831
2.794750213623047 1.00577712059021
2.8142499923706055 1.0111424922943115
2.8337502479553223 0.9949955940246582
2.853250026702881 0.9754456281661987
2.8727502822875977 1.0368950366973877
2.8922500610351562 0.9682835340499878
2.911749839782715 1.0071474313735962
2.9312500953674316 0.9980497360229492
2.9507498741149902 1.0108201503753662
2.970250129699707 0.995522141456604
2.9897499084472656 0.9648286700248718
3.0092501640319824 0.9476535320281982
3.028749942779541 0.9607566595077515
3.048250198364258 0.9885497689247131
3.0677499771118164 0.9779561758041382
3.087250232696533 0.9701278209686279
3.106750011444092 0.96620112657547
3.1262502670288086 0.9741515517234802
3.145750045776367 0.9522601962089539
3.165250062942505 0.9503083825111389
3.1847500801086426 0.9603391885757446
3.204249858856201 0.9825564026832581
3.223750114440918 1.0241007804870605
3.2432498931884766 1.0071961879730225
3.2627501487731934 0.99576336145401
3.282249927520752 0.9766021966934204
3.3017501831054688 1.0098583698272705
3.3212499618530273 1.0002498626708984
3.340750217437744 1.0421587228775024
3.3602499961853027 1.0409067869186401
3.3797502517700195 0.9942204356193542
3.399250030517578 1.0266644954681396
3.418750286102295 0.9800108075141907
3.4382500648498535 1.0277683734893799
3.457749843597412 1.0585286617279053
3.477250099182129 1.0633409023284912
3.4967498779296875 1.0190882682800293
3.5162501335144043 1.0704669952392578
3.535749912261963 1.0191731452941895
3.5552501678466797 1.0118815898895264
3.5747499465942383 0.9956279993057251
3.594250202178955 1.0589768886566162
3.6137499809265137 1.006009578704834
3.6332502365112305 1.037286639213562
3.652750015258789 0.9933274984359741
3.672250270843506 1.0443187952041626
3.6917500495910645 1.0113831758499146
3.711250066757202 1.0384416580200195
3.73075008392334 1.0100690126419067
3.7502498626708984 1.0312503576278687
3.7697501182556152 1.003869891166687
3.789249897003174 1.0020620822906494
3.8087501525878906 0.9956121444702148
3.828249931335449 0.9950662851333618
3.847750186920166 1.034439206123352
3.8672499656677246 1.0016082525253296
3.8867502212524414 1.027106761932373
3.90625 1.0444645881652832
3.925750255584717 1.040050983428955
3.9452500343322754 0.9663095474243164
3.964750289916992 1.0014503002166748
3.984250068664551 1.0400965213775635
4.003749847412109 0.9976224899291992
4.023250102996826 1.0106055736541748
4.042749881744385 1.0355944633483887
4.062250137329102 1.069624900817871
4.08174991607666 1.0480949878692627
4.101250171661377 1.0287283658981323
4.1207499504089355 1.0093276500701904
4.140250205993652 1.040746808052063
4.159749984741211 1.0359314680099487
4.179250240325928 1.019681692123413
4.198750019073486 0.9815145134925842
4.218250274658203 0.9954014420509338
4.237750053405762 1.0671024322509766
4.2572503089904785 1.0301072597503662
4.276750087738037 1.0057291984558105
4.296250343322754 1.012796401977539
4.3157501220703125 1.0528035163879395
4.335249900817871 1.0426794290542603
4.354750156402588 1.01022207736969
4.374250411987305 1.0244849920272827
4.393750190734863 1.0005898475646973
4.413249969482422 1.00492525100708
4.4327497482299805 1.0221478939056396
4.452250003814697 1.0384682416915894
4.471750259399414 1.0333714485168457
4.491250038146973 1.0256481170654297
4.510749816894531 1.0134824514389038
4.530250072479248 0.9994513988494873
4.549750328063965 0.9985421895980835
4.569250106811523 1.0189745426177979
4.588749885559082 1.048839807510376
4.608250141143799 1.0305241346359253
4.627750396728516 0.9708549976348877
4.647250175476074 1.0370278358459473
4.666749954223633 1.048509955406189
4.68625020980835 1.0040024518966675
4.705749988555908 1.0232501029968262
4.725250244140625 0.9861111044883728
4.744750022888184 1.005414366722107
4.764249801635742 0.9818546175956726
4.783750057220459 0.9786839485168457
4.803250312805176 1.0336579084396362
4.822750091552734 0.9941234588623047
4.842249870300293 0.9816948771476746
4.86175012588501 0.9844368100166321
4.881250381469727 0.9944776296615601
4.900750160217285 0.9797581434249878
4.920249938964844 0.9989303946495056
4.9397501945495605 0.9910872578620911
4.959249973297119 0.9860370755195618
4.978750228881836 0.9785481095314026
4.9982500076293945 1.0109964609146118
5.017749786376953 1.0239638090133667
5.03725004196167 0.9910702109336853
5.056750297546387 0.9979672431945801
5.076250076293945 1.0005183219909668
5.095749855041504 0.9808711409568787
5.115250110626221 0.9820548892021179
5.1347503662109375 0.9882321953773499
5.154250144958496 1.006743311882019
5.173749923706055 0.9631397128105164
5.1932501792907715 0.9805991649627686
5.212750434875488 0.9739211797714233
5.232250213623047 0.969811737537384
5.2517499923706055 1.0042145252227783
5.271249771118164 0.9772223830223083
5.290750026702881 0.9805240035057068
5.310250282287598 1.0072622299194336
5.329750061035156 0.9842625260353088
5.349249839782715 0.9909307956695557
5.368750095367432 0.9666168689727783
5.388250350952148 0.9867259860038757
5.407750129699707 1.0105091333389282
5.427249908447266 0.9968151450157166
5.446750164031982 0.9823063015937805
5.466250419616699 0.9926424622535706
5.485750198364258 0.974685549736023
5.505249977111816 0.9872856140136719
5.524750232696533 0.9833477735519409
5.544250011444092 1.0052101612091064
5.563750267028809 1.005050778388977
5.583250045776367 0.9955269694328308
5.602749824523926 1.0054824352264404
5.622250080108643 0.9898712038993835
5.641750335693359 1.001779317855835
5.661250114440918 0.9684779047966003
5.680749893188477 1.009436011314392
5.700250148773193 1.0061390399932861
5.71975040435791 1.0081970691680908
5.739250183105469 1.0026911497116089
5.758749961853027 0.982467532157898
5.778250217437744 0.9966920018196106
5.797749996185303 0.9827362895011902
5.8172502517700195 1.0044430494308472
5.836750030517578 0.9888083338737488
5.856249809265137 0.9893192052841187
5.8757500648498535 1.0061062574386597
5.89525032043457 0.9996219277381897
5.914750099182129 1.0315855741500854
5.9342498779296875 1.008520245552063
5.953750133514404 0.9973065257072449
5.973250389099121 0.9959024786949158
5.99275016784668 0.9955715537071228
6.012249946594238 1.0009030103683472
6.031750202178955 0.9991745948791504
6.051250457763672 1.0100347995758057
6.0707502365112305 0.9868711829185486
6.090250015258789 0.9935466647148132
6.109749794006348 1.0061476230621338
6.1292500495910645 0.9950683116912842
6.148750305175781 1.0152026414871216
6.16825008392334 1.0121870040893555
6.187749862670898 1.0056287050247192
6.207250118255615 0.991746723651886
6.226750373840332 0.99952232837677
6.246250152587891 1.017708659172058
6.265749931335449 0.9987626671791077
6.285250186920166 0.9780966639518738
6.304750442504883 1.0079361200332642
6.324250221252441 1.010137915611267
6.34375 0.989987850189209
6.363249778747559 0.9887368083000183
6.382750034332275 0.9807766079902649
6.402250289916992 0.9999451041221619
6.421750068664551 0.9891533255577087
6.441249847412109 1.000517725944519
6.460750102996826 1.01567804813385
6.480250358581543 1.0023092031478882
6.499750137329102 1.0080007314682007
6.51924991607666 1.0092817544937134
6.538750171661377 0.9968774318695068
6.558250427246094 1.008950114250183
6.577750205993652 1.0051158666610718
6.597249984741211 1.0022356510162354
6.616750240325928 0.9935739636421204
6.636250019073486 1.002982497215271
6.655750274658203 0.9889540076255798
6.675250053405762 1.0063557624816895
6.69474983215332 1.0003397464752197
6.714250087738037 1.0120048522949219
6.733750343322754 1.010575771331787
6.7532501220703125 1.0050402879714966
6.772749900817871 1.0064140558242798
6.792250156402588 1.0119044780731201
6.811750411987305 1.0192357301712036
6.831250190734863 0.9967292547225952
6.850749969482422 0.9876670241355896
6.870250225067139 1.0178720951080322
6.8897504806518555 0.9893578886985779
6.909250259399414 0.9821397066116333
6.928750038146973 1.0071136951446533
6.948249816894531 1.0188781023025513
6.967750072479248 1.0076792240142822
6.987250328063965 1.0076590776443481
7.006750106811523 1.0156114101409912
7.026249885559082 1.0047882795333862
7.045750141143799 0.9931122064590454
7.065250396728516 0.9938430786132812
7.084750175476074 0.9856047034263611
7.104249954223633 0.9964994192123413
7.12375020980835 1.0083669424057007
7.143250465393066 0.9931900501251221
7.162750244140625 0.9937313199043274
7.182250022888184 1.0367248058319092
7.201749801635742 1.0033208131790161
7.221250057220459 0.9827355146408081
7.240750312805176 1.007449746131897
7.260250091552734 0.9923261404037476
7.279749870300293 1.0041606426239014
7.29925012588501 1.0111855268478394
7.318750381469727 0.9982637763023376
7.338250160217285 0.999562680721283
7.357749938964844 1.0013436079025269
7.3772501945495605 0.9829620122909546
7.396750450134277 0.9991735219955444
7.416250228881836 1.0028232336044312
7.4357500076293945 0.9941240549087524
7.455250263214111 1.0026720762252808
7.47475004196167 0.991107165813446
7.494250297546387 0.9958158731460571
7.513750076293945 0.9952279925346375
7.533249855041504 1.0001617670059204
7.552750110626221 1.010515809059143
7.5722503662109375 1.008494257926941
7.591750144958496 0.9987953305244446
7.611249923706055 0.9969145059585571
7.6307501792907715 1.01803719997406
7.650250434875488 0.9929332733154297
7.669750213623047 0.9834643006324768
7.6892499923706055 0.9846383333206177
7.708750247955322 1.0013333559036255
7.728250026702881 1.0010952949523926
7.747750282287598 1.0059980154037476
7.767250061035156 1.0162447690963745
7.786749839782715 0.9971479177474976
7.806250095367432 0.9895028471946716
7.825750350952148 1.00436532497406
7.845250129699707 0.9987086057662964
7.864749908447266 1.0129671096801758
7.884250164031982 0.9959251284599304
7.903750419616699 0.9996744394302368
7.923250198364258 1.0061488151550293
7.942749977111816 0.9957928657531738
7.962250232696533 0.9933307766914368
7.98175048828125 1.0017740726470947
8.001250267028809 0.9839842915534973
8.020750045776367 0.9936542510986328
8.040250778198242 1.0136890411376953
8.059749603271484 0.9989296793937683
8.07925033569336 0.9915531277656555
8.098750114440918 0.9937500357627869
8.118249893188477 0.9909407496452332
8.137750625610352 0.9999332427978516
8.157249450683594 0.9944648742675781
8.176750183105469 0.9942153692245483
8.196250915527344 1.0025198459625244
8.215749740600586 1.0086215734481812
8.235250473022461 1.0065838098526
8.254751205444336 0.9975865483283997
8.274250030517578 0.9933344125747681
8.293750762939453 1.0189154148101807
8.313249588012695 1.0026583671569824
8.33275032043457 0.9957766532897949
8.352250099182129 1.0008776187896729
8.371749877929688 0.9977381825447083
8.391250610351562 1.0003869533538818
8.410749435424805 0.9851635098457336
8.43025016784668 1.004578948020935
8.449750900268555 0.9760794639587402
8.469249725341797 0.9914201498031616
8.488750457763672 1.0095250606536865
8.50825023651123 0.9854071736335754
8.527750015258789 0.993869960308075
8.547250747680664 0.9973568916320801
8.566749572753906 0.992404043674469
8.586250305175781 0.9907085299491882
8.60575008392334 1.001175045967102
8.625249862670898 1.0013551712036133
8.644750595092773 0.9916440844535828
8.664249420166016 0.9907397031784058
8.68375015258789 0.9941836595535278
8.703250885009766 1.0004836320877075
8.722749710083008 0.9973074197769165
8.742250442504883 0.9812836647033691
8.761750221252441 1.010330080986023
8.78125 1.0146808624267578
8.800750732421875 0.9911134839057922
8.820249557495117 0.9996113777160645
8.839750289916992 1.00315523147583
8.85925006866455 0.9989211559295654
8.87874984741211 0.9894141554832458
8.898250579833984 0.9914793968200684
8.917749404907227 0.999278724193573
8.937250137329102 1.0097304582595825
8.956750869750977 1.0046496391296387
8.976249694824219 0.98264080286026
8.995750427246094 1.0014601945877075
9.015250205993652 1.006531834602356
9.034749984741211 1.0113637447357178
9.054250717163086 1.008934736251831
9.073749542236328 1.0020945072174072
9.093250274658203 0.9932456016540527
9.112751007080078 0.9861146807670593
9.13224983215332 0.998595118522644
9.151750564575195 0.9987580180168152
9.171249389648438 0.9946784377098083
9.190750122070312 1.0117875337600708
9.210250854492188 1.0108516216278076
9.22974967956543 1.0003637075424194
9.249250411987305 0.9940747022628784
9.268750190734863 1.0091718435287476
9.288249969482422 0.9976328611373901
9.307750701904297 1.0059130191802979
9.327249526977539 0.9996116161346436
9.346750259399414 0.9893817901611328
9.366250991821289 1.0096564292907715
9.385749816894531 0.9863038063049316
9.405250549316406 1.0018362998962402
9.424749374389648 1.0120689868927002
9.444250106811523 0.99956876039505
9.463750839233398 0.9952208995819092
9.48324966430664 1.0011826753616333
9.502750396728516 1.0113836526870728
9.522250175476074 0.9979908466339111
9.541749954223633 1.0178142786026
9.561250686645508 0.9980435371398926
9.58074951171875 0.9978030323982239
9.600250244140625 1.0100377798080444
9.6197509765625 0.9854528307914734
9.639249801635742 1.0133390426635742
9.658750534057617 0.9959872364997864
9.67824935913086 0.9844828844070435
9.697750091552734 1.0130946636199951
9.71725082397461 0.9949519634246826
9.736749649047852 1.0005735158920288
9.756250381469727 1.0131245851516724
9.775750160217285 0.9943746328353882
9.795249938964844 1.001405119895935
9.814750671386719 0.9929924607276917
9.834249496459961 0.988440990447998
9.853750228881836 0.994728684425354
9.873250961303711 1.005723237991333
9.892749786376953 1.0055170059204102
9.912250518798828 0.9963411688804626
9.931750297546387 1.0035806894302368
9.951250076293945 1.000685691833496
9.97075080871582 1.0034048557281494
9.990249633789062 1.0009790658950806
