frame thiol_conv ene_conv
0 0.0047772302122095 0.0026330967725756
1 0.0088504475510409 0.0106577726509015
2 0.0130242381574978 0.0145196479173458
3 0.0172483153977673 0.0189833738746646
4 0.0215226792718496 0.0233467913835043
5 0.0252438901739918 0.0270582039772300
6 0.0292668208790103 0.0310203876921533
7 0.0326360253444634 0.0345311833889209
8 0.0362566629789802 0.0379416706372094
9 0.0403801669516243 0.0419540085763723
10 0.0442522377552047 0.0456152669458585
11 0.0489791813336016 0.0505303809213331
12 0.0526501056019310 0.0540411766181007
13 0.0571256160112642 0.0586052110238985
14 0.0603942472090918 0.0621661609449056
15 0.0643668912802977 0.0657772650901522
16 0.0681383888162527 0.0695388319081175
17 0.0721613195212712 0.0736514782957595
18 0.0763351101277281 0.0778644331318805
19 0.0810117670723122 0.0822278506407202
20 0.0851352710449562 0.0862401885798831
21 0.0883536156089711 0.0899516011736089
22 0.0919239666096752 0.0934122426461369
23 0.0953937443427537 0.0970233467913835
24 0.0984612290053304 0.0999322917972766
25 0.1014281404002816 0.1029415452516488
26 0.1049984914009856 0.1063018782756978
27 0.1087197023031278 0.1099631366451840
28 0.1120386201347682 0.1133736238934724
29 0.1153575379664086 0.1166838026932818
30 0.1185758825304234 0.1198435188203727
31 0.1217439404606255 0.1231536976201820
32 0.1254651513627678 0.1267146475411891
33 0.1292869355325355 0.1306768312561125
34 0.1328572865332395 0.1338365473832034
35 0.1361259177310671 0.1374978057526896
36 0.1388916825907673 0.1403064423101036
37 0.1422608870562204 0.1435163126614339
38 0.1451775118173589 0.1465255661158061
39 0.1486472895504375 0.1496852822428969
40 0.1516644875792015 0.1529453068184667
41 0.1550336920446546 0.1563557940667553
42 0.1575983103691039 0.1589136595029716
43 0.1610178014683697 0.1622739925270206
44 0.1647892990043246 0.1654337086541114
45 0.1682087901035905 0.1692454296963162
46 0.1711254148647290 0.1724553000476465
47 0.1737906064568038 0.1751636281565815
48 0.1774112440913205 0.1784738069563909
49 0.1801770089510208 0.1814830604107631
50 0.1831439203459720 0.1841913885196981
51 0.1857588253042342 0.1873009504225494
52 0.1888765966006235 0.1899089700830052
53 0.1922458010660766 0.1932693031070541
54 0.1952629990948406 0.1960277854402287
55 0.1978779040531027 0.1991875015673195
56 0.2006436689128029 0.2015949043308173
57 0.2036105803077543 0.2048047746821476
58 0.2061249119983908 0.2075632570153221
59 0.2092426832947802 0.2100709682272990
60 0.2121090214221060 0.2129799132331921
61 0.2151262194508700 0.2161396293602829
62 0.2180428442120085 0.2187978032449783
63 0.2207080358040833 0.2214058229054342
64 0.2236246605652218 0.2248664643779622
65 0.2266921452277985 0.2277754093838553
66 0.2299104897918134 0.2310855881836648
67 0.2319722417781354 0.2332422198259648
68 0.2342351402997084 0.2355493141409836
69 0.2375540581313487 0.2384582591468767
70 0.2407221160615508 0.2415176668254884
71 0.2439404606255657 0.2447776914010582
72 0.2467565121190788 0.2474358652857537
73 0.2497737101478427 0.2508965067582817
74 0.2526400482751685 0.2534543721944981
75 0.2550538066981797 0.2562128545276726
76 0.2578195715578799 0.2588710284123681
77 0.2603841898823293 0.2616796649697821
78 0.2637031077139697 0.2646889184241543
79 0.2669717389117973 0.2676981718785265
80 0.2696369305038721 0.2705569626601800
81 0.2723021220959470 0.2731148280963964
82 0.2756210399275872 0.2764250068962059
83 0.2787890978577894 0.2796348772475362
84 0.2819068691541788 0.2826942849261479
85 0.2848737805491300 0.2857035383805201
86 0.2877401186764558 0.2887629460591318
87 0.2909081766066579 0.2915715826165459
88 0.2936236548325455 0.2946811445193972
89 0.2968922860303731 0.2975900895252903
90 0.2999094840591371 0.3009504225493392
91 0.3025746756512119 0.3035584422097951
92 0.3047872875389721 0.3054141485066579
93 0.3078547722015488 0.3083732477367906
94 0.3100170974554963 0.3107304962760489
95 0.3120285628080056 0.3128369736941093
96 0.3141406014281404 0.3151942222333676
97 0.3168057930202153 0.3179025503423025
98 0.3192698380770391 0.3199588735361236
99 0.3215327365986120 0.3221656594026632
100 0.3244996479935633 0.3249241417358377
101 0.3268631197827617 0.3274318529478145
102 0.3292768782057729 0.3297389472628333
103 0.3314894900935331 0.3319958873536124
104 0.3334506688122297 0.3346039070140683
105 0.3363170069395555 0.3370113097775660
106 0.3389319118978176 0.3393184040925847
107 0.3410942371517650 0.3420768864257592
108 0.3431559891380871 0.3439827469468616
109 0.3455194609272856 0.3462898412618802
110 0.3479332193502966 0.3488978609223362
111 0.3504978376747461 0.3511046467888758
112 0.3527607361963190 0.3531108157584573
113 0.3549230614502665 0.3551169847280388
114 0.3573871065070904 0.3577751586127341
115 0.3595997183948506 0.3599819444792738
116 0.3623151966207382 0.3628407352609273
117 0.3643769486070603 0.3652481380244251
118 0.3668409936638841 0.3673044612182461
119 0.3691038921854571 0.3696115555332647
120 0.3708639243689027 0.3714171076058881
121 0.3727245298199738 0.3731223512300323
122 0.3743337021019812 0.3747774406299370
123 0.3767474605249924 0.3773353060661534
124 0.3792115055818164 0.3796424003811721
125 0.3815749773710148 0.3820999573689094
126 0.3836367293573368 0.3840058178900118
127 0.3860002011465352 0.3865135291019887
128 0.3879613798652318 0.3885196980715701
129 0.3897214120486775 0.3905258670411516
130 0.3914814442321231 0.3920304937683377
131 0.3932414764155687 0.3937858916167214
132 0.3957558081062054 0.3958422148105424
133 0.3982198531630292 0.3987511598164355
134 0.4010359046565423 0.4013090252526519
135 0.4029970833752389 0.4032148857737543
136 0.4048576888263100 0.4051709005190962
137 0.4067685809111938 0.4071269152644381
138 0.4088806195313286 0.4085813877673847
139 0.4105903650809615 0.4108884820824034
140 0.4120989640953434 0.4124934172580685
141 0.4138087096449764 0.4144494320034104
142 0.4162727547018003 0.4166060636457105
143 0.4183345066881223 0.4188128495122502
144 0.4203962586744443 0.4208691727060712
145 0.4225082972945791 0.4228251874514131
146 0.4243186161118375 0.4242295057301201
147 0.4263300814643468 0.4263861373724201
148 0.4286432666197325 0.4285427690147202
149 0.4305541587046163 0.4306492464327808
150 0.4324147641556875 0.4327557238508414
151 0.4344765161420094 0.4346114301477042
152 0.4361359750578296 0.4367179075657647
153 0.4380971537765262 0.4384733054141485
154 0.4395051795232827 0.4394262356746997
155 0.4413657849743539 0.4410813250746044
156 0.4437795433973650 0.4437394989592999
157 0.4452881424117470 0.4453444341349651
158 0.4469978879613798 0.4469493693106302
159 0.4489590666800765 0.4493066178498885
160 0.4507693854973348 0.4510118614740326
161 0.4529317107512824 0.4527171050981769
162 0.4543397364980388 0.4543220402738420
163 0.4558986221462336 0.4560272838979863
164 0.4583123805692447 0.4578829901948491
165 0.4600724127526903 0.4600897760613888
166 0.4618827315699487 0.4618953281340121
167 0.4637433370210198 0.4635002633096773
168 0.4656039424720909 0.4655565865034983
169 0.4674645479231621 0.4672618301276426
170 0.4697777330785478 0.4694184617699426
171 0.4716886251634316 0.4713243222910449
172 0.4731469375440008 0.4732301828121473
173 0.4748566830936337 0.4745843468666149
174 0.4769184350799558 0.4764902073877172
175 0.4791310469677160 0.4788976101512150
176 0.4806899326159106 0.4806028537753593
177 0.4822991048979182 0.4823582516237430
178 0.4841094237151765 0.4841136494721268
179 0.4857185959971839 0.4857687388720315
180 0.4869254752086896 0.4872733655992176
181 0.4886352207583224 0.4889284549991223
182 0.4908478326460827 0.4906838528475060
183 0.4931107311676557 0.4923890964716503
184 0.4948707633511013 0.4942949569927527
185 0.4965302222669215 0.4963011259623342
186 0.4981896811827417 0.4978057526895203
187 0.4999497133661873 0.4995109963136645
188 0.5021120386201348 0.5015673195074855
189 0.5038720708035804 0.5036737969255460
190 0.5053303831841496 0.5054793489981694
191 0.5073418485366590 0.5070341299495951
192 0.5088504475510409 0.5090904531434159
193 0.5108619129035503 0.5107956967675602
194 0.5131248114251232 0.5126514030644231
195 0.5147842703409433 0.5144569551370464
196 0.5169465955948909 0.5167138952278256
197 0.5185054812430856 0.5182686761792512
198 0.5200140802574675 0.5198736113549164
199 0.5221764055114151 0.5214785465305816
200 0.5233832847229207 0.5231837901547258
201 0.5257467565121190 0.5251899591243072
202 0.5273559287941265 0.5269955111969306
203 0.5290656743437594 0.5286004463725957
204 0.5308759931610179 0.5307570780148958
205 0.5320828723725234 0.5321112420693632
206 0.5342451976264708 0.5339669483662262
207 0.5363069496127929 0.5361737342327657
208 0.5379664085286131 0.5379792863053890
209 0.5398270139796841 0.5395842214810542
210 0.5412350397264407 0.5408882313112822
211 0.5424419189379464 0.5422925495899893
212 0.5439002313185155 0.5435965594202172
213 0.5457105501357740 0.5452516488201219
214 0.5473197224177814 0.5468565839957871
215 0.5487277481645378 0.5486119818441708
216 0.5500854872774816 0.5500664543471174
217 0.5513426531228000 0.5514707726258243
218 0.5524489590666801 0.5523735486621361
219 0.5540581313486875 0.5538781753893222
220 0.5554661570954440 0.5549314140983524
221 0.5569244694760133 0.5563357323770595
222 0.5584833551242080 0.5578905133284850
223 0.5603942472090918 0.5599468365223061
224 0.5619028462234739 0.5611003836798154
225 0.5632605853364177 0.5626050104070015
226 0.5647691843507996 0.5642600998069063
227 0.5658754902946797 0.5653133385159366
228 0.5669315096047471 0.5666173483461645
229 0.5682892487176908 0.5678712039521528
230 0.5694961279291963 0.5692755222308599
231 0.5709041536759529 0.5707299947338065
232 0.5722618927888967 0.5719838503397949
233 0.5733179120989641 0.5735386312912205
234 0.5747762244795334 0.5747423326729694
235 0.5760333903248517 0.5759460340547182
236 0.5770391230011063 0.5769491185395090
237 0.5779945690435482 0.5780023572485393
238 0.5795031680579302 0.5789552875090904
239 0.5805591873679976 0.5804599142362765
240 0.5815146334104395 0.5812122275998697
241 0.5825706527205069 0.5821651578604208
242 0.5837272452981997 0.5831180881209720
243 0.5853364175802072 0.5850239486420743
244 0.5867444433269637 0.5859768789026256
245 0.5878507492708438 0.5871304260601349
246 0.5886553354118476 0.5884344358903628
247 0.5897616413557276 0.5894375203751536
248 0.5910188072010459 0.5903904506357047
249 0.5921753997787388 0.5916944604659328
250 0.5928291260183043 0.5925470822780048
251 0.5941365784974354 0.5934498583143165
252 0.5958463240470683 0.5946535596960654
253 0.5973046364276375 0.5962083406474910
254 0.5987126621743941 0.5979135842716352
255 0.6001709745549633 0.5994182109988213
256 0.6014281404002816 0.6008726835017679
257 0.6026350196117871 0.6020262306592773
258 0.6036910389218546 0.6032299320410262
259 0.6047470582319219 0.6043333249742959
260 0.6061047973448657 0.6055871805802844
261 0.6071608166549332 0.6067407277377936
262 0.6082168359650004 0.6074428868771472
263 0.6095745750779442 0.6086967424831357
264 0.6110328874585136 0.6102013692103218
265 0.6120889067685809 0.6112546079193519
266 0.6129437795433974 0.6122075381799033
267 0.6138992255858393 0.6133109311131730
268 0.6153575379664085 0.6147152493918800
269 0.6167152770793523 0.6160192592221080
270 0.6181233028261088 0.6176743486220126
271 0.6189781756009253 0.6185269704340848
272 0.6200844815448054 0.6194799006946360
273 0.6211907874886855 0.6206836020763848
274 0.6219450869958765 0.6214359154399780
275 0.6229005330383184 0.6225393083732478
276 0.6240571256160112 0.6235925470822781
277 0.6249119983908278 0.6246959400155478
278 0.6260685909685206 0.6257491787245781
279 0.6271246102785879 0.6267522632093688
280 0.6286834959267826 0.6278556561426386
281 0.6301418083073519 0.6290593575243875
282 0.6313989741526702 0.6305138300273341
283 0.6327064266318012 0.6317175314090829
284 0.6344161721814342 0.6336233919301852
285 0.6358241979281907 0.6353787897785691
286 0.6368299306044454 0.6363317200391203
287 0.6382882429850145 0.6372344960754319
288 0.6393945489288947 0.6386889685783785
289 0.6406014281404002 0.6395415903904507
290 0.6418585939857187 0.6405948290994810
291 0.6431157598310369 0.6418988389297089
292 0.6442723524087297 0.6433533114326554
293 0.6455295182540481 0.6444567043659253
294 0.6467363974655537 0.6458108684203927
295 0.6476918435079956 0.6469644155779021
296 0.6483958563813739 0.6475662662687764
297 0.6494518756914411 0.6485693507535673
298 0.6503067484662577 0.6496727436868370
299 0.6513124811425124 0.6506256739473882
300 0.6526199336216434 0.6516287584321789
301 0.6534245197626471 0.6526819971412092
302 0.6544302524389017 0.6536850816260000
303 0.6552348385799054 0.6547383203350302
304 0.6564920044252238 0.6557414048198209
305 0.6574977371014784 0.6565940266318930
306 0.6585537564115458 0.6574968026682046
307 0.6598109222568641 0.6588008124984327
308 0.6607663682993060 0.6598540512074629
309 0.6613698079050588 0.6606063645710560
310 0.6623755405813134 0.6614589863831282
311 0.6631801267223172 0.6622614539709607
312 0.6640349994971337 0.6629636131103143
313 0.6648395856381374 0.6639165433708654
314 0.6658453183143920 0.6646688567344585
315 0.6664487579201448 0.6655214785465307
316 0.6677562103992758 0.6667753341525190
317 0.6685105099064669 0.6676279559645911
318 0.6696168158503470 0.6686811946736213
319 0.6706225485266016 0.6694836622614539
320 0.6715779945690435 0.6705870551947237
321 0.6724328673438600 0.6714396770067959
322 0.6737403198229910 0.6727436868370238
323 0.6749471990344966 0.6737969255460541
324 0.6757517851755004 0.6746495473581262
325 0.6767575178517551 0.6753015522732402
326 0.6778638237956351 0.6765052536549891
327 0.6785678366690133 0.6772575670185821
328 0.6794227094438299 0.6783108057276124
329 0.6800261490495827 0.6789628106427263
330 0.6809313084582118 0.6798655866790380
331 0.6819873277682792 0.6808686711638288
332 0.6829930604445338 0.6818216014243800
333 0.6838982198531630 0.6829751485818893
334 0.6848033792617922 0.6836773077212428
335 0.6859096852056723 0.6848810091029918
336 0.6869657045157398 0.6861348647089801
337 0.6877702906567434 0.6868871780725732
338 0.6891783164034999 0.6880407252300825
339 0.6899829025445037 0.6888933470421545
340 0.6907874886855074 0.6897459688542267
341 0.6914915015588856 0.6907992075632570
342 0.6923463743337022 0.6915013667026105
343 0.6930001005732676 0.6922536800662036
344 0.6938549733480841 0.6929056849813175
345 0.6949109926581515 0.6936579983449106
346 0.6959670119682189 0.6947112370539409
347 0.6969224580106608 0.6956140130902525
348 0.6975761842502263 0.6962660180053666
349 0.6982299104897918 0.6968678686962410
350 0.6987327768279191 0.6975700278355945
351 0.6993362164336719 0.6979712616295107
352 0.7000402293070502 0.6987235749931038
353 0.7005430956451775 0.6992251172354992
354 0.7012973951523684 0.7002783559445294
355 0.7021522679271850 0.7009805150838829
356 0.7032082872372523 0.7016325199989969
357 0.7041134466458816 0.7025352960353086
358 0.7046163129840088 0.7031873009504226
359 0.7052197525897617 0.7038894600897760
360 0.7060243387307654 0.7046417734533691
361 0.7067786382379564 0.7053940868169621
362 0.7075329377451474 0.7061464001805552
363 0.7082872372523383 0.7068987135441482
364 0.7094438298300312 0.7078014895804599
365 0.7100975560695967 0.7087042656167716
366 0.7104998491400986 0.7092559620834065
367 0.7113044352811022 0.7100082754469995
368 0.7119078748868550 0.7108107430348320
369 0.7123604545911697 0.7113122852772275
370 0.7131147540983607 0.7120144444165810
371 0.7137684803379262 0.7125661408832159
372 0.7141707734084281 0.7130175289013717
373 0.7146736397465554 0.7134187626952880
374 0.7153776526199336 0.7144720014043182
375 0.7160816654933119 0.7153246232163903
376 0.7166851050990647 0.7159264739072648
377 0.7171879714371920 0.7162775534769417
378 0.7177914110429449 0.7167790957193370
379 0.7183948506486976 0.7175314090829300
380 0.7197023031278287 0.7188354189131579
381 0.7204566026350196 0.7193871153797928
382 0.7212109021422106 0.7198385033979486
383 0.7215126219450869 0.7202898914161044
384 0.7226189278889671 0.7213431301251347
385 0.7232726541285326 0.7220954434887279
386 0.7241778135371618 0.7227976026280813
387 0.7248818264105401 0.7234496075431953
388 0.7256361259177311 0.7244526920279861
389 0.7264909986925475 0.7252050053915791
390 0.7272452981997385 0.7258570103066930
391 0.7278990244393040 0.7265090152218070
392 0.7285527506788696 0.7271610201369210
393 0.7294076234536859 0.7280637961732327
394 0.7305139293975662 0.7289164179853048
395 0.7311173690033189 0.7297690397973770
396 0.7320225284119481 0.7305715073852095
397 0.7327768279191391 0.7314742834215211
398 0.7332796942572664 0.7319758256639166
399 0.7339837071306446 0.7323770594578328
400 0.7344865734687720 0.7328284474759887
401 0.7350397264407120 0.7333299897183840
402 0.7355928794126521 0.7339819946334980
403 0.7365986120889068 0.7345838453243725
404 0.7372523383284724 0.7351856960152469
405 0.7378054913004124 0.7357373924818817
406 0.7382580710047270 0.7364897058454749
407 0.7389620838781052 0.7369410938636307
408 0.7393140903147943 0.7377937156757028
409 0.7399678165543598 0.7383955663665772
410 0.7407724026953636 0.7389974170574516
411 0.7415769888363672 0.7400005015422424
412 0.7419792819068691 0.7405521980088773
413 0.7424821482449965 0.7409032775785540
414 0.7430353012169366 0.7413045113724703
415 0.7434375942874384 0.7418562078391053
416 0.7436890274565020 0.7425082127542193
417 0.7440913205270039 0.7430599092208541
418 0.7444433269636930 0.7434611430147704
419 0.7449964799356331 0.7439125310329262
420 0.7453987730061350 0.7444140732753216
421 0.7459016393442623 0.7449156155177170
422 0.7466056522176405 0.7454171577601123
423 0.7472593784572061 0.7459688542267473
424 0.7478125314291462 0.7465707049176217
425 0.7484159710348990 0.7470722471600171
426 0.7489188373730262 0.7475236351781729
427 0.7494217037111536 0.7481254858690474
428 0.7500754299507191 0.7487273365599217
429 0.7508297294579100 0.7495799583719939
430 0.7512823091622247 0.7501818090628684
431 0.7517851755003520 0.7508839682022218
432 0.7525897616413557 0.7513855104446172
433 0.7531932012471085 0.7518368984627730
434 0.7539475007542995 0.7526895202748451
435 0.7546012269938650 0.7533916794141986
436 0.7552046665996178 0.7540938385535522
437 0.7555566730363069 0.7542443012262707
438 0.7561098260082471 0.7547959976929057
439 0.7565121190787489 0.7553978483837801
440 0.7573669918535653 0.7562003159716127
441 0.7579704314593181 0.7568523208867267
442 0.7585235844312581 0.7573037089048825
443 0.7589258775017600 0.7576547884745592
444 0.7595293171075128 0.7582064849411941
445 0.7599818968118275 0.7587080271835895
446 0.7608367695866438 0.7593600320987035
447 0.7616413557276476 0.7599618827895780
448 0.7624962285024640 0.7605135792562129
449 0.7629990948405914 0.7609148130501291
450 0.7635019611787187 0.7615166637410036
451 0.7637031077139697 0.7620683602076385
452 0.7640551141506587 0.7625197482257944
453 0.7645076938549733 0.7630714446924292
454 0.7649099869254752 0.7636231411590642
455 0.7653122799959771 0.7640745291772200
456 0.7659157196017299 0.7644757629711363
457 0.7667705923765463 0.7652280763347292
458 0.7673237453484864 0.7658299270256037
459 0.7677260384189882 0.7662311608195200
460 0.7682289047571156 0.7665320861649573
461 0.7685809111938047 0.7669333199588735
462 0.7688826309966811 0.7672843995285503
463 0.7695363572362466 0.7678862502194247
464 0.7700392235743739 0.7684881009102992
465 0.7704918032786885 0.7691401058254131
466 0.7708438097153777 0.7696416480678085
467 0.7714472493211304 0.7700428818617249
468 0.7716986824901941 0.7704441156556411
469 0.7725032686311979 0.7709958121222760
470 0.7731067082369506 0.7713970459161923
471 0.7735090013074525 0.7717481254858690
472 0.7739615810117670 0.7723499761767435
473 0.7743638740822689 0.7727010557464202
474 0.7748164537865836 0.7733530606615342
475 0.7754198933923363 0.7737542944554505
476 0.7761239062657146 0.7745567620432832
477 0.7765764859700292 0.7749078416129599
478 0.7771799255757820 0.7752087669583971
479 0.7775319320124711 0.7755598465280739
480 0.7779342250829729 0.7760112345462297
481 0.7782862315196621 0.7765629310128646
482 0.7789902443930403 0.7771146274794994
483 0.7793422508297294 0.7775660154976552
484 0.7798954038016696 0.7780174035158112
485 0.7803479835059841 0.7784186373097274
486 0.7808508498441115 0.7788198711036437
487 0.7811022830131751 0.7794718760187577
488 0.7816051493513024 0.7798229555884344
489 0.7822085889570553 0.7802743436065902
490 0.7825605953937443 0.7806755774005065
491 0.7830131750980589 0.7811771196429019
492 0.7832646082671226 0.7815783534368183
493 0.7835160414361863 0.7818792787822555
494 0.7839183345066881 0.7820798956792135
495 0.7845217741124410 0.7823808210246508
496 0.7847229206476918 0.7828823632670462
497 0.7854269335210701 0.7835343681821602
498 0.7862315196620738 0.7841863730972741
499 0.7867846726340139 0.7848885322366277
500 0.7871366790707031 0.7852396118063044
501 0.7874383988735794 0.7857411540486998
502 0.7875389721412048 0.7860420793941369
503 0.7879915518455195 0.7862928505153346
504 0.7884441315498341 0.7868445469819696
505 0.7888967112541486 0.7873962434486045
506 0.7891984310570250 0.7876971687940417
507 0.7896510107613397 0.7878476314667603
508 0.7901035904656543 0.7884996363818743
509 0.7905058835361560 0.7887504075030720
510 0.7909081766066579 0.7891516412969882
511 0.7914613295785980 0.7896030293151440
512 0.7919641959167254 0.7901045715575394
513 0.7922659157196017 0.7905058053514558
514 0.7926682087901036 0.7908568849211325
515 0.7931207884944182 0.7914085813877674
516 0.7936236548325455 0.7917095067332046
517 0.7942270944382983 0.7922110489756000
518 0.7946293875088002 0.7927627454422349
519 0.7952328271145530 0.7933144419088698
520 0.7957356934526802 0.7938661383755047
521 0.7959368399879312 0.7940667552724628
522 0.7962888464246203 0.7945682975148582
523 0.7965905662274968 0.7948190686360559
524 0.7973951523685004 0.7953707651026908
525 0.7976968721713769 0.7957719988966071
526 0.7980488786080659 0.7962735411390024
527 0.7983505984109424 0.7966747749329187
528 0.7986020315800060 0.7969255460541165
529 0.7990043246505079 0.7972766256237932
530 0.7993563310871971 0.7975273967449908
531 0.7997083375238861 0.7978784763146676
532 0.8004626370310771 0.7984301727813026
533 0.8009152167353917 0.7988314065752188
534 0.8012672231720809 0.7993329488176142
535 0.8016695162425828 0.7997341826115305
536 0.8018706627778336 0.8000351079569676
537 0.8026249622850247 0.8004363417508840
538 0.8030272553555264 0.8007874213205607
539 0.8035301216936538 0.8010883466659979
540 0.8038821281303430 0.8015397346841537
541 0.8043849944684702 0.8019911227023095
542 0.8046867142713466 0.8025428191689445
543 0.8049884340742230 0.8028938987386213
544 0.8051895806094740 0.8031948240840585
545 0.8054913004123504 0.8034455952052562
546 0.8057427335814140 0.8035960578779748
547 0.8061450266519159 0.8039972916718910
548 0.8066981796238559 0.8044988339142864
549 0.8072010459619833 0.8047997592597237
550 0.8077541989339234 0.8052009930536399
551 0.8082067786382380 0.8058529979687539
552 0.8085084984411144 0.8060034606414725
553 0.8088605048778035 0.8064046944353889
554 0.8092125113144926 0.8069062366777842
555 0.8095645177511818 0.8073576246959400
556 0.8100673840893091 0.8075582415928981
557 0.8103691038921854 0.8080597838352935
558 0.8106205370612491 0.8083607091807308
559 0.8111234033993764 0.8088622514231261
560 0.8113748365684401 0.8091631767685633
561 0.8116765563713165 0.8093637936655215
562 0.8118274162727547 0.8096647190109587
563 0.8120788494418183 0.8100659528048750
564 0.8124811425123202 0.8104671865987912
565 0.8128834355828221 0.8108684203927076
566 0.8132354420195111 0.8114201168593425
567 0.8138388816252640 0.8119718133259773
568 0.8140903147943277 0.8121724302229355
569 0.8143417479633913 0.8125235097926122
570 0.8147440410338932 0.8132256689319658
571 0.8152469073720205 0.8137272111743612
572 0.8155989138087096 0.8141785991925170
573 0.8158000603439606 0.8143792160894752
574 0.8159509202453987 0.8147804498833915
575 0.8163029266820879 0.8148306041076310
576 0.8168057930202153 0.8153321463500263
577 0.8169566529216534 0.8155327632469844
578 0.8171075128230916 0.8157835343681822
579 0.8173589459921553 0.8162349223863380
580 0.8177109524288444 0.8163352308348171
581 0.8181132454993463 0.8165358477317752
582 0.8183646786684099 0.8168367730772124
583 0.8188675450065372 0.8173383153196078
584 0.8191692648094137 0.8176392406650450
585 0.8194709846122901 0.8179903202347217
586 0.8200241375842301 0.8183413998043985
587 0.8203761440209192 0.8187927878225544
588 0.8209292969928593 0.8191940216164706
589 0.8213818766971739 0.8195952554103869
590 0.8219350296691139 0.8199964892043032
591 0.8221361762043649 0.8201971061012614
592 0.8224881826410539 0.8203475687739800
593 0.8224881826410539 0.8205481856709381
594 0.8226893291763049 0.8207488025678963
595 0.8227899024439305 0.8211500363618126
596 0.8232927687820577 0.8212503448102917
597 0.8236447752187468 0.8217017328284475
598 0.8239967816554360 0.8220026581738846
599 0.8241979281906869 0.8221531208466033
600 0.8244493613597506 0.8225042004162800
601 0.8247510811626270 0.8228051257617173
602 0.8250025143316906 0.8230057426586754
603 0.8253545207683798 0.8233568222283522
604 0.8257065272050689 0.8235072849010707
605 0.8260585336417581 0.8242094440404243
606 0.8263602534446344 0.8245605236101010
607 0.8267122598813236 0.8248614489555383
608 0.8271145529518253 0.8250119116282568
609 0.8273156994870763 0.8254131454221731
610 0.8276677059237655 0.8255636080948918
611 0.8279694257266419 0.8259146876645685
612 0.8283214321633310 0.8261153045615267
613 0.8287237252338329 0.8265165383554429
614 0.8288745851352710 0.8268174637008803
615 0.8291763049381474 0.8269679263735988
616 0.8294780247410238 0.8272688517190361
617 0.8298300311777129 0.8276199312887128
618 0.8303328975158403 0.8280211650826290
619 0.8306346173187167 0.8281716277553477
620 0.8308357638539676 0.8284223988765453
621 0.8309866237554058 0.8289740953431803
622 0.8313386301920950 0.8291747122401384
623 0.8315397767273458 0.8294254833613361
624 0.8315900633611586 0.8295759460340547
625 0.8319420697978477 0.8298267171552525
626 0.8319923564316605 0.8301276425006896
627 0.8324449361359750 0.8302279509491687
628 0.8327466559388514 0.8306291847430850
629 0.8328975158402896 0.8308298016400432
630 0.8330986623755405 0.8311808812097199
631 0.8334003821784169 0.8316824234521153
632 0.8337523886151061 0.8319331945733129
633 0.8340541084179824 0.8321338114702711
634 0.8343558282208590 0.8323344283672293
635 0.8346072613899226 0.8324347368157083
636 0.8347581212913607 0.8328359706096246
637 0.8351101277280499 0.8331870501793014
638 0.8355124207985518 0.8333876670762594
639 0.8359147138690536 0.8337387466459363
640 0.8361661470381172 0.8339895177671339
641 0.8365684401086191 0.8344910600095293
642 0.8368198732776828 0.8348922938034455
643 0.8370713064467464 0.8350929107004037
644 0.8373227396158101 0.8352935275973619
645 0.8376244594186866 0.8356446071670387
646 0.8381273257568138 0.8359956867367154
647 0.8384290455596902 0.8361963036336736
648 0.8388313386301921 0.8364470747548712
649 0.8389821985316303 0.8366978458760689
650 0.8393342049683195 0.8370990796699852
651 0.8394347782359449 0.8372996965669434
652 0.8396862114050085 0.8374501592396619
653 0.8397867846726340 0.8377510845850992
654 0.8401890777431359 0.8380018557062969
655 0.8403399376445740 0.8383027810517341
656 0.8406416574474505 0.8388043232941295
657 0.8409433772503269 0.8391052486395667
658 0.8412953836870160 0.8393058655365249
659 0.8414965302222669 0.8396067908819620
660 0.8419993965603942 0.8399578704516388
661 0.8423514029970833 0.8402086415728365
662 0.8428542693352107 0.8405095669182737
663 0.8430554158704616 0.8408104922637110
664 0.8433068490395252 0.8411114176091481
665 0.8437091421100271 0.8414624971788249
666 0.8438600020114654 0.8416631140757831
667 0.8440108619129035 0.8419138851969807
668 0.8442622950819672 0.8421145020939389
669 0.8445137282510309 0.8423151189908971
670 0.8446645881524690 0.8423652732151365
671 0.8449663079553454 0.8424655816636156
672 0.8452177411244092 0.8428166612332924
673 0.8455194609272856 0.8431677408029692
674 0.8455697475610983 0.8433182034756878
675 0.8458211807301619 0.8435689745968854
676 0.8462234738006638 0.8438197457180832
677 0.8466760535049784 0.8440203626150413
678 0.8469777733078547 0.8443212879604785
679 0.8473800663783566 0.8448228302028739
680 0.8475309262797949 0.8451739097725506
681 0.8475812129136076 0.8453243724452693
682 0.8476817861812330 0.8455249893422274
683 0.8478829327164840 0.8457256062391855
684 0.8481846525193604 0.8459763773603832
685 0.8485366589560495 0.8462271484815809
686 0.8487880921251132 0.8465280738270181
687 0.8490395252941768 0.8469293076209343
688 0.8492909584632404 0.8471299245178925
689 0.8493412450970532 0.8474810040875693
690 0.8498441114351805 0.8477317752087670
691 0.8499949713366187 0.8480327005542042
692 0.8503469777733079 0.8484840885723600
693 0.8506989842099970 0.8487850139177973
694 0.8510007040128733 0.8490859392632344
695 0.8512018505481243 0.8493367103844321
696 0.8514532837171880 0.8498382526268276
697 0.8515035703510008 0.8500388695237856
698 0.8517550035200644 0.8503397948692228
699 0.8520064366891280 0.8505404117661810
700 0.8521070099567535 0.8508914913358577
701 0.8523081564920044 0.8511422624570555
702 0.8526601629286936 0.8513930335782531
703 0.8530121693653827 0.8516438046994508
704 0.8531630292668209 0.8518444215964089
705 0.8534647490696973 0.8520951927176066
706 0.8537161822387609 0.8521955011660858
707 0.8539676154078246 0.8523961180630438
708 0.8541687619430756 0.8526970434084811
709 0.8542693352107010 0.8529478145296787
710 0.8544704817459519 0.8532487398751160
711 0.8547219149150156 0.8533490483235950
712 0.8549230614502665 0.8534995109963137
713 0.8551744946193301 0.8536499736690323
714 0.8553253545207684 0.8537502821175114
715 0.8555265010560194 0.8539007447902299
716 0.8559790807603339 0.8541515159114277
717 0.8562808005632103 0.8543019785841462
718 0.8563813738308358 0.8546029039295835
719 0.8565322337322739 0.8547032123780626
720 0.8568339535351503 0.8548536750507811
721 0.8569345268027758 0.8550041377234998
722 0.8572362466056522 0.8551546003962184
723 0.8573871065070904 0.8553552172931765
724 0.8578396862114051 0.8556059884143742
725 0.8581916926480941 0.8559069137598114
726 0.8584431258171578 0.8560573764325300
727 0.8586945589862215 0.8563081475537277
728 0.8589459921552851 0.8566592271234045
729 0.8591974253243488 0.8569099982446021
730 0.8595494317610379 0.8572109235900394
731 0.8598008649301015 0.8575118489354766
732 0.8599517248315398 0.8576623116081952
733 0.8601025847329780 0.8581136996263510
734 0.8601528713667907 0.8583143165233091
735 0.8603037312682289 0.8583644707475487
736 0.8605551644372926 0.8585149334202673
737 0.8608065976063562 0.8586653960929860
738 0.8611083174092327 0.8588660129899441
739 0.8615106104797345 0.8592672467838604
740 0.8617117570149855 0.8594678636808185
741 0.8618123302826108 0.8596684805777767
742 0.8618626169164236 0.8598690974747348
743 0.8622146233531127 0.8600195601474534
744 0.8623654832545510 0.8601198685959325
745 0.8625666297898018 0.8602703312686510
746 0.8627174896912401 0.8603706397171302
747 0.8630192094941165 0.8606214108383279
748 0.8631197827617419 0.8606214108383279
749 0.8634215025646184 0.8607718735110464
750 0.8636226490998693 0.8610727988564837
751 0.8638237956351202 0.8613737242019209
752 0.8638740822689329 0.8615241868746395
753 0.8639746555365584 0.8616244953231186
754 0.8641255154379965 0.8618251122200767
755 0.8643266619732475 0.8619755748927953
756 0.8644775218746857 0.8621761917897535
757 0.8645780951423112 0.8623266544624721
758 0.8647792416775621 0.8626275798079093
759 0.8648295283113748 0.8628783509291070
760 0.8651815347480640 0.8629285051533465
761 0.8653323946495022 0.8629285051533465
762 0.8654329679171276 0.8630789678260652
763 0.8658855476214422 0.8632795847230232
764 0.8659358342552550 0.8636306642927001
765 0.8661369807905059 0.8638814354138977
766 0.8663884139595696 0.8640820523108559
767 0.8665392738610077 0.8641322065350954
768 0.8666901337624460 0.8643328234320535
769 0.8668409936638841 0.8644832861047722
770 0.8669415669315096 0.8645334403290117
771 0.8670924268329478 0.8646839030017304
772 0.8671427134667605 0.8650349825714071
773 0.8672935733681988 0.8650851367956466
774 0.8675952931710751 0.8652857536926047
775 0.8679975862415770 0.8655365248138025
776 0.8682490194106407 0.8656869874865211
777 0.8683495926782661 0.8660380670561978
778 0.8684501659458916 0.8662386839531560
779 0.8685507392135170 0.8663389924016350
780 0.8685507392135170 0.8665897635228327
781 0.8688021723825807 0.8668405346440304
782 0.8690033189178317 0.8669909973167490
783 0.8692044654530826 0.8672417684379466
784 0.8694558986221462 0.8674423853349048
785 0.8696570451573972 0.8676430022318630
786 0.8699587649602736 0.8678436191288211
787 0.8701096248617117 0.8681946986984979
788 0.8701599114955245 0.8683953155954560
789 0.8703107713969627 0.8685457782681747
790 0.8703107713969627 0.8685959324924142
791 0.8704113446645881 0.8687463951651327
792 0.8706124911998391 0.8688467036136118
793 0.8707633511012773 0.8689971662863305
794 0.8709644976365283 0.8692980916317676
795 0.8713165040732174 0.8695488627529654
796 0.8713667907070300 0.8697494796499236
797 0.8716182238760937 0.8698999423226421
798 0.8718193704113446 0.8700002507711212
799 0.8719199436789702 0.8702008676680794
800 0.8719702303127829 0.8703011761165584
801 0.8723222367494720 0.8706021014619956
802 0.8726742431861612 0.8708027183589537
803 0.8728753897214121 0.8708528725831933
804 0.8730262496228502 0.8710033352559119
805 0.8732776827919140 0.8711036437043910
806 0.8735291159609776 0.8712541063771096
807 0.8738811223976667 0.8715550317225469
808 0.8740319822991049 0.8717556486195049
809 0.8741828422005431 0.8719061112922236
810 0.8744342753696067 0.8722070366376609
811 0.8744845620034195 0.8725581162073376
812 0.8746354219048577 0.8726584246558167
813 0.8747359951724831 0.8729091957770143
814 0.8749874283415469 0.8731098126739725
815 0.8752891481444232 0.8733605837951701
816 0.8755405813134869 0.8736113549163678
817 0.8756411545811124 0.8738621260375655
818 0.8760434476516142 0.8740125887102841
819 0.8761943075530524 0.8742633598314818
820 0.8762948808206779 0.8743135140557213
821 0.8767977471588052 0.8745141309526795
822 0.8771497535954943 0.8747649020738771
823 0.8773006134969326 0.8749153647465958
824 0.8774514733983707 0.8751159816435540
825 0.8775017600321835 0.8753165985405120
826 0.8777531932012471 0.8753667527647516
827 0.8778034798350598 0.8755673696617098
828 0.8781051996379362 0.8757178323344283
829 0.8783566328069999 0.8759184492313865
830 0.8785074927084381 0.8760689119041052
831 0.8789097857789400 0.8763698372495423
832 0.8791612189480036 0.8764701456980214
833 0.8792115055818164 0.8767209168192192
834 0.8793623654832545 0.8768212252676981
835 0.8795635120185055 0.8768713794919377
836 0.8796640852861309 0.8769215337161772
837 0.8799155184551946 0.8772224590616144
838 0.8800663783566328 0.8773729217343331
839 0.8800663783566328 0.8773729217343331
840 0.8801669516242583 0.8773729217343331
841 0.8803178115256964 0.8777240013040098
842 0.8804686714271347 0.8779246182009680
843 0.8805692446947602 0.8780750808736866
844 0.8809212511314493 0.8781252350979262
845 0.8810721110328874 0.8784261604433633
846 0.8813738308357638 0.8786769315645611
847 0.8815246907372021 0.8789778569099982
848 0.8816252640048275 0.8792286280311959
849 0.8819269838077040 0.8792787822554354
850 0.8821281303429549 0.8793289364796750
851 0.8822287036105803 0.8794292449281541
852 0.8823795635120185 0.8794292449281541
853 0.8824801367796440 0.8796800160493518
854 0.8826309966810821 0.8798806329463099
855 0.8828321432163331 0.8800812498432681
856 0.8829830031177713 0.8802317125159866
857 0.8830835763853968 0.8804824836371843
858 0.8832847229206477 0.8806831005341424
859 0.8833852961882731 0.8808335632068611
860 0.8835361560897114 0.8811846427765379
861 0.8838378758925878 0.8813852596734960
862 0.8839384491602132 0.8815357223462146
863 0.8839887357940259 0.8816360307946937
864 0.8841898823292769 0.8818868019158914
865 0.8843407422307150 0.8820874188128495
866 0.8844413154983406 0.8822880357098076
867 0.8845418887659660 0.8824384983825263
868 0.8846927486674042 0.8826391152794844
869 0.8847430353012169 0.8826391152794844
870 0.8849944684702806 0.8828397321764425
871 0.8853464749069697 0.8831908117461194
872 0.8854973348084079 0.8833914286430775
873 0.8857990546112843 0.8836421997642752
874 0.8860002011465352 0.8839932793339519
875 0.8861007744141607 0.8840935877824310
876 0.8865030674846626 0.8842440504551496
877 0.8866036407522880 0.8844446673521077
878 0.8867545006537263 0.8845449758005868
879 0.8870059338227899 0.8846954384733055
880 0.8871065070904154 0.8848459011460240
881 0.8873579402594790 0.8849462095945031
882 0.8875088001609173 0.8850966722672217
883 0.8875590867947299 0.8851969807157007
884 0.8877602333299809 0.8853474433884194
885 0.8879613798652318 0.8853975976126589
886 0.8881625264004828 0.8855982145096171
887 0.8882630996681082 0.8856985229580961
888 0.8884139595695464 0.8858489856308147
889 0.8885145328371719 0.8858489856308147
890 0.8886653927386101 0.8859994483035334
891 0.8887156793724228 0.8862502194247310
892 0.8888162526400483 0.8862502194247310
893 0.8889168259076737 0.8864006820974497
894 0.8890676858091120 0.8868520701156055
895 0.8892185457105501 0.8869523785640846
896 0.8893191189781756 0.8870526870125637
897 0.8894699788796138 0.8871028412368032
898 0.8896208387810520 0.8871529954610426
899 0.8898722719501156 0.8873034581337613
900 0.8899728452177411 0.8874037665822404
901 0.8900734184853666 0.8874539208064799
902 0.8902242783868048 0.8875040750307195
903 0.8903751382882430 0.8875542292549590
904 0.8904757115558685 0.8877548461519171
905 0.8904757115558685 0.8877548461519171
906 0.8906265714573066 0.8880557714973544
907 0.8907271447249321 0.8881059257215939
908 0.8907774313587449 0.8882062341700729
909 0.8908277179925576 0.8884068510670311
910 0.8910288645278085 0.8885071595155102
911 0.8911294377954340 0.8886074679639893
912 0.8912300110630594 0.8886074679639893
913 0.8915317308659358 0.8887077764124683
914 0.8917831640349995 0.8888582390851869
915 0.8918837373026249 0.8889083933094265
916 0.8919340239364377 0.8891090102063847
917 0.8920345972040632 0.8893096271033428
918 0.8920848838378759 0.8894099355518219
919 0.8922860303731268 0.8895102440003009
920 0.8923363170069396 0.8895603982245405
921 0.8925877501760032 0.8897108608972590
922 0.8926380368098159 0.8898613235699777
923 0.8926380368098159 0.8900619404669359
924 0.8928391833450668 0.8901120946911754
925 0.8929397566126923 0.8902124031396544
926 0.8930906165141306 0.8902625573638940
927 0.8932414764155687 0.8904631742608521
928 0.8934929095846325 0.8906136369335708
929 0.8936940561198834 0.8908142538305289
930 0.8938449160213215 0.8909145622790080
931 0.8939454892889470 0.8909647165032475
932 0.8940963491903852 0.8910650249517266
933 0.8942472090918234 0.8912154876244451
934 0.8943477823594489 0.8912656418486847
935 0.8944986422608870 0.8915665671941220
936 0.8946495021623253 0.8916167214183615
937 0.8946997887961380 0.8916167214183615
938 0.8949009353313889 0.8917170298668405
939 0.8950517952328271 0.8919176467637987
940 0.8952026551342653 0.8920179552122778
941 0.8952529417680780 0.8921684178849963
942 0.8954038016695163 0.8923188805577150
943 0.8955546615709544 0.8924191890061941
944 0.8956049482047672 0.8927201143516312
945 0.8957055214723927 0.8928705770243499
946 0.8959066680076435 0.8930711939213081
947 0.8959569546414563 0.8933219650425057
948 0.8960072412752691 0.8934724277152243
949 0.8963089610781454 0.8935727361637034
950 0.8963089610781454 0.8937231988364220
951 0.8963089610781454 0.8937733530606615
952 0.8966106808810218 0.8939739699576197
953 0.8966609675148346 0.8940241241818592
954 0.8969124006838982 0.8941745868545778
955 0.8969124006838982 0.8943250495272964
956 0.8969626873177110 0.8943250495272964
957 0.8970129739515237 0.8944755122000151
958 0.8971135472191492 0.8947764375454522
959 0.8971135472191492 0.8947764375454522
960 0.8974152670220256 0.8950272086666500
961 0.8976164135572765 0.8951776713393685
962 0.8977169868249020 0.8952278255636081
963 0.8979181333601529 0.8954785966848058
964 0.8980689932615911 0.8955789051332849
965 0.8982701397968420 0.8958296762544825
966 0.8983204264306547 0.8959299847029616
967 0.8983707130644675 0.8960302931514407
968 0.8984209996982802 0.8961807558241592
969 0.8986221462335311 0.8963312184968779
970 0.8988232927687820 0.8964816811695965
971 0.8989741526702203 0.8966321438423152
972 0.8991250125716584 0.8968327607392732
973 0.8991752992054711 0.8969832234119919
974 0.8993261591069094 0.8970835318604710
975 0.8995273056421603 0.8972339945331895
976 0.8996278789097858 0.8973844572059082
977 0.8996781655435985 0.8974346114301477
978 0.8998793120788494 0.8975349198786268
979 0.9000301719802877 0.8976352283271058
980 0.9001810318817258 0.8978358452240640
981 0.9002816051493513 0.8981367705695013
982 0.9003318917831640 0.8982872332422198
983 0.9004324650507896 0.8983373874664593
984 0.9006336115860404 0.8984878501391780
985 0.9008850447551041 0.8985380043634175
986 0.9010359046565423 0.8986884670361361
987 0.9011364779241677 0.8988890839330943
988 0.9012370511917932 0.8989392381573338
989 0.9013376244594187 0.8989893923815734
990 0.9013879110932315 0.8991900092785314
991 0.9014381977270441 0.8993404719512501
992 0.9014884843608568 0.8993404719512501
993 0.9015387709946696 0.8994407803997292
994 0.9015890576284824 0.8994407803997292
995 0.9016393442622951 0.8994407803997292
996 0.9016393442622951 0.8994407803997292
997 0.9017399175299206 0.8994909346239687
998 0.9017902041637332 0.8994909346239687
999 0.9018907774313587 0.8995410888482083
1000 0.9019410640651715 0.8996413972966874
1001 0.9019913506989842 0.8997918599694059
1002 0.9020919239666096 0.8999423226421246
1003 0.9022427838680479 0.8999924768663641
1004 0.9023936437694861 0.9002432479875617
1005 0.9024439304032988 0.9002934022118013
1006 0.9026450769385497 0.9003435564360408
1007 0.9027456502061753 0.9004438648845199
1008 0.9027959368399879 0.9004438648845199
1009 0.9027959368399879 0.9004438648845199
1010 0.9029970833752389 0.9004940191087595
1011 0.9030473700090516 0.9005943275572386
1012 0.9031982299104898 0.9007447902299571
1013 0.9032485165443025 0.9007949444541966
1014 0.9033993764457408 0.9009955613511548
1015 0.9035502363471789 0.9010457155753944
1016 0.9035502363471789 0.9010457155753944
1017 0.9036005229809917 0.9011460240238734
1018 0.9036508096148044 0.9012463324723525
1019 0.9038016695162425 0.9012964866965920
1020 0.9040028160514935 0.9014971035935502
1021 0.9040531026853063 0.9017980289389874
1022 0.9041536759529317 0.9018481831632269
1023 0.9043548224881827 0.9019484916117060
1024 0.9044051091219953 0.9019484916117060
1025 0.9046565422910591 0.9020989542844247
1026 0.9048074021924972 0.9022494169571432
1027 0.9049582620939354 0.9023998796298618
1028 0.9050085487277482 0.9024500338541014
1029 0.9051594086291863 0.9025503423025805
1030 0.9053102685306246 0.9028011134237781
1031 0.9054108417982500 0.9029515760964968
1032 0.9054108417982500 0.9029515760964968
1033 0.9054611284320627 0.9030017303207363
1034 0.9056119883335010 0.9030017303207363
1035 0.9056622749673137 0.9032023472176944
1036 0.9057628482349391 0.9033026556661735
1037 0.9059639947701901 0.9033528098904130
1038 0.9061148546716282 0.9035534267873712
1039 0.9062657145730665 0.9037038894600897
1040 0.9064165744745046 0.9037038894600897
1041 0.9065674343759429 0.9038543521328084
1042 0.9067182942773810 0.9041552774782456
1043 0.9068188675450065 0.9043057401509642
1044 0.9068691541788193 0.9044060485994433
1045 0.9070200140802575 0.9044562028236829
1046 0.9070703007140702 0.9046066654964015
1047 0.9070703007140702 0.9047069739448805
1048 0.9071205873478829 0.9047571281691200
1049 0.9071205873478829 0.9049075908418387
1050 0.9071708739816957 0.9049075908418387
1051 0.9072211606155084 0.9051082077387969
1052 0.9073217338831339 0.9051082077387969
1053 0.9074223071507593 0.9052085161872758
1054 0.9074725937845720 0.9052586704115154
1055 0.9075228804183848 0.9053088246357549
1056 0.9077240269536357 0.9053589788599945
1057 0.9078246002212612 0.9054091330842340
1058 0.9079251734888867 0.9055094415327131
1059 0.9079754601226994 0.9058103668781503
1060 0.9081766066579503 0.9058605211023898
1061 0.9082771799255758 0.9058605211023898
1062 0.9084280398270139 0.9059106753266294
1063 0.9084783264608267 0.9059608295508689
1064 0.9085286130946395 0.9060109837751085
1065 0.9086794729960777 0.9061614464478270
1066 0.9086794729960777 0.9063119091205457
1067 0.9087800462637031 0.9064122175690248
1068 0.9088806195313286 0.9066128344659830
1069 0.9091320527003922 0.9066680076435684
1070 0.9093331992356432 0.9068188675450065
1071 0.9094337725032686 0.9069194408126320
1072 0.9096349190385196 0.9070200140802575
1073 0.9097857789399577 0.9071205873478829
1074 0.9098360655737705 0.9072211606155084
1075 0.9098360655737705 0.9072211606155084
1076 0.9099366388413960 0.9073217338831339
1077 0.9099869254752087 0.9074725937845720
1078 0.9100874987428341 0.9075731670521975
1079 0.9102383586442724 0.9077240269536357
1080 0.9103892185457105 0.9077743135874484
1081 0.9106909383485869 0.9080257467565122
1082 0.9107412249823996 0.9081766066579503
1083 0.9107412249823996 0.9081766066579503
1084 0.9109926581514634 0.9081766066579503
1085 0.9110932314190888 0.9083274665593886
1086 0.9110932314190888 0.9085788997284522
1087 0.9112943779543398 0.9085788997284522
1088 0.9113446645881524 0.9085788997284522
1089 0.9115458111234034 0.9088303328975158
1090 0.9116463843910289 0.9088806195313286
1091 0.9116463843910289 0.9089811927989541
1092 0.9116463843910289 0.9090314794327667
1093 0.9116463843910289 0.9090817660665795
1094 0.9117469576586543 0.9090817660665795
1095 0.9118978175600925 0.9091823393342050
1096 0.9119983908277181 0.9092829126018305
1097 0.9119983908277181 0.9094337725032686
1098 0.9120989640953434 0.9095846324047068
1099 0.9120989640953434 0.9095846324047068
1100 0.9121995373629689 0.9096349190385196
1101 0.9122498239967817 0.9097857789399577
1102 0.9122498239967817 0.9098863522075832
1103 0.9123503972644071 0.9099366388413960
1104 0.9123503972644071 0.9100874987428341
1105 0.9123503972644071 0.9100874987428341
1106 0.9124509705320326 0.9101377853766469
1107 0.9126018304334708 0.9103389319118979
1108 0.9127024037010962 0.9103892185457105
1109 0.9127526903349090 0.9104897918133360
1110 0.9127526903349090 0.9104897918133360
1111 0.9128029769687217 0.9105903650809615
1112 0.9129538368701600 0.9106406517147743
1113 0.9130041235039726 0.9106909383485869
1114 0.9131046967715981 0.9107915116162124
1115 0.9134064165744745 0.9109926581514634
1116 0.9135572764759127 0.9110932314190888
1117 0.9136578497435381 0.9111938046867143
1118 0.9137081363773509 0.9112943779543398
1119 0.9138087096449764 0.9113949512219652
1120 0.9138087096449764 0.9113949512219652
1121 0.9138589962787891 0.9113949512219652
1122 0.9139595695464146 0.9113949512219652
1123 0.9141607160816655 0.9114452378557779
1124 0.9142110027154782 0.9116966710248416
1125 0.9142612893492910 0.9117469576586543
1126 0.9144121492507291 0.9118978175600925
1127 0.9144121492507291 0.9118978175600925
1128 0.9144624358845419 0.9119481041939053
1129 0.9145127225183546 0.9120486774615307
1130 0.9145127225183546 0.9120989640953434
1131 0.9146132957859801 0.9122498239967817
1132 0.9147641556874183 0.9123001106305944
1133 0.9147641556874183 0.9124006838982198
1134 0.9147641556874183 0.9125515437996581
1135 0.9148647289550438 0.9125515437996581
1136 0.9151161621241074 0.9127024037010962
1137 0.9151664487579202 0.9128029769687217
1138 0.9152167353917329 0.9129538368701600
1139 0.9153675952931710 0.9132555566730363
1140 0.9155184551946093 0.9132555566730363
1141 0.9157196017298602 0.9134064165744745
1142 0.9157196017298602 0.9134064165744745
1143 0.9159710348989238 0.9134567032082872
1144 0.9160716081665493 0.9135572764759127
1145 0.9160716081665493 0.9136578497435381
1146 0.9161218948003621 0.9137584230111636
1147 0.9163230413356130 0.9137584230111636
1148 0.9164236146032385 0.9138589962787891
1149 0.9165241878708639 0.9141104294478528
1150 0.9167253344061148 0.9143115759831038
1151 0.9168761943075531 0.9145127225183546
1152 0.9169264809413658 0.9146635824197928
1153 0.9169767675751785 0.9147641556874183
1154 0.9170773408428040 0.9148144423212310
1155 0.9173287740118676 0.9148647289550438
1156 0.9174293472794931 0.9149653022226693
1157 0.9175299205471186 0.9150155888564819
1158 0.9175802071809314 0.9150155888564819
1159 0.9175802071809314 0.9150658754902947
1160 0.9176304938147440 0.9151664487579202
1161 0.9177310670823695 0.9153173086593583
1162 0.9178316403499950 0.9153675952931710
1163 0.9179825002514331 0.9154681685607966
1164 0.9180327868852459 0.9154681685607966
1165 0.9180830735190586 0.9155687418284220
1166 0.9181836467866841 0.9155687418284220
1167 0.9182339334204969 0.9156693150960474
1168 0.9183847933219350 0.9156693150960474
1169 0.9183847933219350 0.9157698883636729
1170 0.9185356532233733 0.9158704616312984
1171 0.9185859398571860 0.9160213215327366
1172 0.9185859398571860 0.9161721814341748
1173 0.9186865131248114 0.9162727547018003
1174 0.9187367997586242 0.9162727547018003
1175 0.9188373730262496 0.9162727547018003
1176 0.9188373730262496 0.9163230413356130
1177 0.9189379462938750 0.9163230413356130
1178 0.9189379462938750 0.9163733279694257
1179 0.9189882329276878 0.9163733279694257
1180 0.9191893794629388 0.9163733279694257
1181 0.9191893794629388 0.9164236146032385
1182 0.9192396660967515 0.9164236146032385
1183 0.9193402393643769 0.9164739012370512
1184 0.9193402393643769 0.9164739012370512
1185 0.9194408126320024 0.9165744745046767
1186 0.9194910992658152 0.9166247611384893
1187 0.9194910992658152 0.9166750477723021
1188 0.9194910992658152 0.9167253344061148
1189 0.9196419591672533 0.9168761943075531
1190 0.9197928190686915 0.9169767675751785
1191 0.9199436789701297 0.9170773408428040
1192 0.9200442522377552 0.9172282007442422
1193 0.9200945388715679 0.9172282007442422
1194 0.9201448255053807 0.9173790606456804
1195 0.9202453987730062 0.9175802071809314
1196 0.9202453987730062 0.9176304938147440
1197 0.9202956854068188 0.9176304938147440
1198 0.9203962586744443 0.9176304938147440
1199 0.9204968319420698 0.9176807804485567
1200 0.9205471185758826 0.9177310670823695
1201 0.9205974052096952 0.9177813537161822
1202 0.9206476918435080 0.9177813537161822
1203 0.9206979784773207 0.9178316403499950
1204 0.9207985517449462 0.9179825002514331
1205 0.9208991250125717 0.9181333601528714
1206 0.9209996982801971 0.9181836467866841
1207 0.9211002715478226 0.9182842200543095
1208 0.9211505581816353 0.9183847933219350
1209 0.9212008448154481 0.9184350799557478
1210 0.9213014180830735 0.9185356532233733
1211 0.9214522779845117 0.9186362264909986
1212 0.9215025646183245 0.9187367997586242
1213 0.9216534245197626 0.9188373730262496
1214 0.9217037111535754 0.9189379462938750
1215 0.9217037111535754 0.9189882329276878
1216 0.9217037111535754 0.9189882329276878
1217 0.9218042844212009 0.9189882329276878
1218 0.9218042844212009 0.9189882329276878
1219 0.9218545710550136 0.9190385195615005
1220 0.9218545710550136 0.9191390928291260
1221 0.9218545710550136 0.9191390928291260
1222 0.9219048576888264 0.9191893794629388
1223 0.9220054309564518 0.9193905259981897
1224 0.9220557175902645 0.9194408126320024
1225 0.9223574373931409 0.9194910992658152
1226 0.9224580106607664 0.9196922458010661
1227 0.9225585839283919 0.9197928190686915
1228 0.9227597304636428 0.9198431057025043
1229 0.9227597304636428 0.9198431057025043
1230 0.9228603037312683 0.9199436789701297
1231 0.9230111636327064 0.9200442522377552
1232 0.9231117369003319 0.9201448255053807
1233 0.9231620235341447 0.9201448255053807
1234 0.9231620235341447 0.9201951121391934
1235 0.9232123101679574 0.9201951121391934
1236 0.9232625968017700 0.9202453987730062
1237 0.9233128834355828 0.9203459720406316
1238 0.9233128834355828 0.9203962586744443
1239 0.9233128834355828 0.9204465453082571
1240 0.9233631700693956 0.9205471185758826
1241 0.9234134567032083 0.9206476918435080
1242 0.9234637433370210 0.9207985517449462
1243 0.9235140299708338 0.9208991250125717
1244 0.9235643166046464 0.9209494116463843
1245 0.9235643166046464 0.9210499849140099
1246 0.9236146032384592 0.9211002715478226
1247 0.9236648898722719 0.9211505581816353
1248 0.9238660364075229 0.9213014180830735
1249 0.9239163230413356 0.9213014180830735
1250 0.9240671829427738 0.9213517047168862
1251 0.9241677562103993 0.9215025646183245
1252 0.9243689027456502 0.9216031378859499
1253 0.9245197626470885 0.9217539977873881
1254 0.9245700492809011 0.9218545710550136
1255 0.9246706225485266 0.9219048576888264
1256 0.9248717690837776 0.9221060042240772
1257 0.9249220557175902 0.9221562908578900
1258 0.9249220557175902 0.9223071507593281
1259 0.9250729156190285 0.9223574373931409
1260 0.9252237755204666 0.9224077240269536
1261 0.9253243487880921 0.9225082972945791
1262 0.9253243487880921 0.9226088705622045
1263 0.9254752086895304 0.9226591571960173
1264 0.9255757819571557 0.9228100170974555
1265 0.9256763552247813 0.9228603037312683
1266 0.9257769284924067 0.9230614502665192
1267 0.9259277883938449 0.9231117369003319
1268 0.9259277883938449 0.9232123101679574
1269 0.9259277883938449 0.9232625968017700
1270 0.9259780750276576 0.9233631700693956
1271 0.9260283616614704 0.9234134567032083
1272 0.9260786482952831 0.9234134567032083
1273 0.9261289349290959 0.9235140299708338
1274 0.9261289349290959 0.9235643166046464
1275 0.9262295081967213 0.9236648898722719
1276 0.9262797948305340 0.9238157497737102
1277 0.9263300814643468 0.9238157497737102
1278 0.9263803680981595 0.9238157497737102
1279 0.9264306547319723 0.9238660364075229
1280 0.9264306547319723 0.9238660364075229
1281 0.9264809413657850 0.9239163230413356
1282 0.9265815146334104 0.9239163230413356
1283 0.9266318012672232 0.9239163230413356
1284 0.9267323745348486 0.9239666096751483
1285 0.9267826611686614 0.9239666096751483
1286 0.9267826611686614 0.9240168963089611
1287 0.9268832344362868 0.9241174695765866
1288 0.9269838077039123 0.9241677562103993
1289 0.9270340943377250 0.9242180428442121
1290 0.9270340943377250 0.9242180428442121
1291 0.9271849542391633 0.9244191893794629
1292 0.9271849542391633 0.9244694760132757
1293 0.9272352408729759 0.9244694760132757
1294 0.9272855275067887 0.9245197626470885
1295 0.9273358141406014 0.9245700492809011
1296 0.9274866740420397 0.9246203359147138
1297 0.9275369606758523 0.9246706225485266
1298 0.9275872473096651 0.9247711958161521
1299 0.9275872473096651 0.9249220557175902
1300 0.9276375339434778 0.9251232022528412
1301 0.9276375339434778 0.9251232022528412
1302 0.9276878205772906 0.9251232022528412
1303 0.9277883938449161 0.9251232022528412
1304 0.9277883938449161 0.9251734888866540
1305 0.9278386804787288 0.9251734888866540
1306 0.9279392537463542 0.9252237755204666
1307 0.9279895403801670 0.9252237755204666
1308 0.9280398270139797 0.9252237755204666
1309 0.9281404002816052 0.9252237755204666
1310 0.9281404002816052 0.9252740621542794
1311 0.9282409735492306 0.9253243487880921
1312 0.9283918334506688 0.9254249220557176
1313 0.9284421200844816 0.9255757819571557
1314 0.9284421200844816 0.9256260685909685
1315 0.9284421200844816 0.9257266418585940
1316 0.9284421200844816 0.9258272151262195
1317 0.9285929799859197 0.9258272151262195
1318 0.9285929799859197 0.9258775017600321
1319 0.9285929799859197 0.9258775017600321
1320 0.9285929799859197 0.9258775017600321
1321 0.9286935532535452 0.9259277883938449
1322 0.9286935532535452 0.9259780750276576
1323 0.9288444131549835 0.9260283616614704
1324 0.9289952730564216 0.9261792215629086
1325 0.9290455596902343 0.9262295081967213
1326 0.9291964195916725 0.9262295081967213
1327 0.9292467062254852 0.9263300814643468
1328 0.9292969928592980 0.9263803680981595
1329 0.9293975661269235 0.9264306547319723
1330 0.9294478527607362 0.9265312279995978
1331 0.9294981393945490 0.9265815146334104
1332 0.9295484260283616 0.9265815146334104
1333 0.9295484260283616 0.9265815146334104
1334 0.9297495725636126 0.9266820879010359
1335 0.9297998591974254 0.9268329478024742
1336 0.9297998591974254 0.9269335210700995
1337 0.9298501458312380 0.9269838077039123
1338 0.9299004324650508 0.9269838077039123
1339 0.9299004324650508 0.9270340943377250
1340 0.9299507190988635 0.9270340943377250
1341 0.9300010057326763 0.9270843809715378
1342 0.9300512923664890 0.9271346676053505
1343 0.9301015790003018 0.9271849542391633
1344 0.9301518656341144 0.9273358141406014
1345 0.9302524389017399 0.9274363874082269
1346 0.9303530121693654 0.9275872473096651
1347 0.9305038720708035 0.9275872473096651
1348 0.9305541587046163 0.9276375339434778
1349 0.9306547319722418 0.9277381072111033
1350 0.9306547319722418 0.9277381072111033
1351 0.9307050186060545 0.9277883938449161
1352 0.9308055918736799 0.9277883938449161
1353 0.9308558785074927 0.9277883938449161
1354 0.9309061651413054 0.9279392537463542
1355 0.9309564517751182 0.9279392537463542
1356 0.9309564517751182 0.9280901136477924
1357 0.9310570250427437 0.9282912601830433
1358 0.9310570250427437 0.9283415468168561
1359 0.9310570250427437 0.9283918334506688
1360 0.9311073116765564 0.9283918334506688
1361 0.9311575983103692 0.9284924067182942
1362 0.9312078849441818 0.9285426933521070
1363 0.9312581715779946 0.9285426933521070
1364 0.9313587448456200 0.9285929799859197
1365 0.9314090314794328 0.9286432666197325
1366 0.9314593181132456 0.9286432666197325
1367 0.9315598913808709 0.9286432666197325
1368 0.9315598913808709 0.9286432666197325
1369 0.9315598913808709 0.9286935532535452
1370 0.9316604646484964 0.9287438398873580
1371 0.9317107512823092 0.9288946997887961
1372 0.9318113245499346 0.9289952730564216
1373 0.9319118978175601 0.9290455596902343
1374 0.9319621844513728 0.9291964195916725
1375 0.9319621844513728 0.9292969928592980
1376 0.9319621844513728 0.9293975661269235
1377 0.9320124710851856 0.9293975661269235
1378 0.9320627577189983 0.9294478527607362
1379 0.9321130443528111 0.9295484260283616
1380 0.9321130443528111 0.9295484260283616
1381 0.9321633309866237 0.9296489992959871
1382 0.9321633309866237 0.9296489992959871
1383 0.9322136176204365 0.9296489992959871
1384 0.9322136176204365 0.9297998591974254
1385 0.9324147641556875 0.9298501458312380
1386 0.9325153374233128 0.9298501458312380
1387 0.9325153374233128 0.9299004324650508
1388 0.9325656240571256 0.9300512923664890
1389 0.9326159106909384 0.9300512923664890
1390 0.9327164839585638 0.9300512923664890
1391 0.9327164839585638 0.9300512923664890
1392 0.9327164839585638 0.9300512923664890
1393 0.9327667705923766 0.9301518656341144
1394 0.9328673438600020 0.9302524389017399
1395 0.9329176304938147 0.9303027255355527
1396 0.9329679171276275 0.9303027255355527
1397 0.9330684903952530 0.9303027255355527
1398 0.9330684903952530 0.9303027255355527
1399 0.9330684903952530 0.9303530121693654
1400 0.9331187770290656 0.9304032988031781
1401 0.9331690636628784 0.9305541587046163
1402 0.9331690636628784 0.9306044453384290
1403 0.9332193502966911 0.9306547319722418
1404 0.9332193502966911 0.9307553052398673
1405 0.9332696369305039 0.9308055918736799
1406 0.9332696369305039 0.9308055918736799
1407 0.9333702101981294 0.9308558785074927
1408 0.9334204968319421 0.9309061651413054
1409 0.9334707834657548 0.9309061651413054
1410 0.9335713567333803 0.9309061651413054
1411 0.9335713567333803 0.9309061651413054
1412 0.9335713567333803 0.9309564517751182
1413 0.9336216433671930 0.9311575983103692
1414 0.9336719300010057 0.9312581715779946
1415 0.9337725032686313 0.9313587448456200
1416 0.9338227899024439 0.9314090314794328
1417 0.9338730765362566 0.9314593181132456
1418 0.9338730765362566 0.9314593181132456
1419 0.9339233631700694 0.9316604646484964
1420 0.9340742230715076 0.9316604646484964
1421 0.9342250829729458 0.9316604646484964
1422 0.9342250829729458 0.9317610379161219
1423 0.9342250829729458 0.9317610379161219
1424 0.9342250829729458 0.9318113245499346
1425 0.9342250829729458 0.9319118978175601
1426 0.9342753696067585 0.9319118978175601
1427 0.9344262295081968 0.9319621844513728
1428 0.9344765161420094 0.9320124710851856
1429 0.9346273760434477 0.9320124710851856
1430 0.9346776626772604 0.9321633309866237
1431 0.9347279493110732 0.9322136176204365
1432 0.9347279493110732 0.9322639042542492
1433 0.9347782359448858 0.9323644775218747
1434 0.9348788092125113 0.9323644775218747
1435 0.9349793824801368 0.9323644775218747
1436 0.9349793824801368 0.9325153374233128
1437 0.9349793824801368 0.9325153374233128
1438 0.9351302423815749 0.9326661973247511
1439 0.9351805290153877 0.9326661973247511
1440 0.9353313889168259 0.9326661973247511
1441 0.9353313889168259 0.9327164839585638
1442 0.9353816755506387 0.9327164839585638
1443 0.9354822488182641 0.9327164839585638
1444 0.9354822488182641 0.9327164839585638
1445 0.9355828220858896 0.9328673438600020
1446 0.9356833953535151 0.9329679171276275
1447 0.9357336819873278 0.9330684903952530
1448 0.9357839686211404 0.9331690636628784
1449 0.9358845418887660 0.9332696369305039
1450 0.9359348285225787 0.9332696369305039
1451 0.9359851151563914 0.9333702101981294
1452 0.9359851151563914 0.9333702101981294
1453 0.9360856884240168 0.9333702101981294
1454 0.9362365483254551 0.9335713567333803
1455 0.9363371215930806 0.9336719300010057
1456 0.9363371215930806 0.9336719300010057
1457 0.9363371215930806 0.9338227899024439
1458 0.9363874082268933 0.9338227899024439
1459 0.9363874082268933 0.9338730765362566
1460 0.9364376948607060 0.9338730765362566
1461 0.9364376948607060 0.9339233631700694
1462 0.9364879814945187 0.9339233631700694
1463 0.9364879814945187 0.9339233631700694
1464 0.9366891280297697 0.9340239364376949
1465 0.9367394146635825 0.9340742230715076
1466 0.9367897012973951 0.9341245097053203
1467 0.9367897012973951 0.9341245097053203
1468 0.9368902745650206 0.9342250829729458
1469 0.9368902745650206 0.9342753696067585
1470 0.9368902745650206 0.9342753696067585
1471 0.9368902745650206 0.9343256562405713
1472 0.9369405611988333 0.9344262295081968
1473 0.9369908478326461 0.9344262295081968
1474 0.9369908478326461 0.9344262295081968
1475 0.9369908478326461 0.9344262295081968
1476 0.9370411344664589 0.9344765161420094
1477 0.9370411344664589 0.9345770894096349
1478 0.9370411344664589 0.9346273760434477
1479 0.9370914211002715 0.9346776626772604
1480 0.9371919943678970 0.9346776626772604
1481 0.9371919943678970 0.9347782359448858
1482 0.9373428542693352 0.9347782359448858
1483 0.9373931409031480 0.9348285225786985
1484 0.9375440008045861 0.9348788092125113
1485 0.9376445740722116 0.9349290958463240
1486 0.9376445740722116 0.9349793824801368
1487 0.9376445740722116 0.9349793824801368
1488 0.9376445740722116 0.9350296691139495
1489 0.9376445740722116 0.9350799557477623
1490 0.9376445740722116 0.9350799557477623
1491 0.9376445740722116 0.9350799557477623
1492 0.9376948607060244 0.9351302423815749
1493 0.9377954339736498 0.9351302423815749
1494 0.9378960072412753 0.9351805290153877
1495 0.9379965805089008 0.9352811022830132
1496 0.9380468671427135 0.9354319621844513
1497 0.9380971537765262 0.9354822488182641
1498 0.9380971537765262 0.9355828220858896
1499 0.9381977270441517 0.9356833953535151
1500 0.9381977270441517 0.9356833953535151
1501 0.9381977270441517 0.9356833953535151
1502 0.9382480136779644 0.9358342552549532
1503 0.9382983003117771 0.9358845418887660
1504 0.9382983003117771 0.9358845418887660
1505 0.9383988735794025 0.9358845418887660
1506 0.9383988735794025 0.9359348285225787
1507 0.9383988735794025 0.9359348285225787
1508 0.9383988735794025 0.9359348285225787
1509 0.9383988735794025 0.9359348285225787
1510 0.9384994468470280 0.9359348285225787
