15.889147
19.869136
18.308557
18.605295
20.497010
8.637049
15.270438
14.927475
8.879651
3.839031
12.957370
40.622477
29.705558
10.738716
15.858894
33.595093
16.734042
21.603406
8.815076
7.893858
12.105947
7.456134
8.818631
15.104030
32.131569
15.806634
12.345216
5.934834
10.655824
7.083500
7.490085
8.688351
5.970371
6.175039
9.767847
33.786750
28.617965
5.866673
7.445594
19.914842
31.557336
22.951835
13.623391
14.724295
14.772847
16.474070
40.512874
13.707430
10.322266
31.512870
28.641196
37.613415
26.041692
33.215542
5.510474
4.200049
16.125564
24.228819
31.475783
16.833205
28.302578
27.035531
18.922909
24.634040
9.641075
5.460873
13.981306
13.480913
12.331621
38.059871
13.120690
24.290673
13.441334
26.353605
19.290301
9.877682
8.659705
11.804252
9.091172
7.737338
8.933543
14.175556
9.574764
12.737856
12.023537
11.565241
12.030749
30.128207
8.345553
11.545556
21.327622
19.817138
22.511062
18.994699
10.092896
11.333226
7.293868
15.046436
7.001260
7.193139
19.168908
14.935681
14.731376
4.694133
11.140664
19.354299
13.937506
26.862733
6.981913
7.987155
9.694527
24.246736
25.302431
17.794584
14.170246
14.855829
5.721367
16.211038
10.163948
7.113980
20.370823
4.226244
4.827309
19.020986
18.935627
26.959769
8.582310
15.076869
13.008664
11.870285
9.521558
16.029509
7.062509
9.876389
16.873922
10.381417
9.197597
20.861253
2.824926
28.353098
10.639803
10.648630
17.043074
9.960684
18.446039
19.098592
8.244926
18.663536
9.641252
4.857593
25.255852
19.529151
18.023205
15.899630
26.764498
15.216621
30.712835
23.338648
16.932291
16.018600
13.266623
22.160941
10.088862
33.299206
17.842885
39.995640
32.679802
14.646274
5.744128
9.796041
13.537478
22.716493
17.178378
13.077671
9.298166
18.295124
26.071983
8.371200
14.434033
22.452743
15.700821
18.721567
13.010634
18.744366
12.550655
13.712995
20.556563
23.244652
5.610702
7.796045
8.074897
20.084724
18.687429
6.904539
10.164190
9.122141
15.521077
11.340398
15.417375
5.303177
12.051287
14.440596
15.532057
13.162459
32.903465
25.956765
34.090048
14.335407
10.990702
6.667926
5.313333
28.373836
5.234485
9.521877
20.639269
49.159738
28.158840
6.701709
16.168148
14.957720
26.390655
22.158068
12.032023
6.849601
4.575489
7.944007
25.932440
7.349147
49.235893
16.072977
20.308902
25.336090
35.367526
8.618894
10.004929
8.967734
27.867994
20.435329
13.512293
12.308488
11.504388
9.948110
12.663055
20.913198
12.497252
15.957373
11.092595
12.174218
22.431306
28.258108
22.332505
19.964489
8.942985
6.197959
7.446132
22.784078
8.642177
13.389042
12.550991
40.478366
20.663126
32.790699
7.320445
7.261521
16.347789
16.964369
14.748684
9.681640
7.742719
15.875269
7.220633
7.930931
9.570091
9.028964
9.612602
9.103925
8.888044
17.288034
8.128952
17.010682
31.526335
51.881119
12.318660
22.473237
21.333373
6.816464
11.445268
26.452936
6.286060
39.871737
15.206235
20.792707
30.879310
7.072105
29.028728
17.949838
6.634652
10.608701
21.433986
5.625483
9.955277
9.328596
5.188762
9.598962
10.167186
6.388350
10.678211
13.043641
24.527644
8.108902
11.177390
10.740741
15.420542
20.332281
12.228727
13.954129
6.938783
4.138065
21.950613
7.140337
16.621888
14.376927
16.565610
8.588260
10.064069
16.955790
35.445378
7.964402
20.898586
9.664966
12.738383
7.489783
14.370980
30.922184
6.222156
19.877373
16.230179
21.203105
6.073769
11.546795
27.123490
11.099972
3.626970
18.706365
10.663125
13.625159
10.845548
31.976699
26.513615
20.212279
9.094327
6.580237
14.676336
23.864796
10.241880
4.905512
18.731701
31.680489
19.916698
11.328251
11.967944
15.592231
39.297709
15.340234
38.988729
13.758048
6.009334
26.569601
15.610936
15.334661
5.180139
32.470468
21.009314
12.577154
15.332223
32.693854
29.034395
7.321965
11.238185
6.256345
4.203581
42.211994
10.759087
18.517726
15.127804
11.287538
17.091911
16.576803
16.110473
4.691938
9.730945
4.933412
9.279310
11.718113
13.813099
20.722422
14.380409
19.281881
5.915093
6.591042
7.306171
18.257631
17.732104
9.271520
11.645185
13.431017
13.159704
41.858601
12.737594
30.969138
25.539661
12.981827
12.690498
19.855730
13.817017
13.211400
22.106175
8.353647
17.399807
27.352341
24.787625
6.088349
13.098324
11.481447
15.026512
21.945848
11.479142
11.964392
25.587972
14.484534
25.046708
46.029757
24.057464
27.902652
17.403052
32.274857
5.897447
17.872989
6.342179
15.605644
9.205544
5.695455
14.555876
6.528545
15.553743
23.140535
7.647982
11.730351
6.146410
7.128114
24.335034
9.159629
10.922079
25.965564
22.783422
9.027512
15.075879
18.346421
13.693298
9.456069
19.819018
28.655723
13.236709
11.969192
9.874226
10.370554
22.596108
10.603669
10.069480
6.982070
14.517997
16.645715
5.509950
16.478824
8.753580
6.509369
19.811014
14.664046
12.020876
29.421362
14.162703
14.352419
18.689525
5.701422
39.221200
30.041336
15.436602
27.470271
11.042352
15.694196
9.561776
9.645232
3.285867
33.862408
26.480617
27.828144
10.078753
16.532059
5.394840
10.629629
3.525596
32.381829
90.624371
13.965329
3.687573
4.112700
24.492002
15.477429
26.378941
19.118704
20.235021
10.179788
7.784835
12.812842
20.423981
30.200715
15.164031
8.732029
5.568540
20.045073
17.048094
7.798186
6.149364
19.294946
14.601111
7.113161
9.543402
11.586111
10.047358
31.213179
21.991561
23.761172
46.782835
10.709571
3.767900
8.576608
16.096207
15.190970
19.671499
30.501056
23.222077
18.839574
13.445745
40.084819
15.407563
11.804927
24.327231
25.859908
17.102354
12.891234
7.609322
7.240115
8.262399
14.543840
14.532693
6.748366
27.100728
14.350595
16.606121
16.750599
16.107995
23.236035
15.638171
9.069204
12.418703
15.392872
27.996172
12.697376
10.736156
8.452561
7.795866
6.944002
9.107901
19.582811
11.981141
11.855508
8.968114
11.012326
16.603940
6.392432
5.510044
11.709316
6.344556
13.251072
20.544351
20.025912
46.700642
19.046652
10.108110
8.329983
5.842359
14.255644
31.421208
23.929807
14.987098
5.413465
8.188312
8.459454
11.118394
39.500837
8.323086
8.864851
12.038494
10.487710
9.079631
16.031926
21.732787
12.275386
5.561499
8.636998
28.562600
6.612208
16.673764
13.626306
21.239447
15.019231
12.154640
15.645060
24.796818
55.071388
20.931459
25.526067
9.686978
17.184354
13.908468
6.424935
45.212527
11.377284
17.075493
15.151642
14.656681
11.581891
11.358756
4.360790
10.521887
11.946198
5.654270
4.242946
21.185246
7.922410
18.040125
17.322964
8.499098
11.859074
27.764756
16.095644
7.691041
7.020170
7.542334
6.344101
23.994480
30.261380
25.286998
10.624086
13.282648
29.791273
10.617643
5.889124
16.607466
8.869177
6.163767
25.161451
52.484620
20.104529
21.475527
16.270621
11.454595
24.938973
12.708164
7.021182
18.355576
16.252802
22.016346
8.285333
24.996545
9.206397
17.569545
9.233796
8.768841
5.220067
10.364927
12.401017
9.846344
7.201950
11.078920
20.982442
28.219973
18.258351
9.477197
17.396502
47.622202
8.254567
19.954862
8.194176
8.282113
9.062144
31.927490
17.042886
7.865257
12.620725
12.202060
5.954210
6.326064
12.356585
9.229413
16.921598
7.272489
6.082352
19.571971
12.677859
15.676393
12.850052
16.372246
10.506478
9.361718
19.483548
12.311581
14.486057
3.842500
15.310425
26.587390
10.055315
13.465538
8.489141
14.294480
9.655456
18.001663
31.249997
10.596632
20.609958
22.579101
13.748135
27.351773
11.128674
12.763815
8.028988
14.666950
15.259990
15.093275
15.295827
21.836720
21.931076
8.279378
14.205784
8.718703
3.742301
6.295723
12.472612
5.330630
6.538734
8.254303
10.558095
13.013181
6.207398
33.039692
4.758572
5.894087
9.228251
13.633461
15.492352
12.211854
25.597238
10.444075
18.194305
17.203869
18.302707
9.138300
10.096319
35.040291
48.238669
9.675298
25.099380
14.357980
11.588587
32.718082
11.131615
11.213997
13.487526
7.291951
7.635423
31.335889
18.093722
24.591791
19.414170
39.015589
11.505694
14.301973
18.206700
28.731018
18.445887
25.506853
26.886278
15.602901
19.931815
6.761384
44.944010
8.847271
13.932930
8.595435
7.940099
12.579918
7.838933
18.721621
30.555729
25.015264
9.770981
13.532939
7.783790
10.989491
13.624459
11.868190
9.956970
20.103266
17.311977
15.295840
30.488726
24.089297
16.857245
20.988640
25.330161
5.996112
20.037153
37.650557
16.751299
11.460178
11.409124
28.370049
27.160146
19.484961
8.763507
14.092321
14.570051
9.576423
11.773315
15.943023
14.137786
5.068768
6.046060
8.771221
8.758926
21.048874
9.135280
15.846820
24.373422
6.730560
15.659734
19.446745
31.912141
5.085140
21.006239
10.972258
14.547511
21.371192
26.895488
7.161831
10.221748
30.829615
20.118501
14.403374
25.767892
18.303814
13.353125
6.202616
18.960615
34.327680
33.544043
7.848789
8.742460
20.494748
21.496782
6.279721
4.343186
33.141098
13.834725
24.416095
9.527209
36.361886
5.504652
24.747573
7.402095
27.329088
12.215899
11.736535
7.406169
5.014604
5.456120
20.188196
10.637923
12.403306
12.123174
69.028596
23.794864
9.340264
6.045467
4.964008
15.721171
38.862362
25.971362
16.079733
6.973839
13.161947
14.457307
62.434672
39.569843
41.983722
6.698037
52.650019
8.353115
9.500491
5.403419
4.577461
26.447269
14.458899
6.643936
19.002378
12.175020
5.272886
19.861096
14.470164
18.319696
13.780710
6.384264
3.860659
10.263194
24.237241
27.677103
11.119762
8.704260
21.197803
6.747045
13.668297
51.999076
14.491475
11.188789
17.813698
11.483096
10.633862
16.003363
5.678888
6.340861
10.828534
10.756238
18.931479
24.442924
30.629989
30.829649
9.341581
15.981397
7.864967
9.956962
14.434220
8.733870
21.532816
20.159400
20.661969
8.557662
21.991881
15.382234
25.059556
12.789199
6.557320
11.436737
16.721643
12.699007
13.896596
20.483472
25.925216
18.352095
26.237018
18.949645
9.248265
8.689630
13.070139
8.437573
13.983062
23.112381
13.923116
7.915380
22.484778
15.927617
13.612804
15.921195
14.800203
8.806337
18.234312
11.327912
10.454228
19.435933
9.380734
6.542345
22.481983
30.029806
9.582475
5.642995
7.525389
7.536340
43.756082
26.159184
24.355775
6.108050
11.039087
22.258369
34.182188
7.010130
19.148196
16.910807
19.826470
27.448549
15.138686
30.910035
13.736713
23.833257
19.336086
8.057564
19.062886
10.938550
6.706204
6.086814
9.541095
10.513056
13.632355
9.845131
25.193052
31.391233
33.514345
16.924497
16.786767
14.570078
13.369922
10.083736
64.070512
3.728393
7.730768
12.876243
8.725999
6.442363
8.364144
6.685555
5.214341
12.019949
42.946462
16.201092
6.048006
11.620242
6.843555
28.624225
17.212967
5.389786
7.005109
6.476061
24.476556
16.495549
7.985598
20.725958
24.701046
18.937039
13.577384
14.687841
24.932500
6.783202
7.928974
19.956850
15.820864
18.572358
40.917278
18.641335
24.777401
17.260712
53.411674
11.706221
8.902566
21.513949
8.861533
10.977928
11.041293
7.624897
41.105706
10.650427
20.220389
13.096684
19.156725
12.653605
29.113767
20.010636
19.114513
26.774821
25.537865
31.754907
25.534686
17.027914
12.498604
4.883985
10.125465
6.806031
4.340682
23.821639
16.082195
6.860851
11.230721
11.925511
5.869612
25.010912
22.640121
7.910365
33.081482
10.323725
11.315022
10.966761
13.413347
5.995182
10.345364
17.597265
43.469160
27.858919
8.583927
7.403665
12.542093
17.905512
28.770646
12.356204
16.345296
12.187287
18.560952
16.249318
8.207967
28.365614
26.451521
6.015715
11.054584
12.626269
13.441628
6.805022
7.598518
7.355846
6.779768
15.911763
16.051013
21.266625
3.914850
13.485942
11.407118
16.005956
16.045080
8.822622
17.408014
13.050581
7.172726
25.464405
35.947869
23.376952
9.964617
16.740897
3.452885
3.605576
27.632506
13.674050
10.345344
34.689197
24.272031
7.684988
31.732521
9.666529
9.614870
17.554687
15.473769
20.328921
6.354649
3.572798
21.159213
16.662240
5.755351
6.403739
27.687008
11.593546
10.327741
11.576740
15.924793
10.203006
14.236776
14.194319
9.643277
31.699513
19.195666
6.510855
10.554363
8.071345
15.477503
25.065599
8.033957
8.279862
19.430331
20.443720
14.409109
6.176084
12.350718
6.399331
32.526536
10.570085
8.787373
10.475485
9.225893
11.220477
25.583666
13.908538
3.473847
15.477971
11.301778
13.588724
9.258966
12.405570
15.305724
10.669088
6.949766
12.018024
8.150047
8.245313
17.673462
49.063226
16.146401
11.552703
14.395877
6.247918
14.929397
8.577805
38.586094
21.401351
16.948707
33.574385
31.553402
8.125148
8.081149
14.797036
14.479412
20.930789
4.543185
6.048912
14.809739
7.053473
9.311665
18.114562
21.144384
11.283215
7.748916
16.568469
3.700628
9.539742
18.800944
7.742553
7.730439
44.034679
46.508844
22.331219
10.340800
21.217485
14.369423
14.888152
16.668000
6.716104
12.675266
12.475918
25.541628
7.887241
12.158041
32.679222
22.715102
11.685190
9.984093
71.637295
4.437777
9.808894
13.194867
6.824136
21.625454
5.866231
11.012383
15.821685
32.474804
15.644399
7.237987
15.970172
6.168914
7.818593
8.691007
5.266554
13.909222
25.444234
7.358987
25.949731
11.274260
7.089513
6.357039
17.013283
13.102502
2.458090
9.002575
9.361438
25.645183
8.066126
7.004168
3.735913
19.140804
8.181332
5.462573
12.985551
15.622360
23.999736
6.401328
6.871038
21.662839
23.038150
14.502423
5.099945
10.480643
6.619157
10.657861
7.507265
6.391469
36.723274
15.906250
12.571542
8.389653
5.212637
14.422068
7.966196
7.852993
7.466603
20.998077
12.937012
10.188011
5.312461
9.059013
11.794590
7.502987
16.527372
11.490584
12.099640
16.332920
9.885635
33.170987
7.547627
13.501996
10.432776
8.266145
17.411491
15.041789
17.112502
14.196515
8.176055
15.570606
17.971613
21.155099
20.851603
32.900263
20.329919
8.691936
10.232430
19.967390
17.765955
11.154523
18.375454
9.417518
20.760053
15.600925
25.464442
21.953946
20.359462
11.643156
9.766763
36.832915
22.193003
12.444760
26.411338
17.110645
17.883119
29.228473
8.812214
14.288532
11.476538
19.390811
13.263018
30.134972
7.082841
17.867728
21.259434
6.954158
22.327549
4.712815
6.703562
28.365195
9.647616
10.481954
18.957793
9.521713
13.589802
8.530325
10.630604
8.112177
8.089676
14.910704
25.718894
15.371138
11.288676
7.658394
22.437050
9.688104
8.868108
8.677268
7.959981
17.267377
8.759181
7.183955
10.580328
22.165585
23.090569
18.729526
13.612043
26.249148
10.714435
7.868267
34.622853
11.596044
19.247736
7.392843
9.860927
16.809821
4.879829
39.509442
42.418092
28.603111
18.933661
19.107490
15.049114
15.253991
9.876551
7.765272
9.785125
30.689903
17.997939
8.604470
15.735915
20.246918
14.932655
9.176120
18.135364
14.880425
12.499015
5.386500
10.659308
14.041664
21.115718
10.203869
18.930796
22.771647
20.711710
13.143960
23.540708
14.277987
48.003579
19.428332
18.399261
30.004810
14.822947
11.730647
14.262818
25.113979
4.646496
5.730343
15.164928
8.052642
6.134649
18.506661
9.713002
8.992087
21.920668
13.584823
12.014682
18.632267
11.108393
8.786036
4.938347
15.754027
38.430858
21.273227
10.319202
11.476539
5.006173
15.040248
16.738676
26.454107
41.307156
14.483998
7.099817
6.731640
16.047198
13.916560
11.623641
15.527408
23.459347
16.779656
9.082446
13.485359
15.509216
7.497733
5.868884
12.505924
9.474131
16.558108
12.523963
8.219819
8.065030
7.581652
13.650505
11.542326
15.861117
23.915440
16.857495
20.555760
21.297569
21.643695
16.216550
17.051779
9.990287
11.102357
8.305696
25.520688
10.522784
6.289564
14.444744
10.575628
18.238004
12.785856
13.783225
10.198946
11.937868
16.647110
4.316116
10.553792
12.983509
11.105231
14.314023
12.936646
21.775349
11.404665
13.135730
13.056701
8.212812
16.366680
5.453334
11.263451
5.547512
7.596810
33.312451
15.650806
9.129730
14.703495
8.929928
9.942090
7.655369
11.089034
8.932375
14.755956
7.068205
25.208798
5.817650
15.029536
7.775453
19.959433
10.673301
6.764662
10.125241
41.486717
5.388575
7.114697
14.429134
8.952580
5.742463
6.493405
39.845849
19.330849
18.209576
9.345920
16.835703
31.615784
30.979039
30.099779
24.288135
11.184944
12.423024
12.180213
19.679850
15.992344
6.540264
5.480500
12.959553
9.085497
14.853047
18.459609
33.768366
17.020314
18.087292
6.682250
6.230825
3.494374
10.770173
16.138799
11.936851
15.847204
21.910393
21.108466
4.571463
13.281714
30.926598
9.998133
20.633422
6.187631
10.373189
5.539220
24.326712
15.732660
10.133776
6.409615
15.079837
17.464812
13.111935
31.579794
20.368293
5.033201
30.047535
6.146685
9.228424
11.433673
24.152099
8.059649
22.448793
4.766897
10.251129
14.007559
27.192078
22.163947
18.492963
10.152356
29.819837
16.758590
12.379081
20.127980
22.243263
12.148173
15.798792
16.780049
13.707612
32.685987
24.016543
24.472924
11.241225
8.943183
12.887639
22.210688
10.758954
12.453990
7.374870
10.113222
11.433771
22.434399
9.509078
8.504315
30.945582
16.533976
33.053401
56.807431
12.624315
14.543598
11.648445
5.990784
7.551845
32.701671
18.695718
21.640453
10.599741
14.231263
5.872414
8.657478
42.722269
7.591625
24.381571
23.693800
11.909836
11.854199
15.435233
12.909231
29.938665
10.574156
28.970146
32.941351
13.383010
9.947350
18.194122
23.221612
13.999812
21.385726
7.725190
12.717241
25.117056
43.077131
31.993339
25.814678
7.676828
11.949289
14.083292
16.919319
6.267084
6.348298
15.654641
16.100285
5.543176
4.238712
14.650966
16.971424
12.903965
14.892092
18.399496
18.749988
14.004985
8.337502
10.295900
13.489506
6.340400
7.155774
11.226593
15.133371
11.553779
14.715197
13.093738
8.156962
21.943762
17.031747
13.232655
17.433878
12.170335
12.649454
19.047127
12.900732
17.365039
16.629194
26.271139
8.654440
6.472099
9.392718
7.465308
31.597595
17.636804
17.607676
16.130283
9.554600
12.992956
29.926028
5.822446
13.700184
18.175780
28.658410
15.014043
10.024166
24.642384
43.706266
40.345217
5.143258
22.111333
10.686444
10.178739
31.992333
11.150818
16.349496
24.071060
15.220812
16.247880
11.115978
21.985672
11.681281
13.633245
13.445357
21.952952
13.581044
26.069007
10.751429
14.404369
8.805795
8.460121
23.538168
21.498568
3.164621
7.660005
21.688117
9.418593
9.692924
4.459556
14.616446
8.768517
17.971379
15.912094
18.115100
11.035458
16.002490
29.719943
18.333462
20.876538
13.406660
19.249673
6.339890
13.158092
9.282848
15.343999
23.296611
9.465981
10.241973
8.974976
8.707664
19.186877
11.535028
10.550475
7.349575
5.883567
7.414697
14.716527
17.856216
12.331869
12.355754
25.455295
44.326044
5.548878
5.170539
24.032730
11.759485
15.988974
20.946971
5.411531
11.489453
6.147679
32.029593
14.612410
20.546982
6.720425
15.157548
12.229363
9.556975
22.682586
26.616565
35.876511
9.706367
21.957875
21.015153
12.297782
9.794559
7.396323
9.582737
10.567033
33.762924
18.207327
9.497502
7.994711
19.095463
19.340618
7.426514
31.548627
13.114828
27.698874
9.454861
8.552316
23.841214
14.039897
5.807828
35.977591
12.289003
8.007760
19.669812
14.673422
16.025931
8.772234
16.028950
10.914844
30.970806
14.628889
10.087097
7.693336
8.163522
10.700715
7.931224
2.824996
15.418067
11.174544
12.224702
10.932686
15.947392
5.915218
48.708220
12.509006
18.153527
13.369710
10.856330
23.096282
22.529487
27.582713
18.946432
15.863135
19.028632
13.695562
15.903094
24.791522
22.448209
16.607133
12.363207
16.312328
7.982148
13.173969
8.896107
23.500540
7.368316
12.607137
15.524627
21.415866
5.362153
16.056453
34.404784
18.423589
16.627286
14.081954
28.915393
22.448421
10.765836
6.153811
15.309830
18.497366
13.381418
12.909191
21.732345
11.128169
35.822259
14.785009
14.870494
11.452368
16.303054
11.324056
16.466783
27.738221
15.619950
19.997652
16.095002
19.965449
10.251715
10.852027
13.821922
10.229506
8.456806
23.663688
15.463130
11.525231
11.366859
12.682358
13.767022
7.983238
40.386864
6.427460
5.498536
10.746805
10.049091
8.549939
10.819686
12.959341
16.540711
10.525198
3.745683
6.536542
16.097420
43.708605
19.620399
33.908378
8.177589
7.211924
13.254230
38.317517
26.855053
7.905688
18.012387
9.853401
12.783834
6.179295
11.109315
27.300850
14.183562
3.887154
15.143805
21.081616
3.769770
17.552570
11.027666
9.882763
19.127860
15.365936
4.553140
5.315652
20.942450
16.007387
6.570984
40.162133
11.512899
15.738724
15.623714
16.486426
9.047908
18.081683
5.675547
4.754378
39.314497
8.404543
7.621526
6.713607
13.652400
12.613863
5.957354
5.930513
14.013540
8.551850
19.109354
15.357890
11.051116
13.486101
6.079908
8.379608
13.874882
10.835276
6.987943
8.208434
24.338256
19.002336
31.026423
17.611040
7.838972
9.119304
20.225853
15.195682
22.393696
8.926372
6.377375
13.004401
26.325189
22.258784
20.001922
26.526103
21.754250
16.951155
12.633000
6.603096
8.437101
26.232420
4.545381
6.368581
24.442036
6.173278
21.878153
19.776204
8.344099
6.631882
14.260972
16.474287
26.644708
15.475759
7.518448
5.578522
6.662485
6.239061
15.979107
17.408503
11.140582
12.162801
22.565537
12.101341
29.512955
6.417296
27.136778
8.246388
7.901560
5.884273
13.520102
7.589496
12.222535
14.297015
17.881020
9.694835
18.698659
12.710826
6.422536
18.349405
36.279740
23.211727
5.258689
6.505847
12.420413
35.211991
7.292136
8.730594
26.470877
14.471317
8.407537
5.552809
10.551635
11.290933
4.803606
17.303038
17.135932
34.969658
29.481537
15.775327
10.697242
20.434935
29.256011
31.779927
24.951212
11.090914
21.572020
19.175342
11.383550
10.594225
44.897122
6.457889
5.497860
18.953205
20.778020
36.080346
17.389654
14.322800
31.902774
8.171031
11.327736
17.009031
23.894476
41.817640
12.717815
20.494678
5.356565
20.871036
28.475883
34.866537
30.820774
18.980175
22.617884
13.352277
7.898642
15.040231
26.378933
21.687452
10.693993
8.483589
9.609749
21.227714
18.673002
45.194489
16.721147
10.944177
23.444653
20.702471
11.483732
32.853446
15.808929
6.016289
11.570186
16.817229
6.907886
14.010465
6.715067
26.385488
16.677564
31.758630
12.128103
8.481996
10.884575
17.599990
8.832455
10.131281
6.232292
48.733762
15.693644
10.141073
17.337645
4.962616
4.044870
22.973296
8.255626
23.604667
17.203659
8.740946
10.083495
10.267499
17.228137
30.509131
16.758993
9.465757
18.423316
13.464520
25.610756
14.664954
6.265293
6.948772
5.421509
19.869730
27.666291
13.433928
9.878657
5.960000
6.894601
16.072643
42.401291
13.492480
15.007641
5.763470
14.888960
11.842415
12.972616
12.664930
12.972721
12.430975
17.956279
16.351687
8.795203
15.355599
12.363421
36.112052
5.276047
29.838918
6.653177
8.325062
20.585336
15.651991
9.830959
11.334633
5.166806
6.495666
16.721601
7.419777
26.573958
18.179022
16.163528
6.309736
16.490824
16.151905
30.909544
24.780443
28.686264
54.877811
5.522913
15.520609
8.410869
5.905574
17.404200
13.811832
32.909542
15.188709
10.289331
29.587222
8.634595
6.516028
10.059333
22.586451
28.159347
11.343776
18.326130
30.713551
15.447438
11.537368
31.971926
52.844032
11.504651
7.455240
7.192566
19.285148
29.295881
26.603341
22.423235
24.292095
17.075386
17.766635
13.112030
12.512876
30.034716
8.195012
5.677816
5.868180
9.868741
7.695840
19.860652
7.692023
11.508683
11.447133
34.224373
26.476862
17.045564
17.537873
3.650450
24.205419
6.825361
5.040029
25.268438
16.875462
15.007980
13.049365
12.330837
30.860670
19.728500
10.031303
11.286129
15.524637
23.656590
14.056919
22.685372
8.402839
14.027017
15.489705
8.382486
14.685433
10.591284
12.787279
6.569124
10.388365
28.527780
10.570710
6.147703
20.534852
16.273628
10.767397
4.545275
12.255043
15.867137
14.841914
13.680246
7.343352
12.778383
9.500685
7.466333
10.010304
4.399266
14.040940
21.773156
16.855165
18.635752
4.162579
12.863963
7.107557
7.483180
3.854195
18.407294
19.926810
26.033350
7.703278
10.269418
9.826095
8.078913
21.782669
16.937882
15.067230
5.653740
10.315116
10.525314
17.294388
14.796285
20.339449
7.812721
15.150852
16.035851
22.099578
10.374437
8.842992
2.866990
8.793795
31.037429
15.626891
19.780638
70.732014
16.774976
8.401339
8.701728
25.022268
8.242731
5.766174
13.067837
14.289374
25.774453
28.765083
12.412133
16.466282
20.570496
17.624640
24.050341
17.789960
9.758444
33.708515
41.475685
25.197769
19.837471
16.331007
13.759952
18.433958
9.904979
27.310890
5.884487
16.468436
17.913741
5.336375
23.853958
15.825053
11.272253
6.903423
13.659344
25.576748
37.682868
18.126887
10.801602
11.015232
7.269733
17.652423
5.969814
12.207480
38.423274
14.648544
35.051595
19.591482
13.990568
7.794583
21.113458
32.915336
9.745926
27.735741
6.740178
6.657796
4.610127
9.001715
26.278581
24.667790
12.013028
16.660111
7.872996
10.376234
24.429746
25.820147
3.277329
8.184081
17.086358
5.416222
7.208023
18.445982
3.335990
4.946986
11.920078
13.253417
4.486813
9.164305
21.338119
18.538417
31.303197
9.190060
4.300035
4.449714
5.700043
30.377795
6.167725
3.519236
33.089904
14.776158
16.470464
11.060621
20.870398
11.322366
13.904500
17.602920
7.746613
4.124022
4.680909
104.575687
8.447253
7.708147
10.229434
9.034636
12.381834
22.660739
12.412427
9.765037
13.586914
15.477675
18.854701
8.171595
12.870547
29.425795
20.362023
22.656355
12.534327
6.895734
22.205437
9.841807
12.361302
6.488834
35.331314
21.500657
6.914801
22.792652
10.097319
15.860904
19.011995
7.798331
12.418695
11.038516
25.799816
25.096964
26.217045
12.023031
8.310729
9.215557
20.414583
14.646199
13.183821
14.295409
18.656845
4.683428
8.063291
4.662395
6.199690
3.908807
7.873225
18.097326
6.193490
29.511743
7.425055
5.555123
27.119366
15.875607
11.213796
6.168398
8.150521
9.420496
13.524026
13.754251
24.901453
12.984491
9.751226
5.579753
7.971711
4.486502
18.404929
6.925167
9.104482
14.246391
9.850497
17.737029
18.285863
23.049010
28.752026
13.040447
12.365751
22.054640
6.108844
4.085984
15.802765
9.062129
3.792617
11.509352
7.626036
27.306043
5.018446
21.132162
8.490995
11.576377
16.454705
11.919700
9.130953
19.402295
6.878918
23.109481
12.399560
6.726314
24.729402
15.300395
17.434362
14.495658
8.103454
6.281426
17.592957
12.755773
21.329444
18.393050
4.924996
7.281747
9.966312
10.165963
13.695916
35.254017
24.453243
7.616426
8.780499
9.209152
14.149054
23.635882
22.453323
23.719606
35.046117
25.616198
8.310320
18.957379
9.027013
18.932688
16.991343
15.825531
10.808697
11.991187
5.220107
8.689200
6.820849
34.766445
11.155431
10.390335
6.382296
6.450010
17.837900
33.223159
17.868145
17.420407
25.084811
16.962551
21.812854
20.653160
29.981211
11.041641
7.493535
14.015942
11.502376
15.635405
11.412369
11.983833
18.566576
13.354517
6.145162
33.304010
24.406929
31.371299
5.034757
13.606245
4.936891
6.190919
9.961432
11.225230
12.200990
47.185103
8.832392
10.837499
7.248184
10.781246
14.984268
17.231723
12.189044
15.464090
19.995196
13.151022
22.440423
15.964366
8.094073
8.472305
12.862116
39.397675
14.988593
6.762183
12.908173
18.723607
13.596075
12.747740
23.888648
16.933470
3.936923
23.677721
22.425795
12.614134
20.550631
20.833363
13.729921
24.622598
11.492404
9.480675
11.949009
3.039823
9.000290
6.878078
10.471236
21.252754
13.218187
9.331904
7.072639
4.999060
23.761740
8.370194
10.194441
20.033505
12.083542
16.987384
7.335264
12.460585
12.461193
26.069475
23.357335
8.323747
14.443551
6.868312
23.976581
14.799439
12.994082
9.254996
20.781766
11.706886
6.331535
7.057458
22.954890
25.228591
15.071705
6.622284
13.465821
32.886947
8.300913
10.820155
15.450777
26.575690
25.681101
4.243111
6.243058
23.230388
18.685846
21.955045
29.468750
24.877953
18.637916
17.603905
4.563480
6.309354
14.694888
6.922925
10.031849
7.045914
7.494553
4.293698
8.847336
15.915147
20.655572
13.171957
27.171300
10.741291
40.094226
19.359847
28.844652
25.421678
16.164281
9.887002
15.745595
16.865824
4.984777
10.596282
32.959546
34.278136
7.926934
24.501737
23.518720
21.454827
9.900322
17.832813
32.633139
21.422492
13.541197
9.065310
18.625685
26.982751
9.772989
6.348401
13.910289
8.284697
4.647699
15.789916
15.337250
9.922585
30.872811
12.772542
24.902527
21.933755
12.190151
4.898836
20.714178
24.080010
29.195250
15.919916
7.192069
39.694134
8.398352
3.870437
5.160623
30.903716
29.087645
8.642202
31.002360
11.041579
31.977468
24.252293
7.036386
7.171632
20.086940
9.932639
19.752900
4.179700
14.959973
20.308976
6.974172
15.947049
21.861347
7.221587
14.273745
15.893401
12.868199
13.421473
8.564052
8.464244
17.668462
12.499833
22.447085
24.074909
29.882291
10.854752
17.968412
7.094784
8.116581
20.956174
7.644696
17.767260
32.050584
9.913498
15.790484
15.065029
10.543891
4.736833
15.558167
29.362839
49.648754
32.241215
22.121031
18.142775
28.435774
7.022469
7.778884
43.163780
22.810348
23.936112
25.556236
9.199326
24.567210
20.194619
11.989769
19.314390
19.622919
41.329057
8.565798
12.856984
14.228035
25.989025
11.249687
34.086085
10.786401
9.644660
10.420329
22.680324
23.021046
9.683763
8.961923
14.778252
8.123606
17.327418
5.835823
14.250570
12.932814
12.996193
18.648343
16.855164
9.636876
41.693522
13.407021
12.576944
11.031171
15.186924
13.920958
14.844978
7.945148
9.269746
6.945050
11.026372
14.424943
24.802933
26.986043
16.012070
21.678543
14.334464
9.047245
8.311154
13.691393
31.427408
9.141442
17.569160
11.976503
20.374933
7.128537
22.509370
19.297069
17.396992
18.558656
26.083459
10.926888
17.617410
25.711946
19.123920
24.838302
6.805943
17.563699
22.192542
10.918109
16.062707
6.885609
16.794623
9.455501
21.215624
15.997926
9.760997
29.284238
18.496535
11.514377
5.828461
32.071389
7.238950
5.336003
8.168222
44.321660
18.524611
12.694877
8.086057
11.413957
8.998867
24.735321
7.596686
17.251627
52.877865
20.514361
26.084876
12.361736
5.184122
16.341582
36.061761
36.415314
18.216746
15.141259
9.819140
7.260332
27.762886
16.357986
12.688153
13.705465
17.035395
20.665565
11.505060
12.149989
7.631749
13.870633
21.338788
9.794320
48.740478
10.732477
8.620701
14.242465
13.786634
15.856286
8.839575
9.638634
41.765111
21.889241
7.786014
20.676218
26.951573
16.827511
10.557678
23.661733
33.804614
7.110044
3.952909
5.510247
10.198377
7.758578
13.336533
10.080914
7.374088
13.272647
4.118005
13.362565
16.156117
21.324097
19.098272
16.631395
3.937470
5.463274
6.955044
6.297875
19.879615
14.339119
3.264676
5.773307
8.353743
5.086360
11.555192
10.153330
22.705660
9.490813
10.861109
10.082580
7.430085
4.683824
23.516419
8.360432
5.328278
7.665281
4.888174
4.280841
13.735855
9.506164
17.809091
12.253347
13.462176
10.011003
7.671201
11.893358
7.905564
14.026003
13.626970
31.424494
25.821570
5.877543
5.120579
11.408348
9.767352
7.888001
5.415866
8.294816
10.757930
14.361021
3.745034
2.890106
7.131903
22.878599
20.951866
39.721385
44.741745
11.186703
13.032124
6.625637
29.926322
18.652972
28.553989
23.638862
8.297090
17.384260
13.977386
19.507321
44.882752
10.368667
12.158710
31.248210
5.693496
8.839935
32.497439
8.946871
11.523514
7.234026
8.033347
14.311337
12.010540
21.098707
29.513715
9.965110
9.156755
5.807657
30.710639
38.396248
17.574370
15.647654
7.970575
10.929473
22.686316
15.870607
19.495331
15.753685
6.602950
6.544007
13.451310
13.433386
10.140853
13.874999
10.641951
6.838320
20.052498
31.718280
11.679182
9.197015
15.088914
20.387951
7.278963
19.188952
28.784758
18.811304
45.357889
4.242617
2.513094
5.414064
5.809674
15.297844
13.079764
11.381262
33.394433
15.059956
36.042105
5.650472
19.181821
33.569992
8.374482
26.359549
22.188691
30.451587
7.008858
12.209703
10.710236
16.473773
11.784889
7.739055
10.986148
25.852859
6.819164
9.504661
7.287091
20.650803
5.480709
7.546699
7.922721
14.883791
10.780552
11.039778
8.478913
49.034623
8.941456
25.646658
13.740622
11.864356
16.385599
14.260118
36.974060
10.696750
8.691969
6.110793
10.311782
21.100191
13.955376
12.863102
12.066101
27.908115
15.817107
9.956688
9.482214
8.672804
22.647054
10.415194
18.186014
26.731635
22.097892
22.406508
7.495758
5.754539
22.392351
9.763357
21.412459
13.642758
12.318469
5.813422
9.715243
27.084662
20.028580
6.595268
2.989594
28.425497
17.011636
2.614482
5.929363
13.179589
20.300900
18.945383
45.862643
12.212208
26.104451
21.137271
20.259519
80.271378
18.562436
20.815126
23.126389
15.858271
17.572030
17.355136
27.390855
10.694240
15.615570
13.082889
12.887787
18.297022
4.473230
11.310945
7.903321
19.812114
28.902149
7.555981
13.404727
16.758906
12.551401
12.187083
14.410315
4.628866
5.417152
20.451612
25.961831
12.638915
12.398526
8.066160
34.810401
8.424248
3.721291
7.145889
11.661185
11.581811
14.006087
11.274983
9.049025
17.995343
17.170006
13.900079
36.844158
6.597086
12.486527
12.433905
6.455133
14.789952
41.276158
9.675955
20.058405
14.479455
11.065551
5.138594
10.218275
11.721666
6.927908
9.085922
14.797984
33.626935
19.577726
10.540964
9.825185
9.742661
32.211749
18.656909
12.903056
5.039281
4.443188
10.208820
13.570259
20.260189
10.004391
10.294939
14.054339
7.655547
16.670554
8.423296
7.288685
11.264383
8.359969
15.185189
6.870141
23.734688
45.865241
26.955004
12.874244
7.443486
8.096172
26.931419
18.942827
19.614446
14.668320
13.499024
10.182251
12.187502
7.087282
20.967888
10.514024
13.437834
18.350178
13.821603
11.536113
8.636101
40.493241
12.489351
8.234843
14.472526
9.367201
6.923243
15.938330
14.304836
7.098710
15.718463
18.417925
13.623413
32.220691
17.293512
30.226933
8.565869
21.450653
23.365800
5.468195
32.573462
4.744680
3.793316
7.070290
8.969543
11.138131
15.449781
6.263561
39.922001
23.289400
16.110890
12.338773
13.821286
9.288036
10.725712
24.895137
18.193378
13.053317
9.565964
10.576784
19.924386
6.560263
4.646601
9.717525
20.398240
13.002099
6.538771
18.170060
7.878160
6.556229
10.672831
14.584784
14.201916
4.308062
6.559621
4.895691
7.240239
10.172473
16.504052
20.159802
12.179579
5.537576
4.578759
6.675541
7.518824
27.470640
8.914815
10.118505
21.837865
14.919333
10.040075
9.318462
37.933322
6.695218
26.449973
11.769734
10.720126
9.082292
12.415276
18.274891
39.657669
22.052873
26.721116
10.868619
36.040169
25.541481
25.773953
31.475442
5.828343
3.121364
19.455796
12.156740
17.767754
8.969781
11.131704
21.876832
15.529867
4.364009
6.786679
6.492035
12.572608
15.186028
13.435442
13.303256
7.762068
4.380889
14.391367
7.933236
14.226198
17.921933
9.143289
12.250747
17.234203
21.435750
15.857261
8.090453
8.853459
39.674923
31.973091
30.258262
6.658661
5.656677
32.206313
10.410986
12.088146
25.878073
14.034446
14.908138
17.772672
12.276457
19.240322
16.759630
10.956608
10.244868
14.236749
11.420550
9.804847
19.560476
16.133630
16.239771
38.638438
7.128811
12.559253
13.475664
39.060224
5.686617
11.825092
9.821950
23.987001
6.969314
13.478697
15.972421
9.016781
22.736593
8.593205
9.312663
13.134764
16.471774
4.854567
9.896478
11.345527
6.000115
5.704263
5.157142
8.671065
11.063648
10.793844
9.541289
7.338674
18.707993
13.917356
28.395177
10.295032
20.012614
12.772326
14.614973
31.860002
19.538288
12.889223
28.309848
13.216532
16.380891
15.110493
6.836478
24.450017
11.726937
8.129102
18.399994
7.363034
18.853066
12.959378
7.213013
9.300043
29.806754
8.088799
12.300288
5.560266
8.985004
71.626001
17.779019
7.075783
24.849064
25.198480
14.272165
10.034017
12.136873
17.522027
10.509048
8.484754
21.480159
6.801237
23.695125
9.128967
13.570604
9.956343
13.051835
12.012597
8.211544
14.324565
10.517547
18.264021
13.411380
16.729961
47.787405
11.653822
5.500123
38.136432
7.877264
5.422245
8.106577
5.933880
5.079524
7.707539
28.023571
10.253750
30.516598
10.941396
10.526692
20.057438
11.959018
4.709334
18.897571
9.106543
23.218193
19.195005
5.721069
19.608853
10.198452
28.542073
38.724432
38.944882
11.750871
13.778198
7.834545
9.909761
5.433143
12.452425
9.986782
43.427695
17.986252
7.497508
5.800971
30.138575
17.845851
16.673995
40.562081
12.364787
9.858002
30.148824
33.359619
6.132291
28.292477
14.388651
14.410151
13.238616
9.934347
9.530660
15.966596
12.114562
11.082173
9.079940
7.296542
10.567951
8.201105
14.514168
15.886181
5.528397
12.555726
19.936929
45.273001
11.213724
34.885736
14.864740
29.566801
29.592306
8.850180
8.313268
21.275184
15.834035
25.162408
16.809279
11.645273
17.965215
7.348630
8.913589
7.860399
21.000069
28.309888
10.958215
4.836987
9.995476
11.225490
9.598083
15.350374
13.841411
7.899889
21.947063
9.853356
7.286267
14.368649
11.757506
9.871506
10.310324
15.804088
5.648162
27.024078
9.497677
9.437943
27.782304
12.358069
28.245046
16.110029
23.453784
30.529814
24.504125
17.257064
5.059633
7.628200
18.519215
6.443201
10.299749
17.523295
15.659363
10.877723
15.358955
25.462083
6.865863
8.622665
4.380324
9.406004
11.526576
7.198479
15.907487
15.622029
11.981661
18.970086
10.534094
21.838527
19.485215
13.406196
24.598674
5.827443
12.607946
5.969203
11.735881
11.665424
16.633490
10.840169
6.036500
21.023786
14.430121
18.503511
18.523393
8.255076
7.597886
18.092842
8.288606
9.112251
8.307798
14.097465
6.866045
4.874931
18.917165
17.275327
18.425130
27.733407
5.568672
5.750865
22.823623
18.105298
8.826881
12.829196
11.891953
11.132509
27.144464
23.204369
6.796417
5.020474
16.857739
21.150529
4.725712
10.671141
14.079234
15.978218
15.719508
9.093897
30.965972
18.210903
17.576574
26.935614
24.274458
18.595986
7.465453
8.590682
11.567884
22.707943
9.100689
12.000662
21.636338
11.718297
21.261032
9.114933
4.459743
4.116020
18.062816
7.504377
6.944840
14.177284
9.547935
18.859376
17.720389
16.584767
13.315550
6.618212
26.023956
5.358122
18.531560
6.399813
11.909376
13.255804
40.246138
31.075172
20.059581
24.646752
32.724063
8.905499
12.192801
7.904348
28.548928
23.077896
6.935857
17.538495
14.110255
13.291592
13.394001
12.672201
10.752889
17.414983
12.588162
15.312009
13.759082
6.494987
7.016567
25.653473
12.593113
12.142524
16.349191
12.280470
22.912513
19.111979
21.007685
45.271673
5.366880
6.039411
20.267319
15.418786
14.031898
16.897276
15.341551
4.071691
19.059917
6.206614
14.725222
11.847156
14.518390
14.654845
15.232965
11.030955
11.118736
4.609127
12.828883
47.384190
24.993894
7.519389
27.938881
63.277035
2.936976
5.815328
27.257555
17.726742
10.429659
9.378502
9.568144
6.282705
37.065602
14.087954
7.524129
25.929867
5.352158
6.126382
7.410331
6.844135
17.633836
24.626956
15.766687
8.398951
7.928604
5.129787
28.271354
11.502094
12.227209
3.363947
10.709008
8.947142
8.329700
4.245096
8.454264
15.113784
27.450996
5.297211
8.021046
28.906722
16.203778
26.864029
31.359505
28.679303
19.305078
24.441514
13.796831
32.280553
9.372553
10.987622
30.650520
12.520711
37.376328
14.249744
17.177071
18.218102
4.392900
4.515016
8.367536
30.641799
13.774409
25.714143
6.141222
5.817283
22.194894
8.695827
12.258390
13.965716
15.110345
7.148548
10.636279
17.138786
5.578721
9.002685
17.782175
10.111748
11.173378
16.504810
14.932045
11.026134
5.254389
13.086389
11.682575
8.556116
8.467452
15.318403
40.831592
49.519141
13.632551
14.304048
39.206624
35.376040
14.124216
50.459564
16.038260
18.763877
18.202904
9.157085
6.884453
11.064300
16.590684
15.336452
7.804929
59.239570
17.495320
3.941803
8.686810
21.533025
20.287489
10.003341
5.096611
33.028186
14.645730
8.976845
6.947502
12.577832
21.410611
12.151844
11.510768
18.504657
10.823939
9.085505
11.162054
10.945118
22.778414
23.394694
14.286022
13.398394
34.810578
11.698273
19.929394
14.400380
24.611186
35.754782
29.989582
6.956344
10.404028
27.636324
35.037063
18.492486
14.702456
4.090049
5.980734
14.979533
29.718368
27.966606
49.012339
6.999730
14.667378
15.657369
10.090926
15.593420
13.542323
26.069447
8.516235
24.054407
8.719688
19.526642
8.075177
10.523647
14.374873
16.911237
10.740804
18.195674
14.423226
17.555732
9.305875
37.602673
10.643892
14.292539
6.520712
17.623582
20.324931
15.404031
7.494375
10.677111
58.857930
27.719290
38.850508
11.182377
16.710629
10.790621
9.367124
8.479427
21.367215
14.765214
16.323321
14.784486
17.261142
41.176285
11.442270
12.999429
11.874204
10.293415
8.167355
16.034759
10.196561
7.240803
22.653079
22.170535
16.340812
25.849495
6.247661
6.167366
25.295213
8.088541
6.443221
17.207986
19.364105
28.724341
40.189187
9.521916
20.817551
25.341814
8.896241
28.380711
30.657673
7.718462
8.983683
7.597001
8.964021
4.495862
7.009017
9.773314
14.753055
12.704868
6.714199
19.939049
15.548507
7.949583
57.294106
8.982230
14.524562
12.742879
13.690166
9.795835
10.262033
6.360973
16.408753
23.359497
39.569945
11.304463
11.454900
8.756558
12.084882
32.052649
15.733815
17.755961
38.250060
14.092431
17.912237
26.912060
4.477491
3.926166
12.902517
12.029570
8.688263
12.058017
27.420738
11.454002
19.659102
16.257503
19.130018
8.161358
10.699510
36.248027
8.447851
8.840849
17.605121
6.486599
19.556447
36.494656
35.228319
5.749703
6.031243
13.547639
14.449597
7.347811
8.967456
8.774727
17.944587
12.386703
14.169010
7.339686
12.281082
14.064574
12.448439
14.094447
6.372627
8.946456
16.768900
12.483679
8.166169
9.838953
8.418358
9.254566
7.355896
6.980924
11.427864
10.668404
6.146667
7.713998
12.275998
7.382231
27.879744
14.817766
15.650902
22.998829
37.045686
18.903645
5.274086
15.184068
25.743144
4.730412
7.647986
9.928710
10.324746
11.110468
17.175060
8.898699
29.900927
18.031361
15.200388
39.201475
4.876620
16.311123
5.368421
8.973484
15.059797
15.443618
20.307200
21.753682
25.988661
18.092795
11.926886
11.521529
6.789876
21.733337
14.789431
15.147513
13.375030
32.364475
28.573828
30.972328
19.194297
7.565964
14.678033
3.144232
8.249261
21.894313
21.441299
14.383456
11.034940
15.679589
18.328167
12.397670
10.580042
20.643305
26.808993
13.367073
9.134553
12.624819
4.943932
7.435351
19.373370
15.959504
10.284950
13.119027
8.812766
12.674583
20.870816
20.789949
7.993191
28.119998
8.214841
6.669057
8.803174
21.505766
15.871569
8.502622
32.135705
38.922877
25.751866
16.387083
11.270575
11.602996
14.077857
7.046393
5.802319
13.044459
28.883745
13.278600
7.256922
14.375991
37.727241
18.583885
32.589209
13.177327
13.392524
8.088087
6.062007
10.671587
40.076312
25.848723
15.889176
13.373464
4.494720
4.248862
13.911867
14.071844
7.496575
5.478553
6.354082
25.122016
11.940848
9.925986
12.476662
21.760143
25.817827
20.226304
18.048431
4.856002
33.423446
15.892622
18.061455
24.206520
12.134162
17.687950
18.137934
24.193312
7.489498
22.425829
39.484293
4.241854
6.004791
10.435437
3.384738
13.242188
13.374666
6.138681
8.692967
24.309624
15.793454
16.459190
14.933980
35.065235
13.802315
12.061788
5.620549
5.844642
41.746071
15.887588
8.472132
17.298501
10.106904
10.625131
29.879406
13.980369
24.859501
10.886601
24.105012
8.662745
12.746785
31.019898
13.144177
20.255467
33.114623
25.501035
13.552249
10.587546
10.478770
23.797650
11.089225
12.025441
29.386296
20.773483
21.208638
12.832079
13.477306
19.766490
24.140153
13.925999
8.255454
34.763712
20.249850
8.293982
15.559205
16.522924
9.261386
17.306327
14.090218
14.427485
34.399386
7.534604
22.809592
21.221940
24.282082
28.360767
9.489061
24.380648
33.435961
33.361385
7.972810
30.698024
33.661917
25.542575
28.817962
51.818373
16.929071
45.192343
8.810924
31.073281
51.282412
25.910101
24.649372
33.970055
25.599126
37.585265
38.540127
17.110811
22.323521
8.308513
7.697856
8.249507
10.370677
15.040416
24.651620
16.820645
20.556824
16.908821
21.575710
24.470573
43.555886
22.370083
31.541674
7.380145
20.631548
24.131403
29.641566
22.479937
10.774382
4.230292
10.326029
52.497056
17.928015
9.869334
16.959899
13.427002
16.843964
12.264390
14.156178
26.909750
13.572756
12.594039
15.062577
18.473911
27.410318
38.034631
22.803279
17.863826
39.948591
28.482828
19.713947
15.921889
7.105571
27.325100
31.418169
25.790765
11.336602
20.141871
10.895485
25.114217
12.300877
11.140910
10.085984
14.371747
11.255057
27.494727
32.049319
32.688427
19.455048
9.391925
21.375116
15.797123
23.116792
14.829891
13.661032
15.392682
14.093910
23.739830
24.937828
28.169886
10.340754
13.309410
8.933195
21.507645
35.501968
