4.925415
9.126142
10.118284
12.756571
29.291539
14.476966
7.245956
4.979622
15.617159
3.612745
23.675071
20.323982
18.301975
10.658174
25.206814
4.517754
8.749818
16.911051
19.131624
16.744093
23.611062
18.260964
3.776551
4.498480
33.305489
10.123627
6.619763
3.471368
27.246619
12.075991
10.846954
3.407524
8.167115
7.797526
12.160100
13.427193
14.242751
5.681566
10.959167
14.205767
10.575406
7.589634
11.244894
7.184991
7.736873
18.504216
23.017514
4.917555
12.687475
12.024053
9.979179
9.046745
12.102229
15.460934
13.553291
10.129090
11.925124
10.039015
9.151155
9.308301
8.906663
4.549152
19.708031
28.380913
7.895511
9.713510
20.745329
18.325943
6.258954
6.401255
11.126991
6.679452
15.573255
14.901246
9.395812
11.159365
7.680273
3.462867
11.843697
22.421938
7.819854
4.858825
2.417150
10.766503
17.457702
12.756882
16.255312
6.600349
20.924066
17.148753
4.348466
12.481736
18.291302
9.349663
8.136501
6.822231
7.908975
17.696040
5.958978
6.189390
4.576090
6.340219
10.378980
11.664804
11.567494
6.640496
6.969505
3.713485
17.254626
12.825067
10.570003
10.174797
12.604713
9.623615
15.629297
17.195873
7.627699
4.853695
6.697688
22.080471
5.739448
11.020344
14.066443
16.412959
17.441048
6.519198
26.862983
33.255631
29.694358
5.701361
3.825211
7.200543
17.342273
15.075013
14.923032
4.912700
8.849927
9.586553
10.895991
9.634519
13.466608
3.720921
13.075077
4.140017
5.426888
11.680543
8.090590
17.903660
6.326974
12.792367
7.735252
8.269935
10.335084
4.058234
6.250892
11.550346
9.021265
9.212291
13.125544
14.690067
4.627531
14.530890
4.207134
10.574898
10.837543
7.027135
14.497143
17.543993
26.314636
14.169952
9.014428
15.955791
37.893193
10.495543
10.240154
11.571246
6.169920
8.502229
17.969012
4.081609
5.813280
18.499101
9.989476
4.960340
8.380675
11.982291
28.531388
29.079899
8.151337
6.155694
7.201375
15.291224
25.238969
12.912350
4.002878
7.314119
20.915841
13.752550
8.822399
5.062921
6.357898
7.197397
13.049721
10.373264
24.733310
20.096155
8.425053
13.088256
13.854743
6.123310
4.349306
9.877224
9.632617
9.949651
10.370801
16.112470
6.178116
27.604705
9.437780
18.154117
9.207028
6.586685
15.039386
7.638737
7.518814
15.746594
20.998766
7.777524
4.035071
7.118818
8.709139
6.822295
7.395278
7.940991
8.858827
14.773552
12.741320
6.757824
15.405433
10.322211
10.997216
4.502077
7.917619
11.679622
5.886333
8.665628
9.426614
12.565530
12.456725
17.555448
13.608650
11.481433
9.587054
18.537816
19.531144
18.799426
13.899944
23.160917
7.507322
25.807146
7.646712
8.161219
13.397152
8.239703
12.557109
7.971098
3.776626
9.580742
19.452817
6.773927
15.326150
5.867225
9.083121
24.937889
23.250964
4.825849
4.312924
7.462506
9.007040
7.354067
6.012956
17.734621
7.693303
8.278011
12.920292
16.190799
15.474453
7.851760
9.491266
8.093532
5.105706
25.543701
22.597999
13.547801
9.532099
7.762210
13.004049
12.963173
21.718829
12.264339
20.493087
20.029156
13.222534
8.260318
6.757148
7.183716
7.602125
18.300223
30.937248
6.981158
12.850810
4.765019
13.501198
4.098388
13.319100
12.712718
13.988519
6.850011
17.655299
14.545522
16.984926
8.026474
12.810768
3.388989
4.472916
6.582777
24.126195
6.223974
29.121094
20.567466
9.951061
10.650237
11.815952
3.432066
10.966983
7.937264
20.854419
11.549436
6.767636
7.861264
8.039235
17.597708
5.673976
5.868174
6.145213
19.601143
10.448248
6.462237
7.864763
7.786239
11.720863
6.260212
6.203812
43.147944
23.374825
37.495721
6.584788
5.119579
14.095801
4.280874
5.087514
24.272178
18.805985
14.851660
25.688743
8.908026
7.986434
16.258293
3.864197
19.431451
28.669793
18.180931
11.734313
15.969913
9.312732
4.403725
34.951252
28.733302
13.467892
7.848108
24.161057
9.210020
18.557868
9.629434
5.627947
7.406831
33.603329
14.030148
13.250275
14.172940
9.083187
7.123135
8.982229
9.771137
5.982151
3.530151
4.092851
18.944191
4.728472
5.491459
21.865649
7.837935
8.940009
19.399829
17.393060
19.328760
15.137702
7.905507
13.721019
21.405294
25.618046
14.487755
5.923046
6.154362
9.557532
15.874724
20.657043
15.847551
8.791631
5.938216
9.724910
15.160058
6.797954
8.352614
16.534066
9.568811
26.443342
6.868377
8.307605
11.234547
6.168969
6.731272
10.820679
12.272345
10.020969
9.936062
25.042379
6.234436
5.328390
10.455659
9.799873
14.581121
23.643505
16.226538
18.801161
12.074761
29.755283
17.334981
12.739246
10.091613
21.569219
9.838343
14.740964
8.594914
9.767425
23.327186
12.414953
4.804340
14.944886
22.950427
3.816924
12.520010
12.569599
5.207687
12.033201
6.142751
3.016918
13.402599
7.600041
23.373639
9.243464
16.647153
5.968724
10.669823
12.455624
12.435172
11.156381
6.685555
5.862412
2.856427
6.871205
16.681645
22.680130
20.318367
5.685496
11.891531
17.638788
23.251446
36.892680
5.522138
5.837283
3.938452
3.846167
11.692590
21.483435
19.422580
6.140337
27.811365
14.756726
4.018723
6.994260
3.418197
6.832461
8.662672
15.334709
48.506284
10.627929
12.248416
13.164329
11.913806
16.295256
7.418648
11.822536
3.506384
2.325095
17.887162
11.792380
18.565735
12.308522
11.599932
13.314887
17.698268
17.688572
16.199615
5.583448
15.155985
12.120192
12.222688
8.452830
17.755138
9.218509
11.953464
6.204533
10.557536
10.557002
4.921043
8.878591
13.333331
10.126433
14.293619
22.965982
18.801225
12.251319
23.854400
5.596350
3.443264
11.809407
3.780548
7.235313
14.665338
6.207622
4.082323
5.610384
17.364971
9.556618
6.759439
9.679465
3.801978
3.169734
11.377769
6.983352
12.222027
12.021743
13.281392
14.170260
9.419305
26.995356
36.445653
5.153189
5.182858
16.231452
7.402675
5.771168
10.356086
4.422482
7.977729
15.073583
2.211079
8.821370
9.758102
10.181491
5.086478
5.316934
9.993564
14.788302
5.871066
6.961497
7.212827
8.197744
10.319070
33.915543
8.353867
19.536334
9.520172
20.978402
24.823414
23.119214
9.485592
7.515850
16.686546
9.836736
15.763799
12.676040
25.516208
9.752863
8.042332
27.938173
6.195862
8.294463
34.188891
15.076830
8.369522
40.516937
10.252800
10.564181
8.415814
11.358024
9.439609
7.202365
19.349569
12.836203
22.741122
6.788485
8.137019
7.251281
12.951680
9.841393
11.909129
12.971640
8.528475
14.480069
19.504389
16.196709
18.329612
9.866735
17.545733
7.700326
8.728793
11.258839
13.808292
5.143651
4.479786
6.675618
13.176176
13.277960
10.942771
51.339259
15.623253
19.607167
19.136083
15.006243
18.250117
10.880059
12.222808
14.928881
7.329739
13.999202
7.166106
20.590527
7.808507
5.799256
3.883616
6.389245
16.156743
13.087026
9.178572
5.145454
16.978236
6.693870
2.763594
7.585574
9.553014
25.925700
9.862369
22.633462
16.444468
7.446547
18.519661
12.986277
17.879428
21.374967
28.323904
4.526719
11.839219
6.237396
9.416331
6.023876
12.831536
6.042931
6.735851
21.136275
8.880842
14.597663
8.350828
9.561751
11.326034
8.221925
16.395132
26.234827
13.711570
16.072737
9.516426
10.069213
9.710967
14.343504
10.672389
14.998693
7.223239
6.680156
22.880070
37.609141
19.244813
16.429731
4.143218
12.632355
8.065234
10.340065
5.005458
13.983822
11.564666
7.735004
11.918800
11.822910
18.807994
26.506042
16.308361
10.042068
7.629630
6.238108
8.707180
14.264985
3.838343
8.857673
6.685813
7.036026
10.292491
21.110045
11.073479
20.940035
4.988267
22.047897
22.553376
17.785674
5.321976
8.665244
13.534456
5.415719
4.508386
16.128945
9.023168
6.986436
3.166796
2.639504
12.085013
13.422361
5.962521
7.422006
10.582277
12.235765
5.399633
25.253501
18.366036
18.017987
24.976748
9.370019
8.868712
9.081524
12.268253
9.607710
9.364890
13.222615
3.387777
4.929529
11.849951
5.055655
17.240196
4.948268
6.217353
12.207860
20.515305
23.619765
12.534295
10.628971
9.221140
14.003015
7.026550
11.868796
6.821908
11.110731
8.582941
16.713019
8.682033
3.160889
4.220034
19.157726
27.984527
11.467545
6.381491
5.232355
12.022617
7.998156
9.297660
7.299272
3.804779
12.463715
3.621510
5.411800
14.213619
11.213559
6.678971
15.099395
14.107069
5.198950
15.759113
5.904895
11.009772
8.264052
15.001477
7.754797
8.274719
8.062480
12.648511
11.521508
6.942392
6.385979
6.650333
22.779194
28.570211
6.911536
10.007616
33.473120
6.936466
7.810611
6.356095
15.242611
5.327987
7.222078
7.556358
5.792988
8.941382
20.211920
12.601842
9.051762
6.993670
14.606206
11.457450
21.712625
12.135808
17.597542
5.947824
5.096303
15.113738
8.042078
19.296801
30.494909
14.517570
10.759738
14.837196
9.916564
15.554121
10.927915
16.549313
9.173598
17.493782
5.165253
9.473519
19.194928
13.430497
16.565254
22.566708
17.563470
8.212478
7.161725
21.885255
9.565742
8.341513
5.457577
21.845768
12.798199
5.356051
2.820868
5.838371
9.186220
11.170021
19.379259
8.148280
8.022136
3.856452
9.808945
14.742678
6.307212
6.307389
10.369384
10.812681
12.997707
7.788250
6.948790
6.513724
14.278149
22.069300
6.524084
10.053289
6.285905
10.103281
7.140837
6.035192
18.102451
12.769350
17.906078
12.538748
5.033463
19.953436
28.540021
10.831527
28.245707
38.286145
5.895976
10.990268
4.575674
11.811060
5.726904
12.329727
6.279151
4.098994
7.418636
28.286918
12.093501
29.596594
7.275588
12.183998
10.778853
9.643653
24.286017
10.376474
15.931512
6.107871
10.496375
13.850510
5.644602
20.173575
5.580303
4.340924
13.483404
27.448732
3.506778
20.626428
15.819871
6.428211
21.478616
3.588585
9.255626
10.188655
10.061576
12.368717
13.129566
5.757526
7.264338
17.929892
12.667231
9.337892
8.539518
7.955523
7.567363
3.846529
11.360421
16.273589
9.855695
6.017762
8.656772
13.741327
18.273100
16.181572
8.556053
19.345486
9.187845
10.499141
7.510475
5.119777
4.407653
8.656661
10.991331
11.642199
8.035635
4.071215
6.353630
30.206577
14.565950
11.083956
15.092126
7.349489
10.154685
16.645825
21.407452
24.403516
8.287277
9.538904
4.535887
5.363151
29.677152
8.228622
15.307574
4.783749
26.718951
10.208308
12.804021
10.390255
8.587721
8.139199
10.646299
8.037993
9.959592
56.013255
7.596270
17.802552
9.065843
9.267840
11.482973
3.141009
5.170549
10.059936
16.437089
7.393542
14.522952
10.371874
4.041088
12.677777
12.687560
6.791502
26.153982
6.840993
8.191805
13.329752
16.272100
9.214789
12.491119
5.091910
28.206201
5.577388
12.061364
5.096651
16.201710
12.188642
27.089413
14.379200
8.920559
3.782819
11.925885
19.103216
15.514748
5.326899
9.960093
10.439465
13.286268
4.069179
5.772713
24.404114
8.584878
10.244404
6.158141
3.609913
18.672777
30.911162
11.509030
10.049101
15.444902
19.545563
9.709371
17.335385
22.546040
10.571499
7.330300
7.673334
9.076004
15.865703
3.327066
3.004040
10.989793
13.138457
18.822220
20.991198
15.306061
24.209373
9.256064
8.553990
37.718153
6.336478
10.943540
20.365160
25.213477
13.750796
10.407776
8.913516
9.845924
6.201075
13.247822
3.292487
2.810762
15.770326
30.527449
13.736089
20.459150
5.248046
7.580191
6.075210
8.255230
10.163140
8.832723
9.904178
16.366038
27.175640
10.012410
5.177965
15.628678
9.986646
7.896517
9.457011
27.753517
7.978784
25.305004
13.344770
4.368165
13.448524
18.613848
14.922578
24.513690
23.235905
15.080986
15.737479
13.671529
8.544435
23.188461
6.450314
11.454678
14.190784
14.724400
8.795236
10.533367
16.852679
15.369885
8.237186
6.692960
6.058155
7.868083
11.145388
6.619176
5.886095
12.675825
11.571313
6.487486
2.954969
17.246712
7.871764
10.529765
11.531254
9.348458
7.776153
11.949093
15.143160
8.047942
5.733459
7.668851
23.325006
17.092876
7.873232
5.181334
16.028047
3.777035
9.852193
5.812094
18.528031
13.271253
16.121874
15.778558
11.724681
8.723882
6.238535
7.747928
9.480265
4.031089
6.576417
9.975636
7.084846
22.984210
13.426298
15.061080
11.121054
8.799749
3.821561
7.667205
6.086233
16.763991
7.337757
10.075059
9.896493
7.414899
4.815076
8.854901
20.500822
5.466840
6.122125
9.069249
4.673300
8.723486
32.978581
7.933665
4.368005
6.870463
2.975682
4.365624
6.143919
4.367891
20.777897
18.593368
23.843740
12.631190
12.378722
9.681578
8.600638
32.954780
11.272065
7.070770
7.280826
54.460327
19.027079
15.319669
25.949562
17.806894
13.548426
4.041434
15.539820
5.543154
8.924814
11.840751
12.624024
11.630722
5.222880
10.836968
8.290117
11.871206
54.247439
3.758165
4.488508
16.199888
12.354226
11.986545
11.258672
12.457670
23.598173
8.383213
7.110711
11.417462
4.043628
7.443702
11.779070
6.183632
4.007459
14.579305
18.547796
17.296793
17.023002
6.538013
4.620847
5.259545
10.131557
4.755531
9.651047
22.832774
15.646031
9.054995
4.659075
6.709633
7.880628
12.740912
15.053890
15.748881
8.331580
8.784907
19.126262
7.413447
4.609183
7.984959
35.431185
9.201451
6.142024
8.586012
12.019000
27.200925
9.701256
9.131453
2.634482
8.197626
19.112118
11.357759
4.357055
16.373882
18.495462
6.282761
13.944785
10.496284
7.702122
4.919628
11.283546
16.487270
31.922082
9.394535
17.742492
9.023081
12.839783
8.030526
16.915640
15.336107
11.272072
7.936919
6.149540
5.701606
5.798908
14.999836
23.360386
16.432922
12.305486
4.660940
10.867691
9.757304
29.518220
9.849383
6.957897
7.146192
9.868346
5.160734
5.842890
10.620310
10.975781
9.906842
18.841096
6.272133
14.611005
7.993150
7.258967
9.638581
5.761624
7.886234
8.810267
9.440733
6.708043
9.306651
17.458797
7.928240
6.994415
8.581987
11.873987
15.698294
17.056323
7.809443
6.688023
9.130939
20.540527
9.572206
4.875543
13.797502
6.807960
10.885900
18.163804
25.227503
7.220556
4.772462
8.071919
12.997597
7.556148
7.863462
6.658778
11.182792
7.486045
15.577818
4.042148
7.030982
24.879750
8.585779
15.887798
14.562798
13.460623
12.698857
6.978582
10.504243
4.586096
3.194463
5.969315
6.177144
3.713550
16.879044
12.975157
23.868750
9.245099
17.083295
2.264472
3.390722
9.190465
6.121863
14.534312
8.952157
8.791402
11.582177
18.735612
10.359382
9.209345
5.183865
11.306767
13.475400
15.013535
12.309271
13.047934
10.319351
10.168233
17.177048
7.060227
20.874162
13.248551
13.624701
7.816548
5.819046
7.163014
7.274872
14.269015
14.419969
12.496767
14.444143
12.759300
13.344027
11.383520
12.621930
8.452009
12.779371
7.460129
6.494263
8.052332
4.776299
22.431969
17.804719
6.776909
2.686318
4.553250
7.183899
9.733942
34.470892
17.415346
7.051792
10.450834
12.861487
6.627417
6.721202
7.522764
6.441111
25.320090
10.884363
11.136050
20.072405
9.557758
4.366632
5.075164
6.060124
10.511977
26.066652
9.717817
12.696130
13.628013
20.211122
6.107046
11.068004
32.094380
5.785814
16.132445
3.854156
8.488671
7.416113
21.201224
5.821025
2.641107
10.529880
10.406596
49.740102
11.860082
9.756949
11.440006
6.348895
10.717614
6.764862
10.136833
9.137808
27.486416
13.631766
14.507405
1.903133
9.291805
6.863419
17.749864
11.156726
15.796255
8.493811
8.261291
8.708764
10.360893
9.171997
12.386497
15.089106
12.328393
20.933775
6.352712
20.384804
6.861667
13.096281
21.771873
8.287330
6.880097
10.775219
17.054772
13.501098
21.476944
12.280332
4.407355
7.330767
25.263731
24.607657
10.260886
7.592001
18.807132
9.896535
4.149736
18.402514
11.904283
17.166441
18.932494
21.014599
6.928786
10.163060
10.072338
5.746140
11.669746
8.723103
16.868135
6.545111
5.295262
3.006370
4.990564
4.409097
5.480332
7.187344
8.908089
14.883697
7.530323
13.578744
13.281384
10.418315
15.521032
6.751037
16.178842
9.672630
18.335389
8.349091
5.150905
8.035103
7.226223
8.936877
7.828659
2.288902
6.229353
13.104740
5.757116
11.563632
8.201850
2.728149
4.142777
9.024171
13.330320
16.707886
13.649285
11.344269
4.288428
11.443641
10.724548
12.983448
11.281384
7.157255
8.276554
12.913826
10.031104
12.715448
9.123188
6.201355
8.310351
4.399819
10.794407
11.186901
10.361817
14.672648
9.212865
6.435906
6.286975
6.909850
9.016603
6.790327
4.720172
12.031154
20.959976
7.185518
13.695300
9.342286
17.297641
16.476728
27.004858
26.191066
16.908778
12.664843
17.248042
6.822425
9.082492
19.882701
10.201740
10.862605
15.903949
13.760642
10.346578
13.093287
13.667255
10.800198
7.036582
7.072193
7.567249
8.372788
5.198830
17.962796
11.463378
6.959628
19.908160
17.109342
10.599277
19.915122
10.817265
8.250041
7.196260
6.438743
23.096904
19.516205
7.597672
6.187671
11.082495
11.791151
5.819469
11.758853
14.003968
4.938456
10.185902
27.064652
4.323715
8.070535
13.897902
6.324665
3.209043
16.087845
17.613134
15.178683
8.946602
24.725603
34.488410
14.364315
9.964584
4.930342
3.801119
9.858609
9.652746
9.384268
3.344730
7.715423
22.045669
22.218315
13.203213
12.710336
11.633067
9.272377
11.581169
6.014049
12.950827
6.058684
5.917888
10.740892
9.413477
17.021974
15.053458
4.431884
19.047697
6.385130
4.109132
10.865317
20.436858
5.754886
7.300395
5.555872
13.933592
12.711821
3.095003
8.447252
10.719802
12.656434
11.945273
17.227313
11.562941
4.912141
8.132172
12.123066
23.044825
19.170011
7.422073
5.157627
9.147659
14.978111
11.035735
14.489615
11.418507
3.654830
10.107215
4.782403
8.676838
24.444879
20.797985
9.967227
16.354543
13.113534
15.586341
4.407233
8.635767
7.042847
10.176450
7.370309
8.951002
3.645745
5.567646
18.069392
9.993221
13.704756
6.784519
11.117058
10.601408
7.783908
28.615111
14.489592
16.677013
3.005132
4.999655
25.127306
8.175337
11.431472
10.594851
8.118529
31.932590
10.676992
21.859699
18.530448
8.685822
17.681175
7.620682
7.565808
6.856248
7.352366
26.215417
9.905689
6.943432
7.991968
4.850435
6.094748
2.957263
9.760092
6.040129
12.802768
16.184444
23.135644
18.663547
11.888000
6.783638
5.736439
14.748433
5.132870
11.507149
9.925348
21.027454
8.620755
16.162503
16.256879
13.491375
15.358323
11.222624
9.085671
7.109950
7.653880
4.889071
5.590203
31.907541
8.101762
19.782971
5.229601
6.748076
9.553563
16.182042
4.905125
6.529148
8.431706
20.382678
13.084397
24.453504
14.844904
8.011071
12.105758
5.588035
5.244383
7.458179
11.645433
5.275620
11.075726
16.716784
11.165487
5.057992
10.165286
7.882329
6.571063
9.455513
6.760370
2.927654
9.561413
10.674112
12.224884
12.732891
6.713418
6.905019
9.121696
22.864045
16.071210
6.561686
3.966052
6.142329
7.666269
8.264298
10.607052
14.907702
7.389624
12.725796
11.590264
13.181434
5.796095
7.082660
7.884057
6.861655
16.280194
22.606189
16.088812
18.950097
12.489765
31.950214
5.353446
19.749607
5.154576
6.791083
12.132717
18.032485
16.910952
19.323941
5.422794
4.014386
9.329695
17.583998
3.066624
6.459661
7.470615
25.347822
14.160231
11.143038
24.467849
16.354767
16.552208
19.778592
12.858389
8.182305
5.716633
17.513432
8.299647
13.746311
13.708656
33.875510
8.414072
9.554363
10.075750
5.132967
17.549426
6.154693
11.990353
11.452000
14.758990
5.328585
9.631117
8.153145
18.277485
11.655605
15.777537
14.834932
19.916428
19.273707
6.398654
4.835487
5.982060
5.432487
3.593011
6.092994
23.970148
15.976310
8.856743
23.463331
6.984819
18.151153
8.687310
21.227965
3.216596
10.470908
8.783559
11.663877
17.506139
3.449917
7.665953
18.372445
7.347994
6.037629
4.217368
4.770427
10.726148
4.193268
13.037313
16.017799
32.637776
19.958706
10.692689
8.386618
15.236299
6.425356
5.389912
10.269282
10.537296
17.493677
27.283292
3.744307
5.236107
8.220613
10.265155
14.250721
10.583868
26.010640
4.587295
2.534005
8.635242
10.312741
4.633317
5.484989
14.961140
14.758299
14.766922
19.859880
9.918435
7.922717
34.343384
28.582319
14.096345
15.823624
34.530359
4.471666
7.243683
6.067629
4.533288
12.534441
8.548553
7.337415
12.390524
8.341848
11.892759
16.854540
8.686943
6.920316
2.745365
9.452622
10.822133
7.991033
30.458273
9.934724
7.500449
10.124138
11.581981
4.497663
4.642538
4.565051
9.126891
9.030614
15.499063
12.430360
10.521499
14.275580
6.782744
5.062658
15.631070
13.037467
18.391631
6.433416
18.754697
10.763797
16.954281
20.618595
36.889095
12.374230
5.980864
14.960464
7.441264
12.921043
11.870079
17.662335
11.674735
9.675352
10.407598
7.865216
4.267376
7.790754
20.614950
12.418841
6.364813
8.016606
21.022170
11.379729
14.845363
6.736191
4.743001
14.177107
8.928007
6.218692
10.084700
24.599560
5.169279
12.689863
9.444026
53.673380
12.414832
5.983477
4.510444
13.305581
9.478002
15.740941
18.942767
15.695967
14.958223
5.887649
12.137822
7.169730
10.418084
11.480903
17.373777
9.564274
14.425103
14.056243
9.531165
25.912792
21.027343
4.799404
5.167672
43.251942
8.311940
5.148703
8.158723
10.386248
15.227487
5.858685
15.593802
7.011945
6.877860
9.283070
2.384400
6.576572
9.854582
10.279730
3.785384
13.542509
18.961733
19.716590
18.890917
23.865801
33.668801
9.400084
16.905944
11.745389
4.950967
14.665429
11.039198
7.825086
12.652057
18.953676
8.115178
16.740871
11.322470
6.281569
7.213528
6.718646
13.757215
6.217142
6.743337
4.538786
8.784194
5.569377
5.037931
9.559088
33.648304
11.021100
4.290218
4.729119
10.365333
10.596272
20.336491
17.041917
11.527500
10.752743
7.624815
7.331697
5.264846
8.029078
6.105795
24.939272
6.583911
5.213283
6.205028
11.022821
10.240576
8.533759
7.353873
24.243339
9.154145
11.489001
5.369294
7.161893
7.181225
6.647484
7.866757
10.489108
10.346118
15.387809
9.981532
17.910284
4.824018
5.288506
11.448438
14.439088
22.164968
6.855668
8.707172
10.968755
8.247294
7.630004
17.841440
14.434455
14.123939
13.926991
20.326512
10.315904
13.591143
26.131787
11.319188
26.949757
6.284824
17.128285
19.823999
8.741673
6.957401
10.807625
6.536166
19.711695
5.928933
7.202173
16.682670
28.957172
3.271687
11.337796
11.519403
20.248002
7.933699
12.452873
5.492469
6.504345
16.573479
13.111454
15.554042
11.131825
12.356433
8.630290
10.466221
18.736590
13.680294
10.373474
12.017135
6.946322
13.325982
8.044699
6.237702
7.270882
10.420386
10.745170
5.492165
13.169529
20.496282
9.230022
15.364388
5.373416
6.968026
16.170590
15.780591
7.018004
7.835667
22.296998
7.576191
6.233064
3.454979
4.153165
17.322009
16.684618
12.038123
35.719802
6.946962
6.892729
9.801952
17.150071
12.362085
13.587579
29.382221
8.888041
25.192152
14.300558
12.651494
15.430873
14.920279
4.158865
19.173729
9.678872
16.023220
28.854758
7.969597
8.738043
13.762759
9.197062
23.716115
10.407328
7.993219
12.225925
12.039914
6.898560
3.559775
4.780822
17.520576
7.420727
9.981075
10.800613
7.657834
7.487308
2.926174
18.879024
18.984977
24.335256
23.607710
13.655354
26.457018
7.652688
4.989837
13.663303
23.012041
8.431840
5.053597
10.480885
4.295018
2.645078
9.952282
22.593047
11.373957
5.245942
46.959218
11.757648
9.596727
5.219270
6.082512
10.813897
6.059234
10.808534
8.060164
7.050303
9.532820
11.196693
22.045232
5.128097
11.727645
18.046183
11.167047
17.267888
15.323492
9.831149
3.266083
2.817618
15.849502
11.218926
11.380614
21.059454
5.725044
9.501266
3.721547
9.123100
15.591079
6.909235
6.241789
10.374028
14.971421
11.518170
14.865920
3.962782
8.243245
3.175924
3.793229
17.323494
11.231361
12.740488
9.276125
12.228272
24.279718
5.205400
8.205102
5.177067
9.418539
9.877038
4.830649
8.644264
18.323090
16.194670
6.557575
6.215256
5.475432
9.711807
2.516253
4.252958
6.554770
9.885625
6.027943
9.486197
9.379406
14.740089
9.141538
8.804055
7.190750
4.295801
8.108726
14.277350
44.200696
7.129297
4.928426
15.457487
10.279219
11.811238
8.794456
4.706716
15.521534
10.531621
6.626186
4.471733
5.060882
16.814897
15.671809
12.346737
22.144298
7.322570
14.048063
4.517147
11.266970
15.427711
12.169090
5.340466
8.733238
13.193335
9.080369
6.123829
6.759700
16.285093
19.065668
27.181070
17.516232
10.163171
16.500863
23.072877
20.724166
36.689348
10.039769
6.004113
11.841373
9.092832
16.700314
6.423929
7.936768
7.066216
11.771511
10.827386
6.499205
8.426573
7.846887
10.416380
18.212558
15.102214
14.585403
26.926860
7.423622
5.377948
15.338300
12.649305
6.129752
6.475040
3.159697
5.789669
14.248282
16.045874
11.562402
4.421287
22.169504
18.863681
7.537429
8.430455
15.820924
8.450398
8.478395
7.080651
3.231323
8.205728
9.896367
7.359538
6.642156
13.747212
14.027937
10.077671
10.148038
21.362752
12.183910
10.828879
16.216984
7.568520
36.338302
34.620493
10.518540
9.934489
6.973554
9.983011
12.978283
11.109693
7.928375
4.892775
19.485321
15.627545
12.214575
6.647524
7.732717
3.778637
5.650767
3.688619
3.954419
10.368664
8.229055
12.025227
51.433379
11.212624
11.554710
16.136622
10.066295
5.818432
12.029614
14.713038
6.816317
24.400941
7.300404
22.305911
5.843389
17.268046
12.619951
18.493511
9.051822
13.597802
5.234010
5.590584
16.774406
19.810784
10.123946
9.962500
10.358803
15.071794
11.924180
10.728332
23.478553
11.159114
7.429090
6.361581
5.852060
22.325182
8.186562
4.122135
12.361221
24.008563
9.261149
8.650106
5.225309
12.609578
31.170239
9.962825
8.536197
10.327610
6.767367
5.062340
25.592187
12.105861
17.714755
11.145226
19.095548
16.860334
5.655980
5.960316
13.729420
10.723297
20.046267
9.981007
18.023650
18.449933
11.192857
7.792516
8.836984
6.586042
5.669050
11.725838
10.113665
9.773786
12.478432
14.958674
5.321508
6.754117
17.747338
11.192804
13.892197
12.752797
18.661946
9.402749
10.129857
6.833905
8.682860
19.300541
10.468938
23.522024
10.274029
10.566769
4.900584
10.130029
5.410199
16.685024
6.621162
15.897739
7.775087
5.702358
16.849979
8.335899
6.686158
6.185982
9.726201
12.666604
15.355726
14.276830
25.662893
9.587850
9.835256
9.785740
8.646116
4.896068
8.241178
4.345671
6.357188
12.985020
7.151242
11.763578
16.761883
9.093786
11.324899
6.397758
3.691911
6.934661
5.800038
10.362996
14.975256
10.819892
8.193313
11.489979
7.883480
14.357686
8.765210
6.059144
13.249174
12.582054
10.602486
9.423945
17.064986
10.364690
8.479924
7.226887
27.819591
9.382110
5.808479
9.335269
5.509511
5.594720
11.545253
5.313381
9.231365
14.010487
8.033284
4.052497
3.687638
9.367582
12.277711
12.331968
12.135337
6.060077
7.215866
9.544458
8.033409
11.489440
18.194992
18.120231
4.800072
11.739272
10.963673
11.342223
17.059262
4.862694
9.300705
6.625369
8.289076
11.108114
9.154546
11.684844
12.355383
6.048537
5.329590
10.518288
11.942541
17.111586
8.081556
8.536147
17.190636
6.170634
11.247849
9.616593
3.564718
2.992999
19.084537
21.997765
9.704779
14.636801
6.307183
5.260288
11.913314
7.142431
7.121053
5.150705
7.478442
9.299308
7.569575
12.208742
17.628303
10.293756
24.728284
29.992613
26.232435
8.611187
10.893829
12.365410
2.836201
3.066277
4.140946
9.013654
9.891532
11.051230
11.952142
12.580426
11.728658
18.414321
18.202806
12.489007
6.510438
10.919926
5.725350
4.489145
8.079839
8.424725
19.689240
14.014201
10.217914
11.717006
6.958598
11.197118
12.012081
8.548573
22.453950
15.257799
17.691509
24.706235
7.144185
14.948093
4.882802
26.631262
5.872159
8.255158
9.229626
8.419522
9.717225
4.465458
8.271485
10.774324
6.790754
13.760674
9.569961
14.657606
15.413352
13.871139
38.425056
15.703672
7.715437
19.066604
8.722397
6.714117
15.316351
8.237850
8.019494
16.268318
10.224617
8.466212
5.392633
4.320317
12.399289
14.085145
13.529347
17.211501
17.160290
11.359071
4.721161
7.690163
6.143756
9.603002
24.987792
13.895131
4.200402
5.127326
8.513945
10.682144
12.422045
7.657054
14.422726
10.195364
7.746406
5.968011
25.310238
9.489769
6.830149
25.059754
6.523211
13.771355
10.840939
8.200704
9.798680
7.931942
16.410787
10.332362
6.617588
11.347681
5.818196
7.023867
5.602515
10.497332
9.322352
15.247331
6.925144
5.772947
20.984923
23.314171
11.684078
9.628713
23.327834
16.312866
9.346816
13.080879
11.397688
11.612567
7.923803
10.280765
9.918214
5.386888
2.638773
11.448324
10.283668
15.089033
7.837449
10.410529
12.138573
4.279892
8.793169
17.100504
9.243900
25.979945
6.975215
4.781553
8.923474
5.099626
5.626145
6.780924
15.663171
10.205587
12.932144
9.200574
8.864581
5.396055
5.644050
15.493626
18.041729
13.883340
6.237758
4.378265
3.277870
5.144136
11.445321
8.835901
20.017268
3.812203
7.795402
6.097922
10.881714
6.986631
8.880217
7.702887
13.683999
11.128139
4.337214
10.658447
14.552887
11.780113
12.063415
10.630544
10.367999
15.497108
10.879055
15.912498
9.300482
6.595894
6.235875
19.387788
9.553730
26.318594
17.489265
18.500692
17.334909
18.692848
6.853281
5.382897
14.048229
12.214716
11.376267
9.859506
6.470349
7.433745
9.626092
7.614325
12.988307
21.211597
10.286111
6.009686
4.315632
10.527132
5.970236
9.444264
11.472585
9.937611
8.656711
7.374618
13.376824
9.404632
12.482573
5.204569
7.270613
9.026206
7.219284
14.665740
13.780468
20.309708
13.923239
5.742904
11.581527
12.272911
18.299382
6.763282
8.501038
23.769803
7.082989
15.473801
27.329355
8.093492
7.007016
14.344460
11.883207
5.370651
9.059068
22.358716
7.518042
8.725259
20.790902
7.731923
17.851292
10.723237
11.166087
20.603853
6.167367
13.834868
9.563917
3.649821
11.867753
10.086434
6.513816
24.072278
15.898292
7.735617
14.501141
11.783417
21.221331
9.202095
4.279366
18.368078
5.738898
5.668348
7.451360
11.947130
20.057653
8.115877
11.323058
11.984719
10.023923
8.321710
11.033451
15.195822
12.366836
11.164608
21.438361
8.997848
11.903720
10.698021
7.145274
8.594490
17.200895
11.994733
9.526549
6.356358
10.969427
8.691678
6.491040
6.309505
14.729337
13.175718
5.447762
10.019940
11.061612
4.305655
7.127029
15.825014
15.292398
10.387152
4.899674
7.711179
8.961453
7.475090
4.424184
20.254158
10.158756
8.792471
14.183236
5.177049
6.567574
4.865892
5.191129
5.977456
12.391424
13.095217
17.939986
20.738327
6.637557
21.251056
11.840911
8.511630
13.957695
3.643225
10.008089
23.318666
12.780968
12.516998
6.624623
4.010072
14.978469
5.386328
7.494189
14.856105
12.052390
23.032590
17.724271
14.611724
17.605246
32.153915
18.140028
11.131840
16.406958
16.647613
14.823239
10.410950
5.343162
6.437266
6.206265
9.174616
7.712173
9.667405
10.265569
7.572748
9.165103
7.694813
16.791132
7.123163
5.129004
11.502769
2.779270
6.417668
5.779456
7.958166
8.431454
5.593459
4.034118
8.839638
8.402815
14.958137
5.876775
22.952895
8.114765
12.526464
7.167976
13.043917
7.027840
7.308605
10.105212
20.517308
7.565120
13.745461
11.882006
11.435601
8.716363
15.009926
5.292979
7.104057
16.513593
8.344612
15.510370
17.442569
7.380523
3.121468
14.353478
13.704613
9.527251
8.489218
9.608533
14.579617
11.927351
9.448986
16.694812
11.991207
10.289658
7.345543
9.427368
6.403159
18.130728
22.462163
10.812121
5.220557
7.126557
16.100402
24.460411
17.447498
18.883263
8.883004
20.300696
19.611529
14.577753
13.464918
11.999119
17.348279
11.235260
3.464298
6.752972
14.113164
12.019471
6.396768
8.763104
8.022432
7.180633
15.137832
7.744810
11.755123
8.058252
12.949083
8.260075
5.520620
27.582258
20.700342
11.584976
10.278314
3.007033
4.013267
3.335536
11.276350
29.478076
15.764762
7.212416
4.638279
12.587637
15.424175
10.448985
5.442674
12.284884
7.073752
19.408975
15.059256
13.777092
9.196294
20.913828
7.182322
17.501099
7.723711
6.429779
5.429157
23.810056
8.199131
11.051209
13.624882
12.867861
9.864620
5.424017
25.775919
5.197531
6.733003
10.071271
8.430489
7.223317
9.812101
4.575214
23.256552
12.507418
14.276745
10.563329
9.204541
5.970359
17.649097
6.250709
14.585454
14.521468
14.059698
24.829183
19.512405
30.721768
11.556506
14.695749
13.339157
7.560558
8.494252
7.493183
16.774507
9.469481
24.908404
11.801967
16.966883
9.780153
6.003813
6.560216
8.273955
20.872160
5.458115
11.680432
24.163416
12.287220
17.720434
5.601465
5.315766
5.649866
14.341848
22.174736
9.724270
17.480324
7.478419
7.034461
9.797260
9.623278
8.387979
8.106640
4.133801
16.067208
18.894207
16.377959
16.501950
5.860592
23.674065
18.827768
20.574692
8.096984
8.070366
14.106732
9.807257
14.889615
6.966389
8.978980
12.595334
11.503382
8.030403
18.470252
4.081376
6.302393
16.830636
8.844569
10.126527
9.009815
22.775450
10.552874
28.856494
7.537891
8.434261
7.247867
6.967640
6.406708
7.792914
10.422988
7.375202
20.927011
10.525741
7.063830
9.944171
18.362808
9.631044
5.564637
8.732503
13.639819
9.596514
15.651680
12.302358
7.763865
4.698542
5.411577
5.472944
8.527140
4.472601
12.037962
12.606653
12.688459
17.007107
10.411945
7.256866
13.031860
7.813299
10.435904
11.964787
29.687315
23.696092
7.073281
8.419877
9.048564
11.946625
9.572488
9.037209
12.717640
4.178680
7.892465
19.274061
9.084334
12.984250
8.827613
6.146606
4.794336
9.927279
4.372071
6.434176
17.880718
20.294145
9.410983
13.831517
16.560848
13.526585
14.722465
7.251719
11.503684
7.775174
10.114138
4.572272
14.296671
15.456797
7.155121
4.672960
8.451018
34.334040
9.694892
9.131333
5.221026
7.271649
11.150124
18.944643
8.012069
7.890275
8.442444
7.882757
7.403558
9.815000
10.305100
16.647240
9.662888
8.861508
13.543613
9.385774
4.672660
5.911044
40.659627
7.024332
9.560812
3.883843
14.108029
7.020766
6.578227
20.083445
8.319777
4.249706
4.165449
14.077198
16.860927
12.031305
4.422118
16.913737
9.365275
6.545563
15.298703
8.606803
13.075773
9.728880
19.553880
5.264886
7.604888
8.592847
8.760126
9.891702
12.443003
8.725302
25.253027
8.631020
9.428820
5.739671
30.868304
6.346955
26.311132
6.456271
11.531177
8.179657
20.836845
22.528292
19.028989
12.825015
15.802259
22.385350
11.578605
18.382015
11.237717
11.300438
15.605544
7.182781
13.148745
6.951700
11.319449
12.052974
3.233080
9.741109
6.561409
11.610452
4.438103
18.195440
6.371942
15.009927
9.845760
6.625910
8.144599
4.612369
7.509682
4.567868
8.041049
13.719459
8.910979
17.530047
10.492519
7.612746
8.808352
23.158941
17.778215
9.341430
5.591606
11.597389
3.803109
19.927254
8.253120
9.232522
11.826172
6.635151
34.409447
12.898759
9.614112
9.162497
9.542939
16.277002
17.928671
21.438790
10.630012
4.650933
7.424219
12.022274
11.040392
10.135376
7.938650
6.796561
20.531929
14.274301
12.750418
6.882834
22.721271
7.838682
17.495618
32.851934
15.794723
8.283954
17.478534
12.303421
7.738490
5.403744
8.524335
3.693008
9.481403
12.137329
9.012498
13.001231
12.258819
3.697575
4.104981
6.686680
11.267744
18.096356
12.270030
11.691055
20.993987
8.859925
13.667528
6.202108
5.855388
11.245887
13.791705
4.985055
5.454206
7.375744
25.224882
20.236367
12.445753
17.294813
24.281340
13.243108
12.605717
6.411633
22.083801
12.436761
17.206125
10.069174
15.971275
15.401840
7.864128
6.791672
12.202356
11.793174
14.615758
12.162794
9.528581
9.560655
19.018324
18.617682
17.604605
9.178784
2.691550
7.038270
13.068375
18.326387
6.957564
6.373262
6.983114
8.508829
9.844085
8.162480
7.848699
12.260185
12.941684
16.639112
35.233658
7.915001
20.560273
12.319558
8.463777
6.997667
6.084265
14.481551
5.493278
4.833612
8.873043
11.289175
15.104073
4.631464
22.814658
13.110343
8.371668
12.779205
8.292180
18.734072
14.549510
10.534413
14.914981
6.660923
10.963300
11.784067
15.785627
10.572952
16.209157
19.059627
9.608525
16.883890
12.386397
12.985954
12.870819
12.799659
9.522882
24.856952
11.546438
12.845227
7.305993
11.166038
4.521915
7.277543
14.395221
17.713841
22.379819
10.549785
9.116451
4.198920
11.136402
11.456961
5.201483
8.481513
5.605198
5.392204
14.680078
11.794982
10.075466
6.763186
19.396474
23.677606
7.520076
23.662299
19.619990
8.399109
10.504681
5.501560
10.321290
4.573287
6.141447
26.434880
8.048871
12.422776
8.136156
5.089269
10.103409
15.815518
5.485270
21.284264
8.642694
18.788233
7.790555
6.691869
14.802082
7.859317
14.021819
7.989509
6.497873
10.864818
7.104262
6.909841
12.720392
9.411916
8.004693
7.300394
22.639463
12.433311
3.409048
9.414606
9.835257
13.163750
21.277327
11.679197
29.441736
16.436586
30.249618
16.314455
9.246347
3.569006
11.385277
4.281719
10.996981
17.174246
15.726945
24.828113
5.639281
7.412695
7.639136
23.796890
4.027558
9.483625
8.103999
6.230214
8.213836
8.241564
5.020155
16.641601
4.393618
3.191412
25.363129
5.751696
11.502879
8.205960
4.490306
36.076422
12.703885
7.868432
8.687048
28.698424
14.389414
10.174446
15.052137
7.434724
7.998668
15.724671
15.596769
7.841351
11.542607
3.138654
2.314498
19.362644
19.396545
16.068504
5.223316
3.367356
13.141958
12.407229
7.065188
9.227056
10.488345
14.219532
15.751856
13.589390
12.207906
8.421939
16.145770
9.765176
51.598177
47.821434
5.549156
10.798042
12.722617
8.126311
14.048340
9.671268
32.109707
4.785852
2.078100
7.271320
4.130260
5.412496
15.257951
6.504089
9.914624
9.985372
7.817975
21.020577
8.255498
6.996953
11.692228
9.172190
4.717650
3.902097
6.529306
7.402412
8.907462
3.827452
14.555140
8.732795
8.720355
5.355773
13.270793
17.703589
4.526955
9.632493
8.010130
3.823941
12.414621
27.248870
20.212115
16.472645
7.615638
10.395970
11.359940
13.250357
10.860149
10.170752
30.737966
15.035202
9.789205
20.905667
10.710896
15.116573
16.763967
14.768402
6.249467
9.645803
7.863479
11.005917
11.482774
5.426046
9.502997
18.274232
11.896341
14.307924
6.050129
12.235048
10.246348
10.543582
17.507445
18.586102
10.901602
20.597509
16.250623
15.530006
3.562970
5.560658
17.011504
12.526186
16.147212
22.835044
6.247058
11.393467
12.706812
11.249891
11.583064
14.350859
7.972512
21.604556
16.841647
17.680626
12.290500
4.197319
3.226674
26.176530
10.081420
7.692067
5.215718
5.013427
3.950349
12.238890
17.184312
17.216960
24.628043
7.654336
9.350741
10.787155
6.644083
5.075461
9.888498
11.714950
3.702926
12.730969
4.603328
8.759684
6.989971
9.662446
6.684206
13.459571
15.957852
10.978136
11.018735
5.535897
5.684843
5.328295
7.440483
18.370582
18.239753
16.792738
8.756177
14.249790
7.938112
19.345717
9.755787
7.433986
12.976750
16.896296
16.381925
9.787283
4.658903
3.680438
11.018836
37.778301
3.633287
18.064984
17.296322
6.912438
5.102782
6.194928
10.635986
14.044051
10.906853
8.566345
6.672034
11.846557
11.361133
11.967007
16.104197
9.737887
5.420620
15.402352
22.538025
6.116314
16.706290
13.622465
5.806120
16.978059
12.333304
19.058601
21.155451
31.745798
21.007953
14.559151
12.756186
13.671238
4.537056
10.094961
8.970584
10.488890
8.382654
8.698852
10.545611
8.883730
22.177593
11.184564
11.399980
6.091994
7.346269
14.937193
5.427235
9.334885
10.190571
37.771708
8.089358
9.442470
13.736813
5.989184
13.967343
11.334015
11.700723
14.036184
5.605563
5.969665
30.578170
12.185346
9.900233
25.531792
7.772077
7.617544
8.329926
5.492255
18.994278
5.263884
7.613583
14.597749
6.475676
15.213431
13.340422
10.350555
13.301269
5.679104
12.050168
19.508036
26.056989
7.131096
10.815503
16.076663
9.424195
6.052061
5.795664
14.678974
8.026093
5.308812
18.394901
3.706843
9.398664
22.320759
8.548598
14.930138
11.440983
16.375513
6.651348
8.340729
6.213826
5.417079
7.812505
11.804608
14.067148
12.975529
6.359068
14.461295
16.458571
10.962727
17.402015
6.792633
11.010069
15.655470
6.687141
10.681659
5.390684
16.423053
7.191182
10.125651
4.344490
15.256126
14.310782
9.943284
12.562495
7.502865
13.043070
12.662927
15.486869
18.948554
9.161540
10.838153
15.790941
7.950243
13.931123
16.998829
3.528834
6.699247
4.725796
6.632310
8.782363
9.352996
16.443349
11.946559
10.136548
5.832247
20.323873
17.594029
5.797440
3.289663
8.200097
13.974785
29.946781
16.891233
6.830804
18.781455
14.085472
6.312110
13.497465
9.351433
8.142293
11.914421
11.468556
10.259329
4.173690
8.721709
14.108724
5.929599
14.848708
12.593866
13.701834
9.442408
17.096579
12.401601
17.831412
8.844057
8.503366
12.613355
16.487239
16.157765
17.366098
7.717702
5.122055
9.772757
15.830775
5.217024
23.536407
16.948570
11.942585
9.170781
19.353284
10.556855
12.511356
19.142797
16.334061
10.837873
14.202028
20.267943
19.142080
6.593140
13.585819
7.336743
8.396545
6.069587
27.512554
14.288621
5.653105
18.736042
11.071888
8.444225
8.981756
17.084662
15.476406
12.378654
5.875351
16.169439
9.652340
20.902188
17.153541
21.512021
26.781602
11.736705
17.043758
12.212070
26.611085
8.988660
20.055409
19.412405
19.803194
8.807071
8.905785
9.308584
37.918245
13.981258
7.193812
14.448294
8.261569
10.897715
5.078197
5.182380
9.132031
9.533475
13.585173
10.291211
11.085042
13.413541
9.930914
14.429914
5.864127
2.490887
21.673444
8.174202
3.237471
6.544575
5.123907
10.948716
9.120436
4.153216
6.056254
19.188727
12.298465
8.575010
10.781551
8.923952
15.341839
19.121817
10.006371
5.112270
4.720552
35.836503
14.269501
8.685415
4.198363
19.562175
18.165364
13.273647
8.976967
7.053834
9.036616
9.354935
25.030061
7.934157
9.764982
8.158441
6.106734
7.925319
8.679638
23.627231
18.325529
22.299188
9.289093
9.424088
23.632080
6.861850
12.948623
16.871541
8.715518
10.706587
17.686541
4.055241
9.181176
10.367208
16.653207
5.009231
15.948850
9.781506
13.120187
4.863095
3.487629
14.817948
6.274692
28.437983
18.666686
13.365968
15.958670
28.703934
18.864762
29.296082
23.935962
14.475423
5.644295
15.269493
12.598421
16.064616
5.860546
9.909240
14.230633
16.358902
9.777913
12.360884
3.765326
5.534540
6.619683
11.356326
15.634559
7.862423
13.187073
5.374474
13.288199
12.924394
18.738381
5.436923
6.773036
13.994413
18.579521
11.650041
9.446693
22.000564
6.265379
13.491858
9.836866
14.451238
10.562755
12.734236
25.068444
13.325791
4.197460
4.208423
10.232949
13.396716
10.305676
22.262362
14.267423
2.865140
3.064818
9.904422
10.324624
5.267770
4.799874
15.597122
3.267120
10.847088
28.276039
7.530879
11.528012
37.365127
8.858066
8.170476
6.734458
7.703370
21.795504
14.771506
12.960025
22.394780
17.570120
11.467424
5.270824
5.041567
2.102788
7.348604
17.489990
8.963505
15.577222
13.000029
7.857971
29.150557
13.080861
5.062618
15.408939
10.313801
4.719042
5.927777
15.963416
10.981953
18.345790
13.443820
19.344579
20.951874
11.830609
6.144252
17.522733
19.303447
8.270410
6.636134
6.300404
7.929284
9.413237
10.251439
6.572206
12.634723
6.932146
16.452486
6.627426
18.367497
13.040336
13.107593
11.190006
7.005768
9.497718
27.519887
10.576262
4.647505
13.645091
19.985007
8.793860
6.406130
4.370914
3.701881
8.772013
9.670896
30.783519
12.277436
32.090163
7.845221
15.147696
5.207286
5.473620
10.888488
3.881902
5.377555
9.568109
22.092301
12.308562
14.939154
14.553808
8.477819
7.263335
18.053311
12.967932
7.782540
15.737078
5.261013
5.433096
6.533225
32.898400
16.201900
11.109420
5.579707
3.925382
12.026140
10.056460
8.675619
2.975135
6.237565
14.601879
11.829888
17.319129
3.123459
22.010293
18.625114
17.283991
10.871392
6.614512
12.469536
18.994499
11.844736
4.639581
7.011066
6.403339
4.699266
7.775508
11.523995
12.940244
11.423132
19.925160
28.241036
8.754895
6.282389
20.817746
8.521025
20.719580
5.210833
3.752166
5.848422
15.297154
9.303003
7.633378
9.350171
9.736769
6.927695
9.441458
28.619246
22.535468
13.504941
20.414418
15.014509
11.340663
7.412605
8.282804
6.201733
9.936142
16.153737
11.397136
8.660935
7.328484
7.697922
7.069886
4.787639
4.478004
3.569521
13.195190
23.315034
10.365272
6.931711
11.382906
5.720823
2.583826
13.008609
29.476354
7.866281
7.879262
13.259541
12.269603
7.520358
13.159584
10.615332
26.524619
21.023928
5.884122
3.171623
3.615870
7.220407
7.180097
7.384237
11.301115
15.442585
5.176804
5.754728
6.260223
12.942532
10.855031
10.049969
14.239278
7.163223
6.572827
18.309480
10.539829
9.987609
8.687168
8.660760
5.172536
2.544967
19.509420
13.373986
11.884062
19.200687
4.254809
6.205844
14.834491
3.666663
5.650085
5.485957
11.019582
9.902491
11.570734
20.995351
6.950135
17.245452
8.856318
5.353739
28.197273
15.823422
19.018905
4.315303
5.253781
7.285326
14.847334
13.476720
8.663171
17.743309
23.020913
15.252785
5.088965
10.405520
8.012345
11.253817
4.550852
26.037949
16.909828
18.930926
6.907155
8.272866
6.066626
12.059817
9.347831
11.617429
5.051219
7.315326
14.253886
7.588318
9.962081
14.689393
12.252716
20.487776
9.360932
6.559231
10.065140
5.846538
6.727830
15.460754
13.776766
7.277231
5.245423
16.992694
5.978080
11.413725
6.871090
7.645123
7.407308
11.905902
19.784158
9.192801
15.452388
22.424147
7.902780
7.625827
7.370219
4.615872
5.881790
16.547624
31.648060
16.856061
8.024871
11.173189
12.667868
13.675309
14.668224
9.661535
13.624565
9.618627
19.536509
6.497945
11.591740
22.235026
5.761895
7.749113
7.350250
6.548931
16.236601
11.282586
6.741302
13.359333
10.571734
24.683303
9.158011
16.129681
4.111174
7.919925
26.228867
21.299840
10.068961
7.658291
12.692773
14.102072
14.725164
23.612920
15.460644
7.121866
3.577188
10.984643
21.633362
8.323846
14.505401
2.900483
5.093965
8.442573
6.451992
8.083148
18.673239
14.191467
9.269190
16.933170
9.928748
16.949381
6.084485
18.571646
5.264725
13.054158
22.697160
7.634194
17.373548
8.742858
5.878249
22.300344
5.408954
6.860026
10.088533
4.197302
14.090745
12.023516
4.564609
7.280134
9.585115
7.879448
7.555239
11.176455
9.373347
11.124280
16.812953
12.063416
11.946174
16.623749
17.908786
10.873190
23.988213
7.738327
11.373748
18.852388
9.812074
5.120028
8.732442
6.850804
4.227436
11.712968
7.790752
11.618632
5.913784
16.916588
8.100206
8.671179
8.868064
13.940425
9.645746
9.988414
8.203094
9.418656
12.836313
16.489584
8.875096
14.706654
11.544338
4.751996
6.793308
5.841818
5.484783
7.514573
27.303919
14.658516
11.770989
5.684545
21.471477
7.949455
11.079605
6.506901
8.728068
12.122080
4.046381
7.076914
8.855628
9.187650
4.396585
5.962998
5.915647
28.056049
6.771030
12.072998
12.451323
15.909848
10.388446
13.041424
12.612828
15.330288
11.437457
10.763761
7.740097
11.552393
4.595870
4.453232
6.756685
3.938165
6.731086
7.077449
6.672339
15.420158
14.020091
20.353631
33.930736
26.261792
13.495820
3.316280
16.650942
7.673940
6.668844
7.971465
5.903121
8.603990
10.693669
10.657309
16.415729
18.845528
12.737087
8.461078
25.819511
8.225706
5.357469
7.772819
16.955612
16.639327
8.693076
20.085339
15.086918
12.601979
20.131957
9.229398
9.681734
9.918541
7.577897
16.937649
12.035689
7.493353
13.772885
7.807389
12.213355
20.114033
6.571577
3.572558
4.684472
5.218705
7.414914
13.198610
11.772116
24.112712
7.426371
24.252259
22.473028
7.120730
29.675037
17.698565
10.039438
6.317326
6.031629
21.597866
7.882434
27.749042
18.049716
12.622105
11.235648
16.395281
33.366710
7.740878
12.465020
10.038452
8.477630
10.893884
5.779965
8.806690
22.037330
15.738733
27.472469
31.852405
17.499424
6.598662
11.231005
13.506186
9.928098
4.734025
6.346297
7.816935
12.492924
6.484834
9.342493
20.134207
9.656730
3.174305
4.108444
23.688409
5.067603
13.537934
4.156036
4.154449
4.866819
22.024397
8.192968
10.459272
4.555440
14.785687
5.974343
12.329931
10.230258
11.347906
31.584336
18.118444
12.145428
8.639589
10.529595
8.311814
6.139279
7.689096
19.842780
5.943885
6.961134
13.638411
13.974544
18.214649
19.900990
25.273166
16.760427
8.767072
20.293670
13.250202
8.532356
16.616300
8.517625
9.920760
16.931322
6.201343
3.482006
10.794314
11.132385
30.951646
14.006294
10.147864
2.995837
9.134347
14.238292
27.318049
19.622896
8.615596
24.765184
12.004400
7.674618
15.677682
11.619234
16.849259
16.417295
15.026482
17.795646
4.971803
5.628309
6.184283
25.547143
13.290139
2.876760
3.581175
13.500940
10.184525
8.399061
7.566962
30.122674
17.406497
6.412590
11.384626
34.245581
9.778951
20.433114
9.685873
8.663602
12.301505
15.377802
10.893197
11.402632
10.672782
4.706564
3.838319
11.172518
9.673151
8.350184
9.805778
13.518109
23.463329
11.270530
27.879281
12.538106
7.527481
5.107108
12.253906
10.264034
29.039291
3.828803
4.902158
8.230086
6.852345
4.644399
7.369215
19.979687
5.615550
4.516792
9.487887
5.975328
7.804276
7.476924
5.867227
6.777743
13.420713
23.112322
9.616643
6.393438
10.151239
12.511592
4.447913
6.810021
5.405087
5.237942
15.096028
10.050170
7.725751
12.154373
10.972404
9.264493
12.402164
17.280384
5.918428
16.960704
10.568074
2.945835
16.512367
17.330398
8.888865
18.678235
6.587701
12.693992
9.550328
13.348729
10.764330
12.138121
14.644244
19.281094
14.652981
9.132008
4.976210
19.552950
16.347835
6.781813
5.545060
6.196436
10.504146
9.760422
9.257196
13.292991
8.212618
7.164832
9.845016
14.754045
9.168235
7.569131
10.207396
11.936227
4.842977
10.294681
7.230272
14.546120
12.296437
9.712990
12.807344
21.842467
9.255346
20.003680
17.273958
11.710329
11.191382
3.187200
9.398759
23.159254
11.791924
6.821390
15.858906
12.848787
20.244688
15.845078
18.286822
27.938163
12.010787
8.152565
37.395900
20.898327
17.604719
12.364755
7.211933
9.188506
17.031281
5.963339
12.530881
12.735059
24.411327
8.247028
12.636337
10.617611
4.736169
2.863987
8.558674
9.728506
25.686433
8.469995
14.466189
18.222644
26.249884
30.799038
30.179653
6.586607
16.619034
17.989642
13.115404
14.110226
8.720042
23.789076
5.310719
11.558492
18.030030
7.423467
29.796764
9.108058
7.052236
12.897503
7.001992
6.089945
10.255209
6.362802
21.283294
12.867157
9.174200
6.181347
26.947050
5.555728
10.901102
10.481694
14.867369
7.207397
8.063857
11.176575
3.431196
22.557600
8.414804
20.647731
8.001469
14.718346
16.409661
31.400125
3.714145
11.124843
16.538758
14.212388
17.300520
4.670614
3.841292
3.859153
5.604547
8.374497
6.333261
12.187302
27.810071
16.816784
8.622581
5.304649
6.942525
5.023007
12.070720
8.044353
2.772414
12.268549
19.816741
13.753843
13.523414
23.650797
8.496527
13.974901
9.923574
9.299789
11.232575
6.822117
2.818909
6.068174
9.145409
11.978966
25.674303
4.798092
43.343957
14.291373
16.753170
16.951430
11.335797
7.429944
4.569939
14.987681
10.962236
7.261561
10.285782
9.463014
8.705420
8.742828
7.375682
21.744984
23.778636
7.852373
23.485121
5.832965
5.005505
6.254743
14.693776
14.326614
17.388970
7.838635
4.469194
15.164953
9.116014
9.108446
8.345527
11.202351
32.232346
9.429089
11.955022
25.667365
4.760815
8.100920
8.532970
8.356356
8.849598
12.884853
16.023417
15.179447
20.449150
28.508483
16.804314
10.411668
5.499967
6.177790
2.981640
5.540166
3.599647
3.702636
5.573578
7.852149
5.782913
8.300689
7.231179
15.405519
17.189805
7.874467
6.219882
8.315933
12.380410
7.806562
8.060573
16.690983
3.522094
12.549970
11.158618
11.009481
16.771741
14.989752
9.974949
6.912851
5.929266
12.792416
7.824618
11.547234
16.131553
9.426478
25.788921
18.576452
9.440573
15.811469
17.718294
25.738666
30.986599
9.341495
18.901795
4.551934
7.325865
10.059918
5.707854
5.915571
7.344040
11.398261
16.869267
10.260819
15.074877
11.648342
6.191570
5.182228
16.101285
5.300704
8.994093
13.706588
7.314306
5.920786
9.206904
15.940262
5.404278
13.366219
5.850405
5.284298
12.661233
10.377333
9.525042
23.589947
12.153325
14.268301
7.085899
17.772404
2.810151
6.509022
10.255113
6.459129
11.438768
6.334805
10.865412
24.303916
6.292496
22.461132
13.527275
6.126076
5.963004
8.415284
2.895317
3.511874
16.478195
7.566572
15.505482
4.349954
14.351495
17.243338
7.858797
6.337913
8.806951
13.073916
13.592680
15.044465
22.676776
6.973480
7.346996
10.021073
9.498126
3.516110
6.478134
9.562502
12.701430
22.339808
8.702117
12.486532
26.942168
22.795696
22.375775
17.981712
17.001182
13.302662
12.383964
8.019571
18.243487
4.038406
15.458983
12.689157
13.524504
5.377548
21.038220
26.680251
21.255059
29.723790
5.810261
12.008428
13.185561
30.453333
3.957195
3.914006
10.320696
15.394264
8.605127
7.510145
10.284565
14.111136
23.013978
16.073245
4.306801
8.314174
12.495955
6.335204
12.159501
16.122221
9.031445
6.165379
7.931085
6.882693
19.262934
16.004571
9.064491
12.082278
7.124843
4.010930
14.464692
6.070727
23.876158
16.699599
7.342785
8.573918
6.357549
6.819110
4.107433
6.606625
5.719105
5.665320
12.945406
5.016379
5.732013
7.071814
12.627625
20.727098
15.517859
4.475354
3.616509
15.210265
9.584997
7.572606
10.913465
7.090525
25.159945
15.108746
11.523178
8.461575
6.677983
13.608745
16.683266
25.125528
11.202752
8.454992
6.556007
6.561889
6.080327
16.783452
13.711109
13.189131
4.627908
8.903098
7.464547
6.444383
13.940513
15.453613
15.510718
10.862738
9.270848
14.163208
16.863677
8.933295
3.494566
17.692781
20.036917
13.691371
17.170142
9.138668
25.561243
7.814869
17.684863
7.537643
8.323870
8.999986
21.738375
14.017345
7.096138
2.373287
6.073004
7.865230
6.831130
6.918549
12.609154
5.907451
17.133934
25.819897
8.819684
12.173683
16.064718
5.855293
2.899237
8.819291
10.958801
8.054927
9.856299
8.894312
14.889681
6.676430
12.872392
18.640213
19.723029
9.027855
19.221874
26.125815
11.187218
6.018043
4.172028
24.209239
20.583813
34.182712
10.553852
36.885993
5.803964
4.748026
10.289130
6.692745
15.340397
20.656571
10.831422
8.628872
13.586989
19.292155
5.636818
17.456011
15.195543
10.087823
4.735365
4.250584
10.039054
8.139073
9.816465
24.279879
28.609531
9.901437
15.197887
4.052511
14.549869
21.503376
9.558755
10.851998
4.234395
11.375688
16.551207
8.647460
27.967963
8.023290
12.235138
7.692740
7.853451
7.066799
51.427407
25.419474
18.530925
17.992488
26.874127
15.105184
10.953522
5.606476
31.720435
13.647274
6.477279
5.738496
7.194526
3.719467
6.782234
6.126948
9.766482
9.960337
9.671026
8.861745
5.712165
2.845707
2.619061
11.190658
4.267047
30.771238
6.581388
8.923887
25.676379
10.509490
17.003841
6.977811
7.907932
21.895540
9.717344
13.963792
22.928416
11.301815
4.576218
12.429936
22.774092
8.323496
10.210951
20.714568
2.657852
29.253522
16.056333
9.616555
14.321819
17.848063
20.839362
4.620403
11.599569
5.950469
19.467515
20.433994
12.246181
37.003896
4.320741
9.931464
8.626727
4.271674
9.583196
9.790257
12.244159
22.830316
8.328608
13.929420
10.322528
11.612465
6.056705
15.451905
9.598449
13.678821
11.256342
13.021250
26.254860
11.806857
8.664765
7.621431
24.151779
9.157427
4.655250
3.480857
2.721776
5.732866
6.900898
11.394928
7.337269
14.686743
9.356240
9.577154
13.330204
6.940150
12.913015
7.072404
6.688826
11.342057
10.675790
8.230566
11.898811
9.275246
6.801139
9.821010
16.189889
9.837055
16.283347
5.117516
15.171293
15.779890
7.359916
6.459133
7.473050
4.443626
4.255055
7.775434
11.944317
12.503495
4.329564
2.487207
13.453335
12.016742
6.254573
14.581495
10.341019
12.393560
15.026011
9.268499
12.859756
14.364288
6.980859
6.745567
20.935396
8.815570
8.496689
5.031270
7.597602
12.585233
23.804789
11.463667
5.570301
5.504322
17.354778
22.125002
33.764454
12.585080
6.346421
9.652944
19.432010
7.931238
6.831351
9.559524
7.380127
12.730581
3.618249
7.712634
11.155922
7.663418
15.097051
11.875065
15.358530
6.095388
4.541131
17.636096
17.564654
20.361273
9.925546
5.603082
4.053254
15.777412
17.197108
16.104530
6.516022
3.935106
8.319031
7.853798
8.747389
13.821830
10.284615
18.523257
21.431513
7.343401
11.186409
7.272942
8.038441
9.378129
10.585597
9.023897
11.625098
3.159990
7.926439
27.348144
17.815867
6.110649
21.600512
6.761504
13.574854
25.956618
11.199987
14.367437
25.244011
37.631021
6.910819
4.223728
12.304804
5.419371
4.187336
29.085040
10.755233
15.251903
8.361327
9.399653
16.547150
22.915150
3.785113
6.473790
7.279725
5.182850
10.238516
4.154747
16.539315
9.307688
7.735746
9.592311
6.713572
4.385400
10.426008
19.666219
9.701059
18.943784
13.907502
13.481558
13.677845
13.348866
10.841220
6.851966
11.102256
6.376492
6.229196
12.281997
19.498378
10.974198
6.737408
14.431904
10.627859
10.858433
3.545408
15.245697
11.390528
11.128129
8.485718
11.299186
13.975364
4.084202
5.367133
16.383260
4.563123
14.215351
18.662617
5.842796
14.105755
14.162658
9.417892
9.593473
6.100432
6.951002
13.719330
12.071183
13.528468
11.802693
9.622022
7.884244
11.009142
10.483498
10.217025
11.901017
4.320119
7.928527
22.009507
11.470487
11.260106
9.884197
19.436149
7.425043
5.124527
6.469556
5.520852
9.452055
3.194665
5.385412
12.461710
20.916271
16.182906
13.338117
3.928931
5.306917
24.481565
8.170601
17.780199
42.499643
13.372180
16.854542
6.601063
6.335086
7.938511
7.520336
9.472377
8.168482
10.663570
17.097841
19.071383
7.054159
7.814069
6.805428
6.693274
7.472307
5.844361
23.369046
8.717599
7.734904
21.299968
8.860673
10.146021
9.674341
19.143864
3.940296
4.515165
18.055529
7.245027
5.113267
10.579011
17.114815
12.644224
11.877312
15.548098
11.804147
9.720528
9.732610
11.856424
6.547285
7.147782
16.397190
26.670222
26.496149
5.989273
7.118142
9.728216
8.731985
5.318788
5.976350
8.010115
13.851596
16.086615
11.074714
5.550034
6.956158
14.933314
17.252697
12.468642
2.553282
9.400415
14.245145
9.483454
6.279462
10.390342
15.375601
3.318168
2.658634
16.399447
6.353106
21.980310
16.946776
28.538730
2.278321
4.861612
16.004517
8.340540
6.879545
15.688471
8.207047
22.575469
4.037754
13.547305
17.630165
14.259949
26.459706
17.537489
8.108620
18.856759
13.580927
18.480741
14.353252
7.101122
9.016056
10.756042
9.826922
10.022982
14.871749
26.456713
14.700191
9.374022
4.653525
8.318686
17.757873
10.135598
5.025877
18.567432
10.093679
12.154486
2.834647
3.202222
21.308002
21.235085
9.688244
13.527986
11.832581
20.873273
6.353156
13.600617
5.128783
14.632064
13.909856
18.055214
14.045605
7.015992
11.534935
5.669800
10.288104
10.003093
18.084385
12.059505
4.510318
3.403283
19.885401
8.241981
10.749626
15.019219
14.690019
14.957650
7.884165
11.214933
24.687847
20.857683
18.505764
21.191439
15.419030
11.661485
10.295527
10.226623
12.122761
14.302833
14.909313
20.806712
22.556402
30.154536
9.044759
11.372724
10.316355
6.636744
5.798271
13.260377
8.520409
13.659089
12.337525
27.581482
12.972678
14.897509
11.646510
12.593474
13.470016
4.156814
12.479524
9.945766
8.242036
20.833050
14.447592
16.433132
17.399451
4.325362
15.183345
8.527925
19.984815
16.922658
3.561505
8.753276
16.036476
19.786801
15.051487
7.767075
6.256479
26.928413
14.370518
19.521291
11.248252
5.507789
10.051486
9.523355
9.869785
12.517046
8.927271
5.430849
8.537229
3.012762
9.593592
16.791851
9.772586
5.978034
22.198193
6.721077
8.033122
10.691303
13.079408
15.362297
7.160388
9.806962
16.994101
12.384639
14.876961
7.971565
6.781163
18.343231
8.420882
21.522882
5.227711
10.674222
12.521023
9.950575
10.164029
12.696520
16.293305
4.008369
5.932674
10.302941
7.472975
23.341921
9.681672
4.807860
8.347760
6.666405
7.348586
9.742441
9.540547
7.221525
10.262006
27.630269
8.165234
4.702835
12.096434
7.552299
7.234980
17.322228
2.897339
5.110600
21.999329
13.012208
12.905139
19.819641
10.374631
8.859888
8.419650
13.332628
18.950723
12.599176
12.351703
4.734502
6.955462
8.881986
8.053765
11.918152
12.361074
11.893161
6.976814
4.246793
5.517888
12.566445
9.619136
7.420130
8.398687
5.485029
7.890097
13.147008
7.007526
9.399666
6.080733
17.416073
3.258391
7.442380
11.817249
8.457813
16.166382
8.309977
10.007721
14.841770
9.147147
10.533812
6.372204
7.086354
16.660159
12.404948
13.933518
7.591426
14.309534
8.799272
4.324138
9.581352
13.079848
12.578553
9.532038
33.698501
5.753123
7.793717
7.348763
5.530657
9.882318
7.303242
3.023772
10.408127
17.258182
19.354153
5.078281
9.622007
10.376080
6.245884
8.463469
6.815078
24.769700
4.858940
5.962789
18.811221
17.330487
12.890201
2.769364
5.643140
12.408250
